temp cl_size size: 20 
1 397.714
1.1 393.215
1.2 389.564
1.3 381.491
1.4 371.932
1.5 357.052
1.6 335.304
1.7 295.305
1.8 224.724
1.9 116.337
2 55.346
2.1 32.6216
2.2 20.1056
2.3 14.214
2.4 11.8646
2.5 9.2414
2.6 7.9272
2.7 7.0212
2.8 6.2746
2.9 5.7168
3 5.0766
3.1 4.4172
3.2 4.2308
3.3 3.988
3.4 3.6686
3.5 3.56
3.6 3.4164
3.7 3.2138
3.8 3.0758
3.9 2.9832
4 2.8354
4.1 2.729
4.2 2.6286
4.3 2.6018
4.4 2.51
4.5 2.4028
4.6 2.4008
4.7 2.329
4.8 2.2676
4.9 2.203
5 2.1776
1 397.36
1.1 396.224
1.2 392.887
1.3 389.376
1.4 380.722
1.5 371.158
1.6 355.04
1.7 333.555
1.8 293.705
1.9 235.271
2 136.923
2.1 62.8022
2.2 37.2544
2.3 23.512
2.4 17.6598
2.5 12.9564
2.6 10.6886
2.7 8.9164
2.8 7.5054
2.9 6.6022
3 5.9838
3.1 5.3916
3.2 4.9432
3.3 4.5202
3.4 4.3304
3.5 3.9748
3.6 3.8468
3.7 3.567
3.8 3.3856
3.9 3.2122
4 3.1064
4.1 3.038
4.2 2.8354
4.3 2.8148
4.4 2.8072
4.5 2.6912
4.6 2.558
4.7 2.5956
4.8 2.4698
4.9 2.4058
5 2.325
1 398.602
1.1 397.085
1.2 395.038
1.3 391.556
1.4 386.338
1.5 377.999
1.6 368.066
1.7 355.295
1.8 333.49
1.9 302.038
2 245.42
2.1 154.936
2.2 80.216
2.3 40.6498
2.4 27.4976
2.5 19.2626
2.6 14.5042
2.7 11.5104
2.8 9.9652
2.9 8.348
3 7.0436
3.1 6.3478
3.2 6.0038
3.3 5.3896
3.4 4.8584
3.5 4.6236
3.6 4.3226
3.7 4.2216
3.8 3.7152
3.9 3.6418
4 3.5228
4.1 3.2274
4.2 3.2144
4.3 3.0792
4.4 2.976
4.5 2.8414
4.6 2.8232
4.7 2.6366
4.8 2.6174
4.9 2.566
5 2.5562
1 399.084
1.1 397.962
1.2 396.663
1.3 393.82
1.4 391.372
1.5 384.792
1.6 378.203
1.7 368.65
1.8 351.824
1.9 334.78
2 303.878
2.1 248.973
2.2 171.632
2.3 89.913
2.4 46.8632
2.5 30.4602
2.6 21.6096
2.7 16.1552
2.8 13.2226
2.9 10.47
3 8.6012
3.1 7.9928
3.2 6.8526
3.3 6.4994
3.4 5.5132
3.5 5.1822
3.6 4.9306
3.7 4.6598
3.8 4.2864
3.9 3.999
4 3.8278
4.1 3.654
4.2 3.5188
4.3 3.4414
4.4 3.2292
4.5 3.1276
4.6 2.9748
4.7 2.9294
4.8 2.8746
4.9 2.726
5 2.608
1 399.62
1.1 399.041
1.2 397.49
1.3 396.172
1.4 392.285
1.5 388.089
1.6 383.831
1.7 375.741
1.8 366.904
1.9 352.394
2 333.905
2.1 307.251
2.2 254.642
2.3 187.173
2.4 98.8284
2.5 55.862
2.6 34.5894
2.7 23.5178
2.8 18.4132
2.9 13.7526
3 11.41
3.1 10.027
3.2 8.6972
3.3 7.3684
3.4 6.7196
3.5 6.1008
3.6 5.6884
3.7 5.1066
3.8 4.8922
3.9 4.6346
4 4.2402
4.1 3.9732
4.2 3.726
4.3 3.7622
4.4 3.5024
4.5 3.3702
4.6 3.1928
4.7 3.1594
4.8 3.065
4.9 2.9402
5 2.861
1 399.639
1.1 399.267
1.2 398.035
1.3 397.687
1.4 395.361
1.5 392.871
1.6 388.343
1.7 381.743
1.8 375.804
1.9 366.214
2 351.9
2.1 331.859
2.2 305.051
2.3 262.644
2.4 187.779
2.5 122.085
2.6 64.8314
2.7 39.4622
2.8 27.3966
2.9 19.709
3 16.5142
3.1 12.8986
3.2 10.37
3.3 8.9532
3.4 7.9666
3.5 7.2426
3.6 6.532
3.7 6.1174
3.8 5.5232
3.9 5.1926
4 4.7846
4.1 4.5628
4.2 4.3308
4.3 4.003
4.4 3.9472
4.5 3.7884
4.6 3.643
4.7 3.3952
4.8 3.2724
4.9 3.2624
5 3.0304
1 399.712
1.1 399.54
1.2 398.611
1.3 398.339
1.4 396.27
1.5 394.57
1.6 392.218
1.7 386.893
1.8 380.974
1.9 373.274
2 363.309
2.1 350.439
2.2 333.221
2.3 305.733
2.4 267.401
2.5 200.221
2.6 130.492
2.7 74.9466
2.8 45.5854
2.9 29.5764
3 22.508
3.1 16.754
3.2 14.0518
3.3 12.0642
3.4 10.0198
3.5 8.4996
3.6 8.0654
3.7 7.18
3.8 6.335
3.9 6.0352
4 5.448
4.1 5.0164
4.2 4.6802
4.3 4.3068
4.4 4.401
4.5 4.1558
4.6 3.9606
4.7 3.8364
4.8 3.4098
4.9 3.453
5 3.3762
1 399.919
1.1 399.643
1.2 399.094
1.3 398.376
1.4 397.901
1.5 395.75
1.6 393.954
1.7 390.674
1.8 386.31
1.9 380.461
2 373.687
2.1 361.754
2.2 349.952
2.3 333.461
2.4 306.979
2.5 268.342
2.6 213.498
2.7 142.299
2.8 83.2236
2.9 50.3508
3 33.2688
3.1 24.736
3.2 18.6202
3.3 15.5812
3.4 11.8726
3.5 10.985
3.6 9.5478
3.7 8.6264
3.8 7.4402
3.9 6.8454
4 6.3844
4.1 5.9164
4.2 5.4546
4.3 4.9532
4.4 4.7022
4.5 4.6186
4.6 4.31
4.7 4.0326
4.8 4.0132
4.9 3.8314
5 3.6006
1 399.861
1.1 399.857
1.2 399.146
1.3 398.733
1.4 398.008
1.5 396.874
1.6 394.838
1.7 393.272
1.8 389.387
1.9 385.159
2 379.868
2.1 372.91
2.2 362.148
2.3 349.84
2.4 332.365
2.5 309.339
2.6 276.911
2.7 223.257
2.8 154.667
2.9 92.7952
3 59.3294
3.1 38.6814
3.2 25.9554
3.3 20.6674
3.4 17.3678
3.5 13.6128
3.6 11.8786
3.7 9.9608
3.8 8.6004
3.9 7.6814
4 7.1556
4.1 6.4822
4.2 6.0796
4.3 5.8962
4.4 5.2952
4.5 4.9846
4.6 4.7454
4.7 4.3796
4.8 4.2812
4.9 4.1028
5 4.033
