size temperature m mag_sus
40 1.5 0.995417 0.990862 0.981841 0.00872902 
40 1.5 0.995386 0.990801 0.981718 0.00849234 
40 1.5 0.995404 0.990838 0.981793 0.00894763 
40 1.5 0.995456 0.990941 0.981995 0.0085432 
40 1.5 0.995414 0.990857 0.98183 0.00857223 
40 1.505 0.995279 0.990588 0.981299 0.00924346 
40 1.505 0.995305 0.99064 0.981402 0.00907577 
40 1.505 0.995277 0.990584 0.98129 0.00888901 
40 1.505 0.995281 0.990592 0.981306 0.00889138 
40 1.505 0.995202 0.990435 0.980995 0.00915529 
40 1.51 0.995156 0.990344 0.980815 0.00914694 
40 1.51 0.995188 0.990407 0.980939 0.00901374 
40 1.51 0.995164 0.990361 0.980848 0.00896723 
40 1.51 0.995117 0.990266 0.980662 0.00944072 
40 1.51 0.995168 0.990367 0.980862 0.0093216 
40 1.515 0.995051 0.990135 0.980403 0.00936641 
40 1.515 0.995083 0.9902 0.98053 0.00926741 
40 1.515 0.995098 0.990229 0.980587 0.00929566 
40 1.515 0.995048 0.99013 0.980392 0.00940102 
40 1.515 0.995008 0.99005 0.980237 0.0100273 
40 1.52 0.994927 0.989888 0.979916 0.00986193 
40 1.52 0.994923 0.98988 0.979898 0.00953611 
40 1.52 0.994948 0.989931 0.979999 0.00959865 
40 1.52 0.994936 0.989906 0.979951 0.00971784 
40 1.52 0.994925 0.989885 0.979908 0.00947354 
40 1.525 0.994775 0.989587 0.97932 0.00984536 
40 1.525 0.994791 0.989618 0.979383 0.0100641 
40 1.525 0.994806 0.989648 0.979441 0.00991658 
40 1.525 0.994813 0.989663 0.979471 0.0100411 
40 1.525 0.994779 0.989596 0.979339 0.0104194 
40 1.53 0.994739 0.989514 0.979175 0.00978395 
40 1.53 0.994679 0.989397 0.978945 0.0105376 
40 1.53 0.994673 0.989384 0.97892 0.0102443 
40 1.53 0.994696 0.989429 0.979008 0.0100254 
40 1.53 0.99467 0.989378 0.978908 0.0100134 
40 1.535 0.9945 0.98904 0.978241 0.0107287 
40 1.535 0.994578 0.989195 0.978547 0.0105923 
40 1.535 0.994556 0.989151 0.97846 0.0107328 
40 1.535 0.994542 0.989123 0.978404 0.0105555 
40 1.535 0.994551 0.989142 0.978441 0.0104013 
40 1.54 0.994375 0.988792 0.977752 0.0110091 
40 1.54 0.994427 0.988896 0.977956 0.0109946 
40 1.54 0.994436 0.988914 0.977992 0.0108364 
40 1.54 0.994407 0.988855 0.977877 0.0110106 
40 1.54 0.994423 0.988887 0.977937 0.0103862 
40 1.545 0.994299 0.98864 0.977451 0.0108652 
40 1.545 0.994283 0.988609 0.97739 0.0110038 
40 1.545 0.994302 0.988646 0.977463 0.0108365 
40 1.545 0.994272 0.988588 0.977349 0.0111153 
40 1.545 0.994247 0.988537 0.977246 0.010946 
40 1.55 0.994196 0.988436 0.977048 0.0109098 
40 1.55 0.994174 0.988393 0.976962 0.0110018 
40 1.55 0.99416 0.988364 0.976906 0.0112385 
40 1.55 0.994132 0.988308 0.976797 0.0113714 
40 1.55 0.994072 0.988191 0.976567 0.0117161 
40 1.555 0.994012 0.988071 0.976327 0.0113814 
40 1.555 0.993998 0.988043 0.976271 0.0112957 
40 1.555 0.994024 0.988095 0.976375 0.0113392 
40 1.555 0.993999 0.988045 0.976279 0.0118102 
40 1.555 0.993999 0.988044 0.976275 0.0114246 
40 1.56 0.993835 0.98772 0.975636 0.0116956 
40 1.56 0.993879 0.987807 0.975807 0.0116266 
40 1.56 0.993873 0.987795 0.975786 0.0120508 
40 1.56 0.993903 0.987854 0.975899 0.0113296 
40 1.56 0.993827 0.987704 0.975605 0.0120523 
40 1.565 0.993678 0.987408 0.975021 0.0119307 
40 1.565 0.993673 0.987398 0.975002 0.0123284 
40 1.565 0.993684 0.98742 0.975043 0.0118427 
40 1.565 0.993764 0.987578 0.975357 0.0122525 
40 1.565 0.993771 0.987593 0.975388 0.0124157 
40 1.57 0.993566 0.987186 0.974585 0.012624 
40 1.57 0.993555 0.987164 0.974539 0.0122205 
40 1.57 0.993552 0.987157 0.974525 0.0120399 
40 1.57 0.993577 0.987206 0.974623 0.0121594 
40 1.57 0.993539 0.987132 0.974476 0.0122872 
40 1.575 0.993416 0.986888 0.973998 0.0128431 
40 1.575 0.993398 0.986852 0.973927 0.0127973 
40 1.575 0.993403 0.986862 0.973947 0.0126445 
40 1.575 0.993399 0.986855 0.973931 0.0126365 
40 1.575 0.993437 0.986929 0.974079 0.012692 
40 1.58 0.993253 0.986563 0.973358 0.013013 
40 1.58 0.993247 0.986553 0.973339 0.0133583 
40 1.58 0.993263 0.986585 0.973403 0.0134347 
40 1.58 0.993231 0.986521 0.973277 0.0134819 
40 1.58 0.993247 0.986552 0.973336 0.0132461 
40 1.585 0.993134 0.986327 0.972893 0.0131624 
40 1.585 0.993088 0.986236 0.972715 0.0135434 
40 1.585 0.993082 0.986225 0.972693 0.0135 
40 1.585 0.993113 0.986287 0.972813 0.013185 
40 1.585 0.993103 0.986267 0.972774 0.0133333 
40 1.59 0.992964 0.98599 0.972231 0.0138499 
40 1.59 0.992884 0.985832 0.971919 0.0138921 
40 1.59 0.992916 0.985895 0.972044 0.0138562 
40 1.59 0.9929 0.985864 0.971982 0.0138531 
40 1.59 0.992958 0.98598 0.97221 0.0137519 
40 1.595 0.992866 0.985796 0.971848 0.0136129 
40 1.595 0.992822 0.985709 0.971675 0.0134052 
40 1.595 0.992781 0.985627 0.971515 0.013886 
40 1.595 0.992802 0.985671 0.971602 0.0141345 
40 1.595 0.992816 0.985697 0.971653 0.0139232 
40 1.6 0.992593 0.985255 0.970784 0.014483 
40 1.6 0.992594 0.985257 0.97079 0.0146695 
40 1.6 0.992605 0.985279 0.970831 0.0144134 
40 1.6 0.99258 0.98523 0.970736 0.0145999 
40 1.6 0.992681 0.98543 0.971128 0.0140912 
40 1.605 0.992434 0.984941 0.970167 0.0148214 
40 1.605 0.992477 0.985025 0.970332 0.0147326 
40 1.605 0.992469 0.98501 0.970303 0.0147849 
40 1.605 0.992482 0.985035 0.97035 0.0144067 
40 1.605 0.992472 0.985016 0.970314 0.0146763 
40 1.61 0.992235 0.984544 0.969384 0.0145846 
40 1.61 0.992246 0.984567 0.969433 0.0151877 
40 1.61 0.99232 0.984713 0.96972 0.0150231 
40 1.61 0.992359 0.984791 0.969873 0.0151423 
40 1.61 0.992267 0.98461 0.969517 0.0152467 
40 1.615 0.991989 0.984058 0.968432 0.0159581 
40 1.615 0.992086 0.98425 0.968809 0.0152868 
40 1.615 0.992124 0.984326 0.968961 0.0156883 
40 1.615 0.992081 0.98424 0.968791 0.0156723 
40 1.615 0.992162 0.984401 0.969108 0.0157213 
40 1.62 0.99193 0.983941 0.968203 0.0157066 
40 1.62 0.991951 0.983984 0.968288 0.0160887 
40 1.62 0.991924 0.98393 0.968181 0.0158791 
40 1.62 0.991983 0.984045 0.968408 0.0157518 
40 1.62 0.991973 0.984026 0.96837 0.0156754 
40 1.625 0.991753 0.98359 0.967511 0.0156499 
40 1.625 0.991764 0.983611 0.967554 0.0156001 
40 1.625 0.991837 0.983756 0.967839 0.0159465 
40 1.625 0.991729 0.983542 0.96742 0.0160682 
40 1.625 0.991747 0.983579 0.967493 0.0163301 
40 1.63 0.991533 0.983155 0.96666 0.0167934 
40 1.63 0.991557 0.983202 0.966753 0.0163941 
40 1.63 0.991542 0.983172 0.966693 0.0165275 
40 1.63 0.991521 0.983131 0.966614 0.0171764 
40 1.63 0.991556 0.983201 0.96675 0.0166871 
40 1.635 0.99133 0.982754 0.965874 0.017464 
40 1.635 0.991357 0.982806 0.965976 0.0173138 
40 1.635 0.991413 0.982916 0.96619 0.0165141 
40 1.635 0.991378 0.982848 0.966059 0.017396 
40 1.635 0.99139 0.982871 0.966102 0.0166584 
40 1.64 0.991139 0.982375 0.96513 0.0172999 
40 1.64 0.991091 0.982279 0.964944 0.0178451 
40 1.64 0.991134 0.982365 0.965114 0.0183365 
40 1.64 0.991132 0.982361 0.965104 0.0175179 
40 1.64 0.991077 0.982252 0.964892 0.0183488 
40 1.645 0.991012 0.982124 0.964641 0.0180667 
40 1.645 0.990969 0.982039 0.964472 0.017958 
40 1.645 0.990981 0.982061 0.964515 0.0176872 
40 1.645 0.991027 0.982153 0.964695 0.0176899 
40 1.645 0.991001 0.982101 0.964593 0.0174149 
40 1.65 0.990801 0.981706 0.96382 0.0182556 
40 1.65 0.99082 0.981743 0.963894 0.0184277 
40 1.65 0.990793 0.98169 0.963787 0.0180026 
40 1.65 0.99076 0.981625 0.963661 0.0182429 
40 1.65 0.990765 0.981634 0.963679 0.0180776 
40 1.655 0.990646 0.981399 0.963222 0.0191114 
40 1.655 0.990625 0.981357 0.963138 0.0188828 
40 1.655 0.990618 0.981344 0.963112 0.0186788 
40 1.655 0.990626 0.981359 0.963141 0.0187396 
40 1.655 0.990559 0.981227 0.962882 0.0187592 
40 1.66 0.990387 0.980886 0.962216 0.0192469 
40 1.66 0.990414 0.98094 0.962322 0.019333 
40 1.66 0.990381 0.980874 0.962193 0.0194735 
40 1.66 0.99037 0.980853 0.962151 0.019149 
40 1.66 0.99039 0.980892 0.962225 0.01899 
40 1.665 0.99028 0.980674 0.961801 0.0194894 
40 1.665 0.990197 0.980511 0.961482 0.0198596 
40 1.665 0.990158 0.980433 0.96133 0.020024 
40 1.665 0.990188 0.980493 0.961448 0.0198692 
40 1.665 0.990167 0.980451 0.961366 0.0201948 
40 1.67 0.989964 0.980049 0.960577 0.0200165 
40 1.67 0.989932 0.979987 0.960456 0.0202371 
40 1.67 0.989986 0.980093 0.960665 0.0202982 
40 1.67 0.989922 0.979966 0.960416 0.0200313 
40 1.67 0.99 0.98012 0.960717 0.0198874 
40 1.675 0.989694 0.979515 0.959534 0.0206045 
40 1.675 0.989743 0.979612 0.959724 0.020388 
40 1.675 0.989757 0.979642 0.959785 0.0211205 
40 1.675 0.98971 0.979549 0.959602 0.0209689 
40 1.675 0.989715 0.979558 0.959617 0.0203197 
40 1.68 0.989477 0.979088 0.958701 0.0215082 
40 1.68 0.989544 0.97922 0.958955 0.0205325 
40 1.68 0.989425 0.978985 0.958499 0.0214937 
40 1.68 0.989444 0.979022 0.95857 0.0210324 
40 1.68 0.989572 0.979275 0.959063 0.020267 
40 1.685 0.98923 0.9786 0.957748 0.0221596 
40 1.685 0.9893 0.978738 0.958017 0.021638 
40 1.685 0.989361 0.978858 0.958252 0.0217728 
40 1.685 0.989202 0.978544 0.957639 0.0219936 
40 1.685 0.989268 0.978675 0.957897 0.0222806 
40 1.69 0.989053 0.97825 0.957064 0.0221098 
40 1.69 0.989006 0.978156 0.956881 0.0224528 
40 1.69 0.989086 0.978315 0.957194 0.022543 
40 1.69 0.989061 0.978266 0.957099 0.0227317 
40 1.69 0.989025 0.978193 0.95695 0.0214653 
40 1.695 0.988859 0.977867 0.956318 0.02279 
40 1.695 0.988846 0.977841 0.956268 0.022857 
40 1.695 0.988757 0.977664 0.955918 0.0221609 
40 1.695 0.988837 0.977822 0.956229 0.0223722 
40 1.695 0.988811 0.977772 0.956133 0.0229509 
40 1.7 0.988512 0.97718 0.95498 0.0237773 
40 1.7 0.988542 0.977239 0.955094 0.0233834 
40 1.7 0.988529 0.977215 0.955047 0.0239507 
40 1.7 0.988551 0.977259 0.955131 0.0232364 
40 1.7 0.988541 0.977238 0.955092 0.0234992 
40 1.705 0.988339 0.97684 0.954314 0.0235698 
40 1.705 0.988399 0.976958 0.954545 0.0237703 
40 1.705 0.988422 0.977003 0.954634 0.023677 
40 1.705 0.988336 0.976833 0.9543 0.0235211 
40 1.705 0.988363 0.976888 0.95441 0.0240974 
40 1.71 0.988124 0.976414 0.953485 0.0239833 
40 1.71 0.988167 0.976501 0.953654 0.0241957 
40 1.71 0.988042 0.976254 0.953175 0.0246814 
40 1.71 0.98816 0.976486 0.953626 0.0244032 
40 1.71 0.988092 0.976352 0.953365 0.024411 
40 1.715 0.987891 0.975955 0.95259 0.0242762 
40 1.715 0.987874 0.975922 0.952526 0.0247526 
40 1.715 0.987722 0.975624 0.95195 0.0259681 
40 1.715 0.987832 0.975839 0.952364 0.024636 
40 1.715 0.987846 0.975867 0.952421 0.0249284 
40 1.72 0.987634 0.975448 0.951605 0.0254191 
40 1.72 0.987656 0.975491 0.95169 0.0255501 
40 1.72 0.987611 0.975402 0.951516 0.0255184 
40 1.72 0.987593 0.975368 0.951447 0.0252259 
40 1.72 0.987622 0.975424 0.951558 0.0252042 
40 1.725 0.98746 0.975104 0.950934 0.0253267 
40 1.725 0.987326 0.974842 0.950428 0.0265523 
40 1.725 0.987298 0.974786 0.950318 0.0263005 
40 1.725 0.987355 0.974898 0.950536 0.0263527 
40 1.725 0.987253 0.974696 0.950143 0.0262047 
40 1.73 0.987078 0.974352 0.949472 0.0262103 
40 1.73 0.987136 0.974466 0.949696 0.0265101 
40 1.73 0.987041 0.97428 0.949336 0.0274878 
40 1.73 0.987035 0.974268 0.949313 0.02728 
40 1.73 0.987133 0.974461 0.949687 0.0267431 
40 1.735 0.986798 0.973801 0.948403 0.0274228 
40 1.735 0.986801 0.973807 0.948416 0.0276457 
40 1.735 0.986894 0.973988 0.948768 0.0271922 
40 1.735 0.986831 0.973866 0.948531 0.0275596 
40 1.735 0.986785 0.973775 0.948353 0.0273799 
40 1.74 0.986492 0.973196 0.947225 0.0274223 
40 1.74 0.986567 0.973345 0.947519 0.0280135 
40 1.74 0.986486 0.973186 0.947214 0.0290658 
40 1.74 0.986468 0.973149 0.947138 0.0280154 
40 1.74 0.98659 0.97339 0.947603 0.0273845 
40 1.745 0.986133 0.97249 0.945858 0.0286422 
40 1.745 0.9863 0.972818 0.946493 0.0280411 
40 1.745 0.986289 0.972797 0.946455 0.0285947 
40 1.745 0.986288 0.972794 0.946448 0.0281255 
40 1.745 0.98619 0.972602 0.946077 0.0288278 
40 1.75 0.985961 0.972153 0.945211 0.0308431 
40 1.75 0.985902 0.972035 0.94498 0.0302758 
40 1.75 0.985912 0.972055 0.945017 0.02998 
40 1.75 0.986117 0.972458 0.945799 0.0291394 
40 1.75 0.985902 0.972034 0.944974 0.0290245 
40 1.755 0.985755 0.971745 0.944417 0.0301376 
40 1.755 0.985709 0.971654 0.94424 0.0300184 
40 1.755 0.985715 0.971667 0.94426 0.0290441 
40 1.755 0.985835 0.971903 0.944721 0.0295969 
40 1.755 0.985656 0.97155 0.944034 0.0294852 
40 1.76 0.98543 0.971107 0.943178 0.030532 
40 1.76 0.985392 0.971032 0.943036 0.0310698 
40 1.76 0.985397 0.971041 0.943053 0.0312687 
40 1.76 0.985472 0.971188 0.943337 0.0306372 
40 1.76 0.985381 0.971009 0.94299 0.030829 
40 1.765 0.985017 0.970296 0.941613 0.0326705 
40 1.765 0.985211 0.970676 0.942346 0.0317709 
40 1.765 0.985176 0.970606 0.942209 0.0312611 
40 1.765 0.985112 0.970481 0.941966 0.0312026 
40 1.765 0.985127 0.970509 0.942022 0.0314938 
40 1.77 0.984789 0.969844 0.940736 0.0323468 
40 1.77 0.984776 0.969821 0.940692 0.0327982 
40 1.77 0.984797 0.969861 0.940767 0.0318989 
40 1.77 0.984902 0.970067 0.941167 0.0320921 
40 1.77 0.984876 0.970017 0.941072 0.0327218 
40 1.775 0.984542 0.96936 0.9398 0.0329128 
40 1.775 0.984414 0.969108 0.939313 0.0333874 
40 1.775 0.984461 0.969199 0.939489 0.033121 
40 1.775 0.984548 0.969372 0.939822 0.0326971 
40 1.775 0.984536 0.969347 0.939774 0.0329706 
40 1.78 0.984124 0.968537 0.93821 0.0340395 
40 1.78 0.984273 0.96883 0.938776 0.0335572 
40 1.78 0.984108 0.968506 0.93815 0.034083 
40 1.78 0.984184 0.968656 0.93844 0.0339896 
40 1.78 0.98423 0.968746 0.938616 0.0343714 
40 1.785 0.983861 0.968021 0.937214 0.0345997 
40 1.785 0.983911 0.96812 0.937407 0.0351256 
40 1.785 0.983853 0.968004 0.937179 0.0341734 
40 1.785 0.983855 0.968009 0.93719 0.0344931 
40 1.785 0.983939 0.968175 0.937508 0.033916 
40 1.79 0.983326 0.966972 0.935195 0.0370492 
40 1.79 0.98353 0.967372 0.935965 0.0360757 
40 1.79 0.983541 0.967393 0.936004 0.0358974 
40 1.79 0.983492 0.967297 0.935824 0.037068 
40 1.79 0.983639 0.967585 0.93637 0.0349279 
40 1.795 0.983138 0.966602 0.934478 0.0368483 
40 1.795 0.983304 0.966926 0.9351 0.035698 
40 1.795 0.983131 0.966589 0.934458 0.0380858 
40 1.795 0.983154 0.966635 0.934544 0.0373505 
40 1.795 0.983212 0.966746 0.934758 0.0368811 
40 1.8 0.982979 0.96629 0.933883 0.0383901 
40 1.8 0.982968 0.966269 0.933837 0.0373185 
40 1.8 0.982826 0.965989 0.933299 0.0378069 
40 1.8 0.982915 0.966164 0.933635 0.0374641 
40 1.8 0.982904 0.966142 0.933592 0.037318 
40 1.805 0.982599 0.965544 0.932439 0.0379708 
40 1.805 0.982488 0.965327 0.932027 0.0391966 
40 1.805 0.982417 0.965186 0.931751 0.0383882 
40 1.805 0.982575 0.965497 0.932349 0.0378403 
40 1.805 0.982464 0.965278 0.931929 0.0385301 
40 1.81 0.98218 0.964722 0.93086 0.0396622 
40 1.81 0.982336 0.965028 0.931443 0.0379513 
40 1.81 0.982184 0.96473 0.930877 0.0398265 
40 1.81 0.9823 0.964957 0.93131 0.0385772 
40 1.81 0.982209 0.964778 0.930966 0.0390776 
40 1.815 0.981838 0.964051 0.92957 0.0403693 
40 1.815 0.981895 0.964162 0.92978 0.0394203 
40 1.815 0.981797 0.96397 0.929412 0.0397894 
40 1.815 0.98179 0.963957 0.929391 0.0406746 
40 1.815 0.981806 0.963989 0.929451 0.0404377 
40 1.82 0.981557 0.963501 0.928513 0.0410015 
40 1.82 0.981434 0.963258 0.928043 0.0404646 
40 1.82 0.981445 0.963283 0.928098 0.0423752 
40 1.82 0.981501 0.96339 0.928297 0.0403972 
40 1.82 0.981378 0.96315 0.927841 0.0418926 
40 1.825 0.981085 0.962577 0.926742 0.0430167 
40 1.825 0.981094 0.962594 0.926771 0.0421243 
40 1.825 0.981223 0.962847 0.927262 0.0427588 
40 1.825 0.981038 0.962483 0.926556 0.0418328 
40 1.825 0.981171 0.962745 0.927064 0.0422813 
40 1.83 0.980635 0.961693 0.925039 0.0422658 
40 1.83 0.980848 0.962111 0.925844 0.0423464 
40 1.83 0.980599 0.961622 0.924903 0.0423057 
40 1.83 0.980857 0.962128 0.925874 0.0417278 
40 1.83 0.980811 0.962038 0.925705 0.0427221 
40 1.835 0.980215 0.960873 0.923478 0.0458063 
40 1.835 0.980432 0.961299 0.924294 0.04509 
40 1.835 0.980344 0.961125 0.923958 0.0448207 
40 1.835 0.980375 0.961187 0.924079 0.0451943 
40 1.835 0.980381 0.961198 0.924095 0.044082 
40 1.84 0.980008 0.960467 0.922696 0.0451517 
40 1.84 0.97998 0.960413 0.922594 0.0456746 
40 1.84 0.980017 0.960485 0.922724 0.0439031 
40 1.84 0.980038 0.960525 0.922803 0.0440505 
40 1.84 0.979965 0.960383 0.922534 0.0452486 
40 1.845 0.979562 0.959596 0.921032 0.0469957 
40 1.845 0.979613 0.959695 0.921216 0.04586 
40 1.845 0.979553 0.95958 0.921004 0.0477792 
40 1.845 0.97967 0.959807 0.921436 0.0467269 
40 1.845 0.979688 0.959842 0.9215 0.0463409 
40 1.85 0.979111 0.958715 0.919349 0.0487717 
40 1.85 0.979358 0.959197 0.920267 0.047043 
40 1.85 0.979428 0.959334 0.920528 0.0467284 
40 1.85 0.979114 0.95872 0.919356 0.0481592 
40 1.85 0.979209 0.958905 0.91971 0.0479485 
40 1.855 0.978838 0.95818 0.918323 0.0482303 
40 1.855 0.978918 0.958337 0.918622 0.0481228 
40 1.855 0.978765 0.958038 0.918053 0.0488557 
40 1.855 0.978858 0.958219 0.918398 0.0484599 
40 1.855 0.978792 0.958093 0.918167 0.050711 
40 1.86 0.978341 0.957209 0.916469 0.0494931 
40 1.86 0.978389 0.957304 0.916656 0.0509345 
40 1.86 0.978355 0.957237 0.916529 0.0509562 
40 1.86 0.97838 0.957286 0.916619 0.0500748 
40 1.86 0.978302 0.957134 0.916328 0.0504157 
40 1.865 0.978042 0.956627 0.915363 0.0513521 
40 1.865 0.977975 0.956494 0.915108 0.0512374 
40 1.865 0.978005 0.956554 0.915222 0.0512879 
40 1.865 0.977952 0.95645 0.91503 0.0524348 
40 1.865 0.97797 0.956485 0.915091 0.0509966 
40 1.87 0.977584 0.955729 0.913645 0.0509827 
40 1.87 0.977443 0.955457 0.913128 0.0519529 
40 1.87 0.977539 0.955643 0.913484 0.0520176 
40 1.87 0.97745 0.955472 0.913165 0.0538022 
40 1.87 0.977612 0.955786 0.913757 0.051784 
40 1.875 0.977169 0.954922 0.912113 0.0531352 
40 1.875 0.976946 0.954488 0.911295 0.0555322 
40 1.875 0.97712 0.954827 0.911934 0.0538821 
40 1.875 0.977286 0.955152 0.912556 0.0543137 
40 1.875 0.977048 0.954685 0.911659 0.0529006 
40 1.88 0.97677 0.954145 0.910638 0.0549832 
40 1.88 0.976612 0.953836 0.910046 0.0547242 
40 1.88 0.97669 0.95399 0.910345 0.0558643 
40 1.88 0.976724 0.954054 0.910467 0.0554308 
40 1.88 0.976688 0.953983 0.910325 0.0538363 
40 1.885 0.97623 0.953091 0.908633 0.056229 
40 1.885 0.976332 0.95329 0.909007 0.0550442 
40 1.885 0.976099 0.952835 0.908144 0.0558611 
40 1.885 0.97631 0.953246 0.908926 0.0555357 
40 1.885 0.976167 0.952967 0.908394 0.055317 
40 1.89 0.975828 0.952309 0.90715 0.057444 
40 1.89 0.97575 0.952156 0.906857 0.0571148 
40 1.89 0.975797 0.952248 0.907035 0.0578962 
40 1.89 0.975914 0.952474 0.907458 0.0559597 
40 1.89 0.975656 0.951976 0.906525 0.0596023 
40 1.895 0.975156 0.950999 0.904667 0.0595137 
40 1.895 0.975413 0.951502 0.905625 0.059997 
40 1.895 0.97543 0.951534 0.905683 0.0595238 
40 1.895 0.975335 0.951348 0.905329 0.0594322 
40 1.895 0.97544 0.951553 0.905716 0.0586094 
40 1.9 0.974865 0.950432 0.903592 0.0601331 
40 1.9 0.974901 0.950501 0.903716 0.0585721 
40 1.9 0.974852 0.950409 0.903553 0.0613753 
40 1.9 0.974819 0.950343 0.90342 0.059637 
40 1.9 0.974849 0.950403 0.903538 0.0605499 
40 1.905 0.974418 0.949564 0.901947 0.0613767 
40 1.905 0.974393 0.949517 0.901864 0.0626682 
40 1.905 0.974371 0.949474 0.901784 0.0630869 
40 1.905 0.97438 0.94949 0.901809 0.0616312 
40 1.905 0.974528 0.949775 0.902341 0.0595752 
40 1.91 0.97394 0.948637 0.900205 0.0650537 
40 1.91 0.973872 0.948503 0.899948 0.0644241 
40 1.91 0.973865 0.948489 0.899914 0.0629386 
40 1.91 0.973934 0.948624 0.900177 0.0644871 
40 1.91 0.973965 0.948685 0.900293 0.0642148 
40 1.915 0.973459 0.947701 0.898431 0.0651152 
40 1.915 0.973538 0.947854 0.898719 0.0648213 
40 1.915 0.973444 0.947671 0.898376 0.0654224 
40 1.915 0.973428 0.947642 0.898324 0.0663822 
40 1.915 0.973329 0.947448 0.89795 0.0650176 
40 1.92 0.972834 0.946486 0.896135 0.0663353 
40 1.92 0.97301 0.946828 0.896785 0.0668241 
40 1.92 0.972879 0.946575 0.896309 0.0674117 
40 1.92 0.972948 0.946708 0.896555 0.0662979 
40 1.92 0.97283 0.946477 0.896116 0.0658084 
40 1.925 0.972193 0.945242 0.893792 0.0685463 
40 1.925 0.972349 0.945547 0.89437 0.0690347 
40 1.925 0.972358 0.945562 0.894397 0.0684528 
40 1.925 0.972321 0.94549 0.894259 0.0679837 
40 1.925 0.97244 0.945722 0.894699 0.0681087 
40 1.93 0.971822 0.944523 0.89244 0.0700593 
40 1.93 0.971895 0.944663 0.8927 0.0690103 
40 1.93 0.971845 0.944569 0.892532 0.0711236 
40 1.93 0.972066 0.944994 0.893325 0.068523 
40 1.93 0.971758 0.944399 0.892211 0.0711202 
40 1.935 0.971352 0.943612 0.890733 0.0725749 
40 1.935 0.971391 0.943686 0.890869 0.0716855 
40 1.935 0.971451 0.943803 0.891084 0.0705332 
40 1.935 0.971314 0.943539 0.890591 0.0717849 
40 1.935 0.97114 0.9432 0.889953 0.0721459 
40 1.94 0.970707 0.942362 0.888383 0.0743862 
40 1.94 0.97067 0.942294 0.888266 0.076812 
40 1.94 0.970872 0.94268 0.888968 0.0712454 
40 1.94 0.970809 0.94256 0.888757 0.0743414 
40 1.94 0.97088 0.942697 0.88901 0.0732185 
40 1.945 0.970393 0.941755 0.887243 0.0751009 
40 1.945 0.970323 0.941617 0.886982 0.0747382 
40 1.945 0.970064 0.941117 0.886045 0.0758147 
40 1.945 0.970415 0.941794 0.887305 0.072353 
40 1.945 0.970202 0.941386 0.886554 0.0764161 
40 1.95 0.969623 0.940262 0.88444 0.0762112 
40 1.95 0.969741 0.940491 0.884874 0.0770243 
40 1.95 0.969839 0.940679 0.885222 0.0754688 
40 1.95 0.969791 0.940588 0.885053 0.0762483 
40 1.95 0.969695 0.940404 0.884711 0.0773088 
40 1.955 0.969201 0.939449 0.882931 0.0803712 
40 1.955 0.969202 0.939453 0.882946 0.0822862 
40 1.955 0.96927 0.939582 0.883174 0.0789739 
40 1.955 0.969244 0.93953 0.883076 0.078744 
40 1.955 0.969351 0.939736 0.883459 0.0777793 
40 1.96 0.968515 0.938123 0.880451 0.0825509 
40 1.96 0.968851 0.938768 0.881644 0.0782635 
40 1.96 0.968567 0.938217 0.880607 0.077816 
40 1.96 0.968487 0.938068 0.880346 0.0822638 
40 1.96 0.968379 0.937864 0.879981 0.0860832 
40 1.965 0.967964 0.937059 0.878468 0.084941 
40 1.965 0.968156 0.93743 0.879163 0.0848761 
40 1.965 0.968056 0.937234 0.878781 0.0819323 
40 1.965 0.967991 0.937108 0.878545 0.0818671 
40 1.965 0.968176 0.937466 0.87922 0.082688 
40 1.97 0.967505 0.936171 0.876809 0.0859322 
40 1.97 0.967303 0.935783 0.876087 0.0870725 
40 1.97 0.967484 0.936133 0.876745 0.0876183 
40 1.97 0.96743 0.936026 0.876537 0.0857574 
40 1.97 0.967341 0.935856 0.876229 0.0880621 
40 1.975 0.966972 0.935142 0.874893 0.0878175 
40 1.975 0.966743 0.934699 0.87406 0.0868086 
40 1.975 0.966725 0.934666 0.874004 0.0878611 
40 1.975 0.966717 0.934652 0.873987 0.0899476 
40 1.975 0.966831 0.934869 0.874381 0.0875126 
40 1.98 0.966226 0.933706 0.872224 0.0910557 
40 1.98 0.96594 0.933156 0.871211 0.0939133 
40 1.98 0.966156 0.933566 0.87195 0.088288 
40 1.98 0.966021 0.933308 0.871477 0.0901577 
40 1.98 0.966068 0.933399 0.871652 0.0912266 
40 1.985 0.965621 0.93254 0.870055 0.0924093 
40 1.985 0.965544 0.93239 0.869776 0.0923036 
40 1.985 0.965833 0.932943 0.870793 0.0891227 
40 1.985 0.965524 0.932349 0.869691 0.0907623 
40 1.985 0.965407 0.932127 0.869289 0.0935599 
40 1.99 0.964842 0.931043 0.867291 0.0980583 
40 1.99 0.964939 0.931227 0.867626 0.096254 
40 1.99 0.964989 0.931321 0.867791 0.0940387 
40 1.99 0.964796 0.930951 0.867108 0.0955321 
40 1.99 0.964887 0.931121 0.867413 0.0925971 
40 1.995 0.96437 0.930131 0.865586 0.0963531 
40 1.995 0.964347 0.930085 0.865506 0.0970906 
40 1.995 0.9644 0.930191 0.865708 0.0985865 
40 1.995 0.964302 0.930002 0.865358 0.0989855 
40 1.995 0.964386 0.930167 0.865677 0.101471 
40 2 0.963623 0.928698 0.862953 0.102901 
40 2 0.963727 0.928893 0.863298 0.0990679 
40 2 0.963619 0.928686 0.862915 0.0991124 
40 2 0.963639 0.928724 0.862986 0.0993439 
40 2 0.963407 0.928277 0.862156 0.0995994 
40 2.005 0.963007 0.927511 0.860747 0.10197 
40 2.005 0.9629 0.927302 0.860355 0.100885 
40 2.005 0.962965 0.927431 0.860605 0.103396 
40 2.005 0.963043 0.927576 0.860852 0.0985348 
40 2.005 0.962998 0.927497 0.86073 0.104162 
40 2.01 0.962262 0.926084 0.858127 0.107504 
40 2.01 0.962174 0.925914 0.857815 0.107945 
40 2.01 0.962307 0.926169 0.858283 0.107268 
40 2.01 0.962164 0.925889 0.857744 0.102437 
40 2.01 0.962293 0.926138 0.858213 0.104181 
40 2.015 0.961556 0.924727 0.855623 0.108844 
40 2.015 0.961391 0.924413 0.855052 0.111251 
40 2.015 0.961578 0.924771 0.855706 0.109438 
40 2.015 0.961702 0.925009 0.85615 0.110207 
40 2.015 0.961608 0.924828 0.855812 0.109529 
40 2.02 0.960653 0.922994 0.852432 0.111085 
40 2.02 0.960667 0.923023 0.852489 0.112158 
40 2.02 0.960892 0.92345 0.853265 0.109076 
40 2.02 0.960687 0.923062 0.852561 0.112097 
40 2.02 0.9608 0.923278 0.852962 0.112348 
40 2.025 0.96002 0.921784 0.850215 0.114651 
40 2.025 0.960036 0.921813 0.850268 0.114427 
40 2.025 0.960169 0.922066 0.850724 0.112144 
40 2.025 0.959934 0.921619 0.84991 0.114393 
40 2.025 0.960151 0.922036 0.850685 0.11574 
40 2.03 0.959244 0.9203 0.847502 0.118754 
40 2.03 0.959426 0.920644 0.848117 0.114866 
40 2.03 0.959477 0.920744 0.848311 0.116987 
40 2.03 0.959324 0.920454 0.847787 0.119414 
40 2.03 0.959389 0.92058 0.848023 0.120056 
40 2.035 0.958564 0.918996 0.845106 0.119307 
40 2.035 0.958702 0.919262 0.845599 0.12017 
40 2.035 0.958772 0.919396 0.84584 0.119144 
40 2.035 0.958503 0.918882 0.844904 0.120787 
40 2.035 0.95885 0.919547 0.846127 0.12096 
40 2.04 0.957714 0.91738 0.842176 0.127581 
40 2.04 0.958159 0.918226 0.843709 0.122861 
40 2.04 0.957933 0.917796 0.842934 0.126073 
40 2.04 0.958148 0.918204 0.843662 0.121766 
40 2.04 0.957895 0.917717 0.842766 0.120972 
40 2.045 0.957165 0.91633 0.840259 0.1292 
40 2.045 0.957449 0.91687 0.841238 0.126457 
40 2.045 0.957056 0.916118 0.839859 0.126697 
40 2.045 0.956934 0.915887 0.839445 0.128294 
40 2.045 0.957349 0.916679 0.840887 0.126389 
40 2.05 0.956412 0.914895 0.837651 0.133346 
40 2.05 0.956255 0.914594 0.8371 0.133348 
40 2.05 0.956588 0.915222 0.838216 0.125856 
40 2.05 0.956317 0.914714 0.837322 0.133785 
40 2.05 0.956323 0.914719 0.837311 0.129357 
40 2.055 0.955584 0.913313 0.834759 0.1333 
40 2.055 0.955453 0.913061 0.834296 0.132801 
40 2.055 0.955457 0.913071 0.834324 0.134562 
40 2.055 0.955464 0.913094 0.834401 0.142356 
40 2.055 0.955641 0.913426 0.834983 0.136916 
40 2.06 0.954712 0.911656 0.831769 0.140772 
40 2.06 0.954918 0.912045 0.832467 0.137955 
40 2.06 0.954744 0.911712 0.831855 0.136773 
40 2.06 0.954809 0.911839 0.832096 0.138844 
40 2.06 0.954968 0.912142 0.832645 0.138373 
40 2.065 0.954006 0.910314 0.829339 0.14398 
40 2.065 0.954081 0.910452 0.829578 0.140727 
40 2.065 0.953958 0.910222 0.829173 0.143906 
40 2.065 0.953902 0.910111 0.828956 0.140578 
40 2.065 0.953982 0.910266 0.829244 0.142204 
40 2.07 0.953224 0.908824 0.826635 0.144811 
40 2.07 0.95295 0.908304 0.825704 0.147899 
40 2.07 0.953095 0.908583 0.826217 0.149298 
40 2.07 0.953291 0.908948 0.826847 0.141937 
40 2.07 0.952883 0.908175 0.825457 0.145337 
40 2.075 0.95207 0.906631 0.822673 0.148971 
40 2.075 0.952187 0.906855 0.823083 0.149859 
40 2.075 0.952121 0.906723 0.822823 0.145225 
40 2.075 0.952351 0.907166 0.823647 0.149814 
40 2.075 0.952394 0.907249 0.823798 0.149799 
40 2.08 0.951505 0.905565 0.820771 0.155697 
40 2.08 0.951492 0.90554 0.820726 0.155606 
40 2.08 0.951565 0.905678 0.820977 0.155653 
40 2.08 0.951562 0.905664 0.820925 0.149548 
40 2.08 0.951267 0.905105 0.81992 0.151469 
40 2.085 0.950354 0.90338 0.816835 0.158945 
40 2.085 0.950285 0.903252 0.81662 0.162188 
40 2.085 0.95068 0.904004 0.81798 0.162584 
40 2.085 0.950408 0.903479 0.816999 0.155655 
40 2.085 0.950375 0.90342 0.816912 0.159895 
40 2.09 0.949494 0.901745 0.813878 0.157661 
40 2.09 0.94963 0.902006 0.81436 0.160175 
40 2.09 0.949484 0.901737 0.813901 0.165614 
40 2.09 0.949356 0.901496 0.813472 0.16727 
40 2.09 0.949522 0.901804 0.814004 0.161824 
40 2.095 0.948651 0.900164 0.811101 0.173108 
40 2.095 0.948503 0.899881 0.810577 0.170356 
40 2.095 0.948409 0.899703 0.810259 0.170626 
40 2.095 0.948603 0.900065 0.81089 0.165953 
40 2.095 0.94855 0.899966 0.81072 0.167674 
40 2.1 0.947847 0.898642 0.808364 0.173297 
40 2.1 0.947492 0.89797 0.807163 0.174448 
40 2.1 0.947472 0.897943 0.807151 0.183082 
40 2.1 0.947705 0.898377 0.807903 0.176751 
40 2.1 0.947554 0.89808 0.807332 0.168584 
40 2.105 0.946775 0.89662 0.804764 0.179978 
40 2.105 0.946733 0.896536 0.804601 0.176887 
40 2.105 0.946772 0.896605 0.804706 0.172775 
40 2.105 0.946704 0.896491 0.804555 0.184391 
40 2.105 0.946537 0.896168 0.803945 0.178118 
40 2.11 0.94593 0.895022 0.801906 0.18085 
40 2.11 0.94567 0.894538 0.801066 0.186677 
40 2.11 0.945566 0.894344 0.800732 0.18923 
40 2.11 0.945593 0.894388 0.800785 0.183722 
40 2.11 0.945824 0.894825 0.801564 0.18303 
40 2.115 0.944742 0.892784 0.797936 0.187147 
40 2.115 0.944529 0.892382 0.797216 0.186816 
40 2.115 0.9445 0.89234 0.797181 0.196343 
40 2.115 0.944628 0.892581 0.797617 0.196797 
40 2.115 0.944823 0.892947 0.798255 0.193737 
40 2.12 0.943755 0.890932 0.794669 0.194848 
40 2.12 0.943653 0.890746 0.794357 0.199661 
40 2.12 0.943848 0.891108 0.794986 0.195883 
40 2.12 0.943543 0.890535 0.793971 0.197332 
40 2.12 0.943894 0.891196 0.79514 0.195536 
40 2.125 0.942391 0.888372 0.790152 0.203732 
40 2.125 0.942604 0.888771 0.790859 0.202795 
40 2.125 0.942457 0.888496 0.79037 0.203278 
40 2.125 0.942576 0.888712 0.790728 0.197711 
40 2.125 0.942727 0.889 0.791255 0.200479 
40 2.13 0.941741 0.887154 0.788015 0.208964 
40 2.13 0.941636 0.886947 0.787614 0.201813 
40 2.13 0.941482 0.886665 0.78714 0.207696 
40 2.13 0.941484 0.886675 0.787178 0.212263 
40 2.13 0.941384 0.88648 0.786809 0.206994 
40 2.135 0.940536 0.884892 0.784024 0.212825 
40 2.135 0.940477 0.88479 0.783872 0.219372 
40 2.135 0.940587 0.884989 0.784202 0.213659 
40 2.135 0.940683 0.88517 0.784516 0.213258 
40 2.135 0.940231 0.884322 0.783028 0.215821 
40 2.14 0.939295 0.882564 0.779928 0.216735 
40 2.14 0.939228 0.882446 0.779742 0.22155 
40 2.14 0.939574 0.883093 0.780873 0.218976 
40 2.14 0.939454 0.882873 0.780502 0.223579 
40 2.14 0.93936 0.88269 0.780158 0.218435 
40 2.145 0.938225 0.880571 0.776457 0.226339 
40 2.145 0.93824 0.880605 0.776539 0.231438 
40 2.145 0.938098 0.880329 0.77602 0.224127 
40 2.145 0.938347 0.880803 0.776882 0.230072 
40 2.145 0.938494 0.881075 0.777344 0.22602 
40 2.15 0.937376 0.878996 0.773748 0.239392 
40 2.15 0.936803 0.877925 0.771879 0.242842 
40 2.15 0.937002 0.878297 0.772522 0.24062 
40 2.15 0.937005 0.878305 0.772548 0.243286 
40 2.15 0.936904 0.878112 0.77219 0.239728 
40 2.155 0.935847 0.876138 0.768749 0.243523 
40 2.155 0.935804 0.876066 0.768649 0.249995 
40 2.155 0.936051 0.876521 0.769425 0.245161 
40 2.155 0.935961 0.87635 0.769112 0.24212 
40 2.155 0.935908 0.876255 0.768967 0.246324 
40 2.16 0.934591 0.873803 0.764708 0.25394 
40 2.16 0.934668 0.87394 0.76492 0.248017 
40 2.16 0.934573 0.873774 0.764668 0.256648 
40 2.16 0.934799 0.874186 0.765355 0.249178 
40 2.16 0.934588 0.873788 0.764648 0.24616 
40 2.165 0.933321 0.871438 0.760604 0.258712 
40 2.165 0.933614 0.871987 0.761567 0.260295 
40 2.165 0.933211 0.871243 0.760294 0.266127 
40 2.165 0.933504 0.871771 0.761151 0.251571 
40 2.165 0.933725 0.872196 0.761936 0.261416 
40 2.17 0.932447 0.869816 0.757806 0.264812 
40 2.17 0.932445 0.869813 0.757804 0.265408 
40 2.17 0.932229 0.869402 0.757061 0.258761 
40 2.17 0.932524 0.869961 0.75806 0.265027 
40 2.17 0.931991 0.868978 0.756385 0.27327 
40 2.175 0.931189 0.867484 0.75379 0.273324 
40 2.175 0.931146 0.867414 0.753704 0.280336 
40 2.175 0.931174 0.867464 0.753786 0.279473 
40 2.175 0.930876 0.866899 0.752775 0.271793 
40 2.175 0.930874 0.866902 0.752798 0.276283 
40 2.18 0.929911 0.865115 0.749713 0.279253 
40 2.18 0.929899 0.86511 0.749758 0.291489 
40 2.18 0.929734 0.864792 0.749176 0.283653 
40 2.18 0.929911 0.865106 0.749675 0.273446 
40 2.18 0.92983 0.86497 0.749482 0.2835 
40 2.185 0.928436 0.862395 0.745083 0.294239 
40 2.185 0.92872 0.862919 0.745975 0.291792 
40 2.185 0.928814 0.863085 0.746234 0.285189 
40 2.185 0.928429 0.862388 0.745095 0.298793 
40 2.185 0.92875 0.862965 0.746028 0.284968 
40 2.19 0.927105 0.859938 0.740895 0.30318 
40 2.19 0.926887 0.859549 0.740268 0.313639 
40 2.19 0.927303 0.860294 0.741465 0.294006 
40 2.19 0.927064 0.85986 0.740748 0.301131 
40 2.19 0.927249 0.860204 0.741352 0.30279 
40 2.195 0.925638 0.857246 0.736342 0.321165 
40 2.195 0.925926 0.857762 0.73718 0.3089 
40 2.195 0.92542 0.856853 0.735708 0.328912 
40 2.195 0.926063 0.858019 0.737625 0.30974 
40 2.195 0.925733 0.857422 0.736647 0.32121 
40 2.2 0.924132 0.85451 0.73182 0.356431 
40 2.2 0.924262 0.854724 0.732103 0.337044 
40 2.2 0.924402 0.854972 0.732489 0.329295 
40 2.2 0.924546 0.855234 0.732924 0.326467 
40 2.2 0.924402 0.854973 0.732496 0.330211 
40 2.205 0.922786 0.852001 0.727459 0.338503 
40 2.205 0.922734 0.851921 0.727373 0.350659 
40 2.205 0.922664 0.851782 0.727106 0.343346 
40 2.205 0.922571 0.851606 0.726789 0.339371 
40 2.205 0.922737 0.851905 0.727276 0.333832 
40 2.21 0.921315 0.849318 0.722986 0.359441 
40 2.21 0.920983 0.848705 0.721943 0.359119 
40 2.21 0.921404 0.849457 0.723142 0.341244 
40 2.21 0.921452 0.84955 0.723316 0.344573 
40 2.21 0.921646 0.849932 0.724039 0.362796 
40 2.215 0.919571 0.846122 0.717606 0.36899 
40 2.215 0.919917 0.846739 0.718595 0.354883 
40 2.215 0.919902 0.846711 0.718547 0.355224 
40 2.215 0.919933 0.846787 0.718731 0.367925 
40 2.215 0.920344 0.847537 0.719987 0.364753 
40 2.22 0.918248 0.843707 0.713578 0.380751 
40 2.22 0.918124 0.843487 0.713227 0.385045 
40 2.22 0.91808 0.84342 0.713158 0.395881 
40 2.22 0.91834 0.843872 0.713847 0.377899 
40 2.22 0.918331 0.843874 0.713896 0.389965 
40 2.225 0.91681 0.841079 0.70918 0.387826 
40 2.225 0.916565 0.840641 0.708474 0.394708 
40 2.225 0.917114 0.841647 0.710166 0.39426 
40 2.225 0.916836 0.841137 0.709309 0.394105 
40 2.225 0.916462 0.840458 0.708185 0.398972 
40 2.23 0.914965 0.837743 0.703717 0.418077 
40 2.23 0.915266 0.838293 0.704617 0.416429 
40 2.23 0.91546 0.838634 0.705158 0.407191 
40 2.23 0.915011 0.837806 0.70375 0.402266 
40 2.23 0.915346 0.838428 0.704821 0.408779 
40 2.235 0.913559 0.835185 0.699468 0.426482 
40 2.235 0.913305 0.834741 0.698777 0.440134 
40 2.235 0.913918 0.835845 0.70057 0.429055 
40 2.235 0.913634 0.835312 0.69965 0.418913 
40 2.235 0.913227 0.834564 0.698385 0.415544 
40 2.24 0.912019 0.832393 0.694867 0.439298 
40 2.24 0.912182 0.83268 0.695312 0.431233 
40 2.24 0.911328 0.831154 0.692864 0.453021 
40 2.24 0.911323 0.831158 0.692912 0.463131 
40 2.24 0.911634 0.831696 0.693717 0.443106 
40 2.245 0.910031 0.828824 0.689081 0.475269 
40 2.245 0.90972 0.828245 0.688089 0.465728 
40 2.245 0.909557 0.827986 0.687763 0.493685 
40 2.245 0.910265 0.829232 0.689712 0.463562 
40 2.245 0.909983 0.828737 0.688943 0.476054 
40 2.25 0.908297 0.825692 0.683969 0.489982 
40 2.25 0.908068 0.825281 0.6833 0.492451 
40 2.25 0.907988 0.825116 0.682976 0.479191 
40 2.25 0.908547 0.826124 0.684607 0.473885 
40 2.25 0.908337 0.825762 0.68408 0.488416 
40 2.255 0.906317 0.822137 0.678209 0.514956 
40 2.255 0.906476 0.822433 0.678715 0.521054 
40 2.255 0.906195 0.821901 0.677777 0.504568 
40 2.255 0.906279 0.822017 0.677871 0.47934 
40 2.255 0.906443 0.822354 0.678542 0.507621 
40 2.26 0.904596 0.819055 0.67324 0.538213 
40 2.26 0.904447 0.818742 0.672612 0.507813 
40 2.26 0.904607 0.819036 0.673113 0.511108 
40 2.26 0.904423 0.818688 0.672502 0.500915 
40 2.26 0.904365 0.818615 0.672463 0.523049 
40 2.265 0.903145 0.816427 0.668936 0.534479 
40 2.265 0.902196 0.814745 0.666282 0.556225 
40 2.265 0.902779 0.815791 0.667966 0.552156 
40 2.265 0.90296 0.816088 0.668371 0.530725 
40 2.265 0.902319 0.814958 0.666609 0.550208 
40 2.27 0.901506 0.813498 0.66424 0.553841 
40 2.27 0.900831 0.812321 0.662434 0.580496 
40 2.27 0.900804 0.812248 0.662246 0.563558 
40 2.27 0.9008 0.812225 0.662171 0.552912 
40 2.27 0.900648 0.811984 0.661874 0.575853 
40 2.275 0.899084 0.809183 0.657367 0.584123 
40 2.275 0.898573 0.808286 0.655974 0.599599 
40 2.275 0.898819 0.808713 0.656623 0.588722 
40 2.275 0.898542 0.808238 0.655921 0.604363 
40 2.275 0.89853 0.808187 0.655741 0.583732 
40 2.28 0.897013 0.8055 0.651498 0.608144 
40 2.28 0.896704 0.804982 0.650776 0.634522 
40 2.28 0.896921 0.805334 0.651243 0.607422 
40 2.28 0.896736 0.805005 0.650721 0.610709 
40 2.28 0.89657 0.804765 0.650478 0.650117 
40 2.285 0.893937 0.800089 0.643082 0.676704 
40 2.285 0.894076 0.80036 0.643551 0.692161 
40 2.285 0.895198 0.80227 0.646403 0.623892 
40 2.285 0.894362 0.800861 0.644358 0.684445 
40 2.285 0.894374 0.80081 0.644088 0.633515 
40 2.29 0.892453 0.797433 0.63884 0.670634 
40 2.29 0.892393 0.797371 0.638863 0.702725 
40 2.29 0.892799 0.798052 0.639821 0.671669 
40 2.29 0.891048 0.795021 0.635242 0.737522 
40 2.29 0.892277 0.797115 0.638325 0.668636 
40 2.295 0.88922 0.791813 0.630249 0.767145 
40 2.295 0.889907 0.79301 0.632083 0.749466 
40 2.295 0.890427 0.793888 0.63336 0.71603 
40 2.295 0.889398 0.792053 0.630453 0.713978 
40 2.295 0.890266 0.793558 0.632735 0.686139 
40 2.3 0.887832 0.789333 0.62632 0.756864 
40 2.3 0.887619 0.788962 0.625726 0.760554 
40 2.3 0.887684 0.789084 0.625948 0.765255 
40 2.3 0.887561 0.788823 0.625431 0.736149 
40 2.3 0.887345 0.788576 0.625232 0.830981 
40 2.305 0.885567 0.785417 0.620421 0.825664 
40 2.305 0.885575 0.785347 0.620069 0.765884 
40 2.305 0.885485 0.785241 0.620054 0.803523 
40 2.305 0.88478 0.783985 0.618066 0.797935 
40 2.305 0.885381 0.785048 0.619722 0.797254 
40 2.31 0.883054 0.781016 0.613592 0.852897 
40 2.31 0.883001 0.780864 0.613239 0.812893 
40 2.31 0.882811 0.780544 0.612777 0.823979 
40 2.31 0.881945 0.779078 0.610633 0.866652 
40 2.31 0.882446 0.779959 0.612015 0.864537 
40 2.315 0.880665 0.7768 0.607034 0.849669 
40 2.315 0.879751 0.775269 0.604854 0.902968 
40 2.315 0.879978 0.775644 0.605395 0.887423 
40 2.315 0.880613 0.776739 0.606995 0.871116 
40 2.315 0.880726 0.776932 0.607315 0.866641 
40 2.32 0.877255 0.770994 0.598493 0.977672 
40 2.32 0.876948 0.770575 0.597891 1.05998 
40 2.32 0.87827 0.772678 0.600864 0.909884 
40 2.32 0.878245 0.772676 0.600963 0.939003 
40 2.32 0.877602 0.771498 0.599019 0.905321 
40 2.325 0.875561 0.76796 0.593699 0.930478 
40 2.325 0.875359 0.767643 0.59329 0.956497 
40 2.325 0.875675 0.768168 0.594029 0.936589 
40 2.325 0.875109 0.767172 0.592495 0.933094 
40 2.325 0.876058 0.768798 0.594892 0.908453 
40 2.33 0.872273 0.762479 0.585891 1.11164 
40 2.33 0.87256 0.762869 0.586267 1.03612 
40 2.33 0.871692 0.761467 0.584343 1.11216 
40 2.33 0.872635 0.762998 0.586436 1.03408 
40 2.33 0.872124 0.762161 0.585281 1.0723 
40 2.335 0.868776 0.75655 0.577273 1.21809 
40 2.335 0.869831 0.758252 0.579502 1.12819 
40 2.335 0.869236 0.757136 0.577688 1.0724 
40 2.335 0.870313 0.758998 0.580517 1.06471 
40 2.335 0.869074 0.756915 0.577468 1.11401 
40 2.34 0.866551 0.752758 0.571544 1.26329 
40 2.34 0.866238 0.752113 0.57047 1.19315 
40 2.34 0.867079 0.75358 0.572704 1.19941 
40 2.34 0.866589 0.752644 0.571172 1.13948 
40 2.34 0.866845 0.753086 0.571794 1.13926 
40 2.345 0.862906 0.74648 0.562375 1.27811 
40 2.345 0.863811 0.748015 0.564512 1.25888 
40 2.345 0.863764 0.747895 0.564267 1.23353 
40 2.345 0.862715 0.746087 0.561662 1.23486 
40 2.345 0.863581 0.747565 0.563773 1.22283 
40 2.35 0.859869 0.741442 0.555153 1.40756 
40 2.35 0.86011 0.741749 0.555505 1.33478 
40 2.35 0.860999 0.743156 0.557299 1.25035 
40 2.35 0.859956 0.741413 0.554894 1.28518 
40 2.35 0.860187 0.741954 0.555994 1.38322 
40 2.355 0.856899 0.736367 0.54786 1.42126 
40 2.355 0.858312 0.738669 0.550878 1.33739 
40 2.355 0.857484 0.737233 0.548862 1.32766 
40 2.355 0.857377 0.737145 0.548831 1.39265 
40 2.355 0.857212 0.736839 0.548409 1.37691 
40 2.36 0.853793 0.731117 0.540306 1.46012 
40 2.36 0.854058 0.731582 0.540916 1.46972 
40 2.36 0.853165 0.730252 0.539334 1.60064 
40 2.36 0.853249 0.730276 0.539261 1.51983 
40 2.36 0.853242 0.730229 0.539062 1.49679 
40 2.365 0.850102 0.724916 0.531457 1.51758 
40 2.365 0.850605 0.725831 0.532868 1.55742 
40 2.365 0.850204 0.725283 0.532368 1.64809 
40 2.365 0.850389 0.725509 0.532533 1.58806 
40 2.365 0.850325 0.725722 0.533231 1.80611 
40 2.37 0.847385 0.720786 0.526276 1.83911 
40 2.37 0.846245 0.718721 0.523174 1.74859 
40 2.37 0.846388 0.7189 0.523344 1.70618 
40 2.37 0.846543 0.71926 0.523981 1.77244 
40 2.37 0.846302 0.718946 0.523639 1.83535 
40 2.375 0.843123 0.713568 0.516063 1.82724 
40 2.375 0.842624 0.71275 0.514926 1.84279 
40 2.375 0.842691 0.712996 0.515413 1.93207 
40 2.375 0.841399 0.710621 0.511807 1.79795 
40 2.375 0.842706 0.713103 0.515571 1.98706 
40 2.38 0.838231 0.70577 0.505546 2.10972 
40 2.38 0.838016 0.705237 0.504688 1.99479 
40 2.38 0.839602 0.707865 0.508318 1.97182 
40 2.38 0.83846 0.70603 0.505761 2.02671 
40 2.38 0.839088 0.707119 0.507374 2.05126 
40 2.385 0.834129 0.699373 0.49733 2.41573 
40 2.385 0.834286 0.699321 0.496919 2.20612 
40 2.385 0.834584 0.699826 0.497587 2.21144 
40 2.385 0.834248 0.699242 0.496784 2.19551 
40 2.385 0.833985 0.698939 0.496551 2.28591 
40 2.39 0.82937 0.691566 0.486937 2.4846 
40 2.39 0.828577 0.690582 0.485817 2.70547 
40 2.39 0.828783 0.690549 0.485556 2.45479 
40 2.39 0.829883 0.692333 0.487593 2.42811 
40 2.39 0.830316 0.693027 0.488687 2.41162 
40 2.395 0.824584 0.683985 0.476976 2.70279 
40 2.395 0.826404 0.686578 0.47978 2.42777 
40 2.395 0.825693 0.685483 0.478427 2.48093 
40 2.395 0.825214 0.684736 0.477664 2.51097 
40 2.395 0.82637 0.686753 0.480367 2.58244 
40 2.4 0.820831 0.677981 0.469066 2.81169 
40 2.4 0.820633 0.677851 0.46918 2.94109 
40 2.4 0.820845 0.6778 0.468641 2.67598 
40 2.4 0.820919 0.678133 0.469416 2.81645 
40 2.4 0.819916 0.676854 0.468103 3.06164 
40 2.405 0.816165 0.670626 0.459755 2.99491 
40 2.405 0.816574 0.67116 0.460281 2.90441 
40 2.405 0.815966 0.670319 0.459329 3.00619 
40 2.405 0.816291 0.670728 0.459675 2.92484 
40 2.405 0.815909 0.670252 0.45917 3.02408 
40 2.41 0.811612 0.663195 0.449854 2.97505 
40 2.41 0.81165 0.663645 0.451107 3.23302 
40 2.41 0.810535 0.662101 0.449202 3.40849 
40 2.41 0.810843 0.662498 0.449743 3.34006 
40 2.41 0.809637 0.660858 0.447616 3.54927 
40 2.415 0.805416 0.654289 0.439586 3.70652 
40 2.415 0.805596 0.6544 0.439564 3.58793 
40 2.415 0.80378 0.652028 0.437005 3.9523 
40 2.415 0.803875 0.652145 0.437218 3.92878 
40 2.415 0.803438 0.651762 0.43685 4.13991 
40 2.42 0.797792 0.64315 0.426374 4.41449 
40 2.42 0.797706 0.642567 0.425404 4.11992 
40 2.42 0.798501 0.644377 0.428139 4.47797 
40 2.42 0.798762 0.644127 0.427255 4.03762 
40 2.42 0.797423 0.642499 0.425787 4.37447 
40 2.425 0.789853 0.632224 0.41457 5.51323 
40 2.425 0.794266 0.637075 0.418299 4.10127 
40 2.425 0.792036 0.634392 0.416087 4.66579 
40 2.425 0.792413 0.63507 0.416831 4.71919 
40 2.425 0.793719 0.636797 0.418645 4.49186 
40 2.43 0.783376 0.621817 0.401561 5.35883 
40 2.43 0.78574 0.625235 0.405461 5.16752 
40 2.43 0.786182 0.626012 0.406629 5.22069 
40 2.43 0.784536 0.624015 0.404839 5.60906 
40 2.43 0.785131 0.624178 0.404198 5.10101 
40 2.435 0.777361 0.613324 0.392212 5.93621 
40 2.435 0.778594 0.61504 0.394012 5.80325 
40 2.435 0.778183 0.614576 0.393344 5.91855 
40 2.435 0.779571 0.616121 0.394733 5.51348 
40 2.435 0.775964 0.61226 0.391593 6.66296 
40 2.44 0.77058 0.603798 0.381646 6.5595 
40 2.44 0.772844 0.606588 0.384199 6.09825 
40 2.44 0.77013 0.603236 0.380965 6.64593 
40 2.44 0.771605 0.604884 0.382453 6.23598 
40 2.44 0.769375 0.602029 0.379726 6.6169 
40 2.445 0.764149 0.594345 0.370663 6.81939 
40 2.445 0.764226 0.594246 0.370708 6.67791 
40 2.445 0.76157 0.590824 0.366837 7.09087 
40 2.445 0.760554 0.590322 0.367338 7.77396 
40 2.445 0.764604 0.595207 0.37179 6.92775 
40 2.45 0.755689 0.582502 0.358169 7.4684 
40 2.45 0.752274 0.579089 0.355643 8.60241 
40 2.45 0.753664 0.580446 0.356536 8.12154 
40 2.45 0.751414 0.578234 0.355125 8.88844 
40 2.45 0.754385 0.581434 0.357763 8.05651 
40 2.455 0.744585 0.567844 0.343171 8.75795 
40 2.455 0.747177 0.570832 0.345539 8.18433 
40 2.455 0.742071 0.565628 0.341958 9.74931 
40 2.455 0.745402 0.569506 0.345809 9.04745 
40 2.455 0.743199 0.566834 0.342673 9.44285 
40 2.46 0.735554 0.556862 0.332963 10.2912 
40 2.46 0.733936 0.554188 0.329942 10.0985 
40 2.46 0.734824 0.555364 0.331092 10.015 
40 2.46 0.735483 0.555988 0.331438 9.79043 
40 2.46 0.735427 0.55596 0.331528 9.82571 
40 2.465 0.725378 0.542345 0.317585 10.497 
40 2.465 0.725907 0.543471 0.31886 10.7292 
40 2.465 0.72623 0.543941 0.319378 10.7299 
40 2.465 0.724227 0.540811 0.31592 10.5839 
40 2.465 0.722106 0.539147 0.315305 11.4955 
40 2.47 0.714833 0.529062 0.304978 11.7091 
40 2.47 0.714243 0.528741 0.305408 12.0478 
40 2.47 0.710706 0.525088 0.302059 12.9463 
40 2.47 0.712684 0.526392 0.302614 11.9664 
40 2.47 0.712264 0.527485 0.305105 13.0625 
40 2.475 0.702378 0.513673 0.290884 13.1477 
40 2.475 0.698129 0.509805 0.28835 14.4942 
40 2.475 0.703672 0.515396 0.292336 13.0855 
40 2.475 0.697861 0.508816 0.286985 14.0973 
40 2.475 0.69814 0.509289 0.287653 14.1508 
40 2.48 0.686356 0.495055 0.274969 15.4651 
40 2.48 0.689703 0.498616 0.277433 14.7911 
40 2.48 0.694031 0.503074 0.280487 13.8027 
40 2.48 0.688155 0.497507 0.276883 15.4515 
40 2.48 0.687965 0.497091 0.276609 15.3523 
40 2.485 0.679041 0.485301 0.265246 15.5843 
40 2.485 0.674818 0.480331 0.261219 16.0661 
40 2.485 0.677673 0.484121 0.264596 16.02 
40 2.485 0.676227 0.482936 0.264162 16.5169 
40 2.485 0.67941 0.484953 0.264355 15.0376 
40 2.49 0.658619 0.462867 0.247654 18.6912 
40 2.49 0.660513 0.464608 0.248681 18.2044 
40 2.49 0.664618 0.467924 0.250027 16.8399 
40 2.49 0.666408 0.46994 0.25146 16.6045 
40 2.49 0.662586 0.466339 0.249351 17.5542 
40 2.495 0.65035 0.451501 0.236296 18.306 
40 2.495 0.64976 0.451862 0.237324 19.0295 
40 2.495 0.648373 0.45087 0.237143 19.5477 
40 2.495 0.646276 0.447621 0.233625 19.2054 
40 2.495 0.64238 0.443655 0.230982 19.8819 
40 2.5 0.629856 0.429132 0.219094 20.7451 
40 2.5 0.63125 0.430427 0.220164 20.4483 
40 2.5 0.630207 0.429518 0.219205 20.7085 
40 2.5 0.628629 0.428576 0.218896 21.3769 
40 2.5 0.630427 0.430295 0.220281 21.0284 
40 2.505 0.612108 0.410566 0.205067 22.9239 
40 2.505 0.615465 0.413304 0.206406 22.04 
40 2.505 0.612952 0.410812 0.204835 22.4204 
40 2.505 0.612314 0.409703 0.203691 22.2108 
40 2.505 0.621865 0.418943 0.210075 20.5839 
40 2.51 0.60191 0.398653 0.194936 23.1762 
40 2.51 0.598499 0.395131 0.192587 23.5408 
40 2.51 0.602549 0.398668 0.194931 22.6953 
40 2.51 0.600873 0.396925 0.193722 22.8697 
40 2.51 0.598566 0.394959 0.192188 23.3803 
40 2.515 0.582071 0.378081 0.180286 24.9853 
40 2.515 0.581739 0.377024 0.179077 24.5594 
40 2.515 0.584405 0.379587 0.180795 24.2116 
40 2.515 0.585561 0.380437 0.181036 23.8916 
40 2.515 0.581928 0.377134 0.179099 24.4892 
40 2.52 0.571387 0.365658 0.170769 24.8727 
40 2.52 0.568153 0.361218 0.166482 24.3933 
40 2.52 0.568831 0.362138 0.167016 24.4886 
40 2.52 0.566608 0.360797 0.167098 25.2393 
40 2.52 0.567133 0.361584 0.167683 25.3611 
40 2.525 0.554709 0.348695 0.158379 25.9761 
40 2.525 0.548465 0.342286 0.15405 26.2793 
40 2.525 0.547619 0.34146 0.15366 26.3436 
40 2.525 0.543671 0.338542 0.152336 27.2245 
40 2.525 0.550104 0.344251 0.155905 26.383 
40 2.53 0.534897 0.327989 0.143914 26.4818 
40 2.53 0.532324 0.326476 0.143318 27.2612 
40 2.53 0.530856 0.324918 0.142758 27.2635 
40 2.53 0.529795 0.323713 0.141432 27.2131 
40 2.53 0.528497 0.324009 0.14266 28.2687 
40 2.535 0.514834 0.308237 0.131107 27.2553 
40 2.535 0.516769 0.310198 0.131946 27.2337 
40 2.535 0.516163 0.309731 0.131885 27.3341 
40 2.535 0.510876 0.305719 0.1301 28.2286 
40 2.535 0.512949 0.307325 0.130785 27.9022 
40 2.54 0.497109 0.292129 0.12086 28.3539 
40 2.54 0.491577 0.286822 0.118009 28.4563 
40 2.54 0.497031 0.29171 0.120678 28.1388 
40 2.54 0.496253 0.290251 0.119304 27.7068 
40 2.54 0.494308 0.290149 0.120282 28.8553 
40 2.545 0.482119 0.277309 0.111599 28.2095 
40 2.545 0.473004 0.269889 0.107531 29.0181 
40 2.545 0.47947 0.275593 0.111173 28.7317 
40 2.545 0.475991 0.272839 0.109305 29.09 
40 2.545 0.47357 0.270855 0.108301 29.2878 
40 2.55 0.459847 0.257398 0.0998659 28.8242 
40 2.55 0.455855 0.253914 0.0981242 28.9316 
40 2.55 0.46323 0.26074 0.102082 28.9615 
40 2.55 0.457679 0.255887 0.099212 29.1247 
40 2.55 0.45731 0.255089 0.0986221 28.8359 
40 2.555 0.445226 0.243612 0.0915053 28.4216 
40 2.555 0.442104 0.240985 0.090069 28.5116 
40 2.555 0.441332 0.241187 0.0907442 29.0648 
40 2.555 0.4416 0.241615 0.0908641 29.185 
40 2.555 0.442893 0.24095 0.0897302 28.0521 
40 2.56 0.421443 0.223049 0.0802001 28.3967 
40 2.56 0.430528 0.230793 0.0843188 28.3995 
40 2.56 0.425659 0.226655 0.0821493 28.4189 
40 2.56 0.431845 0.232435 0.0856439 28.7153 
40 2.56 0.422149 0.223629 0.0803258 28.3868 
40 2.565 0.414571 0.216051 0.0759881 27.56 
40 2.565 0.409527 0.213012 0.0748182 28.257 
40 2.565 0.404571 0.209249 0.0731059 28.4264 
40 2.565 0.411175 0.213476 0.0743874 27.7033 
40 2.565 0.409059 0.211987 0.0737428 27.8571 
40 2.57 0.400614 0.203673 0.0687926 26.883 
40 2.57 0.393798 0.199607 0.0675504 27.7231 
40 2.57 0.395369 0.200141 0.0675119 27.2841 
40 2.57 0.396046 0.201401 0.0686981 27.7344 
40 2.57 0.389899 0.19682 0.0665421 27.8907 
40 2.575 0.381416 0.188939 0.0618119 27.0053 
40 2.575 0.377116 0.185388 0.0600304 26.8254 
40 2.575 0.379593 0.187527 0.0609694 26.9895 
40 2.575 0.380954 0.188225 0.0611626 26.7799 
40 2.575 0.381755 0.189794 0.0625714 27.3753 
40 2.58 0.36654 0.177637 0.0567115 26.8436 
40 2.58 0.369474 0.179439 0.0570989 26.6221 
40 2.58 0.367379 0.177314 0.0560914 26.2618 
40 2.58 0.368983 0.178506 0.0566256 26.2679 
40 2.58 0.365551 0.17667 0.0561807 26.6932 
40 2.585 0.354446 0.167163 0.0511598 25.7061 
40 2.585 0.354961 0.167423 0.0509405 25.6406 
40 2.585 0.353778 0.165898 0.0500579 25.2155 
40 2.585 0.355081 0.167634 0.0513249 25.7184 
40 2.585 0.350063 0.164298 0.0503429 25.8439 
40 2.59 0.340666 0.156706 0.0463363 25.1132 
40 2.59 0.340615 0.155906 0.0456667 24.6411 
40 2.59 0.346836 0.159876 0.0470061 24.4512 
40 2.59 0.340786 0.15567 0.0453254 24.4232 
40 2.59 0.343429 0.157853 0.0465459 24.6543 
40 2.595 0.331158 0.147929 0.0417225 23.592 
40 2.595 0.330011 0.147547 0.0418232 23.8243 
40 2.595 0.331812 0.148979 0.0423858 23.9721 
40 2.595 0.334278 0.150559 0.0429562 23.9335 
40 2.595 0.328777 0.147256 0.041739 24.146 
40 2.6 0.319105 0.139037 0.0377618 22.8981 
40 2.6 0.320825 0.140905 0.0388524 23.3699 
40 2.6 0.316428 0.137934 0.0376989 23.2659 
40 2.6 0.318386 0.138282 0.0374228 22.7152 
40 2.6 0.314136 0.135825 0.036634 22.8575 
40 2.605 0.30484 0.128222 0.0330718 21.6783 
40 2.605 0.309813 0.132773 0.0355212 22.5957 
40 2.605 0.305601 0.12951 0.0336106 22.1837 
40 2.605 0.309773 0.131811 0.0345841 22.0201 
40 2.605 0.308422 0.131069 0.0344043 22.0774 
40 2.61 0.297169 0.123158 0.0312171 21.3634 
40 2.61 0.3012 0.125824 0.0320411 21.5189 
40 2.61 0.300437 0.125455 0.0320609 21.5741 
40 2.61 0.29717 0.123156 0.0310153 21.3618 
40 2.61 0.296844 0.122448 0.0306539 21.0466 
40 2.615 0.284855 0.115069 0.0281652 20.7581 
40 2.615 0.292001 0.118693 0.0290552 20.4532 
40 2.615 0.288923 0.116659 0.0282836 20.3026 
40 2.615 0.288233 0.116856 0.0284978 20.6671 
40 2.615 0.289012 0.116881 0.0283723 20.4073 
40 2.62 0.280487 0.110452 0.025718 19.4071 
40 2.62 0.279704 0.110755 0.0262158 19.8601 
40 2.62 0.281712 0.111977 0.0265221 19.918 
40 2.62 0.280242 0.110757 0.0259966 19.6774 
40 2.62 0.279611 0.110538 0.0261891 19.7595 
40 2.625 0.272407 0.104771 0.0236786 18.6305 
40 2.625 0.269846 0.103375 0.0232336 18.6255 
40 2.625 0.269194 0.103378 0.0233607 18.8421 
40 2.625 0.268432 0.102792 0.022935 18.7349 
40 2.625 0.268984 0.102935 0.0229639 18.6409 
40 2.63 0.263137 0.0987694 0.0214959 17.964 
40 2.63 0.267502 0.101462 0.0222905 18.1929 
40 2.63 0.26078 0.0977671 0.0212544 18.1054 
40 2.63 0.263087 0.0993653 0.0217972 18.3424 
40 2.63 0.263754 0.0994418 0.0217801 18.1754 
40 2.635 0.255943 0.0941759 0.0199184 17.4083 
40 2.635 0.254342 0.0932487 0.0196112 17.3412 
40 2.635 0.255941 0.0942352 0.0199055 17.4449 
40 2.635 0.253274 0.0925746 0.0194342 17.261 
40 2.635 0.257397 0.0955384 0.0204183 17.7822 
40 2.64 0.247217 0.0884473 0.0178525 16.5644 
40 2.64 0.247402 0.088383 0.017703 16.4698 
40 2.64 0.248823 0.0896449 0.0182791 16.8074 
40 2.64 0.247703 0.0887059 0.0179365 16.5752 
40 2.64 0.24603 0.088327 0.0179036 16.8462 
40 2.645 0.240788 0.0844595 0.0165287 16.0184 
40 2.645 0.241484 0.0844561 0.0161385 15.8134 
40 2.645 0.242992 0.0857745 0.0169668 16.169 
40 2.645 0.24283 0.0854075 0.0167576 15.9946 
40 2.645 0.242348 0.0848228 0.016287 15.7824 
40 2.65 0.235602 0.0807845 0.0151902 15.2611 
40 2.65 0.236449 0.0815051 0.0154928 15.4548 
40 2.65 0.233666 0.0801906 0.0150783 15.4511 
40 2.65 0.237655 0.0819369 0.0154511 15.3703 
40 2.65 0.235269 0.0807272 0.0151348 15.3211 
40 2.655 0.227555 0.0760907 0.0138554 14.6499 
40 2.655 0.227862 0.0762713 0.0138306 14.6743 
40 2.655 0.230899 0.0778781 0.0142156 14.8029 
40 2.655 0.231007 0.0774294 0.0139276 14.5026 
40 2.655 0.228975 0.0769185 0.01388 14.7579 
40 2.66 0.221171 0.0724852 0.0126238 14.1767 
40 2.66 0.222221 0.0727605 0.0127451 14.0622 
40 2.66 0.222509 0.0730712 0.0128213 14.1719 
40 2.66 0.224533 0.0741263 0.0131374 14.2625 
40 2.66 0.223226 0.0736936 0.0130695 14.3542 
40 2.665 0.215506 0.0692057 0.0117499 13.6663 
40 2.665 0.217926 0.070066 0.0117647 13.5532 
40 2.665 0.215868 0.0693273 0.0117484 13.6455 
40 2.665 0.216174 0.0690244 0.0115893 13.3843 
40 2.665 0.216914 0.069253 0.0114888 13.3291 
40 2.67 0.212096 0.0667713 0.010794 13.0556 
40 2.67 0.213042 0.067352 0.0111462 13.1626 
40 2.67 0.212699 0.0670799 0.0110299 13.087 
40 2.67 0.210825 0.0657937 0.0105924 12.7919 
40 2.67 0.213505 0.067862 0.0113128 13.35 
40 2.675 0.208461 0.0646922 0.0104411 12.7021 
40 2.675 0.206632 0.0634375 0.00981858 12.4056 
40 2.675 0.21049 0.0654352 0.0104836 12.6381 
40 2.675 0.209053 0.064979 0.0104963 12.7256 
40 2.675 0.205275 0.0623685 0.00956591 12.1005 
40 2.68 0.202758 0.061207 0.00936356 11.9977 
40 2.68 0.202384 0.061364 0.00947097 12.1818 
40 2.68 0.200439 0.0601367 0.00920755 11.9169 
40 2.68 0.205981 0.0631631 0.00985114 12.379 
40 2.68 0.202499 0.0610562 0.009165 11.9704 
40 2.685 0.20054 0.0599183 0.00896965 11.7405 
40 2.685 0.198513 0.0591264 0.0087719 11.7505 
40 2.685 0.199079 0.0592772 0.0088437 11.7062 
40 2.685 0.19644 0.0577827 0.00854382 11.4378 
40 2.685 0.196474 0.0579224 0.0085221 11.513 
40 2.69 0.194334 0.0566416 0.00813597 11.2272 
40 2.69 0.193258 0.0562139 0.00806733 11.221 
40 2.69 0.194924 0.056527 0.00793904 11.0225 
40 2.69 0.193434 0.0560053 0.00790008 11.0564 
40 2.69 0.193069 0.0558722 0.00786461 11.0612 
40 2.695 0.191103 0.055018 0.00779681 10.9819 
40 2.695 0.190115 0.054646 0.00776324 10.9848 
40 2.695 0.190039 0.0542624 0.00757603 10.7741 
40 2.695 0.188885 0.0537806 0.00747718 10.7476 
40 2.695 0.190794 0.0547231 0.00767649 10.8768 
40 2.7 0.186695 0.0527573 0.00719343 10.6088 
40 2.7 0.186531 0.0524243 0.00708587 10.4477 
40 2.7 0.184633 0.0514522 0.00683262 10.2891 
40 2.7 0.187994 0.0529361 0.00716057 10.4263 
40 2.7 0.187233 0.0527828 0.00715605 10.5047 
40 2.705 0.18271 0.0505322 0.00660473 10.1438 
40 2.705 0.183786 0.0510586 0.00675402 10.2219 
40 2.705 0.182807 0.0504091 0.00653703 10.0499 
40 2.705 0.182937 0.0503555 0.00655057 9.99018 
40 2.705 0.181753 0.0501289 0.00662282 10.1114 
40 2.71 0.176805 0.047592 0.00600352 9.64253 
40 2.71 0.17907 0.0485917 0.00618723 9.75684 
40 2.71 0.17882 0.0481761 0.00595012 9.56437 
40 2.71 0.180183 0.0488129 0.00610237 9.65127 
40 2.71 0.17806 0.0479845 0.00601045 9.61137 
40 2.715 0.176394 0.0469097 0.00570597 9.30823 
40 2.715 0.174363 0.046146 0.00565245 9.278 
40 2.715 0.174633 0.046096 0.00559654 9.19294 
40 2.715 0.172167 0.0451517 0.00545353 9.14037 
40 2.715 0.175626 0.0465791 0.00561112 9.27269 
40 2.72 0.169592 0.0436455 0.00505201 8.75532 
40 2.72 0.172072 0.0450581 0.00544544 9.08789 
40 2.72 0.173103 0.0454029 0.00541263 9.08138 
40 2.72 0.173357 0.0453826 0.00533578 9.01754 
40 2.72 0.173551 0.0457692 0.0055589 9.20545 
40 2.725 0.167929 0.0429035 0.00491189 8.63312 
40 2.725 0.169007 0.0432999 0.00495241 8.65258 
40 2.725 0.167881 0.043097 0.00498333 8.75616 
40 2.725 0.168389 0.0430832 0.00493463 8.64782 
40 2.725 0.169592 0.0438619 0.00516829 8.86635 
40 2.73 0.165516 0.0418813 0.00472663 8.48981 
40 2.73 0.165462 0.0417562 0.00461367 8.42694 
40 2.73 0.165734 0.0418006 0.00468091 8.40021 
40 2.73 0.168778 0.0434128 0.00501328 8.7484 
40 2.73 0.165949 0.0419502 0.00471547 8.44607 
40 2.735 0.163863 0.0410608 0.00450588 8.31276 
40 2.735 0.162467 0.0405316 0.00450035 8.26982 
40 2.735 0.164502 0.0410766 0.00446932 8.19933 
40 2.735 0.16283 0.0402937 0.0043078 8.06148 
40 2.735 0.163162 0.0404946 0.00434168 8.11574 
40 2.74 0.161333 0.0396089 0.00423726 7.93025 
40 2.74 0.157439 0.0379773 0.00385542 7.70229 
40 2.74 0.160517 0.0390588 0.00408556 7.7624 
40 2.74 0.163165 0.0401875 0.004228 7.92107 
40 2.74 0.159244 0.0388181 0.00405751 7.85949 
40 2.745 0.156108 0.0374485 0.00383176 7.62337 
40 2.745 0.158751 0.038564 0.00402254 7.78852 
40 2.745 0.157085 0.0378888 0.00388593 7.70167 
40 2.745 0.157781 0.0380087 0.00392186 7.64382 
40 2.745 0.156746 0.0375033 0.00378828 7.53901 
40 2.75 0.154625 0.0365081 0.00361092 7.33037 
40 2.75 0.156867 0.0375488 0.00380475 7.52959 
40 2.75 0.156054 0.0373941 0.00384511 7.58759 
40 2.75 0.155533 0.0366379 0.00357779 7.24207 
40 2.75 0.156405 0.0374455 0.00382759 7.55381 
40 2.755 0.15364 0.0361045 0.00353497 7.25917 
40 2.755 0.15416 0.0361511 0.00349358 7.19331 
40 2.755 0.154033 0.0363162 0.00359403 7.31175 
40 2.755 0.153604 0.0360218 0.00353637 7.21747 
40 2.755 0.154719 0.0365392 0.00361197 7.31832 
40 2.76 0.151434 0.0349625 0.00327374 6.97401 
40 2.76 0.152037 0.0352418 0.00335759 7.02989 
40 2.76 0.148613 0.0338147 0.00311379 6.79934 
40 2.76 0.150827 0.0347856 0.00327867 6.97796 
40 2.76 0.150276 0.0346005 0.00323969 6.96672 
40 2.765 0.147258 0.033109 0.00298415 6.61069 
40 2.765 0.147427 0.0337269 0.00315736 6.93949 
40 2.765 0.148818 0.0339364 0.00312223 6.82226 
40 2.765 0.148262 0.0337332 0.00309793 6.80026 
