size temperature m m2 m4 ms e sp_h 
10 1.5 0.995468 0.991086 0.982743 0.0086094 -218.032 0.0934064 
10 1.5 0.995402 0.99095 0.982461 0.00833723 -217.993 0.0933846 
10 1.5 0.995444 0.991035 0.982634 0.00844552 -217.997 0.0949583 
10 1.505 0.995198 0.990555 0.981717 0.00903261 -217.908 0.0975871 
10 1.505 0.99531 0.990777 0.982152 0.00899694 -217.959 0.0959814 
10 1.505 0.99551 0.991168 0.982899 0.00848106 -218.044 0.0909624 
10 1.51 0.995232 0.990627 0.981873 0.00927061 -217.935 0.0977886 
10 1.51 0.995296 0.990751 0.982105 0.00904056 -217.958 0.096181 
10 1.51 0.994996 0.990167 0.980998 0.00991788 -217.835 0.104899 
10 1.515 0.995084 0.990332 0.981291 0.00923518 -217.872 0.0983794 
10 1.515 0.994948 0.990071 0.980804 0.00984273 -217.823 0.0999899 
10 1.515 0.995154 0.990469 0.981556 0.00910867 -217.899 0.0980234 
10 1.52 0.994734 0.989661 0.980049 0.0108625 -217.756 0.10528 
10 1.52 0.994662 0.989504 0.979696 0.00997012 -217.697 0.105604 
10 1.52 0.99504 0.990245 0.981118 0.00921305 -217.854 0.0976669 
10 1.525 0.994752 0.989682 0.980043 0.00988187 -217.714 0.105856 
10 1.525 0.994944 0.990056 0.980753 0.00934012 -217.809 0.0982042 
10 1.525 0.994908 0.989984 0.980612 0.00933715 -217.784 0.101406 
10 1.53 0.994494 0.98918 0.97909 0.010565 -217.64 0.106427 
10 1.53 0.99478 0.989736 0.980145 0.00973278 -217.744 0.102702 
10 1.53 0.994694 0.989572 0.979847 0.0102148 -217.72 0.104134 
10 1.535 0.994634 0.989449 0.979589 0.0099157 -217.679 0.104979 
10 1.535 0.9945 0.98919 0.979107 0.0104384 -217.631 0.109706 
10 1.535 0.994648 0.989486 0.979695 0.0105326 -217.709 0.10428 
10 1.54 0.99442 0.989038 0.978827 0.0108197 -217.592 0.111006 
10 1.54 0.994624 0.989431 0.979558 0.010009 -217.676 0.10282 
10 1.54 0.994438 0.989075 0.978904 0.0108925 -217.626 0.108265 
10 1.545 0.994188 0.988569 0.977876 0.0103081 -217.469 0.110116 
10 1.545 0.994312 0.988831 0.978447 0.0113169 -217.565 0.112248 
10 1.545 0.994248 0.988703 0.978187 0.0112437 -217.53 0.111099 
10 1.55 0.994018 0.988261 0.977374 0.0122126 -217.452 0.120163 
10 1.55 0.994098 0.988407 0.977614 0.0113398 -217.479 0.113007 
10 1.55 0.994102 0.988419 0.977649 0.0115957 -217.485 0.112681 
10 1.555 0.994046 0.988305 0.977419 0.0114437 -217.438 0.113154 
10 1.555 0.994188 0.988581 0.977941 0.010993 -217.501 0.111334 
10 1.555 0.994018 0.988257 0.977347 0.0118955 -217.454 0.113503 
10 1.56 0.993884 0.987988 0.976812 0.0116945 -217.374 0.118429 
10 1.56 0.993836 0.987892 0.976621 0.0116824 -217.353 0.116786 
10 1.56 0.993922 0.988061 0.976948 0.0115678 -217.393 0.115131 
10 1.565 0.993624 0.987486 0.975873 0.0126202 -217.286 0.121082 
10 1.565 0.993696 0.987623 0.976121 0.0122185 -217.311 0.117516 
10 1.565 0.993474 0.987192 0.975306 0.012857 -217.202 0.125817 
10 1.57 0.993986 0.988182 0.977165 0.0110899 -217.405 0.111722 
10 1.57 0.993714 0.987657 0.976179 0.0120386 -217.316 0.114882 
10 1.57 0.993436 0.987116 0.975156 0.0128022 -217.214 0.121782 
10 1.575 0.993324 0.986898 0.974735 0.0130178 -217.157 0.120259 
10 1.575 0.993388 0.987024 0.974987 0.012955 -217.185 0.127575 
10 1.575 0.993484 0.9872 0.975281 0.012009 -217.214 0.118117 
10 1.58 0.993324 0.986895 0.974725 0.0127893 -217.163 0.121719 
10 1.58 0.993416 0.987087 0.975135 0.0133931 -217.214 0.124196 
10 1.58 0.993262 0.986785 0.974552 0.0136202 -217.152 0.125583 
10 1.585 0.993062 0.986383 0.973747 0.0133037 -217.037 0.12849 
10 1.585 0.993068 0.986398 0.973784 0.0134831 -217.047 0.127001 
10 1.585 0.993102 0.986455 0.973861 0.0128036 -217.042 0.125862 
10 1.59 0.993118 0.986511 0.974055 0.014342 -217.106 0.127905 
10 1.59 0.993228 0.986715 0.974406 0.0133824 -217.115 0.126098 
10 1.59 0.992692 0.985666 0.972394 0.0143568 -216.888 0.134353 
10 1.595 0.99272 0.985714 0.972467 0.013876 -216.905 0.130312 
10 1.595 0.992728 0.98573 0.9725 0.0138883 -216.883 0.134735 
10 1.595 0.992556 0.985399 0.971884 0.0145371 -216.851 0.133982 
10 1.6 0.992508 0.985329 0.971807 0.0160769 -216.849 0.133858 
10 1.6 0.992618 0.985524 0.972129 0.0146116 -216.866 0.132164 
10 1.6 0.992536 0.985372 0.971876 0.015293 -216.871 0.13733 
10 1.605 0.992506 0.985299 0.971683 0.0143576 -216.821 0.13495 
10 1.605 0.992472 0.985232 0.971554 0.0144081 -216.812 0.134938 
10 1.605 0.992426 0.98515 0.971422 0.0149953 -216.789 0.13718 
10 1.61 0.992216 0.984736 0.970622 0.0151087 -216.725 0.137874 
10 1.61 0.992178 0.984653 0.970431 0.014642 -216.663 0.138721 
10 1.61 0.991994 0.984334 0.969954 0.0175369 -216.673 0.144938 
10 1.615 0.992074 0.98447 0.97015 0.0160556 -216.66 0.141398 
10 1.615 0.99226 0.98482 0.970775 0.0148416 -216.722 0.140216 
10 1.615 0.991868 0.984073 0.969408 0.0167846 -216.575 0.146106 
10 1.62 0.99193 0.984177 0.969552 0.0155725 -216.614 0.137543 
10 1.62 0.99196 0.984238 0.969675 0.0156592 -216.597 0.140355 
10 1.62 0.991716 0.983758 0.968746 0.0158726 -216.493 0.146078 
10 1.625 0.991894 0.984112 0.969447 0.0159072 -216.607 0.139237 
10 1.625 0.991468 0.983289 0.967904 0.0172458 -216.441 0.148323 
10 1.625 0.99187 0.984079 0.969422 0.0168187 -216.581 0.144029 
10 1.63 0.991766 0.983873 0.969024 0.0167559 -216.538 0.147855 
10 1.63 0.991518 0.983383 0.968063 0.0168795 -216.421 0.148301 
10 1.63 0.991326 0.983006 0.967345 0.0170995 -216.362 0.149645 
10 1.635 0.991472 0.983291 0.967888 0.0167727 -216.41 0.148948 
10 1.635 0.991424 0.983194 0.96769 0.0166931 -216.371 0.148573 
10 1.635 0.991046 0.982474 0.966373 0.0184579 -216.244 0.156445 
10 1.64 0.991186 0.982727 0.966792 0.0168996 -216.289 0.151265 
10 1.64 0.99116 0.982677 0.9667 0.0169814 -216.29 0.151617 
10 1.64 0.99139 0.98313 0.967574 0.016809 -216.388 0.145718 
10 1.645 0.991068 0.982495 0.966345 0.0169811 -216.237 0.150451 
10 1.645 0.991128 0.982622 0.96662 0.0174448 -216.292 0.151035 
10 1.645 0.990914 0.982215 0.965858 0.0184927 -216.179 0.156255 
10 1.65 0.990768 0.981919 0.965278 0.0180346 -216.131 0.157235 
10 1.65 0.990886 0.982165 0.965799 0.018813 -216.188 0.158229 
10 1.65 0.990826 0.982031 0.965488 0.0178786 -216.162 0.152856 
10 1.655 0.990594 0.981587 0.964674 0.018792 -216.081 0.159745 
10 1.655 0.990638 0.981663 0.96478 0.0180733 -216.069 0.156477 
10 1.655 0.990278 0.980973 0.963504 0.0194564 -215.947 0.163219 
10 1.66 0.990532 0.981467 0.964444 0.0188697 -216.065 0.155925 
10 1.66 0.99031 0.981033 0.963614 0.0192231 -215.947 0.163947 
10 1.66 0.99038 0.98118 0.963924 0.0197118 -216.004 0.160986 
10 1.665 0.990042 0.980542 0.962778 0.0215687 -215.898 0.166465 
10 1.665 0.990094 0.980651 0.963011 0.0219334 -215.933 0.168347 
10 1.665 0.990328 0.981053 0.963602 0.0182518 -215.935 0.156758 
10 1.67 0.990008 0.980464 0.962591 0.0208335 -215.846 0.167228 
10 1.67 0.990202 0.980825 0.963228 0.0194658 -215.946 0.159857 
10 1.67 0.989638 0.979722 0.96112 0.0202939 -215.698 0.170622 
10 1.675 0.989574 0.979603 0.960911 0.0206889 -215.672 0.168388 
10 1.675 0.989678 0.979802 0.961274 0.0202446 -215.701 0.169525 
10 1.675 0.989758 0.979977 0.961667 0.0212693 -215.759 0.167992 
10 1.68 0.989556 0.97955 0.960747 0.0195502 -215.63 0.167993 
10 1.68 0.989288 0.97906 0.959923 0.0219508 -215.58 0.174182 
10 1.68 0.989576 0.979621 0.960992 0.021456 -215.71 0.170859 
10 1.685 0.989482 0.979439 0.960651 0.0216292 -215.668 0.173615 
10 1.685 0.989302 0.979086 0.959974 0.0218346 -215.587 0.175928 
10 1.685 0.989502 0.979462 0.960641 0.0206523 -215.65 0.169084 
10 1.69 0.98921 0.978904 0.959617 0.0217714 -215.527 0.177308 
10 1.69 0.98881 0.978118 0.958103 0.0220843 -215.381 0.177419 
10 1.69 0.988908 0.978335 0.95859 0.0234419 -215.434 0.180477 
10 1.695 0.988732 0.977986 0.957911 0.0233341 -215.353 0.180772 
10 1.695 0.98885 0.97819 0.95822 0.0215951 -215.369 0.180314 
10 1.695 0.988672 0.977884 0.957774 0.0243019 -215.359 0.188047 
10 1.7 0.988136 0.976821 0.955685 0.0240121 -215.111 0.188259 
10 1.7 0.988706 0.977916 0.957719 0.022118 -215.326 0.182658 
10 1.7 0.988256 0.977056 0.956145 0.0238964 -215.173 0.189179 
10 1.705 0.988708 0.977945 0.957847 0.0235549 -215.345 0.178051 
10 1.705 0.988918 0.978328 0.958499 0.0216463 -215.394 0.176443 
10 1.705 0.988178 0.976916 0.955914 0.0246686 -215.181 0.18449 
10 1.71 0.987954 0.976487 0.955119 0.0253973 -215.078 0.188498 
10 1.71 0.988208 0.97695 0.955896 0.0230917 -215.113 0.18857 
10 1.71 0.987826 0.976224 0.954574 0.0247669 -214.999 0.19114 
10 1.715 0.987998 0.976556 0.955193 0.0242374 -215.066 0.187872 
10 1.715 0.988064 0.976661 0.955319 0.0227599 -215.043 0.183499 
10 1.715 0.987882 0.976343 0.954831 0.0252032 -215.032 0.19004 
10 1.72 0.987626 0.975866 0.954 0.0267933 -214.964 0.196132 
10 1.72 0.987638 0.975883 0.954014 0.0264245 -214.961 0.197537 
10 1.72 0.987332 0.975294 0.952896 0.0272792 -214.846 0.195177 
10 1.725 0.98749 0.975606 0.953505 0.0272104 -214.887 0.200305 
10 1.725 0.987422 0.975469 0.953253 0.0270883 -214.884 0.199801 
10 1.725 0.98751 0.97562 0.953461 0.0257229 -214.9 0.191456 
10 1.73 0.987082 0.9748 0.951956 0.0271425 -214.744 0.199506 
10 1.73 0.987084 0.974811 0.951995 0.0275316 -214.76 0.200465 
10 1.73 0.986868 0.974392 0.9512 0.0279232 -214.671 0.199978 
10 1.735 0.986772 0.974219 0.950908 0.0288357 -214.624 0.205957 
10 1.735 0.986914 0.97448 0.951361 0.0277208 -214.672 0.201214 
10 1.735 0.986962 0.974552 0.951438 0.026396 -214.671 0.198345 
10 1.74 0.987102 0.974823 0.951953 0.0260369 -214.743 0.196789 
10 1.74 0.986696 0.974053 0.950537 0.0278324 -214.57 0.2012 
10 1.74 0.986356 0.973498 0.949645 0.0344552 -214.524 0.207544 
10 1.745 0.986012 0.972734 0.948093 0.0294473 -214.324 0.215556 
10 1.745 0.986 0.97271 0.948048 0.0294739 -214.334 0.214911 
10 1.745 0.986262 0.973222 0.949017 0.0291821 -214.44 0.208027 
10 1.75 0.986034 0.972762 0.948096 0.0285183 -214.333 0.206111 
10 1.75 0.985752 0.972223 0.947107 0.0294923 -214.223 0.212466 
10 1.75 0.985998 0.972709 0.94805 0.0295488 -214.307 0.217517 
10 1.755 0.98589 0.972497 0.94764 0.0295287 -214.273 0.211023 
10 1.755 0.98544 0.971624 0.946 0.0303183 -214.123 0.214122 
10 1.755 0.98563 0.972004 0.946733 0.030652 -214.222 0.21047 
10 1.76 0.984946 0.97071 0.944381 0.0335896 -213.953 0.224127 
10 1.76 0.985452 0.971647 0.946036 0.0301657 -214.089 0.2173 
10 1.76 0.985332 0.97144 0.945699 0.0318437 -214.071 0.218866 
10 1.765 0.985386 0.971535 0.945871 0.0311474 -214.081 0.216059 
10 1.765 0.985104 0.971014 0.944979 0.0331121 -214.04 0.222086 
10 1.765 0.98513 0.971055 0.945017 0.0324965 -213.993 0.223257 
10 1.77 0.98448 0.969804 0.942687 0.034057 -213.751 0.228812 
10 1.77 0.984728 0.970285 0.943607 0.0336388 -213.887 0.228041 
10 1.77 0.985044 0.97087 0.944619 0.031557 -213.964 0.220698 
10 1.775 0.985164 0.971091 0.945001 0.0306103 -213.987 0.216095 
10 1.775 0.98447 0.969752 0.942505 0.0321385 -213.765 0.22425 
10 1.775 0.984382 0.969597 0.94225 0.0331695 -213.713 0.228456 
10 1.78 0.984004 0.968874 0.940921 0.0342813 -213.591 0.231475 
10 1.78 0.984142 0.969149 0.941475 0.0344811 -213.631 0.235688 
10 1.78 0.984372 0.969569 0.942179 0.0326205 -213.707 0.226452 
10 1.785 0.983876 0.968643 0.940533 0.0353623 -213.56 0.234779 
10 1.785 0.983906 0.96867 0.940496 0.0335632 -213.503 0.233773 
10 1.785 0.9835 0.96793 0.939244 0.0368487 -213.454 0.23711 
10 1.79 0.983358 0.967626 0.938593 0.0353633 -213.317 0.241993 
10 1.79 0.983146 0.967227 0.937878 0.0363566 -213.266 0.243619 
10 1.79 0.983528 0.967995 0.939362 0.0372979 -213.397 0.240883 
10 1.795 0.982952 0.966875 0.937295 0.0379101 -213.233 0.24633 
10 1.795 0.982734 0.966453 0.936492 0.0382532 -213.116 0.24487 
10 1.795 0.983118 0.967222 0.937996 0.0390684 -213.308 0.240223 
10 1.8 0.982674 0.966359 0.936368 0.0395072 -213.117 0.249123 
10 1.8 0.982868 0.966691 0.936876 0.0367475 -213.178 0.24023 
10 1.8 0.983436 0.967792 0.938932 0.0358463 -213.312 0.241518 
10 1.805 0.982106 0.965248 0.934266 0.0396457 -212.9 0.252273 
10 1.805 0.982926 0.966824 0.937169 0.0377019 -213.167 0.24392 
10 1.805 0.982774 0.966527 0.936624 0.0378163 -213.152 0.241583 
10 1.81 0.9824 0.965791 0.935207 0.0376309 -212.981 0.247754 
10 1.81 0.98227 0.965537 0.934731 0.0377374 -212.952 0.243991 
10 1.81 0.982436 0.965953 0.935621 0.0426954 -213.028 0.243951 
10 1.815 0.98172 0.964504 0.93289 0.0401896 -212.754 0.257897 
10 1.815 0.981404 0.963867 0.931608 0.0392919 -212.596 0.25626 
10 1.815 0.981254 0.963644 0.931362 0.0432081 -212.635 0.260181 
10 1.82 0.98145 0.964012 0.932049 0.0422163 -212.709 0.257706 
10 1.82 0.980942 0.963055 0.930338 0.0443754 -212.529 0.26608 
10 1.82 0.981238 0.963573 0.93114 0.0409202 -212.567 0.260334 
10 1.825 0.980868 0.962862 0.929832 0.0416289 -212.453 0.262378 
10 1.825 0.981396 0.963882 0.93173 0.0407699 -212.653 0.254448 
10 1.825 0.980984 0.963171 0.930572 0.0461015 -212.553 0.263557 
10 1.83 0.980748 0.962696 0.92969 0.0453334 -212.473 0.263854 
10 1.83 0.981178 0.963453 0.930885 0.0405602 -212.531 0.252804 
10 1.83 0.981084 0.963283 0.930641 0.041374 -212.521 0.265695 
10 1.835 0.980172 0.961597 0.927693 0.0468518 -212.25 0.273839 
10 1.835 0.980256 0.96169 0.927675 0.0429784 -212.186 0.269933 
10 1.835 0.980424 0.962024 0.928333 0.0432164 -212.275 0.269661 
10 1.84 0.979962 0.961113 0.92655 0.042776 -212.037 0.272397 
10 1.84 0.980324 0.961835 0.927973 0.0434508 -212.254 0.264414 
10 1.84 0.979874 0.961031 0.926673 0.0477404 -212.166 0.27519 
10 1.845 0.97916 0.959627 0.923979 0.0472853 -211.853 0.282633 
10 1.845 0.978994 0.959344 0.923523 0.0495603 -211.789 0.285757 
10 1.845 0.97947 0.960195 0.924954 0.0451642 -211.962 0.27591 
10 1.85 0.979212 0.959724 0.924155 0.0469199 -211.878 0.279259 
10 1.85 0.979348 0.960027 0.924798 0.0488678 -211.904 0.28629 
10 1.85 0.978974 0.959318 0.923534 0.0501377 -211.853 0.282304 
10 1.855 0.978684 0.958777 0.922403 0.051443 -211.656 0.276972 
10 1.855 0.978936 0.959245 0.923371 0.0501169 -211.833 0.28038 
10 1.855 0.978752 0.958894 0.922635 0.0505985 -211.677 0.281309 
10 1.86 0.97853 0.958436 0.921819 0.0491849 -211.588 0.291324 
10 1.86 0.978532 0.958422 0.921762 0.0482282 -211.623 0.288048 
10 1.86 0.978506 0.958353 0.921557 0.0472413 -211.562 0.286482 
10 1.865 0.978594 0.958492 0.92174 0.0453353 -211.56 0.285454 
10 1.865 0.977988 0.957453 0.920146 0.0532049 -211.46 0.291342 
10 1.865 0.97776 0.957003 0.919328 0.0530071 -211.419 0.294193 
10 1.87 0.977794 0.957117 0.919594 0.0553997 -211.39 0.297621 
10 1.87 0.977844 0.957151 0.91953 0.0519824 -211.398 0.290995 
10 1.87 0.97727 0.956043 0.9175 0.0527672 -211.213 0.299917 
10 1.875 0.976788 0.955237 0.916276 0.059853 -211.094 0.308684 
10 1.875 0.97725 0.955998 0.91735 0.0522793 -211.133 0.295939 
10 1.875 0.977056 0.955619 0.916662 0.0523164 -211.086 0.30359 
10 1.88 0.976272 0.95419 0.914223 0.0575841 -210.927 0.303862 
10 1.88 0.976482 0.954589 0.914939 0.0570374 -210.899 0.308303 
10 1.88 0.976048 0.953736 0.913334 0.0566926 -210.791 0.31172 
10 1.885 0.976032 0.953731 0.9134 0.0579361 -210.82 0.31248 
10 1.885 0.976412 0.9544 0.914447 0.054116 -210.874 0.302391 
10 1.885 0.976448 0.954447 0.914473 0.0528309 -210.867 0.301425 
10 1.89 0.97583 0.953302 0.912493 0.055971 -210.707 0.306813 
10 1.89 0.975934 0.953462 0.912676 0.0537094 -210.674 0.305115 
10 1.89 0.976562 0.954723 0.915174 0.0555291 -210.969 0.310894 
10 1.895 0.976072 0.953789 0.913449 0.0565747 -210.805 0.305313 
10 1.895 0.975542 0.952769 0.91157 0.057347 -210.592 0.311777 
10 1.895 0.975654 0.953007 0.912078 0.0583658 -210.64 0.318688 
10 1.9 0.97488 0.951566 0.90951 0.0618203 -210.392 0.326815 
10 1.9 0.97434 0.950454 0.907289 0.058735 -210.143 0.326132 
10 1.9 0.975488 0.952623 0.911164 0.0550464 -210.536 0.308689 
10 1.905 0.974296 0.950534 0.907828 0.0672853 -210.205 0.337326 
10 1.905 0.974496 0.950739 0.90775 0.0575804 -210.136 0.318776 
10 1.905 0.974444 0.950739 0.908028 0.0628919 -210.265 0.320239 
10 1.91 0.973298 0.948551 0.903955 0.0650431 -209.804 0.33048 
10 1.91 0.973786 0.949491 0.905778 0.0644768 -210.06 0.328108 
10 1.91 0.973728 0.949345 0.90542 0.0627697 -209.996 0.328425 
10 1.915 0.97349 0.948922 0.904705 0.0647342 -209.917 0.329486 
10 1.915 0.973106 0.948172 0.903294 0.0645824 -209.748 0.334626 
10 1.915 0.97341 0.948805 0.90459 0.0667098 -209.93 0.33225 
10 1.92 0.972944 0.947963 0.903099 0.0699319 -209.763 0.336705 
10 1.92 0.973106 0.948226 0.903497 0.0672309 -209.794 0.334813 
10 1.92 0.973074 0.948147 0.90334 0.066337 -209.712 0.342831 
10 1.925 0.972682 0.947439 0.902156 0.0690248 -209.664 0.344522 
10 1.925 0.97283 0.947612 0.902191 0.0630562 -209.638 0.331125 
10 1.925 0.97265 0.947316 0.901786 0.0658794 -209.658 0.331925 
10 1.93 0.971424 0.945008 0.897645 0.0695903 -209.189 0.351061 
10 1.93 0.971422 0.945137 0.898123 0.0764714 -209.272 0.352544 
10 1.93 0.971816 0.945737 0.898872 0.0678954 -209.262 0.342278 
10 1.935 0.970866 0.944013 0.896029 0.0740243 -209.076 0.354273 
10 1.935 0.971684 0.945584 0.898902 0.0730648 -209.373 0.352213 
10 1.935 0.971962 0.946051 0.899578 0.0692998 -209.37 0.338563 
10 1.94 0.970794 0.943897 0.895834 0.0750438 -209.001 0.356218 
10 1.94 0.970462 0.943226 0.89449 0.0736673 -208.881 0.356068 
10 1.94 0.970004 0.942387 0.893068 0.0762639 -208.692 0.359254 
10 1.945 0.969756 0.942199 0.892993 0.0910982 -208.764 0.360637 
10 1.945 0.970358 0.943023 0.894125 0.0734495 -208.752 0.363127 
10 1.945 0.970748 0.943691 0.895147 0.0688535 -208.91 0.350945 
10 1.95 0.969808 0.942105 0.892784 0.080872 -208.699 0.370224 
10 1.95 0.968992 0.940528 0.88986 0.0811417 -208.46 0.367609 
10 1.95 0.970112 0.94264 0.893584 0.078104 -208.833 0.355106 
10 1.955 0.969258 0.94098 0.890592 0.0777089 -208.51 0.370353 
10 1.955 0.969674 0.941724 0.891795 0.0745071 -208.644 0.361373 
10 1.955 0.969388 0.941379 0.891431 0.0852064 -208.586 0.363091 
10 1.96 0.967586 0.938026 0.885645 0.0919884 -208.027 0.389638 
10 1.96 0.968798 0.940091 0.88893 0.0776202 -208.294 0.368648 
10 1.96 0.967658 0.938036 0.885521 0.0854181 -207.934 0.394475 
10 1.965 0.96806 0.938851 0.88695 0.0870634 -208.145 0.375064 
10 1.965 0.967796 0.938441 0.886431 0.0922149 -208.025 0.397593 
10 1.965 0.968726 0.940019 0.888968 0.080866 -208.334 0.369338 
10 1.97 0.967948 0.938714 0.886885 0.0908888 -208.147 0.375765 
10 1.97 0.967976 0.938533 0.886126 0.0789596 -208.008 0.37689 
10 1.97 0.967612 0.938027 0.885503 0.0890181 -207.971 0.376655 
10 1.975 0.966092 0.935238 0.88077 0.0964135 -207.53 0.405351 
10 1.975 0.96703 0.936899 0.883554 0.0886957 -207.762 0.388149 
10 1.975 0.967008 0.936745 0.883034 0.0830667 -207.72 0.389074 
10 1.98 0.965876 0.934733 0.879717 0.091735 -207.45 0.398209 
10 1.98 0.966264 0.935375 0.880704 0.086293 -207.546 0.391746 
10 1.98 0.966548 0.936009 0.882058 0.0906224 -207.629 0.396649 
10 1.985 0.966426 0.935716 0.881353 0.0875096 -207.565 0.39117 
10 1.985 0.966048 0.935026 0.88012 0.0895467 -207.418 0.395145 
10 1.985 0.964952 0.932939 0.876364 0.0910367 -207.041 0.397405 
10 1.99 0.964546 0.932313 0.875522 0.09867 -206.976 0.414715 
10 1.99 0.965632 0.934265 0.87873 0.0914312 -207.329 0.38848 
10 1.99 0.965094 0.93334 0.877331 0.0971543 -207.192 0.397514 
10 1.995 0.964448 0.932067 0.875028 0.0955777 -206.956 0.409929 
10 1.995 0.963106 0.929615 0.870799 0.102372 -206.556 0.420713 
10 1.995 0.964842 0.932802 0.876367 0.0943496 -207.045 0.413917 
10 2 0.963952 0.931192 0.873603 0.0994311 -206.806 0.414524 
10 2 0.963364 0.930112 0.871684 0.10211 -206.564 0.42208 
10 2 0.963848 0.930969 0.873074 0.0982996 -206.756 0.41071 
10 2.005 0.96305 0.929549 0.870787 0.103901 -206.528 0.430384 
10 2.005 0.963194 0.929808 0.871151 0.103006 -206.562 0.417492 
10 2.005 0.962894 0.92919 0.869971 0.101003 -206.464 0.418853 
10 2.01 0.961476 0.926633 0.86579 0.109281 -206.145 0.429583 
10 2.01 0.962252 0.928166 0.868494 0.111306 -206.254 0.43509 
10 2.01 0.961922 0.927701 0.867847 0.119731 -206.248 0.434177 
10 2.015 0.96184 0.927257 0.866667 0.105245 -206.148 0.426305 
10 2.015 0.961608 0.927005 0.866568 0.114913 -206.084 0.439241 
10 2.015 0.961338 0.926442 0.865351 0.112727 -206.028 0.427015 
10 2.02 0.959748 0.923557 0.860523 0.120809 -205.518 0.446664 
10 2.02 0.961456 0.926705 0.865995 0.114212 -206.072 0.436925 
10 2.02 0.960668 0.925185 0.86325 0.113938 -205.839 0.438589 
10 2.025 0.959684 0.923424 0.860206 0.12005 -205.453 0.44812 
10 2.025 0.960476 0.924765 0.862454 0.111147 -205.762 0.437983 
10 2.025 0.959336 0.922678 0.858846 0.116154 -205.32 0.461116 
10 2.03 0.95858 0.921553 0.857368 0.131901 -205.265 0.462656 
10 2.03 0.959632 0.923472 0.860606 0.12702 -205.539 0.452652 
10 2.03 0.959518 0.923107 0.859621 0.119797 -205.4 0.445334 
10 2.035 0.958848 0.921862 0.857518 0.121519 -205.232 0.451881 
10 2.035 0.959502 0.922972 0.859365 0.1144 -205.397 0.447432 
10 2.035 0.95928 0.922648 0.858995 0.119408 -205.348 0.456871 
10 2.04 0.958104 0.920523 0.855467 0.125483 -205.133 0.455613 
10 2.04 0.958422 0.920873 0.855527 0.112743 -205.045 0.44782 
10 2.04 0.95805 0.920362 0.854891 0.122678 -204.897 0.458777 
10 2.045 0.957308 0.918869 0.852063 0.118832 -204.584 0.472511 
10 2.045 0.95698 0.918422 0.851647 0.12771 -204.696 0.461888 
10 2.045 0.956746 0.918051 0.851131 0.131455 -204.579 0.477474 
10 2.05 0.955498 0.91579 0.847423 0.137253 -204.302 0.481617 
10 2.05 0.956298 0.917183 0.849604 0.130596 -204.449 0.477469 
10 2.05 0.957582 0.91958 0.853672 0.127647 -204.785 0.465679 
10 2.055 0.956038 0.916812 0.849284 0.136422 -204.41 0.487467 
10 2.055 0.95574 0.916186 0.847707 0.133653 -204.262 0.466035 
10 2.055 0.955624 0.91582 0.846997 0.126636 -204.214 0.471004 
10 2.06 0.954812 0.914407 0.844751 0.133078 -203.955 0.48297 
10 2.06 0.955252 0.915199 0.845949 0.130715 -204.085 0.474164 
10 2.06 0.954702 0.914426 0.84516 0.144169 -204.063 0.48701 
10 2.065 0.954782 0.914379 0.844845 0.134157 -203.954 0.493635 
10 2.065 0.953548 0.912386 0.841805 0.151681 -203.714 0.504373 
10 2.065 0.953304 0.912 0.841079 0.155497 -203.576 0.50579 
10 2.07 0.952672 0.910861 0.839298 0.158299 -203.475 0.500709 
10 2.07 0.953894 0.912616 0.841425 0.130549 -203.617 0.474285 
10 2.07 0.953338 0.911773 0.840302 0.141058 -203.561 0.485187 
10 2.075 0.951466 0.908503 0.835117 0.154969 -203.013 0.517448 
10 2.075 0.9522 0.910043 0.838143 0.161829 -203.353 0.518779 
10 2.075 0.951202 0.908205 0.834991 0.164804 -203.102 0.514279 
10 2.08 0.951288 0.908283 0.834955 0.160289 -203.018 0.520125 
10 2.08 0.951812 0.908985 0.835509 0.146108 -203.017 0.49635 
10 2.08 0.950842 0.907367 0.833174 0.157058 -202.876 0.51805 
10 2.085 0.94998 0.905736 0.830339 0.15703 -202.558 0.528084 
10 2.085 0.950384 0.906676 0.832242 0.165307 -202.773 0.521368 
10 2.085 0.95018 0.906519 0.832172 0.176332 -202.703 0.523502 
10 2.09 0.949364 0.904636 0.828432 0.160023 -202.349 0.5251 
10 2.09 0.949154 0.904455 0.828547 0.170416 -202.373 0.539898 
10 2.09 0.949614 0.90513 0.829462 0.160942 -202.583 0.518777 
10 2.095 0.948456 0.903209 0.826616 0.173763 -202.314 0.537302 
10 2.095 0.947482 0.90139 0.823489 0.175063 -201.937 0.554484 
10 2.095 0.948262 0.902852 0.825986 0.174302 -202.102 0.553956 
10 2.1 0.947716 0.901846 0.82404 0.175272 -201.922 0.532074 
10 2.1 0.948256 0.902633 0.825042 0.164 -202.067 0.523397 
10 2.1 0.947696 0.90193 0.824423 0.181077 -201.968 0.539662 
10 2.105 0.946374 0.899464 0.820297 0.182433 -201.604 0.55436 
10 2.105 0.946528 0.899847 0.820834 0.186783 -201.607 0.538129 
10 2.105 0.94586 0.898677 0.819093 0.191243 -201.535 0.550468 
10 2.11 0.94509 0.89737 0.817062 0.197849 -201.367 0.5522 
10 2.11 0.94534 0.897961 0.818266 0.203456 -201.334 0.571414 
10 2.11 0.94576 0.898476 0.81869 0.190253 -201.483 0.545472 
10 2.115 0.943904 0.894959 0.812545 0.189309 -200.841 0.562543 
10 2.115 0.945506 0.897947 0.817773 0.187482 -201.338 0.564219 
10 2.115 0.944336 0.89581 0.814162 0.191013 -200.998 0.566113 
10 2.12 0.943054 0.893584 0.810644 0.199675 -200.7 0.573669 
10 2.12 0.943684 0.894559 0.812116 0.189586 -200.8 0.566286 
10 2.12 0.943628 0.894745 0.812753 0.20336 -200.87 0.572158 
10 2.125 0.942786 0.893027 0.809572 0.196791 -200.549 0.568408 
10 2.125 0.942992 0.893555 0.810595 0.203347 -200.598 0.571811 
10 2.125 0.942446 0.892589 0.809193 0.206324 -200.56 0.576253 
10 2.13 0.941196 0.89052 0.806158 0.219249 -200.206 0.597925 
10 2.13 0.94306 0.893353 0.809742 0.187361 -200.443 0.566686 
10 2.13 0.941898 0.891629 0.807553 0.209275 -200.449 0.57074 
10 2.135 0.940044 0.888486 0.802616 0.224989 -199.877 0.592967 
10 2.135 0.940428 0.889042 0.803319 0.217205 -199.888 0.597377 
10 2.135 0.939406 0.887588 0.801759 0.239079 -199.854 0.610721 
10 2.14 0.938868 0.886061 0.798242 0.214389 -199.528 0.593203 
10 2.14 0.93996 0.888147 0.801772 0.21597 -199.749 0.578203 
10 2.14 0.93997 0.88833 0.802126 0.223665 -199.859 0.583234 
10 2.145 0.937982 0.884761 0.796546 0.230812 -199.324 0.603247 
10 2.145 0.938576 0.885839 0.798411 0.22909 -199.451 0.603968 
10 2.145 0.937732 0.8846 0.796658 0.245183 -199.275 0.622121 
10 2.15 0.93711 0.883043 0.793565 0.226434 -199.003 0.614466 
10 2.15 0.93679 0.882748 0.793548 0.240598 -199.031 0.623367 
10 2.15 0.936432 0.88237 0.793085 0.254195 -199.028 0.61413 
10 2.155 0.936144 0.881845 0.792235 0.254252 -198.875 0.629098 
10 2.155 0.934854 0.879579 0.788493 0.261117 -198.522 0.630116 
10 2.155 0.934898 0.879658 0.788918 0.260945 -198.573 0.645759 
10 2.16 0.93464 0.879141 0.787924 0.258766 -198.513 0.634666 
10 2.16 0.934902 0.879315 0.787644 0.244132 -198.437 0.624014 
10 2.16 0.934948 0.879418 0.787825 0.2449 -198.43 0.633409 
10 2.165 0.933542 0.877205 0.784655 0.263476 -198.201 0.627305 
10 2.165 0.934228 0.87833 0.786255 0.256242 -198.227 0.628732 
10 2.165 0.932652 0.875924 0.782957 0.281005 -197.998 0.644283 
10 2.17 0.931802 0.8741 0.779851 0.269362 -197.73 0.670851 
10 2.17 0.931018 0.87275 0.777723 0.274467 -197.435 0.671702 
10 2.17 0.932116 0.874703 0.780812 0.270175 -197.728 0.66288 
10 2.175 0.930916 0.872547 0.777311 0.273219 -197.473 0.653644 
10 2.175 0.931838 0.874156 0.779968 0.268218 -197.626 0.664261 
10 2.175 0.92862 0.869253 0.77309 0.318077 -197.093 0.685855 
10 2.18 0.928662 0.868973 0.772082 0.30092 -197.011 0.669848 
10 2.18 0.92885 0.869221 0.772367 0.29627 -197.01 0.675383 
10 2.18 0.928798 0.868747 0.771032 0.278965 -196.929 0.667486 
10 2.185 0.9276 0.867166 0.769348 0.307731 -196.706 0.683553 
10 2.185 0.929078 0.869527 0.772716 0.290213 -196.968 0.675935 
10 2.185 0.927462 0.866748 0.768348 0.300326 -196.575 0.673325 
10 2.19 0.92733 0.866314 0.767396 0.291028 -196.506 0.667348 
10 2.19 0.925872 0.864204 0.764899 0.31802 -196.179 0.70724 
10 2.19 0.926166 0.864448 0.764699 0.304319 -196.186 0.692346 
10 2.195 0.92422 0.861501 0.760694 0.333428 -195.827 0.707691 
10 2.195 0.927076 0.865804 0.766482 0.288565 -196.497 0.669418 
10 2.195 0.922808 0.858855 0.756384 0.331683 -195.421 0.721255 
10 2.2 0.923118 0.859539 0.757761 0.335996 -195.631 0.715731 
10 2.2 0.925232 0.863054 0.762864 0.318178 -196.036 0.710426 
10 2.2 0.924552 0.861653 0.760311 0.311662 -195.873 0.686426 
10 2.205 0.922134 0.858302 0.756053 0.361504 -195.409 0.715325 
10 2.205 0.921556 0.856771 0.752967 0.340389 -195.028 0.720762 
10 2.205 0.92218 0.857915 0.755102 0.340113 -195.324 0.728583 
10 2.21 0.919864 0.854976 0.752031 0.399384 -195.132 0.740534 
10 2.21 0.922894 0.85887 0.756038 0.322928 -195.245 0.707986 
10 2.21 0.920778 0.85584 0.752122 0.362349 -194.928 0.735675 
10 2.215 0.919002 0.852388 0.746576 0.353192 -194.402 0.743093 
10 2.215 0.917924 0.851001 0.745253 0.379991 -194.399 0.769384 
10 2.215 0.92064 0.855575 0.751667 0.361054 -194.961 0.717442 
10 2.22 0.916718 0.848958 0.741143 0.386742 -193.915 0.747824 
10 2.22 0.918284 0.851495 0.745799 0.371597 -194.299 0.763007 
10 2.22 0.91871 0.852446 0.747597 0.379195 -194.572 0.75889 
10 2.225 0.917942 0.850589 0.743631 0.358247 -194.194 0.740821 
10 2.225 0.915324 0.846338 0.737614 0.382902 -193.688 0.763288 
10 2.225 0.91546 0.847153 0.739536 0.408343 -193.803 0.774421 
10 2.23 0.915618 0.847064 0.738673 0.390495 -193.655 0.757368 
10 2.23 0.91462 0.845763 0.737165 0.414031 -193.444 0.789592 
10 2.23 0.915468 0.846616 0.737953 0.382688 -193.51 0.760463 
10 2.235 0.91321 0.843284 0.733524 0.417522 -193.184 0.775602 
10 2.235 0.91449 0.844841 0.735149 0.382518 -193.217 0.768846 
10 2.235 0.913182 0.843202 0.73315 0.416155 -193.281 0.765575 
10 2.24 0.91152 0.840194 0.728283 0.416318 -192.64 0.782299 
10 2.24 0.910572 0.83889 0.726914 0.435225 -192.545 0.79763 
10 2.24 0.911676 0.840746 0.729644 0.428271 -192.888 0.77397 
10 2.245 0.90935 0.83666 0.723278 0.433948 -192.23 0.796858 
10 2.245 0.90892 0.836225 0.722943 0.449423 -192.143 0.808466 
10 2.245 0.91043 0.838252 0.725449 0.417321 -192.357 0.79823 
10 2.25 0.909496 0.836648 0.72297 0.420646 -192.193 0.794242 
10 2.25 0.906656 0.832358 0.71696 0.459254 -191.695 0.785503 
10 2.25 0.909228 0.836579 0.723151 0.439245 -192.178 0.776914 
10 2.255 0.906426 0.832139 0.717103 0.467003 -191.566 0.830855 
10 2.255 0.905392 0.83074 0.715252 0.488059 -191.396 0.832663 
10 2.255 0.90834 0.834639 0.719408 0.423849 -191.637 0.788555 
10 2.26 0.903286 0.826505 0.708153 0.468094 -190.715 0.84837 
10 2.26 0.903332 0.826648 0.708418 0.470762 -190.953 0.816744 
10 2.26 0.90389 0.828491 0.712396 0.507686 -191.179 0.844682 
10 2.265 0.903104 0.826584 0.708298 0.485092 -190.699 0.820166 
10 2.265 0.903276 0.826897 0.708995 0.485174 -190.748 0.824156 
10 2.265 0.901104 0.823354 0.70409 0.501802 -190.425 0.831288 
10 2.27 0.900574 0.822721 0.703743 0.514856 -190.292 0.869522 
10 2.27 0.900226 0.821897 0.702073 0.506181 -190.103 0.863617 
10 2.27 0.900114 0.821794 0.701665 0.510507 -190.156 0.842417 
10 2.275 0.899998 0.821613 0.701667 0.510623 -190.062 0.853808 
10 2.275 0.899978 0.821388 0.701149 0.502324 -190.083 0.858182 
10 2.275 0.901734 0.824384 0.705269 0.494917 -190.347 0.827055 
10 2.28 0.89784 0.817578 0.694728 0.502669 -189.337 0.849206 
10 2.28 0.897902 0.818975 0.698481 0.559096 -189.775 0.850134 
10 2.28 0.894896 0.814326 0.692285 0.591521 -189.205 0.88954 
10 2.285 0.895428 0.81427 0.691133 0.546096 -189.059 0.883126 
10 2.285 0.896494 0.815566 0.692366 0.519222 -189.233 0.859226 
10 2.285 0.894972 0.813938 0.690952 0.56731 -188.983 0.878407 
10 2.29 0.892178 0.809807 0.685862 0.603737 -188.624 0.919513 
10 2.29 0.89285 0.810072 0.684868 0.562908 -188.451 0.880472 
10 2.29 0.894238 0.812031 0.687442 0.540166 -188.634 0.883198 
10 2.295 0.891904 0.808721 0.682987 0.576386 -188.398 0.874376 
10 2.295 0.893054 0.810451 0.685373 0.562316 -188.49 0.862007 
10 2.295 0.89022 0.806077 0.679805 0.591973 -187.976 0.906527 
10 2.3 0.89087 0.807744 0.682317 0.612816 -188.214 0.90617 
10 2.3 0.889072 0.804745 0.678522 0.621559 -187.914 0.915078 
10 2.3 0.888168 0.803358 0.676263 0.631113 -187.634 0.899499 
10 2.305 0.887486 0.80201 0.673713 0.623792 -187.298 0.903223 
10 2.305 0.886564 0.800683 0.672116 0.637197 -187.125 0.906466 
10 2.305 0.88705 0.801297 0.673069 0.626427 -187.314 0.921449 
10 2.31 0.884318 0.797477 0.668466 0.669203 -186.854 0.944034 
10 2.31 0.885352 0.798676 0.669432 0.641877 -186.813 0.943022 
10 2.31 0.884528 0.797881 0.668509 0.670617 -186.812 0.925352 
10 2.315 0.881084 0.79204 0.660563 0.679514 -186.153 0.94942 
10 2.315 0.8812 0.792093 0.660347 0.672971 -186.077 0.947293 
10 2.315 0.881404 0.792648 0.661257 0.681422 -186.133 0.950382 
10 2.32 0.88057 0.791563 0.660368 0.696508 -186.032 0.976448 
10 2.32 0.88146 0.792983 0.662005 0.690129 -186.098 0.952559 
10 2.32 0.878206 0.788023 0.655832 0.723146 -185.587 0.996783 
10 2.325 0.878834 0.788963 0.656484 0.714569 -185.567 0.960006 
10 2.325 0.877106 0.785897 0.65205 0.713221 -185.147 0.969307 
10 2.325 0.875874 0.783984 0.649505 0.723805 -184.962 0.97831 
10 2.33 0.874954 0.782934 0.648538 0.746332 -184.884 0.98111 
10 2.33 0.87352 0.780853 0.645875 0.764612 -184.713 0.993898 
10 2.33 0.873472 0.780621 0.645337 0.75826 -184.494 1.01418 
10 2.335 0.871436 0.777817 0.641348 0.788722 -184.126 0.996663 
10 2.335 0.87339 0.779932 0.643656 0.733288 -184.308 0.999747 
10 2.335 0.87272 0.778891 0.642128 0.738808 -184.167 0.985624 
10 2.34 0.870906 0.7761 0.638095 0.753114 -183.798 1.00862 
10 2.34 0.869498 0.774619 0.637552 0.794529 -183.591 1.04606 
10 2.34 0.867858 0.772684 0.635552 0.833623 -183.584 1.03063 
10 2.345 0.865908 0.768829 0.629034 0.811625 -182.985 1.01919 
10 2.345 0.86791 0.771902 0.632879 0.794642 -183.243 1.01296 
10 2.345 0.86803 0.772494 0.634699 0.811011 -183.44 1.02357 
10 2.35 0.86339 0.765626 0.625582 0.858862 -182.559 1.05599 
10 2.35 0.864262 0.766736 0.626959 0.842 -182.643 1.05107 
10 2.35 0.862152 0.764256 0.624253 0.891466 -182.388 1.06251 
10 2.355 0.861266 0.762275 0.621334 0.870296 -182.12 1.07189 
10 2.355 0.86048 0.761499 0.620589 0.894811 -182.001 1.06972 
10 2.355 0.86279 0.763689 0.621592 0.818779 -182.132 1.04639 
10 2.36 0.857526 0.75758 0.616133 0.941929 -181.622 1.06996 
10 2.36 0.858894 0.758258 0.615256 0.871163 -181.565 1.04564 
10 2.36 0.860666 0.761715 0.620455 0.888522 -182.004 1.05468 
10 2.365 0.85635 0.755571 0.613584 0.940188 -181.309 1.11297 
10 2.365 0.85692 0.755596 0.612146 0.899966 -181.196 1.08955 
10 2.365 0.858536 0.75751 0.614063 0.863686 -181.6 1.02831 
10 2.37 0.853834 0.750854 0.605617 0.92075 -180.443 1.09313 
10 2.37 0.852864 0.750244 0.605985 0.964849 -180.636 1.09116 
10 2.37 0.854912 0.752816 0.60879 0.925801 -180.993 1.07099 
10 2.375 0.852966 0.748951 0.602232 0.901033 -180.196 1.0529 
10 2.375 0.85166 0.748308 0.603063 0.967732 -180.336 1.0976 
10 2.375 0.852766 0.750103 0.605572 0.963925 -180.448 1.09501 
10 2.38 0.847808 0.742357 0.595212 0.990706 -179.434 1.09697 
10 2.38 0.846678 0.741073 0.594102 1.01721 -179.311 1.11551 
10 2.38 0.848502 0.744283 0.598534 1.02215 -179.625 1.13108 
10 2.385 0.847336 0.741954 0.59521 1.00529 -179.361 1.11972 
10 2.385 0.845396 0.738985 0.591281 1.01849 -179.084 1.11749 
10 2.385 0.84662 0.741305 0.594656 1.02891 -179.405 1.11589 
10 2.39 0.84183 0.733472 0.584297 1.03743 -178.291 1.14633 
10 2.39 0.841188 0.732293 0.582234 1.0333 -178.131 1.14073 
10 2.39 0.844234 0.737296 0.589059 1.02784 -178.902 1.11917 
10 2.395 0.839548 0.730242 0.579337 1.06057 -177.696 1.12507 
10 2.395 0.839366 0.730128 0.580547 1.06858 -177.947 1.1644 
10 2.395 0.842598 0.734233 0.584148 1.01301 -178.417 1.11798 
10 2.4 0.835124 0.724242 0.57352 1.1171 -177.238 1.18496 
10 2.4 0.837962 0.727898 0.576615 1.07157 -177.696 1.12956 
10 2.4 0.835516 0.724619 0.572773 1.10549 -177.161 1.14912 
10 2.405 0.835396 0.723268 0.569704 1.05538 -176.782 1.12453 
10 2.405 0.835158 0.724114 0.572309 1.10709 -177.067 1.15125 
10 2.405 0.833946 0.722636 0.57143 1.12973 -177.105 1.1757 
10 2.41 0.828058 0.71438 0.561039 1.19088 -175.925 1.19246 
10 2.41 0.834524 0.722814 0.570443 1.09475 -176.824 1.15857 
10 2.41 0.830486 0.717309 0.563833 1.14531 -176.192 1.17135 
10 2.415 0.826242 0.711736 0.557506 1.20332 -175.479 1.20869 
10 2.415 0.822802 0.707732 0.553506 1.27243 -175.285 1.20056 
10 2.415 0.823868 0.70856 0.554407 1.23402 -175.379 1.19818 
10 2.42 0.824846 0.709358 0.554411 1.19779 -175.234 1.21043 
10 2.42 0.822534 0.706672 0.551704 1.24421 -175.125 1.19167 
10 2.42 0.82295 0.706651 0.551039 1.21506 -174.843 1.20222 
10 2.425 0.820004 0.702 0.544956 1.22035 -174.375 1.21072 
10 2.425 0.819618 0.702497 0.546517 1.26695 -174.505 1.21653 
10 2.425 0.819564 0.702454 0.546566 1.26882 -174.389 1.22791 
10 2.43 0.816398 0.696911 0.53832 1.25124 -173.67 1.18983 
10 2.43 0.815906 0.69681 0.538895 1.28013 -173.613 1.2088 
10 2.43 0.814824 0.69487 0.535905 1.27294 -173.426 1.20953 
10 2.435 0.811934 0.692077 0.533833 1.34866 -173.129 1.24305 
10 2.435 0.811374 0.690388 0.531494 1.31666 -173.016 1.25247 
10 2.435 0.815328 0.695154 0.535985 1.24822 -173.242 1.2127 
10 2.44 0.808494 0.686715 0.526504 1.35461 -172.244 1.24164 
10 2.44 0.811978 0.691596 0.532879 1.32326 -172.947 1.22852 
10 2.44 0.808018 0.686489 0.52724 1.37688 -172.245 1.26813 
10 2.445 0.808562 0.685861 0.52503 1.31242 -172.009 1.23949 
10 2.445 0.801056 0.677942 0.518795 1.48266 -171.453 1.29839 
10 2.445 0.805734 0.682104 0.521126 1.34546 -171.797 1.25851 
10 2.45 0.803726 0.679427 0.518262 1.36537 -171.467 1.25323 
10 2.45 0.801386 0.676143 0.513678 1.38462 -170.969 1.24161 
10 2.45 0.800386 0.675738 0.514234 1.43347 -170.944 1.26953 
10 2.455 0.797516 0.671821 0.510123 1.45781 -170.581 1.28035 
10 2.455 0.79983 0.674368 0.512222 1.411 -170.696 1.2723 
10 2.455 0.800876 0.674942 0.511485 1.36616 -170.716 1.24421 
10 2.46 0.79319 0.665674 0.502713 1.48469 -169.892 1.2858 
10 2.46 0.7973 0.670123 0.506055 1.39982 -169.97 1.25276 
10 2.46 0.791238 0.662747 0.499376 1.49142 -169.584 1.28926 
10 2.465 0.791766 0.663385 0.499127 1.48038 -169.447 1.26016 
10 2.465 0.791336 0.662455 0.498204 1.47029 -169.342 1.27936 
10 2.465 0.791542 0.662975 0.499387 1.47815 -169.376 1.29787 
10 2.47 0.785508 0.6558 0.491856 1.56993 -168.548 1.33024 
10 2.47 0.789796 0.660696 0.496268 1.49466 -168.852 1.30005 
10 2.47 0.79003 0.660833 0.496714 1.48526 -169.191 1.28107 
10 2.475 0.786878 0.656206 0.490687 1.49614 -168.247 1.30268 
10 2.475 0.78357 0.652169 0.486456 1.5429 -168.065 1.29912 
10 2.475 0.781298 0.649629 0.48432 1.58392 -167.69 1.31861 
10 2.48 0.77935 0.646449 0.479332 1.57512 -167.175 1.29732 
10 2.48 0.779634 0.647179 0.48162 1.58669 -167.859 1.2993 
10 2.48 0.778164 0.644911 0.478333 1.58756 -166.891 1.33688 
10 2.485 0.773 0.638885 0.472677 1.66421 -166.537 1.33319 
10 2.485 0.77487 0.641356 0.475073 1.64717 -166.66 1.34079 
10 2.485 0.774174 0.640404 0.47354 1.65226 -166.573 1.32334 
10 2.49 0.771728 0.637103 0.470289 1.66824 -166.19 1.32479 
10 2.49 0.776308 0.642492 0.475253 1.59991 -166.724 1.30976 
10 2.49 0.769768 0.633991 0.466205 1.66457 -165.769 1.35399 
10 2.495 0.768036 0.631007 0.462827 1.6484 -165.392 1.362 
10 2.495 0.769222 0.633363 0.465886 1.66976 -165.782 1.32635 
10 2.495 0.763672 0.627111 0.45949 1.76016 -165.233 1.33187 
10 2.5 0.761426 0.623423 0.455243 1.74612 -164.65 1.36353 
10 2.5 0.761996 0.624988 0.457447 1.77398 -164.817 1.35203 
10 2.5 0.766244 0.62924 0.461178 1.68441 -165.007 1.3583 
10 2.505 0.761266 0.622593 0.453403 1.71924 -164.386 1.3531 
10 2.505 0.758078 0.618317 0.448453 1.74189 -163.996 1.34468 
10 2.505 0.76079 0.622759 0.454924 1.75479 -164.442 1.3545 
10 2.51 0.7524 0.610987 0.440963 1.78809 -163.1 1.36379 
10 2.51 0.753506 0.613318 0.444439 1.81459 -163.271 1.38868 
10 2.51 0.752972 0.61316 0.444264 1.84036 -163.34 1.36127 
10 2.515 0.751314 0.609847 0.439522 1.80416 -162.909 1.34758 
10 2.515 0.748186 0.605995 0.435818 1.83748 -162.319 1.38289 
10 2.515 0.749434 0.608127 0.439026 1.84792 -162.756 1.38807 
10 2.52 0.745618 0.601911 0.430557 1.82399 -161.599 1.37826 
10 2.52 0.744912 0.601677 0.431079 1.85648 -161.697 1.40466 
10 2.52 0.75244 0.612741 0.444208 1.84821 -163.121 1.37296 
10 2.525 0.743652 0.600295 0.430121 1.87234 -161.556 1.3928 
10 2.525 0.740862 0.597344 0.42719 1.9195 -161.278 1.40313 
10 2.525 0.740294 0.596163 0.425805 1.90604 -161.315 1.39155 
10 2.53 0.73904 0.595171 0.425019 1.93642 -160.957 1.38545 
10 2.53 0.735168 0.588984 0.417046 1.91749 -160.145 1.39089 
10 2.53 0.737212 0.591624 0.420058 1.90288 -160.57 1.39322 
10 2.535 0.732152 0.585558 0.414116 1.95311 -159.842 1.39916 
10 2.535 0.732506 0.585929 0.414035 1.94728 -159.812 1.40612 
10 2.535 0.731466 0.584102 0.412235 1.93529 -159.78 1.38023 
10 2.54 0.726414 0.578205 0.406299 1.9893 -158.992 1.41954 
10 2.54 0.726466 0.578528 0.406547 1.99904 -158.939 1.37251 
10 2.54 0.727346 0.579413 0.408133 1.98351 -159.21 1.40907 
10 2.545 0.721728 0.572109 0.400058 2.01249 -158.18 1.42444 
10 2.545 0.723868 0.57478 0.402093 1.99586 -158.463 1.39842 
10 2.545 0.724216 0.575966 0.404541 2.02268 -158.787 1.40781 
10 2.55 0.718182 0.567637 0.394942 2.0334 -157.676 1.41602 
10 2.55 0.7195 0.568928 0.395718 2.00973 -157.632 1.40606 
10 2.55 0.716132 0.565405 0.393206 2.06116 -157.496 1.41792 
10 2.555 0.714222 0.56121 0.387018 1.99988 -156.694 1.40467 
10 2.555 0.717166 0.566677 0.394548 2.04894 -157.347 1.42897 
10 2.555 0.717802 0.56617 0.392293 1.99334 -157.307 1.39623 
10 2.56 0.70916 0.557229 0.384623 2.12193 -156.521 1.4034 
10 2.56 0.71143 0.559401 0.386917 2.08078 -156.483 1.42881 
10 2.56 0.711624 0.559826 0.387322 2.08663 -156.575 1.41178 
10 2.565 0.700502 0.54565 0.372575 2.14217 -154.864 1.43842 
10 2.565 0.704162 0.550052 0.376638 2.11336 -155.372 1.40685 
10 2.565 0.705344 0.551778 0.378867 2.11569 -155.625 1.41221 
10 2.57 0.700294 0.545193 0.372117 2.13157 -154.8 1.42956 
10 2.57 0.701114 0.54657 0.373145 2.14043 -154.788 1.40564 
10 2.57 0.700564 0.545811 0.372699 2.14089 -154.849 1.42608 
10 2.575 0.696576 0.540264 0.366584 2.13771 -154.448 1.38771 
10 2.575 0.6955 0.53907 0.365881 2.14949 -154.386 1.40188 
10 2.575 0.692604 0.535192 0.361895 2.15502 -153.653 1.43097 
10 2.58 0.694328 0.537264 0.363018 2.13846 -153.874 1.39408 
10 2.58 0.690868 0.533954 0.360521 2.19594 -153.583 1.40069 
10 2.58 0.689432 0.532067 0.358264 2.19962 -153.476 1.40187 
10 2.585 0.68969 0.532269 0.358926 2.18944 -153.451 1.40222 
10 2.585 0.686584 0.530158 0.358277 2.27313 -152.921 1.44106 
10 2.585 0.683854 0.525376 0.351821 2.23285 -152.425 1.43244 
10 2.59 0.680764 0.521891 0.349037 2.25683 -151.801 1.43622 
10 2.59 0.679028 0.519637 0.346894 2.26091 -151.807 1.41698 
10 2.59 0.685274 0.526003 0.35236 2.17769 -152.498 1.411 
10 2.595 0.676872 0.516113 0.342724 2.23342 -151.277 1.41528 
10 2.595 0.676686 0.517088 0.3447 2.28069 -151.285 1.45058 
10 2.595 0.678988 0.518947 0.344832 2.23208 -151.599 1.40558 
10 2.6 0.672632 0.511376 0.337822 2.26701 -150.485 1.42157 
10 2.6 0.674666 0.513645 0.339356 2.24889 -150.798 1.38786 
10 2.6 0.670494 0.508411 0.334305 2.26341 -150.535 1.37929 
10 2.605 0.666926 0.504696 0.331626 2.29964 -150.025 1.38883 
10 2.605 0.664866 0.502514 0.329961 2.32119 -149.983 1.396 
10 2.605 0.669634 0.506852 0.332717 2.24347 -150.176 1.39424 
10 2.61 0.66509 0.501352 0.326963 2.2608 -149.523 1.37437 
10 2.61 0.663224 0.49975 0.326768 2.29442 -149.365 1.40437 
10 2.61 0.659472 0.495027 0.321066 2.30358 -148.73 1.3735 
10 2.615 0.65877 0.494182 0.321095 2.30225 -148.678 1.41273 
10 2.615 0.66011 0.495441 0.321596 2.28281 -148.69 1.40027 
10 2.615 0.661166 0.497347 0.324158 2.30235 -148.816 1.41641 
10 2.62 0.654858 0.490121 0.317289 2.33901 -147.921 1.41393 
10 2.62 0.657114 0.492309 0.319891 2.30955 -148.245 1.42973 
10 2.62 0.654238 0.489539 0.316458 2.34778 -147.816 1.38968 
10 2.625 0.651988 0.485842 0.312897 2.31442 -147.382 1.40615 
10 2.625 0.653498 0.487747 0.314453 2.31189 -147.613 1.39624 
10 2.625 0.653958 0.488894 0.31583 2.33267 -147.574 1.39247 
10 2.63 0.638284 0.471968 0.301385 2.45479 -146.001 1.42211 
10 2.63 0.643438 0.476924 0.305103 2.39207 -146.477 1.3928 
10 2.63 0.646058 0.479811 0.307408 2.37339 -146.57 1.39987 
10 2.635 0.638452 0.471384 0.300028 2.41986 -145.672 1.3984 
10 2.635 0.639532 0.472491 0.300624 2.40946 -145.861 1.38587 
10 2.635 0.640202 0.471615 0.29907 2.34369 -145.894 1.38451 
10 2.64 0.633446 0.464333 0.292482 2.38936 -145.013 1.38891 
10 2.64 0.63228 0.463963 0.292964 2.43124 -144.868 1.40269 
10 2.64 0.636732 0.468523 0.296889 2.38997 -145.478 1.3866 
10 2.645 0.625354 0.455017 0.283692 2.41775 -143.959 1.3609 
10 2.645 0.630748 0.462194 0.291276 2.43294 -144.792 1.38336 
10 2.645 0.625554 0.45566 0.28477 2.4326 -143.998 1.35928 
10 2.65 0.626698 0.457742 0.287409 2.45252 -143.703 1.4158 
10 2.65 0.628964 0.458708 0.28637 2.38158 -143.857 1.3719 
10 2.65 0.625234 0.455075 0.28396 2.42102 -143.614 1.37609 
10 2.655 0.62424 0.452923 0.281081 2.3822 -143.104 1.3698 
10 2.655 0.619008 0.449611 0.280482 2.50244 -143.074 1.39934 
10 2.655 0.621996 0.451569 0.280757 2.43652 -143.216 1.34919 
10 2.66 0.615142 0.443702 0.273824 2.45496 -142.344 1.35901 
10 2.66 0.61773 0.446746 0.276276 2.44946 -142.458 1.36462 
10 2.66 0.613722 0.441414 0.270571 2.43456 -141.894 1.3349 
10 2.665 0.609156 0.437365 0.26908 2.48756 -141.539 1.37711 
10 2.665 0.609158 0.436118 0.265969 2.44069 -141.343 1.33073 
10 2.665 0.6129 0.440814 0.270763 2.44531 -141.705 1.36256 
10 2.67 0.607106 0.434632 0.266173 2.47393 -140.887 1.38513 
10 2.67 0.604084 0.431481 0.26287 2.493 -141.221 1.34495 
10 2.67 0.602608 0.429966 0.262337 2.50299 -140.494 1.39117 
10 2.675 0.600224 0.427289 0.259493 2.50543 -140.454 1.36628 
10 2.675 0.608154 0.434995 0.265039 2.43527 -140.962 1.35238 
10 2.675 0.600734 0.426929 0.258643 2.46907 -140.097 1.3687 
10 2.68 0.597046 0.422207 0.252964 2.45311 -139.183 1.33647 
10 2.68 0.5948 0.419953 0.251735 2.46889 -139.414 1.33249 
10 2.68 0.59762 0.423834 0.255593 2.48822 -139.45 1.35364 
10 2.685 0.589254 0.414631 0.247602 2.51064 -138.681 1.336 
10 2.685 0.595166 0.420257 0.251381 2.45937 -139.343 1.30382 
10 2.685 0.594168 0.419769 0.252188 2.4854 -139.138 1.3468 
10 2.69 0.585548 0.409604 0.24293 2.48095 -138.204 1.33569 
10 2.69 0.58573 0.410608 0.244315 2.51034 -138.262 1.31086 
10 2.69 0.588716 0.413716 0.246131 2.49552 -138.334 1.31844 
10 2.695 0.581448 0.406012 0.240811 2.52062 -137.475 1.33711 
10 2.695 0.58393 0.40921 0.243548 2.53194 -138.117 1.32401 
10 2.695 0.5857 0.409943 0.242828 2.48232 -137.816 1.30587 
10 2.7 0.57567 0.398389 0.232467 2.48122 -136.49 1.29419 
10 2.7 0.570978 0.394541 0.230235 2.53795 -136.236 1.29663 
10 2.7 0.579556 0.403436 0.237632 2.5019 -137.136 1.31069 
10 2.705 0.573242 0.397198 0.233252 2.53575 -136.352 1.3275 
10 2.705 0.574914 0.398366 0.2334 2.50794 -136.601 1.30508 
10 2.705 0.575018 0.399072 0.234961 2.52961 -136.55 1.34368 
10 2.71 0.574446 0.39763 0.23259 2.49601 -136.238 1.3169 
10 2.71 0.572494 0.395678 0.23085 2.5066 -135.966 1.30742 
10 2.71 0.571348 0.394053 0.229317 2.495 -135.838 1.29901 
10 2.715 0.56482 0.387373 0.223835 2.51754 -135.208 1.27719 
10 2.715 0.56671 0.38839 0.223836 2.47623 -135 1.28377 
10 2.715 0.565712 0.388396 0.224417 2.51809 -134.957 1.28569 
10 2.72 0.558018 0.379014 0.216247 2.4864 -134.159 1.28652 
10 2.72 0.55926 0.381679 0.219424 2.53335 -134.479 1.2951 
10 2.72 0.557564 0.378837 0.216847 2.49852 -133.945 1.3135 
10 2.725 0.556026 0.375904 0.212799 2.44915 -133.643 1.25213 
10 2.725 0.559246 0.37974 0.216142 2.45812 -134.059 1.2379 
10 2.725 0.551844 0.372895 0.211395 2.50873 -133.483 1.25794 
10 2.73 0.551762 0.373045 0.211827 2.51295 -133.404 1.2519 
10 2.73 0.553656 0.374585 0.212284 2.49269 -133.351 1.25668 
10 2.73 0.552078 0.372556 0.210195 2.48227 -132.887 1.24594 
10 2.735 0.542406 0.36265 0.202699 2.50258 -132.178 1.23769 
10 2.735 0.54855 0.367379 0.205142 2.43043 -132.285 1.23229 
10 2.735 0.543862 0.363694 0.203262 2.48293 -132.012 1.2388 
10 2.74 0.54183 0.362285 0.202372 2.50749 -131.782 1.25226 
10 2.74 0.538334 0.358031 0.198536 2.49007 -131.657 1.21601 
10 2.74 0.54369 0.364451 0.204092 2.51284 -131.974 1.26179 
10 2.745 0.538982 0.359179 0.200261 2.50191 -131.429 1.24919 
10 2.745 0.539158 0.359717 0.200236 2.51459 -131.373 1.2326 
10 2.745 0.537064 0.35645 0.197709 2.4777 -131.114 1.22532 
10 2.75 0.534608 0.354091 0.195721 2.48309 -130.636 1.22379 
10 2.75 0.533722 0.353576 0.195792 2.49878 -130.576 1.2493 
10 2.75 0.533494 0.352758 0.193851 2.4779 -130.482 1.2195 
10 2.755 0.53484 0.354037 0.195786 2.46763 -130.39 1.25518 
10 2.755 0.526332 0.34393 0.185981 2.42847 -129.45 1.19476 
10 2.755 0.525406 0.343826 0.186855 2.46004 -129.594 1.21037 
10 2.76 0.524596 0.342916 0.186163 2.45346 -129.434 1.18628 
10 2.76 0.526236 0.345834 0.189119 2.49671 -129.799 1.20794 
10 2.76 0.52548 0.343865 0.186917 2.45419 -129.367 1.19504 
10 2.765 0.520554 0.339135 0.183255 2.46505 -128.709 1.20979 
10 2.765 0.52226 0.340661 0.184657 2.45588 -129.015 1.19509 
10 2.765 0.518522 0.337926 0.183055 2.49768 -128.79 1.20836 
10 2.77 0.514962 0.333057 0.178469 2.45022 -128 1.19775 
10 2.77 0.523568 0.340732 0.183676 2.40464 -128.657 1.19225 
10 2.77 0.516258 0.334304 0.178824 2.44698 -128.204 1.17048 
10 2.775 0.515986 0.334151 0.178721 2.44718 -128.04 1.18445 
10 2.775 0.508374 0.326082 0.172847 2.43739 -126.945 1.1676 
10 2.775 0.513958 0.331211 0.175892 2.41653 -127.337 1.15711 
10 2.78 0.507958 0.325507 0.171843 2.42753 -127.113 1.14701 
10 2.78 0.51128 0.328198 0.173089 2.40254 -127.006 1.16162 
10 2.78 0.508976 0.326746 0.173094 2.43487 -127.325 1.16088 
10 2.785 0.50531 0.321598 0.168381 2.37918 -126.695 1.1392 
10 2.785 0.503854 0.321278 0.168676 2.42045 -126.466 1.15785 
10 2.785 0.506864 0.324233 0.171366 2.41729 -126.917 1.16203 
10 2.79 0.497964 0.315366 0.163618 2.41569 -125.565 1.13255 
10 2.79 0.500026 0.318061 0.166505 2.43854 -125.791 1.15088 
10 2.79 0.50146 0.319362 0.167472 2.43368 -126.095 1.1435 
10 2.795 0.494888 0.31215 0.161118 2.40558 -125.202 1.10198 
10 2.795 0.499468 0.316651 0.164512 2.40367 -125.504 1.13812 
10 2.795 0.499628 0.317795 0.166599 2.43887 -125.586 1.14798 
10 2.8 0.495462 0.313684 0.163413 2.43576 -125.321 1.12067 
10 2.8 0.488222 0.306178 0.157424 2.42204 -124.355 1.13011 
10 2.8 0.498804 0.316509 0.164782 2.41799 -125.32 1.1373 
10 2.805 0.49204 0.307547 0.15699 2.33311 -124.514 1.10375 
10 2.805 0.487958 0.304287 0.155342 2.35951 -124.269 1.11339 
10 2.805 0.487568 0.30624 0.15817 2.44268 -124.33 1.13318 
10 2.81 0.486316 0.303924 0.155295 2.39931 -123.849 1.11423 
10 2.81 0.4886 0.304803 0.155 2.35136 -123.822 1.10931 
10 2.81 0.485112 0.302546 0.154773 2.39192 -123.76 1.12741 
10 2.815 0.4845 0.30134 0.152647 2.36588 -123.185 1.08421 
10 2.815 0.480064 0.295993 0.148224 2.32794 -122.63 1.08212 
10 2.815 0.480152 0.296327 0.148189 2.33682 -122.939 1.06196 
10 2.82 0.473196 0.290015 0.144118 2.344 -121.924 1.06269 
10 2.82 0.47723 0.294635 0.148517 2.37187 -122.479 1.10473 
10 2.82 0.477278 0.294499 0.148141 2.36543 -122.729 1.0914 
10 2.825 0.472658 0.289103 0.143559 2.32559 -121.652 1.06901 
10 2.825 0.473786 0.290464 0.144447 2.33596 -122.187 1.05477 
10 2.825 0.478826 0.295208 0.147463 2.33393 -122.678 1.0667 
10 2.83 0.46688 0.283151 0.139302 2.30296 -121.257 1.04046 
10 2.83 0.471204 0.287366 0.141707 2.30856 -121.614 1.04207 
10 2.83 0.469732 0.285588 0.140341 2.2947 -121.137 1.05937 
10 2.835 0.46795 0.284406 0.140339 2.3079 -120.993 1.05106 
10 2.835 0.46094 0.278775 0.136703 2.33897 -120.627 1.04389 
10 2.835 0.467392 0.284447 0.140659 2.32775 -121.042 1.06405 
10 2.84 0.465578 0.281664 0.137703 2.28526 -120.756 1.0368 
10 2.84 0.46256 0.278946 0.135607 2.28818 -120.326 1.0371 
10 2.84 0.460662 0.277304 0.134964 2.29205 -120.184 1.04989 
10 2.845 0.456666 0.272337 0.130451 2.24227 -119.595 1.01689 
10 2.845 0.457226 0.273987 0.13255 2.2823 -119.878 1.00881 
10 2.845 0.457218 0.273719 0.13188 2.27315 -119.575 1.03755 
10 2.85 0.453978 0.270131 0.129216 2.24686 -119.041 1.01787 
10 2.85 0.45318 0.27002 0.129362 2.26835 -118.998 1.01965 
10 2.85 0.452592 0.27041 0.130659 2.3007 -119.321 1.03137 
10 2.855 0.454952 0.271229 0.129981 2.25035 -119.186 1.0053 
10 2.855 0.452006 0.267535 0.126724 2.21457 -119.122 0.982846 
10 2.855 0.451784 0.268469 0.128118 2.25429 -118.562 1.02555 
10 2.86 0.445942 0.263392 0.125139 2.25621 -118.293 1.00471 
10 2.86 0.444602 0.261834 0.12405 2.24346 -118.085 1.00269 
10 2.86 0.449858 0.267039 0.127466 2.26106 -118.721 1.00167 
10 2.865 0.441484 0.257733 0.120093 2.19286 -117.805 0.981593 
10 2.865 0.446268 0.261839 0.122253 2.18791 -117.799 0.968004 
10 2.865 0.445788 0.26325 0.124799 2.2521 -117.95 1.00992 
10 2.87 0.44202 0.258443 0.120718 2.19727 -117.326 0.98254 
10 2.87 0.443124 0.259587 0.121853 2.20309 -117.296 0.990855 
10 2.87 0.442894 0.258468 0.120164 2.17117 -117.679 0.952948 
10 2.875 0.439616 0.256418 0.119281 2.19673 -116.915 0.968185 
10 2.875 0.441064 0.256958 0.118925 2.17115 -117.11 0.955765 
10 2.875 0.44034 0.257333 0.120477 2.20638 -117.301 0.974499 
10 2.88 0.432864 0.250005 0.114712 2.17479 -116.193 0.922796 
10 2.88 0.435304 0.251751 0.115556 2.16185 -116.609 0.94908 
10 2.88 0.431782 0.249744 0.115717 2.19821 -116.122 0.970917 
10 2.885 0.43207 0.249837 0.115175 2.18898 -115.947 0.964314 
10 2.885 0.426468 0.244018 0.111014 2.15402 -115.502 0.941702 
10 2.885 0.431108 0.247271 0.111859 2.12884 -115.777 0.937591 
10 2.89 0.427316 0.244974 0.111086 2.15832 -115.442 0.943403 
10 2.89 0.424438 0.241608 0.109138 2.12667 -114.746 0.954672 
10 2.89 0.428994 0.246277 0.112607 2.15366 -115.634 0.939451 
10 2.895 0.430626 0.247695 0.113579 2.15047 -115.533 0.963115 
10 2.895 0.425426 0.241223 0.1079 2.08068 -114.77 0.901291 
10 2.895 0.424772 0.24126 0.107576 2.10116 -114.782 0.910925 
10 2.9 0.427772 0.244159 0.110399 2.10932 -115.164 0.91669 
10 2.9 0.423608 0.23991 0.106722 2.08505 -114.518 0.903761 
10 2.9 0.425916 0.242258 0.10858 2.09841 -114.761 0.917127 
10 2.905 0.41976 0.236947 0.105037 2.09118 -114.067 0.906272 
10 2.905 0.422358 0.239255 0.106655 2.0953 -114.181 0.91228 
10 2.905 0.421872 0.238434 0.105795 2.08118 -114.414 0.897598 
10 2.91 0.414806 0.232389 0.102333 2.07304 -113.574 0.88854 
10 2.91 0.416392 0.233618 0.103049 2.06997 -113.646 0.892646 
10 2.91 0.419792 0.23585 0.103443 2.04897 -113.806 0.873651 
10 2.915 0.413638 0.231866 0.102163 2.08471 -113.372 0.901097 
10 2.915 0.413928 0.232974 0.103682 2.11448 -113.267 0.917402 
10 2.915 0.411886 0.230288 0.101552 2.0802 -113.106 0.895231 
10 2.92 0.411666 0.229218 0.0998695 2.0462 -112.604 0.880356 
10 2.92 0.411854 0.229131 0.0996451 2.03792 -112.968 0.857444 
10 2.92 0.411774 0.229133 0.0998832 2.04023 -112.572 0.890898 
10 2.925 0.4082 0.22626 0.0981849 2.03872 -112.438 0.88322 
10 2.925 0.409666 0.227164 0.0981954 2.02864 -112.31 0.86436 
10 2.925 0.4048 0.22377 0.0973025 2.04808 -112.286 0.889952 
10 2.93 0.402776 0.221168 0.0940455 2.01158 -111.977 0.841422 
10 2.93 0.40618 0.224177 0.0964564 2.0203 -112.148 0.869137 
10 2.93 0.403258 0.221731 0.0954569 2.01754 -111.68 0.872126 
10 2.935 0.396982 0.214 0.0886085 1.92181 -110.866 0.816415 
10 2.935 0.402292 0.220436 0.0942003 1.99648 -111.386 0.865012 
10 2.935 0.402674 0.221024 0.0945885 2.00607 -111.628 0.868808 
10 2.94 0.394936 0.215204 0.0916398 2.01461 -110.838 0.861778 
10 2.94 0.398416 0.21628 0.0908775 1.95732 -111.108 0.82892 
10 2.94 0.396962 0.21525 0.0901074 1.9616 -110.797 0.828277 
10 2.945 0.397508 0.214543 0.0889425 1.91955 -110.516 0.818241 
10 2.945 0.391114 0.210588 0.087649 1.95646 -110.198 0.833654 
10 2.945 0.39833 0.216219 0.0912884 1.95423 -110.873 0.856268 
10 2.95 0.395866 0.214345 0.0899248 1.95372 -110.391 0.85254 
10 2.95 0.393128 0.211321 0.0873056 1.92445 -109.939 0.808564 
10 2.95 0.391228 0.210008 0.0870344 1.93047 -109.835 0.818367 
10 2.955 0.393148 0.21212 0.0887086 1.94769 -109.999 0.84226 
10 2.955 0.39305 0.211941 0.0880879 1.94426 -110.213 0.820333 
10 2.955 0.391718 0.210503 0.0875283 1.93096 -109.83 0.846207 
10 2.96 0.39253 0.211223 0.0881517 1.93052 -109.736 0.831016 
10 2.96 0.388376 0.206961 0.0848366 1.89612 -109.382 0.80588 
10 2.96 0.388376 0.207322 0.0851881 1.9083 -109.577 0.813392 
10 2.965 0.384766 0.203989 0.0827112 1.88683 -108.762 0.784121 
10 2.965 0.385484 0.204697 0.0833863 1.89204 -108.931 0.811074 
10 2.965 0.383624 0.203576 0.0834059 1.9025 -108.629 0.806488 
10 2.97 0.382536 0.201587 0.081102 1.86039 -108.264 0.784893 
10 2.97 0.383344 0.20216 0.0817031 1.85883 -108.5 0.790311 
10 2.97 0.381316 0.200969 0.0807636 1.87095 -108.4 0.786637 
10 2.975 0.380238 0.200176 0.0812681 1.86873 -108.085 0.815861 
10 2.975 0.379148 0.199302 0.0803602 1.86719 -108.244 0.784721 
10 2.975 0.377628 0.198616 0.0800449 1.88281 -108.187 0.803741 
10 2.98 0.377964 0.197282 0.0781782 1.82636 -108.21 0.760167 
10 2.98 0.377478 0.19801 0.0794514 1.86311 -107.805 0.774755 
10 2.98 0.37674 0.197711 0.0798118 1.87175 -107.903 0.792525 
10 2.985 0.37474 0.195252 0.0772745 1.83658 -107.388 0.782322 
10 2.985 0.375312 0.194498 0.076278 1.79694 -107.161 0.756238 
10 2.985 0.376254 0.196269 0.0777375 1.83257 -107.269 0.766087 
10 2.99 0.375556 0.194871 0.0769195 1.80029 -107.273 0.778191 
10 2.99 0.374712 0.194743 0.0768619 1.8172 -106.962 0.777105 
10 2.99 0.371196 0.19253 0.0763702 1.8309 -107.343 0.765876 
10 2.995 0.375538 0.194521 0.0760825 1.78607 -106.968 0.756701 
10 2.995 0.375884 0.195765 0.0777668 1.81891 -106.836 0.779309 
10 2.995 0.36894 0.190779 0.0752265 1.82511 -106.692 0.774877 
10 3 0.36857 0.189335 0.0734786 1.78303 -106.27 0.757951 
10 3 0.368678 0.189453 0.0735358 1.78431 -106.483 0.750153 
10 3 0.369982 0.191198 0.0749067 1.81038 -106.297 0.756694 
10 3.005 0.36287 0.184273 0.070415 1.75037 -105.801 0.726326 
10 3.005 0.3653 0.187939 0.0738996 1.81346 -105.9 0.761681 
10 3.005 0.366344 0.188023 0.0730104 1.79086 -105.91 0.746328 
10 3.01 0.364532 0.185674 0.071287 1.75382 -105.494 0.746468 
10 3.01 0.362752 0.184241 0.0710131 1.74924 -105.387 0.73919 
10 3.01 0.3621 0.183462 0.0697564 1.73904 -105.358 0.737868 
10 3.015 0.366818 0.187309 0.0717254 1.74972 -105.698 0.733678 
10 3.015 0.36304 0.18408 0.0701375 1.73408 -105.165 0.724418 
10 3.015 0.36039 0.181988 0.0686523 1.72826 -104.838 0.720877 
10 3.02 0.361768 0.182325 0.0683952 1.7036 -104.869 0.705115 
10 3.02 0.361492 0.182769 0.069313 1.72492 -104.929 0.730583 
10 3.02 0.356388 0.178676 0.0668643 1.71072 -104.737 0.705398 
10 3.025 0.360836 0.181829 0.0689031 1.70665 -104.737 0.730707 
10 3.025 0.356906 0.17888 0.0670324 1.70243 -104.713 0.704098 
10 3.025 0.35721 0.18014 0.068181 1.7369 -104.592 0.723908 
10 3.03 0.352544 0.175103 0.0646697 1.67708 -104.133 0.69778 
10 3.03 0.356868 0.178109 0.0660672 1.67507 -104.486 0.702044 
10 3.03 0.352486 0.176169 0.0665376 1.7136 -104.011 0.727216 
10 3.035 0.349124 0.172664 0.0635588 1.67302 -103.643 0.697212 
10 3.035 0.350336 0.173819 0.0639738 1.68317 -103.64 0.698394 
10 3.035 0.353382 0.176153 0.0654821 1.68943 -104.045 0.711348 
10 3.04 0.348572 0.171961 0.0627542 1.65981 -103.447 0.685842 
10 3.04 0.349924 0.173097 0.0638627 1.66613 -103.215 0.698493 
10 3.04 0.352098 0.17341 0.0628062 1.62621 -103.244 0.709785 
10 3.045 0.34877 0.171684 0.0628224 1.64347 -102.887 0.688664 
10 3.045 0.343774 0.168729 0.0619578 1.66006 -103.037 0.703757 
10 3.045 0.350454 0.173648 0.064469 1.66929 -103.403 0.715592 
10 3.05 0.34708 0.171637 0.0634089 1.6778 -102.853 0.696807 
10 3.05 0.345516 0.16933 0.0615058 1.63766 -102.402 0.678744 
10 3.05 0.345914 0.170197 0.0624443 1.65707 -102.516 0.697294 
10 3.055 0.341958 0.166531 0.0596392 1.62344 -102.172 0.664991 
10 3.055 0.343938 0.167707 0.0604946 1.61748 -102.516 0.673447 
10 3.055 0.343172 0.166623 0.0595034 1.59922 -102.536 0.666358 
10 3.06 0.338416 0.164508 0.0594987 1.63343 -101.797 0.677805 
10 3.06 0.340436 0.164827 0.0586104 1.59903 -102.013 0.67151 
10 3.06 0.342642 0.166335 0.0589903 1.59906 -101.838 0.651606 
10 3.065 0.340198 0.165184 0.058744 1.61335 -101.892 0.653726 
10 3.065 0.339098 0.163832 0.0582594 1.59361 -101.667 0.662133 
10 3.065 0.341946 0.165571 0.058992 1.58709 -102.09 0.661685 
10 3.07 0.340094 0.163743 0.0575882 1.5661 -101.439 0.644119 
10 3.07 0.338232 0.162803 0.0573634 1.57662 -101.196 0.656039 
10 3.07 0.337958 0.162544 0.0571626 1.5742 -101.293 0.653605 
10 3.075 0.338364 0.162957 0.057635 1.57617 -101.21 0.655994 
10 3.075 0.334788 0.160838 0.0571085 1.58552 -101.226 0.672107 
10 3.075 0.338284 0.162628 0.0570694 1.5672 -101.362 0.659916 
10 3.08 0.332858 0.157813 0.0542998 1.52657 -100.548 0.633199 
10 3.08 0.332644 0.159017 0.0559098 1.57031 -100.82 0.655911 
10 3.08 0.33616 0.160568 0.0558431 1.54431 -100.693 0.646286 
10 3.085 0.332914 0.158718 0.0552821 1.55222 -100.718 0.641752 
10 3.085 0.331386 0.15723 0.0538621 1.53691 -100.258 0.622111 
10 3.085 0.328304 0.154443 0.0525931 1.51246 -100.297 0.616177 
10 3.09 0.332188 0.156262 0.0528767 1.48587 -99.7831 0.636768 
10 3.09 0.329032 0.15529 0.0533001 1.52193 -99.655 0.632359 
10 3.09 0.328216 0.154442 0.0525238 1.51185 -99.915 0.626146 
10 3.095 0.32506 0.151985 0.0512634 1.49665 -99.671 0.610726 
10 3.095 0.327472 0.154133 0.0526807 1.51517 -99.9939 0.6381 
10 3.095 0.329268 0.154768 0.0525415 1.4976 -99.5119 0.629257 
10 3.1 0.325844 0.15217 0.051262 1.48372 -99.2344 0.616564 
10 3.1 0.328286 0.153235 0.0510728 1.46656 -99.4038 0.62186 
10 3.1 0.32716 0.154404 0.0529367 1.52808 -99.1498 0.633731 
10 3.105 0.324876 0.151772 0.0516553 1.48882 -98.8432 0.630377 
10 3.105 0.319184 0.147326 0.0493004 1.4637 -98.7274 0.624567 
10 3.105 0.326648 0.153627 0.0525909 1.51138 -99.3317 0.643518 
10 3.11 0.32073 0.148546 0.0494034 1.46875 -98.5829 0.605383 
10 3.11 0.321726 0.148729 0.0492878 1.45407 -98.6855 0.599393 
10 3.11 0.325548 0.152452 0.0515738 1.49422 -99.1838 0.621551 
10 3.115 0.321788 0.149092 0.0499096 1.46211 -98.6282 0.610797 
10 3.115 0.31694 0.145178 0.0476085 1.43586 -97.8903 0.603867 
10 3.115 0.31751 0.14607 0.0483052 1.45288 -98.3076 0.599417 
10 3.12 0.318544 0.147121 0.0490717 1.46316 -98.1941 0.612489 
10 3.12 0.321074 0.147953 0.0485063 1.43797 -98.1718 0.595969 
10 3.12 0.319904 0.147378 0.0489304 1.44356 -98.3354 0.604864 
10 3.125 0.320034 0.147479 0.0489256 1.44184 -98.1445 0.602329 
10 3.125 0.316046 0.144824 0.047334 1.43804 -97.9406 0.594727 
10 3.125 0.314496 0.143305 0.0467842 1.42071 -97.6278 0.605221 
10 3.13 0.313994 0.142087 0.0453104 1.3896 -97.2622 0.585241 
10 3.13 0.314768 0.142004 0.0449824 1.3714 -97.2459 0.581868 
10 3.13 0.31478 0.143555 0.0466818 1.42071 -97.7648 0.593198 
10 3.135 0.317866 0.145407 0.0473544 1.41526 -97.7422 0.596979 
10 3.135 0.315408 0.143129 0.0459549 1.39225 -97.3835 0.574322 
10 3.135 0.314608 0.143285 0.0466008 1.41329 -97.5141 0.607256 
10 3.14 0.312752 0.141213 0.0451433 1.38214 -96.9799 0.588565 
10 3.14 0.314616 0.143602 0.0469011 1.42098 -97.6135 0.595078 
10 3.14 0.313602 0.14136 0.0450446 1.36986 -96.9922 0.585269 
10 3.145 0.31214 0.140547 0.0448414 1.37093 -96.6627 0.591915 
10 3.145 0.310504 0.138806 0.0434198 1.34795 -96.4657 0.57138 
10 3.145 0.311332 0.140299 0.0445435 1.37905 -96.7882 0.577332 
10 3.15 0.309946 0.139138 0.0440149 1.36734 -96.5541 0.576632 
10 3.15 0.310052 0.139659 0.0444603 1.38179 -96.5314 0.579908 
10 3.15 0.30751 0.137391 0.0434396 1.35962 -96.2123 0.575871 
10 3.155 0.309956 0.139364 0.0444734 1.37216 -96.2422 0.581704 
10 3.155 0.308616 0.137566 0.0431715 1.34143 -96.1097 0.564858 
10 3.155 0.304714 0.136274 0.0435218 1.37634 -96.117 0.571421 
10 3.16 0.304634 0.135476 0.0427872 1.35046 -95.7079 0.585406 
10 3.16 0.307134 0.137099 0.0434512 1.3534 -95.833 0.582691 
10 3.16 0.307788 0.137635 0.0436359 1.35763 -95.8118 0.575574 
10 3.165 0.306 0.135566 0.0421948 1.32479 -95.466 0.561225 
10 3.165 0.303604 0.133866 0.0410969 1.31723 -95.4093 0.5498 
10 3.165 0.30601 0.136355 0.0428147 1.34955 -95.4293 0.569312 
10 3.17 0.303124 0.133391 0.041152 1.30935 -95.1748 0.560768 
10 3.17 0.303672 0.133655 0.0411784 1.3072 -95.2649 0.5468 
10 3.17 0.302868 0.134255 0.0418953 1.34152 -95.3985 0.552669 
10 3.175 0.301584 0.132491 0.0407375 1.30829 -94.9803 0.561252 
10 3.175 0.29887 0.131315 0.0407405 1.32256 -94.7672 0.563969 
10 3.175 0.301542 0.132653 0.0406719 1.31419 -94.9382 0.556474 
10 3.18 0.300934 0.131847 0.04031 1.2983 -94.653 0.542931 
10 3.18 0.299598 0.130954 0.0400948 1.29544 -94.6644 0.549 
10 3.18 0.299226 0.130958 0.0399915 1.30258 -94.8002 0.553966 
10 3.185 0.298646 0.129512 0.0385999 1.26603 -94.3329 0.532555 
10 3.185 0.300744 0.131407 0.0398674 1.28604 -94.8905 0.536361 
10 3.185 0.29843 0.130205 0.0395347 1.29183 -94.2992 0.544236 
10 3.19 0.299178 0.130556 0.0397114 1.28679 -94.8383 0.533859 
10 3.19 0.295908 0.127471 0.0378395 1.25107 -94.068 0.542686 
10 3.19 0.298752 0.130198 0.0391331 1.28356 -94.3694 0.543621 
10 3.195 0.298746 0.129539 0.0388901 1.26101 -94.299 0.537804 
10 3.195 0.296066 0.128043 0.0383141 1.26409 -94.0153 0.529114 
10 3.195 0.29722 0.129014 0.038887 1.27306 -93.858 0.539825 
10 3.2 0.29489 0.12637 0.0369292 1.23155 -93.7205 0.522784 
10 3.2 0.29647 0.128934 0.0393908 1.2825 -93.7806 0.548139 
10 3.2 0.293692 0.127043 0.0381633 1.27462 -94.0123 0.529795 
10 3.205 0.290878 0.124358 0.0368763 1.24019 -93.2293 0.528438 
10 3.205 0.289526 0.12356 0.0365193 1.23978 -93.2706 0.515047 
10 3.205 0.289388 0.122841 0.0357692 1.21983 -93.2442 0.508247 
10 3.21 0.289928 0.123808 0.036633 1.23831 -93.1071 0.536462 
10 3.21 0.291426 0.124269 0.0360821 1.22553 -93.2468 0.506647 
10 3.21 0.28899 0.123008 0.0360462 1.2303 -93.0344 0.527088 
10 3.215 0.28996 0.123513 0.0360136 1.22664 -92.8238 0.520295 
10 3.215 0.289478 0.123051 0.0353618 1.22096 -93.1442 0.513074 
10 3.215 0.288202 0.121831 0.0349393 1.20594 -92.8047 0.498157 
10 3.22 0.288558 0.122638 0.0361047 1.22274 -92.3933 0.530139 
10 3.22 0.289088 0.122539 0.0354341 1.21016 -92.76 0.521086 
10 3.22 0.285988 0.121062 0.0352168 1.21967 -92.5905 0.523635 
10 3.225 0.286268 0.120694 0.0347556 1.2014 -92.1896 0.513678 
10 3.225 0.283864 0.118831 0.0339183 1.18611 -92.0555 0.512625 
10 3.225 0.284774 0.119761 0.0343579 1.19892 -92.1243 0.50729 
10 3.23 0.287572 0.120542 0.0342302 1.17164 -92.0815 0.51364 
10 3.23 0.286394 0.120275 0.0343975 1.18431 -92.429 0.502462 
10 3.23 0.283228 0.118477 0.0334777 1.18449 -91.7343 0.503883 
10 3.235 0.28355 0.118141 0.0331703 1.16663 -91.7721 0.498699 
10 3.235 0.280434 0.115954 0.0323028 1.15335 -91.537 0.494284 
10 3.235 0.286424 0.120718 0.0351662 1.19566 -91.547 0.519776 
10 3.24 0.281998 0.117028 0.0329884 1.15758 -91.8024 0.496632 
10 3.24 0.286134 0.12051 0.0346311 1.1925 -91.7105 0.508611 
10 3.24 0.283076 0.117734 0.0332476 1.16054 -91.577 0.501901 
10 3.245 0.281952 0.117233 0.0330603 1.16291 -91.3551 0.494453 
10 3.245 0.28412 0.118317 0.0332737 1.15848 -91.4936 0.510243 
10 3.245 0.283152 0.117237 0.0324347 1.14211 -91.4138 0.492315 
10 3.25 0.282116 0.118106 0.033676 1.18512 -91.5835 0.489018 
10 3.25 0.277558 0.113942 0.0311555 1.13549 -91.0565 0.476965 
10 3.25 0.279966 0.115133 0.0317201 1.13083 -90.9922 0.479037 
10 3.255 0.279332 0.115383 0.0323561 1.14768 -90.7516 0.479319 
10 3.255 0.280396 0.115272 0.0318447 1.12595 -90.5992 0.496777 
10 3.255 0.277392 0.113228 0.0303863 1.11465 -90.5834 0.471102 
10 3.26 0.277152 0.113045 0.0306183 1.11139 -90.3531 0.47051 
10 3.26 0.27628 0.113269 0.0312332 1.13308 -90.7786 0.486527 
10 3.26 0.27974 0.115932 0.0324254 1.15574 -90.9314 0.496523 
10 3.265 0.27517 0.111891 0.0300233 1.10788 -90.2378 0.465376 
10 3.265 0.277448 0.113161 0.0308179 1.10824 -90.3186 0.472985 
10 3.265 0.276856 0.112399 0.0300575 1.09495 -90.1924 0.476666 
10 3.27 0.276252 0.112806 0.0308608 1.11592 -90.2012 0.48343 
10 3.27 0.272898 0.110087 0.0291554 1.0891 -89.8639 0.467552 
10 3.27 0.27286 0.11023 0.0296678 1.09412 -89.781 0.478685 
10 3.275 0.274026 0.11118 0.0298527 1.10197 -89.6705 0.458564 
10 3.275 0.272672 0.111018 0.0304857 1.11962 -89.74 0.49204 
10 3.275 0.274234 0.111513 0.0302709 1.10867 -89.7366 0.478183 
10 3.28 0.274506 0.111324 0.0297816 1.09665 -89.5809 0.472744 
10 3.28 0.27332 0.111151 0.0304765 1.11119 -89.6957 0.465893 
10 3.28 0.273298 0.110567 0.0294073 1.09375 -89.8691 0.469158 
10 3.285 0.276796 0.113052 0.0309098 1.10917 -89.443 0.476026 
10 3.285 0.272804 0.109849 0.0291202 1.07845 -89.2458 0.466729 
10 3.285 0.270802 0.109197 0.0294882 1.09173 -89.6022 0.474579 
10 3.29 0.270658 0.109244 0.0293242 1.09388 -89.1082 0.470859 
10 3.29 0.273044 0.110082 0.0293673 1.07989 -89.3734 0.469198 
10 3.29 0.274348 0.110723 0.02948 1.0777 -89.3893 0.45815 
10 3.295 0.272154 0.109718 0.0292265 1.08195 -89.0555 0.462511 
10 3.295 0.270304 0.108274 0.0288139 1.06857 -89.3278 0.474818 
10 3.295 0.271114 0.108326 0.0284895 1.05686 -89.0709 0.456661 
10 3.3 0.26771 0.106849 0.0282897 1.06608 -88.5269 0.454711 
10 3.3 0.271536 0.108918 0.0288564 1.06623 -89.0081 0.4611 
10 3.3 0.268802 0.106661 0.0276659 1.04261 -88.6462 0.459092 
10 3.305 0.267116 0.106431 0.0282537 1.06141 -88.5497 0.451963 
10 3.305 0.26684 0.106704 0.0285932 1.07415 -88.4726 0.466388 
10 3.305 0.269068 0.107945 0.0287658 1.07556 -88.99 0.453378 
10 3.31 0.268804 0.10704 0.0281071 1.0509 -88.4521 0.465411 
10 3.31 0.266928 0.105883 0.0276121 1.04631 -88.2994 0.458348 
10 3.31 0.269282 0.107315 0.0280422 1.05141 -88.1554 0.461591 
10 3.315 0.266156 0.105202 0.0273892 1.03658 -88.1047 0.453681 
10 3.315 0.263086 0.103259 0.0263313 1.02698 -87.9652 0.436356 
10 3.315 0.26385 0.103565 0.0265636 1.02409 -88.14 0.437919 
10 3.32 0.265584 0.104685 0.0270991 1.02862 -87.9688 0.459039 
10 3.32 0.262864 0.102694 0.0260979 1.01195 -87.9354 0.445675 
10 3.32 0.265376 0.104549 0.0267454 1.02786 -87.7426 0.454291 
10 3.325 0.262656 0.103792 0.0271817 1.04672 -87.7944 0.45295 
10 3.325 0.264028 0.103311 0.0260331 1.01052 -87.7742 0.435069 
10 3.325 0.261054 0.101251 0.0251964 0.995531 -87.2983 0.430791 
10 3.33 0.263102 0.103664 0.0268538 1.03427 -87.5434 0.457577 
10 3.33 0.263362 0.1034 0.0265668 1.02225 -87.6064 0.442302 
10 3.33 0.261646 0.10253 0.0263537 1.02317 -87.2648 0.448156 
10 3.335 0.261564 0.101831 0.0255412 1.00197 -86.8391 0.437578 
10 3.335 0.26028 0.101174 0.0256711 1.00236 -87.2431 0.443063 
10 3.335 0.2613 0.10163 0.0256124 1.00005 -86.9218 0.437332 
10 3.34 0.259002 0.10073 0.0257667 1.00744 -86.8455 0.44795 
10 3.34 0.262158 0.101984 0.0254272 0.995716 -86.7112 0.444395 
10 3.34 0.260464 0.101326 0.0256454 1.00253 -86.9237 0.444258 
10 3.345 0.26005 0.101112 0.025392 1.00109 -86.7569 0.437266 
10 3.345 0.263284 0.103088 0.0261459 1.00956 -87.0846 0.442197 
10 3.345 0.261676 0.101903 0.0256803 0.999349 -86.9518 0.426308 
10 3.35 0.260262 0.101002 0.0253933 0.993005 -86.711 0.435225 
10 3.35 0.260078 0.10075 0.025059 0.988354 -86.5005 0.426955 
10 3.35 0.259272 0.100011 0.0245714 0.978783 -86.5454 0.41994 
10 3.355 0.258218 0.0996211 0.0248016 0.981954 -86.4565 0.437058 
10 3.355 0.261838 0.101866 0.0253148 0.992747 -86.5745 0.432693 
10 3.355 0.257062 0.0993473 0.0249075 0.991548 -86.4371 0.41997 
10 3.36 0.258056 0.099071 0.0244031 0.966611 -85.9907 0.424594 
10 3.36 0.25488 0.0976136 0.02405 0.97172 -85.8006 0.427295 
10 3.36 0.256962 0.098651 0.0241466 0.970879 -86.2606 0.426899 
10 3.365 0.253968 0.0963766 0.0232454 0.947305 -85.7867 0.414557 
10 3.365 0.254512 0.0970878 0.0236249 0.960222 -85.7264 0.41843 
10 3.365 0.252514 0.0958712 0.0233646 0.954173 -85.7012 0.42773 
10 3.37 0.252752 0.0958432 0.0232588 0.948357 -85.3874 0.419443 
10 3.37 0.258126 0.0985281 0.023546 0.94656 -86.0925 0.421032 
10 3.37 0.254236 0.0975568 0.0243374 0.97688 -85.8271 0.430899 
10 3.375 0.2541 0.0962229 0.0230562 0.937958 -85.7326 0.420493 
10 3.375 0.253786 0.0953929 0.022747 0.918091 -85.6971 0.416079 
10 3.375 0.254606 0.0963144 0.0229333 0.933044 -85.3066 0.413492 
10 3.38 0.252034 0.0956098 0.0233744 0.949369 -85.009 0.413079 
10 3.38 0.255082 0.097208 0.0234928 0.950921 -85.3518 0.40953 
10 3.38 0.249994 0.0935703 0.0221946 0.919328 -85.0676 0.413205 
10 3.385 0.249108 0.0932156 0.0221732 0.920556 -84.8781 0.418972 
10 3.385 0.252868 0.0946629 0.0220671 0.907553 -85.1062 0.401627 
10 3.385 0.250774 0.0950407 0.0233277 0.949869 -84.7786 0.422891 
10 3.39 0.24579 0.0909655 0.0212108 0.901261 -84.505 0.407247 
10 3.39 0.25131 0.0940349 0.0222641 0.910861 -84.634 0.406306 
10 3.39 0.249096 0.093368 0.0221049 0.92387 -85.1454 0.409527 
10 3.395 0.249362 0.0932232 0.0222391 0.914337 -84.6846 0.415044 
10 3.395 0.24633 0.0909416 0.0210718 0.891404 -83.7641 0.401222 
10 3.395 0.252404 0.094928 0.0222699 0.919594 -84.7734 0.405593 
10 3.4 0.252206 0.095882 0.023443 0.94924 -85.0877 0.418677 
10 3.4 0.247972 0.0930637 0.0224177 0.928634 -84.3442 0.410381 
10 3.4 0.249374 0.0935656 0.0221824 0.92289 -84.6054 0.413967 
10 3.405 0.24796 0.0919356 0.0214516 0.894315 -83.9672 0.407639 
10 3.405 0.248134 0.092928 0.0218839 0.920927 -84.0257 0.407159 
10 3.405 0.24851 0.0930036 0.0220808 0.91766 -84.0419 0.40876 
10 3.41 0.245984 0.0910895 0.0211446 0.896815 -83.8986 0.400206 
10 3.41 0.248228 0.0926588 0.0219943 0.910313 -83.9258 0.404873 
10 3.41 0.247712 0.0927985 0.0221099 0.921913 -84.2877 0.3988 
10 3.415 0.24563 0.0906568 0.0209957 0.887926 -83.6319 0.400077 
10 3.415 0.245364 0.0905177 0.0210496 0.887678 -83.8427 0.401443 
10 3.415 0.24807 0.0925286 0.0217062 0.907463 -84.0202 0.401708 
10 3.42 0.246642 0.0908047 0.0206115 0.876386 -83.6517 0.399156 
10 3.42 0.247764 0.0911614 0.0207615 0.870595 -83.5467 0.393185 
10 3.42 0.24568 0.0900803 0.0205874 0.869054 -83.8323 0.384774 
10 3.425 0.24224 0.0889973 0.0204791 0.88517 -83.2905 0.395193 
10 3.425 0.24592 0.0905465 0.0206381 0.877951 -83.4558 0.399068 
10 3.425 0.244466 0.089321 0.0202726 0.862989 -83.1414 0.388123 
10 3.43 0.24242 0.0887356 0.0200584 0.873707 -83.1117 0.393162 
10 3.43 0.242152 0.0881095 0.0196132 0.85924 -83.1861 0.387659 
10 3.43 0.242748 0.0888069 0.02006 0.871145 -83.0231 0.39237 
10 3.435 0.242404 0.088389 0.0198819 0.862572 -82.9276 0.38555 
10 3.435 0.243308 0.088956 0.020256 0.866295 -82.8658 0.387161 
10 3.435 0.241186 0.0879754 0.0201666 0.867677 -83.0802 0.392355 
10 3.44 0.241806 0.088215 0.0202305 0.864676 -83.1002 0.388158 
10 3.44 0.23929 0.0864824 0.0192105 0.849498 -82.801 0.376662 
10 3.44 0.241142 0.0874463 0.0196515 0.851652 -82.7438 0.383215 
10 3.445 0.240904 0.0870742 0.0192568 0.842944 -82.4922 0.381256 
10 3.445 0.2413 0.0874277 0.0195017 0.847663 -82.8369 0.388168 
10 3.445 0.239324 0.086998 0.0196099 0.862758 -82.3942 0.386288 
10 3.45 0.239572 0.0864175 0.0193012 0.84124 -82.4456 0.380803 
10 3.45 0.238958 0.0859821 0.0190015 0.837136 -82.2632 0.381749 
10 3.45 0.23903 0.0855369 0.0184975 0.823234 -82.4801 0.368926 
10 3.455 0.239868 0.0862821 0.0189533 0.831995 -82.1086 0.372772 
10 3.455 0.23743 0.0851444 0.0185588 0.832745 -82.2039 0.372518 
10 3.455 0.240582 0.0872266 0.0195718 0.849404 -82.2355 0.373986 
10 3.46 0.240264 0.0872428 0.0197008 0.853064 -82.0062 0.376897 
10 3.46 0.237714 0.0852196 0.0185983 0.829815 -82.195 0.373978 
10 3.46 0.237474 0.0849467 0.0186278 0.825225 -81.9089 0.380916 
10 3.465 0.238066 0.085326 0.0185955 0.826858 -81.7033 0.376916 
10 3.465 0.237638 0.0853628 0.0189609 0.833793 -81.6909 0.373474 
10 3.465 0.239978 0.0868891 0.0193347 0.845588 -81.8239 0.386711 
10 3.47 0.238656 0.0851887 0.018615 0.813603 -82.1132 0.3791 
10 3.47 0.236416 0.0849212 0.0189542 0.836561 -81.7042 0.377333 
10 3.47 0.23792 0.0857639 0.0190886 0.840288 -81.8282 0.388225 
10 3.475 0.235506 0.0845063 0.0186805 0.835776 -81.6839 0.377055 
10 3.475 0.237924 0.0848154 0.0184391 0.81173 -81.5732 0.37151 
10 3.475 0.23576 0.0845709 0.018645 0.83419 -81.4163 0.367415 
10 3.48 0.23674 0.0847443 0.0187868 0.824669 -81.4927 0.373553 
10 3.48 0.237798 0.084622 0.0181545 0.806728 -81.2738 0.370012 
10 3.48 0.233266 0.0819696 0.0173455 0.791854 -80.8559 0.370264 
10 3.485 0.23657 0.0842864 0.0183718 0.812654 -80.8943 0.368028 
10 3.485 0.231972 0.0817804 0.017516 0.802565 -80.9075 0.368568 
10 3.485 0.23546 0.083462 0.0180315 0.804034 -81.2977 0.367714 
10 3.49 0.236278 0.0834638 0.0177068 0.791877 -81.0574 0.36619 
10 3.49 0.231076 0.0810593 0.0173321 0.792641 -80.9156 0.367693 
10 3.49 0.235906 0.0836674 0.0179166 0.802744 -80.936 0.368578 
10 3.495 0.2368 0.0843932 0.0181596 0.810271 -80.9882 0.359885 
10 3.495 0.232594 0.0820072 0.0176364 0.798491 -80.4044 0.36707 
10 3.495 0.235782 0.083884 0.0182189 0.809467 -80.921 0.367755 
