0.1 400
0.2 400
0.3 400
0.4 400
0.5 400
0.6 399.999
0.7 399.991
0.8 399.873
0.9 399.883
1 399.469
1.1 398.966
1.2 398.315
1.3 395.419
1.4 392.565
1.5 389.926
1.6 385.643
1.7 376.348
1.8 367.673
1.9 351.942
2 332.903
2.1 305.067
2.2 258.106
2.3 180.656
2.4 101.669
2.5 56.334
2.6 35.742
2.7 24.3862
2.8 17.8902
2.9 13.8228
3 11.8318
3.1 10.2056
3.2 8.7192
3.3 7.7794
3.4 6.8468
3.5 6.1818
3.6 5.7238
3.7 5.2514
3.8 4.822
3.9 4.367
4 4.1972
4.1 4.1086
4.2 3.821
4.3 3.5924
4.4 3.5178
4.5 3.3964
4.6 3.2868
4.7 3.149
4.8 3.1006
4.9 2.9078
5 2.8716
