size temperature mag energy mag_sus sp_heat
10 1.5 0.986676 -195.189 0.0268261 0.194589 
10 1.5 0.98695 -195.293 0.0271132 0.193186 
10 1.5 0.986518 -195.112 0.0269784 0.194938 
10 1.5 0.98612 -194.988 0.0287244 0.208636 
10 1.5 0.986248 -195.034 0.0281388 0.204191 
10 1.52 0.9851 -194.617 0.030152 0.211897 
10 1.52 0.984832 -194.556 0.0310324 0.216598 
10 1.52 0.984944 -194.592 0.0313551 0.213178 
10 1.52 0.985014 -194.616 0.0303539 0.211003 
10 1.52 0.98543 -194.727 0.0287628 0.206841 
10 1.54 0.984324 -194.35 0.031456 0.218299 
10 1.54 0.983862 -194.25 0.0342237 0.225718 
10 1.54 0.984252 -194.348 0.0327533 0.224701 
10 1.54 0.983832 -194.226 0.0337841 0.22366 
10 1.54 0.984178 -194.333 0.0314717 0.212897 
10 1.56 0.982552 -193.848 0.0388697 0.238498 
10 1.56 0.982694 -193.84 0.0368604 0.239158 
10 1.56 0.982598 -193.817 0.035375 0.23455 
10 1.56 0.982246 -193.706 0.0377151 0.241802 
10 1.56 0.982656 -193.797 0.0358811 0.240475 
10 1.58 0.98096 -193.239 0.0392683 0.248088 
10 1.58 0.981356 -193.395 0.0385419 0.245034 
10 1.58 0.981316 -193.359 0.0373638 0.242649 
10 1.58 0.981414 -193.42 0.0396481 0.245254 
10 1.58 0.98093 -193.298 0.0399883 0.24874 
10 1.6 0.980022 -192.97 0.0411475 0.252103 
10 1.6 0.97991 -192.906 0.042222 0.260675 
10 1.6 0.980264 -193.055 0.0422906 0.255388 
10 1.6 0.979668 -192.819 0.0409981 0.256329 
10 1.6 0.980074 -192.956 0.0413872 0.259133 
10 1.62 0.978098 -192.291 0.0458137 0.270301 
10 1.62 0.977522 -192.136 0.0487395 0.286696 
10 1.62 0.977832 -192.242 0.0473592 0.279137 
10 1.62 0.978602 -192.492 0.0443707 0.269134 
10 1.62 0.97815 -192.348 0.0458653 0.270334 
10 1.64 0.97581 -191.622 0.0525027 0.290866 
10 1.64 0.976406 -191.758 0.0496685 0.291252 
10 1.64 0.97675 -191.879 0.0492218 0.285359 
10 1.64 0.976328 -191.749 0.0515339 0.291384 
10 1.64 0.976582 -191.847 0.0519291 0.291531 
10 1.66 0.973734 -190.998 0.0649191 0.312597 
10 1.66 0.974516 -191.167 0.0544293 0.298883 
10 1.66 0.973698 -190.967 0.0609882 0.319685 
10 1.66 0.97391 -190.973 0.0553875 0.306762 
10 1.66 0.973938 -191.031 0.0587525 0.317201 
10 1.68 0.97226 -190.444 0.0597579 0.319506 
10 1.68 0.97216 -190.473 0.0639128 0.334082 
10 1.68 0.972036 -190.414 0.0651961 0.331432 
10 1.68 0.971974 -190.398 0.0607633 0.323136 
10 1.68 0.971938 -190.364 0.0622622 0.325246 
10 1.7 0.969832 -189.775 0.0743842 0.353187 
10 1.7 0.969388 -189.608 0.068745 0.339287 
10 1.7 0.969246 -189.584 0.0720983 0.346971 
10 1.7 0.970044 -189.843 0.0677646 0.337874 
10 1.7 0.969882 -189.733 0.0684933 0.34615 
10 1.72 0.968278 -189.252 0.0732043 0.357674 
10 1.72 0.967828 -189.082 0.0773536 0.368312 
10 1.72 0.967956 -189.136 0.0719199 0.3514 
10 1.72 0.967542 -189.044 0.0766487 0.365826 
10 1.72 0.967728 -189.146 0.0805045 0.361321 
10 1.74 0.964368 -188.172 0.0892253 0.390432 
10 1.74 0.96609 -188.534 0.0757605 0.362451 
10 1.74 0.965468 -188.402 0.0849575 0.375853 
10 1.74 0.96527 -188.362 0.0856429 0.381737 
10 1.74 0.965128 -188.322 0.0856933 0.376013 
10 1.76 0.962804 -187.681 0.0966169 0.398727 
10 1.76 0.963498 -187.854 0.0978343 0.396873 
10 1.76 0.962894 -187.658 0.0897491 0.389189 
10 1.76 0.96313 -187.681 0.0894774 0.388814 
10 1.76 0.962664 -187.591 0.0978877 0.406417 
10 1.78 0.959782 -186.738 0.0998288 0.411897 
10 1.78 0.959646 -186.678 0.100822 0.415747 
10 1.78 0.959566 -186.784 0.108958 0.413642 
10 1.78 0.95977 -186.743 0.102076 0.423417 
10 1.78 0.959914 -186.844 0.104555 0.42469 
10 1.8 0.95674 -185.92 0.120156 0.446173 
10 1.8 0.957766 -186.137 0.106245 0.423527 
10 1.8 0.9574 -186.062 0.10714 0.427909 
10 1.8 0.957294 -186.018 0.111498 0.439979 
10 1.8 0.957688 -186.176 0.108281 0.427816 
10 1.82 0.954106 -185.1 0.122871 0.452184 
10 1.82 0.953692 -185.053 0.125291 0.471555 
10 1.82 0.954134 -185.169 0.128204 0.46636 
10 1.82 0.953428 -185.009 0.13117 0.476976 
10 1.82 0.952844 -184.691 0.128052 0.474404 
10 1.84 0.951436 -184.36 0.13001 0.477538 
10 1.84 0.950952 -184.267 0.133668 0.470744 
10 1.84 0.949984 -184.024 0.139739 0.489427 
10 1.84 0.950242 -184.067 0.144232 0.486338 
10 1.84 0.949014 -183.906 0.156265 0.49487 
10 1.86 0.946968 -183.296 0.167901 0.501066 
10 1.86 0.946172 -182.973 0.153268 0.510933 
10 1.86 0.946648 -183.134 0.157499 0.5198 
10 1.86 0.9466 -183.143 0.160656 0.517987 
10 1.86 0.946894 -183.145 0.151976 0.496487 
10 1.88 0.941872 -181.983 0.19212 0.545993 
10 1.88 0.943828 -182.406 0.166884 0.52961 
10 1.88 0.942278 -181.954 0.175977 0.529256 
10 1.88 0.941776 -181.961 0.189011 0.541752 
10 1.88 0.943186 -182.183 0.170581 0.534835 
10 1.9 0.939076 -181.152 0.192658 0.557855 
10 1.9 0.93887 -181.05 0.199901 0.562683 
10 1.9 0.937594 -180.891 0.220695 0.570954 
10 1.9 0.938552 -181.033 0.204492 0.562712 
10 1.9 0.938816 -181.118 0.200903 0.570831 
10 1.92 0.931814 -179.386 0.244354 0.610119 
10 1.92 0.933346 -179.671 0.21895 0.599195 
10 1.92 0.933302 -179.738 0.23237 0.576676 
10 1.92 0.933298 -179.701 0.225429 0.584931 
10 1.92 0.933236 -179.761 0.229309 0.577298 
10 1.94 0.929784 -178.776 0.249709 0.626852 
10 1.94 0.927538 -178.359 0.265857 0.628562 
10 1.94 0.929098 -178.729 0.263418 0.62575 
10 1.94 0.928116 -178.522 0.269429 0.631242 
10 1.94 0.929076 -178.579 0.242954 0.594752 
10 1.96 0.923302 -177.299 0.279021 0.655398 
10 1.96 0.92225 -177.284 0.312009 0.655667 
10 1.96 0.924012 -177.434 0.275358 0.640814 
10 1.96 0.923394 -177.468 0.298525 0.657814 
10 1.96 0.923412 -177.431 0.297153 0.66019 
10 1.98 0.916608 -176.024 0.368861 0.702241 
10 1.98 0.919344 -176.346 0.29658 0.653376 
10 1.98 0.916832 -175.93 0.327917 0.683734 
10 1.98 0.918722 -176.256 0.328905 0.675997 
10 1.98 0.916376 -175.784 0.35282 0.692451 
10 2 0.911066 -174.64 0.401787 0.738481 
10 2 0.911102 -174.415 0.376639 0.726746 
10 2 0.91261 -174.805 0.371867 0.703531 
10 2 0.91274 -174.782 0.361257 0.711833 
10 2 0.910674 -174.556 0.397733 0.71693 
10 2.02 0.904294 -173.078 0.436725 0.774885 
10 2.02 0.905136 -173.247 0.42734 0.753259 
10 2.02 0.905056 -173.195 0.419055 0.739585 
10 2.02 0.906088 -173.395 0.417765 0.747939 
10 2.02 0.90449 -173.078 0.42605 0.74503 
10 2.04 0.89709 -171.47 0.483642 0.777045 
10 2.04 0.896434 -171.413 0.4993 0.79627 
10 2.04 0.895646 -171.347 0.528649 0.817348 
10 2.04 0.896946 -171.507 0.485549 0.800801 
10 2.04 0.899 -171.83 0.444512 0.766413 
10 2.06 0.888664 -169.894 0.571999 0.853453 
10 2.06 0.888544 -169.681 0.53526 0.847237 
10 2.06 0.889548 -170.062 0.557536 0.851442 
10 2.06 0.889588 -169.978 0.551728 0.834339 
10 2.06 0.888498 -169.95 0.585786 0.847418 
10 2.08 0.879104 -167.91 0.636369 0.88068 
10 2.08 0.879584 -168.093 0.647796 0.902661 
10 2.08 0.880986 -168.295 0.633024 0.871507 
10 2.08 0.883498 -168.656 0.572025 0.850144 
10 2.08 0.87978 -168.045 0.627567 0.871434 
10 2.1 0.870434 -166.397 0.74081 0.945363 
10 2.1 0.873412 -166.679 0.700558 0.897059 
10 2.1 0.872728 -166.605 0.692347 0.894603 
10 2.1 0.870992 -166.367 0.718536 0.921309 
10 2.1 0.87086 -166.468 0.74249 0.927722 
10 2.12 0.861504 -164.484 0.805542 0.969948 
10 2.12 0.85879 -164.398 0.874133 0.993218 
10 2.12 0.857106 -163.844 0.841954 0.986895 
10 2.12 0.861008 -164.512 0.82285 0.979234 
10 2.12 0.861046 -164.481 0.807599 0.983995 
10 2.14 0.846782 -162.017 0.971546 1.04371 
10 2.14 0.849002 -162.589 0.971299 1.04664 
10 2.14 0.849166 -162.488 0.951396 1.02196 
10 2.14 0.850894 -162.604 0.900897 0.993255 
10 2.14 0.850324 -162.534 0.911939 1.02489 
10 2.16 0.835856 -160.025 1.03141 1.04756 
10 2.16 0.836266 -160.282 1.06825 1.07236 
10 2.16 0.83657 -160.19 1.06232 1.079 
10 2.16 0.836548 -160.226 1.03091 1.07126 
10 2.16 0.837616 -160.539 1.0758 1.06477 
10 2.18 0.826544 -158.665 1.15118 1.08189 
10 2.18 0.824286 -158.131 1.18049 1.11609 
10 2.18 0.826804 -158.55 1.16429 1.10378 
10 2.18 0.825772 -158.401 1.13962 1.07949 
10 2.18 0.825532 -158.257 1.15664 1.10532 
10 2.2 0.812864 -156.244 1.28555 1.11177 
10 2.2 0.809064 -155.917 1.35528 1.1632 
10 2.2 0.808278 -155.536 1.32766 1.12799 
10 2.2 0.808214 -155.787 1.36317 1.14218 
10 2.2 0.812686 -156.194 1.32868 1.16813 
10 2.22 0.800746 -154.292 1.36533 1.14053 
10 2.22 0.79353 -153.337 1.487 1.19766 
10 2.22 0.799514 -153.824 1.41817 1.19507 
10 2.22 0.795794 -153.606 1.45896 1.17814 
10 2.22 0.795622 -153.686 1.46056 1.18634 
10 2.24 0.781818 -151.425 1.56776 1.1949 
10 2.24 0.781542 -151.416 1.56905 1.21934 
10 2.24 0.780464 -151.047 1.57417 1.23611 
10 2.24 0.782058 -151.404 1.56004 1.19089 
10 2.24 0.781348 -151.388 1.57202 1.21876 
10 2.26 0.766468 -148.963 1.67928 1.24669 
10 2.26 0.766256 -149.111 1.69226 1.21806 
10 2.26 0.766588 -148.868 1.6519 1.21589 
10 2.26 0.765864 -148.889 1.69507 1.23315 
10 2.26 0.761756 -148.446 1.72358 1.2558 
10 2.28 0.747968 -146.327 1.83737 1.26762 
10 2.28 0.744232 -145.92 1.91225 1.28779 
10 2.28 0.748198 -146.143 1.82318 1.25305 
10 2.28 0.74526 -146.064 1.89235 1.28626 
10 2.28 0.750076 -146.31 1.78489 1.24971 
10 2.3 0.726478 -143.355 2.0297 1.3042 
10 2.3 0.729334 -143.619 1.98392 1.28656 
10 2.3 0.725008 -143.276 2.08221 1.32153 
10 2.3 0.72811 -143.586 1.98958 1.28699 
10 2.3 0.729038 -143.805 1.99181 1.26785 
10 2.32 0.709828 -140.945 2.11131 1.3186 
10 2.32 0.706166 -140.392 2.12244 1.29204 
10 2.32 0.707812 -140.818 2.1766 1.31867 
10 2.32 0.709816 -140.963 2.11778 1.29099 
10 2.32 0.70756 -140.703 2.14913 1.31618 
10 2.34 0.690948 -138.283 2.26417 1.32757 
10 2.34 0.689868 -138.304 2.22908 1.27991 
10 2.34 0.688562 -138.05 2.26837 1.32276 
10 2.34 0.693274 -138.681 2.22942 1.32839 
10 2.34 0.693644 -138.795 2.25779 1.30007 
10 2.36 0.672886 -135.892 2.35734 1.30636 
10 2.36 0.673596 -135.939 2.28564 1.25939 
10 2.36 0.67231 -135.665 2.30911 1.29567 
10 2.36 0.6788 -136.424 2.26246 1.29488 
10 2.36 0.671958 -136.172 2.40728 1.33374 
10 2.38 0.651014 -133.175 2.49433 1.30991 
10 2.38 0.65274 -133.283 2.44496 1.29574 
10 2.38 0.652256 -133.139 2.43917 1.29471 
10 2.38 0.649578 -133.149 2.47454 1.29636 
10 2.38 0.658514 -133.815 2.38005 1.28274 
10 2.4 0.630754 -130.453 2.52209 1.28398 
10 2.4 0.635566 -130.818 2.49627 1.29049 
10 2.4 0.634786 -130.811 2.499 1.29307 
10 2.4 0.638908 -131.388 2.47761 1.2919 
10 2.4 0.638172 -131.247 2.47543 1.27119 
10 2.42 0.61612 -128.344 2.559 1.27628 
10 2.42 0.6098 -127.82 2.55195 1.25801 
10 2.42 0.614448 -128.293 2.53104 1.24669 
10 2.42 0.60949 -127.635 2.56852 1.27037 
10 2.42 0.60921 -127.702 2.61847 1.28588 
10 2.44 0.594256 -125.348 2.58719 1.22798 
10 2.44 0.593944 -125.559 2.579 1.24344 
10 2.44 0.600424 -126.342 2.56375 1.20827 
10 2.44 0.594484 -125.608 2.54333 1.20923 
10 2.44 0.592274 -125.538 2.60751 1.23822 
10 2.46 0.574728 -123.112 2.62858 1.19844 
10 2.46 0.57118 -122.558 2.65479 1.23118 
10 2.46 0.578738 -123.455 2.59776 1.20484 
10 2.46 0.575094 -123.314 2.59828 1.17538 
10 2.46 0.576052 -123.372 2.64313 1.22593 
10 2.48 0.559042 -121.154 2.63834 1.16222 
10 2.48 0.552246 -120.512 2.65952 1.17218 
10 2.48 0.554086 -120.726 2.65812 1.15428 
10 2.48 0.55754 -121.216 2.64215 1.15079 
10 2.48 0.552824 -120.747 2.66743 1.20553 
10 2.5 0.537602 -118.526 2.59189 1.12158 
10 2.5 0.540376 -118.966 2.67221 1.15307 
10 2.5 0.536782 -118.43 2.6154 1.14009 
10 2.5 0.544642 -119.246 2.57887 1.11697 
10 2.5 0.537468 -118.122 2.5745 1.10357 
10 2.52 0.52923 -117.364 2.56334 1.08101 
10 2.52 0.519446 -116.018 2.6138 1.09988 
10 2.52 0.525482 -117.082 2.58289 1.07868 
10 2.52 0.519676 -116.337 2.59583 1.08961 
10 2.52 0.524428 -116.839 2.54908 1.06816 
10 2.54 0.51209 -115.218 2.52547 1.05247 
10 2.54 0.50777 -114.468 2.53569 1.06557 
10 2.54 0.50116 -114.084 2.55074 1.03059 
10 2.54 0.499246 -113.689 2.60538 1.06802 
10 2.54 0.504086 -114.414 2.53987 1.03321 
10 2.56 0.491816 -112.218 2.53102 1.04778 
10 2.56 0.49162 -112.934 2.58492 1.01578 
10 2.56 0.483956 -111.33 2.49244 1.03795 
10 2.56 0.49465 -113.006 2.46964 1.01221 
10 2.56 0.486446 -111.774 2.47809 0.988067 
10 2.58 0.465734 -109.386 2.45926 0.972543 
10 2.58 0.468054 -109.646 2.46031 0.991276 
10 2.58 0.46921 -109.818 2.41737 0.94272 
10 2.58 0.470672 -109.891 2.5239 0.993956 
10 2.58 0.471148 -109.915 2.45821 0.972786 
10 2.6 0.452892 -107.589 2.46304 0.963753 
10 2.6 0.46314 -108.994 2.4189 0.924653 
10 2.6 0.452112 -107.557 2.43123 0.936633 
10 2.6 0.457806 -108.309 2.42692 0.962273 
10 2.6 0.459098 -108.471 2.40295 0.921298 
10 2.62 0.443264 -106.398 2.37485 0.916472 
10 2.62 0.441692 -105.931 2.30149 0.886282 
10 2.62 0.44797 -106.678 2.35891 0.93473 
10 2.62 0.438672 -106.045 2.34711 0.878156 
10 2.62 0.443726 -106.44 2.29926 0.879886 
10 2.64 0.431834 -104.99 2.28134 0.844652 
10 2.64 0.432304 -104.84 2.23847 0.835421 
10 2.64 0.421282 -103.755 2.20912 0.827077 
10 2.64 0.432336 -104.511 2.27029 0.849813 
10 2.64 0.428298 -104.023 2.25501 0.850504 
10 2.66 0.408768 -101.762 2.17795 0.834866 
10 2.66 0.41795 -103.085 2.18485 0.809588 
10 2.66 0.41348 -102.316 2.17162 0.812911 
10 2.66 0.418814 -103.024 2.17858 0.801959 
10 2.66 0.414304 -102.492 2.20933 0.827567 
10 2.68 0.402822 -101.29 2.17949 0.818117 
10 2.68 0.403198 -101.143 2.14489 0.777961 
10 2.68 0.409886 -101.607 2.12486 0.784654 
10 2.68 0.406828 -101.695 2.14064 0.781599 
10 2.68 0.410716 -102.303 2.13649 0.762363 
10 2.7 0.391006 -99.428 2.05818 0.769219 
10 2.7 0.392376 -99.784 2.05819 0.767019 
10 2.7 0.394742 -100.438 2.0898 0.739376 
10 2.7 0.390974 -99.524 2.04928 0.748937 
10 2.7 0.392748 -99.52 2.07206 0.744718 
10 2.72 0.376204 -97.6528 1.99456 0.727722 
10 2.72 0.383108 -98.1264 1.98336 0.723439 
10 2.72 0.381438 -98.2624 1.99582 0.718622 
10 2.72 0.381628 -98.0032 1.97222 0.730441 
10 2.72 0.384876 -98.6752 2.00833 0.726399 
10 2.74 0.3723 -96.8032 1.94011 0.7177 
10 2.74 0.367706 -96.4136 1.88693 0.679548 
10 2.74 0.370894 -97.0784 1.95138 0.681011 
10 2.74 0.375056 -97.6076 1.92144 0.681285 
10 2.74 0.372294 -96.8588 1.92904 0.700794 
10 2.76 0.357402 -95.4884 1.83848 0.651744 
10 2.76 0.359974 -95.4536 1.84447 0.652668 
10 2.76 0.365846 -95.6632 1.88584 0.675129 
10 2.76 0.364812 -95.928 1.8563 0.653369 
10 2.76 0.35998 -95.4996 1.85828 0.664294 
10 2.78 0.355734 -94.2516 1.7978 0.643011 
10 2.78 0.352062 -94.38 1.78907 0.65621 
10 2.78 0.35355 -93.8744 1.79197 0.648517 
10 2.78 0.352846 -94.38 1.76554 0.630679 
10 2.78 0.35574 -94.4832 1.78814 0.659407 
10 2.8 0.338852 -91.9764 1.72182 0.639769 
10 2.8 0.343518 -92.956 1.75849 0.6135 
10 2.8 0.335334 -92.4888 1.68491 0.606671 
10 2.8 0.341486 -92.7736 1.69566 0.612086 
10 2.8 0.341176 -93.096 1.72363 0.62068 
10 2.82 0.335938 -91.888 1.68134 0.592554 
10 2.82 0.34529 -93.114 1.69536 0.589285 
10 2.82 0.334424 -91.3668 1.6755 0.612316 
10 2.82 0.33721 -92.0424 1.70382 0.597223 
10 2.82 0.333678 -91.4772 1.65357 0.58785 
10 2.84 0.329936 -90.7524 1.59994 0.559901 
10 2.84 0.325412 -90.5796 1.60238 0.56444 
10 2.84 0.319962 -89.6632 1.59264 0.574515 
10 2.84 0.324826 -90.0448 1.59432 0.574372 
10 2.84 0.329438 -91.0936 1.62263 0.577541 
10 2.86 0.323544 -89.8808 1.5849 0.557045 
10 2.86 0.319972 -89.3572 1.54779 0.538056 
10 2.86 0.31696 -89.2344 1.53126 0.552093 
10 2.86 0.319582 -89.5396 1.55556 0.558109 
10 2.86 0.320726 -89.1724 1.53621 0.565684 
10 2.88 0.315316 -89.0408 1.52075 0.542996 
10 2.88 0.31901 -88.9696 1.5115 0.529391 
10 2.88 0.311934 -88.42 1.49383 0.535092 
10 2.88 0.314492 -88.6064 1.48602 0.510706 
10 2.88 0.316224 -88.3848 1.48092 0.524918 
10 2.9 0.307432 -87.6088 1.45259 0.525801 
10 2.9 0.310634 -88.062 1.46239 0.513169 
10 2.9 0.304036 -87.012 1.42695 0.51695 
10 2.9 0.307418 -87.6524 1.43741 0.512201 
10 2.9 0.300038 -86.1328 1.38686 0.509734 
10 2.92 0.299432 -85.674 1.37456 0.495552 
10 2.92 0.301844 -86.052 1.40982 0.507803 
10 2.92 0.30108 -86.2084 1.37857 0.490611 
10 2.92 0.300222 -86.55 1.38469 0.496778 
10 2.92 0.298698 -86.1164 1.38286 0.501928 
10 2.94 0.2916 -85.2712 1.33141 0.461386 
10 2.94 0.294556 -85.3308 1.33661 0.492291 
10 2.94 0.299544 -86.5164 1.39303 0.487203 
10 2.94 0.297802 -85.2032 1.34773 0.482697 
10 2.94 0.297042 -85.566 1.35 0.48558 
10 2.96 0.288216 -83.9872 1.28361 0.466475 
10 2.96 0.284344 -83.9236 1.3025 0.46379 
10 2.96 0.287708 -84.744 1.29291 0.445975 
10 2.96 0.28902 -84.266 1.28148 0.463511 
10 2.96 0.283206 -83.3156 1.26864 0.469796 
10 2.98 0.28151 -83.1168 1.27941 0.481903 
10 2.98 0.284378 -83.706 1.2578 0.45063 
10 2.98 0.282014 -83.5228 1.28067 0.463043 
10 2.98 0.282018 -83.05 1.24842 0.450144 
10 2.98 0.27955 -82.7568 1.23619 0.45252 
10 3 0.276424 -82.484 1.20358 0.44519 
10 3 0.281044 -83.4792 1.23875 0.446614 
10 3 0.282526 -83.4596 1.22511 0.429235 
10 3 0.273752 -81.514 1.19388 0.443286 
10 3 0.274654 -82.1244 1.19238 0.418287 
20 1.5 0.986334 -780.258 0.0279338 0.200589 
20 1.5 0.986459 -780.388 0.0271593 0.199422 
20 1.5 0.986617 -780.662 0.0268923 0.193844 
20 1.5 0.986561 -780.535 0.0271798 0.198159 
20 1.5 0.986626 -780.659 0.0275485 0.197928 
20 1.52 0.985292 -778.835 0.0299736 0.209447 
20 1.52 0.985174 -778.644 0.0303426 0.211933 
20 1.52 0.985342 -778.86 0.0295705 0.208988 
20 1.52 0.985361 -778.929 0.029846 0.20821 
20 1.52 0.985368 -778.888 0.0293104 0.209268 
20 1.54 0.984138 -777.192 0.0314148 0.216981 
20 1.54 0.983996 -777.039 0.0324109 0.220167 
20 1.54 0.983951 -777.011 0.0336891 0.229342 
20 1.54 0.984005 -777.088 0.0329026 0.223312 
20 1.54 0.984079 -777.189 0.0321923 0.217448 
20 1.56 0.982715 -775.299 0.0349163 0.234827 
20 1.56 0.982476 -775.074 0.0360806 0.233479 
20 1.56 0.982738 -775.36 0.0352918 0.234221 
20 1.56 0.982502 -775.086 0.0363333 0.23557 
20 1.56 0.982735 -775.388 0.0360832 0.235624 
20 1.58 0.981385 -773.588 0.0382384 0.24199 
20 1.58 0.981284 -773.515 0.0404741 0.252612 
20 1.58 0.980999 -773.046 0.0403806 0.257139 
20 1.58 0.981039 -773.204 0.040333 0.249745 
20 1.58 0.981 -773.068 0.0391215 0.248729 
20 1.6 0.979525 -771.229 0.0447831 0.266628 
20 1.6 0.979598 -771.314 0.0436816 0.261338 
20 1.6 0.979839 -771.514 0.042021 0.261326 
20 1.6 0.979696 -771.341 0.0422494 0.262715 
20 1.6 0.979465 -771.144 0.0438084 0.26238 
20 1.62 0.977835 -768.982 0.0473475 0.278391 
20 1.62 0.978053 -769.315 0.04728 0.27805 
20 1.62 0.977624 -768.683 0.0477678 0.277189 
20 1.62 0.977952 -769.235 0.0476359 0.274645 
20 1.62 0.97771 -768.869 0.0493705 0.285847 
20 1.64 0.976129 -766.813 0.0530126 0.295495 
20 1.64 0.976329 -766.978 0.0517719 0.289878 
20 1.64 0.976143 -766.812 0.0520256 0.292041 
20 1.64 0.976001 -766.643 0.0525605 0.296231 
20 1.64 0.976313 -767.152 0.0522759 0.294165 
20 1.66 0.973946 -764.117 0.0587058 0.314203 
20 1.66 0.974521 -764.817 0.0566736 0.305686 
20 1.66 0.974576 -764.786 0.0568502 0.314976 
20 1.66 0.974344 -764.54 0.0577862 0.308743 
20 1.66 0.974195 -764.48 0.0586101 0.312598 
20 1.68 0.972506 -762.276 0.0611798 0.323008 
20 1.68 0.972065 -761.867 0.0656776 0.32512 
20 1.68 0.972269 -762.069 0.063179 0.323587 
20 1.68 0.972328 -762.108 0.0637108 0.323561 
20 1.68 0.972167 -761.78 0.0622665 0.330382 
20 1.7 0.970002 -759.176 0.0697882 0.343905 
20 1.7 0.970156 -759.434 0.0690807 0.339472 
20 1.7 0.970016 -759.195 0.0701452 0.344537 
20 1.7 0.970237 -759.452 0.0679609 0.340317 
20 1.7 0.969984 -759.153 0.0712929 0.347789 
20 1.72 0.967869 -756.598 0.0760787 0.356567 
20 1.72 0.967642 -756.342 0.0765395 0.358446 
20 1.72 0.967667 -756.362 0.07624 0.358914 
20 1.72 0.968053 -756.721 0.0749043 0.361052 
20 1.72 0.968158 -756.806 0.0759947 0.364719 
20 1.74 0.965569 -753.819 0.0826513 0.374773 
20 1.74 0.965432 -753.572 0.0809893 0.375658 
20 1.74 0.965007 -753.2 0.0868546 0.38659 
20 1.74 0.965359 -753.576 0.0822111 0.371758 
20 1.74 0.96521 -753.419 0.0836692 0.377256 
20 1.76 0.96237 -750.145 0.0946791 0.401827 
20 1.76 0.962777 -750.514 0.0921348 0.394606 
20 1.76 0.96286 -750.43 0.091824 0.398849 
20 1.76 0.962965 -750.632 0.0893314 0.394037 
20 1.76 0.962734 -750.638 0.096858 0.401777 
20 1.78 0.959877 -747.167 0.0999674 0.414181 
20 1.78 0.959846 -747.113 0.10328 0.422456 
20 1.78 0.960116 -747.401 0.0996925 0.414931 
20 1.78 0.959542 -746.901 0.106192 0.424455 
20 1.78 0.959837 -747.149 0.103258 0.419114 
20 1.8 0.956749 -743.75 0.116856 0.433974 
20 1.8 0.956721 -743.574 0.117459 0.442461 
20 1.8 0.956898 -743.846 0.114351 0.438038 
20 1.8 0.95728 -744.244 0.113139 0.43556 
20 1.8 0.956725 -743.55 0.114468 0.443918 
20 1.82 0.953725 -740.24 0.126622 0.47228 
20 1.82 0.953951 -740.316 0.122991 0.456299 
20 1.82 0.953544 -740.056 0.127997 0.462198 
20 1.82 0.953905 -740.511 0.126381 0.458203 
20 1.82 0.953318 -739.809 0.12882 0.46002 
20 1.84 0.950514 -736.736 0.143429 0.480759 
20 1.84 0.950111 -736.251 0.142197 0.493167 
20 1.84 0.950017 -736.292 0.141375 0.479075 
20 1.84 0.950419 -736.701 0.146835 0.489244 
20 1.84 0.950251 -736.313 0.134496 0.4742 
20 1.86 0.946339 -731.99 0.157208 0.524229 
20 1.86 0.946532 -732.414 0.160452 0.51342 
20 1.86 0.946576 -732.247 0.157202 0.516742 
20 1.86 0.946829 -732.694 0.155205 0.510158 
20 1.86 0.946332 -732.118 0.156892 0.498124 
20 1.88 0.942952 -728.272 0.169715 0.528532 
20 1.88 0.94259 -728.297 0.179267 0.537208 
20 1.88 0.943045 -728.57 0.172029 0.535377 
20 1.88 0.942239 -727.905 0.181215 0.539328 
20 1.88 0.942309 -728.042 0.177028 0.543136 
20 1.9 0.938199 -723.912 0.198991 0.563311 
20 1.9 0.938189 -723.594 0.196624 0.566822 
20 1.9 0.937602 -723.399 0.210978 0.571751 
20 1.9 0.938157 -723.682 0.205419 0.581033 
20 1.9 0.937807 -723.188 0.20038 0.562358 
20 1.92 0.933947 -719.281 0.21847 0.585276 
20 1.92 0.934005 -719.444 0.221744 0.580885 
20 1.92 0.933546 -719.257 0.230694 0.604398 
20 1.92 0.933885 -719.398 0.224196 0.593833 
20 1.92 0.933631 -719.194 0.225939 0.599461 
20 1.94 0.928804 -714.382 0.248635 0.616525 
20 1.94 0.929202 -714.48 0.236006 0.59184 
20 1.94 0.929205 -714.453 0.244753 0.620023 
20 1.94 0.929148 -714.661 0.242195 0.607585 
20 1.94 0.928498 -714.11 0.248358 0.611066 
20 1.96 0.923316 -709.369 0.301066 0.660934 
20 1.96 0.923646 -709.546 0.292195 0.653166 
20 1.96 0.922784 -709.021 0.305002 0.667854 
20 1.96 0.924245 -710.099 0.291821 0.658124 
20 1.96 0.923688 -709.226 0.276262 0.64658 
20 1.98 0.917884 -703.985 0.340654 0.711364 
20 1.98 0.916997 -703.653 0.363673 0.699431 
20 1.98 0.917729 -703.689 0.324842 0.686162 
20 1.98 0.917261 -703.463 0.318253 0.683163 
20 1.98 0.917689 -704.006 0.337657 0.687635 
20 2 0.910762 -698.1 0.412841 0.7455 
20 2 0.910657 -698.003 0.440091 0.730504 
20 2 0.911083 -698.23 0.399951 0.729647 
20 2 0.91078 -697.892 0.379909 0.727925 
20 2 0.911843 -698.711 0.380162 0.717044 
20 2.02 0.904971 -692.695 0.438301 0.739833 
20 2.02 0.903998 -692.099 0.472485 0.766485 
20 2.02 0.904771 -692.606 0.455129 0.764157 
20 2.02 0.905323 -693.072 0.446588 0.748365 
20 2.02 0.904529 -692.644 0.47248 0.78338 
20 2.04 0.896771 -685.891 0.54008 0.805796 
20 2.04 0.896715 -685.956 0.532161 0.805108 
20 2.04 0.897332 -686.518 0.531032 0.809164 
20 2.04 0.896344 -685.607 0.562059 0.804107 
20 2.04 0.897705 -686.524 0.523354 0.785126 
20 2.06 0.888259 -679.179 0.62908 0.855786 
20 2.06 0.888947 -679.713 0.63794 0.86178 
20 2.06 0.888326 -679.393 0.649774 0.861439 
20 2.06 0.889747 -680.208 0.61129 0.829391 
20 2.06 0.888144 -679.187 0.646655 0.852493 
20 2.08 0.878348 -672.182 0.792923 0.879175 
20 2.08 0.879438 -672.364 0.758387 0.891212 
20 2.08 0.878283 -671.666 0.757414 0.907821 
20 2.08 0.878765 -671.99 0.755068 0.891694 
20 2.08 0.879417 -672.316 0.789019 0.924824 
20 2.1 0.868869 -665.068 0.981259 0.961908 
20 2.1 0.868955 -665.29 0.991771 0.973619 
20 2.1 0.86803 -664.437 1.01115 0.991251 
20 2.1 0.869018 -664.972 0.93619 0.942291 
20 2.1 0.868919 -664.794 0.958183 0.978149 
20 2.12 0.856612 -656.58 1.16372 1.01887 
20 2.12 0.857076 -656.939 1.17141 1.02047 
20 2.12 0.856945 -656.944 1.16939 1.00361 
20 2.12 0.856916 -656.87 1.15719 1.00828 
20 2.12 0.857756 -656.904 1.12753 1.0394 
20 2.14 0.843079 -647.831 1.39495 1.07477 
20 2.14 0.845302 -649.486 1.42597 1.09399 
20 2.14 0.843342 -648.095 1.46281 1.09689 
20 2.14 0.842778 -648.287 1.54146 1.11688 
20 2.14 0.841343 -648.371 1.68588 1.12245 
20 2.16 0.827878 -639.596 1.9779 1.17114 
20 2.16 0.827929 -640.098 2.02371 1.19507 
20 2.16 0.827966 -639.462 1.90912 1.17381 
20 2.16 0.828488 -639.237 1.85829 1.14038 
20 2.16 0.82942 -640.103 1.84556 1.16499 
20 2.18 0.809218 -629.273 2.47254 1.28585 
20 2.18 0.811032 -629.724 2.30377 1.2531 
20 2.18 0.81162 -630.247 2.34864 1.21759 
20 2.18 0.809639 -629.571 2.51524 1.27429 
20 2.18 0.809137 -629.156 2.43692 1.26436 
20 2.2 0.787941 -618.278 3.10555 1.35271 
20 2.2 0.789651 -619.369 3.1229 1.31655 
20 2.2 0.790876 -619.536 2.93667 1.31168 
20 2.2 0.789403 -618.799 3.05688 1.32002 
20 2.2 0.790422 -619.975 3.08014 1.36906 
20 2.22 0.769261 -608.933 3.60397 1.3959 
20 2.22 0.767532 -608.454 3.6951 1.41811 
20 2.22 0.765285 -608.427 3.94792 1.43584 
20 2.22 0.768854 -608.711 3.77314 1.42298 
20 2.22 0.765454 -607.798 3.77538 1.41385 
20 2.24 0.736437 -595.46 4.87619 1.52443 
20 2.24 0.738457 -596.006 4.74504 1.52669 
20 2.24 0.739552 -596.149 4.73334 1.50368 
20 2.24 0.739613 -596.386 4.62974 1.50068 
20 2.24 0.7378 -595.839 4.83532 1.48843 
20 2.26 0.707637 -583.394 5.63467 1.58766 
20 2.26 0.708749 -584.039 5.77975 1.58458 
20 2.26 0.708649 -583.79 5.67756 1.59818 
20 2.26 0.708128 -583.673 5.70758 1.58159 
20 2.26 0.706749 -583.486 5.69709 1.61391 
20 2.28 0.674014 -570.112 6.56258 1.64359 
20 2.28 0.676017 -570.971 6.50176 1.64421 
20 2.28 0.67836 -572.007 6.46687 1.60848 
20 2.28 0.674313 -570.266 6.68781 1.68629 
20 2.28 0.676619 -571.6 6.66299 1.62104 
20 2.3 0.636493 -557.8 7.70465 1.68578 
20 2.3 0.638655 -557.607 7.58046 1.68304 
20 2.3 0.64155 -559.066 7.46754 1.6343 
20 2.3 0.64 -558.452 7.55615 1.68415 
20 2.3 0.636998 -557.505 7.61611 1.68272 
20 2.32 0.604416 -545.922 8.16825 1.66494 
20 2.32 0.602898 -544.102 8.19804 1.65944 
20 2.32 0.60319 -544.45 8.14439 1.66673 
20 2.32 0.603114 -545.481 8.22784 1.65521 
20 2.32 0.601363 -544.366 8.26001 1.65725 
20 2.34 0.564554 -531.479 8.81233 1.63221 
20 2.34 0.561628 -530.841 8.61694 1.57321 
20 2.34 0.558618 -529.989 8.91725 1.62926 
20 2.34 0.568667 -532.671 8.59771 1.61456 
20 2.34 0.567408 -532.472 8.68872 1.62635 
20 2.36 0.525184 -518.704 9.00725 1.56715 
20 2.36 0.528951 -519.472 9.03014 1.59391 
20 2.36 0.52741 -519.238 8.84355 1.53793 
20 2.36 0.519646 -516.914 8.93845 1.5641 
20 2.36 0.522783 -517.72 8.94271 1.55766 
20 2.38 0.48552 -505.213 9.17593 1.50656 
20 2.38 0.487296 -506.236 9.05308 1.48247 
20 2.38 0.491831 -506.623 8.78175 1.46172 
20 2.38 0.486586 -505.547 8.93864 1.51057 
20 2.38 0.483336 -505.558 9.18629 1.48919 
20 2.4 0.455738 -495.288 8.75555 1.39677 
20 2.4 0.455486 -495.24 8.84629 1.42023 
20 2.4 0.448876 -494.19 8.97161 1.4118 
20 2.4 0.458161 -496.079 8.70655 1.40405 
20 2.4 0.455786 -495.272 8.78922 1.38746 
20 2.42 0.419965 -483.522 8.44923 1.32182 
20 2.42 0.425289 -484.926 8.41121 1.28566 
20 2.42 0.417783 -483.306 8.47053 1.28234 
20 2.42 0.423809 -484.346 8.67139 1.34397 
20 2.42 0.42267 -483.782 8.57976 1.30298 
20 2.44 0.390586 -472.943 7.98483 1.20839 
20 2.44 0.389945 -473.462 8.06027 1.21883 
20 2.44 0.39453 -474.776 8.00815 1.21344 
20 2.44 0.394793 -473.896 7.95627 1.22054 
20 2.44 0.389939 -473.366 8.14657 1.23312 
20 2.46 0.37019 -465.104 7.53948 1.16808 
20 2.46 0.366914 -464.575 7.44868 1.13332 
20 2.46 0.368262 -464.991 7.64097 1.14733 
20 2.46 0.366552 -465.242 7.68682 1.14787 
20 2.46 0.365987 -464.296 7.47975 1.12656 
20 2.48 0.340637 -454.583 7.05954 1.04729 
20 2.48 0.34105 -454.73 6.99661 1.0901 
20 2.48 0.339291 -455.46 6.88299 1.0249 
20 2.48 0.338608 -455.187 6.87341 1.04764 
20 2.48 0.341247 -455.694 6.9777 1.06787 
20 2.5 0.318138 -448.051 6.46298 0.970318 
20 2.5 0.321756 -447.707 6.46208 0.968717 
20 2.5 0.319223 -447.76 6.60864 1.01442 
20 2.5 0.317079 -446.271 6.40328 0.999775 
20 2.5 0.317488 -446.5 6.44039 0.964528 
20 2.52 0.296804 -438.398 5.90986 0.913587 
20 2.52 0.302065 -439.283 6.04281 0.935837 
20 2.52 0.299656 -438.596 5.99153 0.913085 
20 2.52 0.298385 -439.212 5.90332 0.930749 
20 2.52 0.298087 -439.6 5.9365 0.906071 
20 2.54 0.286337 -431.554 5.53956 0.861966 
20 2.54 0.28005 -429.616 5.34586 0.859072 
20 2.54 0.281672 -431.775 5.45928 0.861924 
20 2.54 0.283945 -431.188 5.43799 0.884567 
20 2.54 0.285542 -433.934 5.5185 0.857372 
20 2.56 0.272434 -425.302 5.15837 0.824965 
20 2.56 0.268577 -424.567 5.21441 0.850482 
20 2.56 0.270072 -425.705 5.05548 0.810487 
20 2.56 0.268504 -424.906 5.05671 0.85258 
20 2.56 0.267981 -425.032 5.00165 0.808437 
20 2.58 0.255855 -418.609 4.6825 0.78024 
20 2.58 0.252585 -418.069 4.64132 0.773354 
20 2.58 0.25562 -418.669 4.60698 0.766342 
20 2.58 0.255596 -419.489 4.59356 0.771527 
20 2.58 0.252965 -418.39 4.64103 0.790387 
20 2.6 0.24312 -412.381 4.28934 0.73109 
20 2.6 0.240551 -411.228 4.1812 0.742074 
20 2.6 0.245529 -412.122 4.30182 0.71741 
20 2.6 0.240368 -411.708 4.21325 0.744848 
20 2.6 0.246729 -413.869 4.44093 0.729707 
20 2.62 0.232607 -407.131 4.00293 0.71115 
20 2.62 0.231313 -406.066 3.99746 0.704714 
20 2.62 0.233623 -408.009 3.98759 0.687477 
20 2.62 0.234876 -406.479 4.04314 0.702628 
20 2.62 0.232743 -407.075 4.05582 0.71001 
20 2.64 0.226999 -402.641 3.74591 0.691636 
20 2.64 0.225942 -402.872 3.77751 0.671003 
20 2.64 0.221992 -401.212 3.64464 0.66428 
20 2.64 0.220979 -401.018 3.7583 0.663511 
20 2.64 0.223122 -402.704 3.72491 0.701174 
20 2.66 0.215545 -396.764 3.48001 0.649532 
20 2.66 0.211766 -396.02 3.42945 0.666631 
20 2.66 0.216742 -396.68 3.48471 0.670853 
20 2.66 0.216022 -396.188 3.47472 0.665139 
20 2.66 0.210984 -394.007 3.4109 0.657333 
20 2.68 0.208532 -391.84 3.25185 0.627451 
20 2.68 0.20794 -391.06 3.2515 0.628068 
20 2.68 0.201792 -389.226 3.11171 0.642148 
20 2.68 0.20657 -391.321 3.21229 0.64064 
20 2.68 0.208398 -391.373 3.25072 0.628049 
20 2.7 0.198849 -385.992 2.99946 0.590906 
20 2.7 0.201409 -386.568 3.02966 0.6053 
20 2.7 0.199948 -387.617 3.01762 0.61652 
20 2.7 0.197608 -384.929 2.93855 0.578588 
20 2.7 0.200013 -385.584 2.95932 0.606878 
20 2.72 0.191602 -380.876 2.79058 0.578183 
20 2.72 0.194192 -380.003 2.84382 0.595091 
20 2.72 0.191915 -382.684 2.78044 0.585134 
20 2.72 0.1956 -382.477 2.89712 0.592731 
20 2.72 0.192607 -381.19 2.8153 0.570612 
20 2.74 0.189112 -377.432 2.72448 0.566367 
20 2.74 0.189972 -378.576 2.71204 0.572205 
20 2.74 0.188256 -376.887 2.67386 0.596554 
20 2.74 0.188176 -375.773 2.63699 0.544116 
20 2.74 0.189685 -378.242 2.61926 0.529099 
20 2.76 0.183868 -372.273 2.53217 0.550424 
20 2.76 0.180898 -372.745 2.47581 0.529893 
20 2.76 0.184034 -373.671 2.58864 0.560054 
20 2.76 0.182983 -374.6 2.56546 0.550112 
20 2.76 0.181831 -372.651 2.56664 0.562301 
20 2.78 0.176438 -368.148 2.32283 0.527738 
20 2.78 0.17725 -369.574 2.31817 0.522742 
20 2.78 0.174746 -367.119 2.34492 0.531043 
20 2.78 0.1739 -367.432 2.31021 0.53876 
20 2.78 0.174603 -367.923 2.30347 0.513629 
20 2.8 0.172121 -362.403 2.20814 0.503336 
20 2.8 0.170558 -363.019 2.22976 0.5133 
20 2.8 0.16987 -363.15 2.18913 0.493668 
20 2.8 0.169743 -363.032 2.17028 0.502873 
20 2.8 0.169072 -364.04 2.15089 0.507259 
20 2.82 0.164943 -360.091 2.07825 0.490262 
20 2.82 0.165671 -358.78 2.02135 0.51354 
20 2.82 0.166198 -356.375 2.06457 0.525714 
20 2.82 0.168291 -359.442 2.07991 0.504735 
20 2.82 0.165292 -358.112 2.03488 0.461687 
20 2.84 0.159804 -355.048 1.92825 0.484373 
20 2.84 0.163589 -356.09 2.06506 0.49995 
20 2.84 0.162009 -356.626 1.99024 0.50663 
20 2.84 0.162077 -357.221 2.00356 0.471392 
20 2.84 0.159867 -354.634 1.92717 0.491458 
20 2.86 0.156251 -349.817 1.84587 0.489836 
20 2.86 0.15759 -353.11 1.87846 0.456549 
20 2.86 0.158331 -351.519 1.85357 0.486389 
20 2.86 0.160328 -351.031 1.91468 0.49909 
20 2.86 0.159898 -353.61 1.90454 0.463073 
20 2.88 0.152881 -348.45 1.78335 0.450193 
20 2.88 0.154802 -347.626 1.81924 0.485325 
20 2.88 0.153071 -348.398 1.75911 0.467537 
20 2.88 0.152111 -347.316 1.7247 0.46009 
20 2.88 0.156212 -349.208 1.86632 0.496112 
20 2.9 0.147521 -342.887 1.67945 0.463628 
20 2.9 0.151875 -345.506 1.70309 0.431403 
20 2.9 0.151382 -344.604 1.67927 0.441532 
20 2.9 0.150075 -344.168 1.69591 0.444176 
20 2.9 0.152418 -344.914 1.69555 0.431277 
20 2.92 0.147769 -340.295 1.60184 0.44128 
20 2.92 0.147169 -339.751 1.59875 0.437108 
20 2.92 0.149859 -341.831 1.68877 0.461926 
20 2.92 0.148386 -340.779 1.60741 0.436679 
20 2.92 0.149115 -341.363 1.67199 0.446712 
20 2.94 0.142639 -336.908 1.50884 0.407603 
20 2.94 0.14405 -336.423 1.50245 0.423693 
20 2.94 0.146319 -335.897 1.59329 0.423783 
20 2.94 0.145916 -338.216 1.52951 0.434376 
20 2.94 0.144866 -335.656 1.51925 0.424003 
20 2.96 0.141323 -333.381 1.46843 0.426338 
20 2.96 0.140014 -334.501 1.43806 0.419022 
20 2.96 0.142964 -333.66 1.52508 0.404722 
20 2.96 0.142106 -335.445 1.47789 0.432572 
20 2.96 0.141599 -332.447 1.4969 0.40945 
20 2.98 0.138303 -331.448 1.39758 0.399012 
20 2.98 0.139082 -329.581 1.43274 0.410322 
20 2.98 0.139267 -328.181 1.39202 0.418315 
20 2.98 0.138471 -329.385 1.39733 0.424556 
20 2.98 0.141325 -330.826 1.46688 0.415738 
20 3 0.134828 -326.33 1.32736 0.3973 
20 3 0.137914 -326.982 1.39211 0.407167 
20 3 0.137628 -326.982 1.40134 0.400343 
20 3 0.139184 -327.95 1.41651 0.434255 
20 3 0.137359 -325.09 1.33972 0.376631 
30 1.5 0.986529 -1756.1 0.0268678 0.196654 
30 1.5 0.986527 -1756.07 0.0259622 0.190823 
30 1.5 0.986421 -1755.73 0.0267165 0.19578 
30 1.5 0.98648 -1755.99 0.0279104 0.201789 
30 1.5 0.986618 -1756.33 0.0263124 0.193861 
30 1.52 0.985266 -1752.24 0.0297417 0.20971 
30 1.52 0.985391 -1752.7 0.0290992 0.203778 
30 1.52 0.985253 -1752.1 0.0301173 0.214241 
30 1.52 0.9852 -1752.1 0.0307606 0.214896 
30 1.52 0.985209 -1752.03 0.0297149 0.210899 
30 1.54 0.98412 -1748.83 0.0329395 0.221562 
30 1.54 0.984098 -1748.6 0.0325585 0.222679 
30 1.54 0.983994 -1748.47 0.0333348 0.223501 
30 1.54 0.983956 -1748.37 0.0336593 0.226165 
30 1.54 0.984064 -1748.48 0.0313144 0.217667 
30 1.56 0.982684 -1744.4 0.0352795 0.23332 
30 1.56 0.982545 -1744.06 0.0368188 0.239865 
30 1.56 0.982745 -1744.67 0.0353616 0.230585 
30 1.56 0.982521 -1744.13 0.0364215 0.234374 
30 1.56 0.982509 -1743.97 0.0358548 0.234836 
30 1.58 0.981106 -1739.74 0.0392264 0.246948 
30 1.58 0.98118 -1740.02 0.0389076 0.242818 
30 1.58 0.981017 -1739.58 0.040917 0.256406 
30 1.58 0.981124 -1739.85 0.0402564 0.250674 
30 1.58 0.981358 -1740.44 0.0384672 0.243842 
30 1.6 0.979748 -1735.76 0.0431235 0.262492 
30 1.6 0.979667 -1735.64 0.0442432 0.268372 
30 1.6 0.979597 -1735.34 0.0435853 0.265682 
30 1.6 0.979739 -1735.72 0.0432719 0.266789 
30 1.6 0.979478 -1735.04 0.043394 0.258564 
30 1.62 0.977988 -1730.74 0.0463891 0.274893 
30 1.62 0.977869 -1730.46 0.0484823 0.279024 
30 1.62 0.97776 -1730.05 0.046881 0.271253 
30 1.62 0.977844 -1730.3 0.0492996 0.28225 
30 1.62 0.97805 -1730.94 0.0474738 0.27562 
30 1.64 0.976497 -1726.28 0.050479 0.28724 
30 1.64 0.976224 -1725.55 0.0506934 0.28439 
30 1.64 0.976144 -1725.39 0.0512284 0.288161 
30 1.64 0.976153 -1725.42 0.0524367 0.291524 
30 1.64 0.976224 -1725.45 0.0510964 0.289976 
30 1.66 0.974147 -1719.84 0.0588805 0.316127 
30 1.66 0.974262 -1720.11 0.0586621 0.310712 
30 1.66 0.974104 -1719.65 0.0588314 0.314181 
30 1.66 0.97433 -1720.1 0.0555849 0.304911 
30 1.66 0.97419 -1719.87 0.0574771 0.30723 
30 1.68 0.972344 -1714.6 0.0616767 0.322541 
30 1.68 0.972566 -1715.02 0.0611283 0.324816 
30 1.68 0.972203 -1714.1 0.0625617 0.324396 
30 1.68 0.972104 -1714.05 0.0624867 0.323465 
30 1.68 0.972255 -1714.29 0.0627714 0.325646 
30 1.7 0.969876 -1707.88 0.0703767 0.347749 
30 1.7 0.9698 -1707.49 0.0685779 0.342525 
30 1.7 0.970104 -1708.48 0.0695942 0.340594 
30 1.7 0.970228 -1708.66 0.0686799 0.345981 
30 1.7 0.969964 -1708.07 0.0698006 0.343606 
30 1.72 0.967688 -1701.9 0.0770878 0.362847 
30 1.72 0.967774 -1702.17 0.0768258 0.361681 
30 1.72 0.967716 -1701.75 0.0764605 0.363567 
30 1.72 0.96787 -1702.22 0.0752581 0.353024 
30 1.72 0.967773 -1701.89 0.0738579 0.351854 
30 1.74 0.965295 -1695.61 0.0860012 0.377187 
30 1.74 0.965133 -1694.94 0.0839216 0.379525 
30 1.74 0.965393 -1695.67 0.0833749 0.375497 
30 1.74 0.965151 -1695.07 0.0856013 0.384286 
30 1.74 0.96531 -1695.3 0.0833517 0.375823 
30 1.76 0.962629 -1688.31 0.0924198 0.388383 
30 1.76 0.962657 -1688.46 0.0926783 0.396634 
30 1.76 0.962651 -1688.25 0.0894418 0.391239 
30 1.76 0.96278 -1688.69 0.092886 0.397952 
30 1.76 0.962708 -1688.54 0.0946505 0.401384 
30 1.78 0.959625 -1680.47 0.104416 0.42483 
30 1.78 0.959866 -1681.18 0.101058 0.406859 
30 1.78 0.960009 -1681.54 0.102678 0.421252 
30 1.78 0.959814 -1680.87 0.101931 0.416674 
30 1.78 0.959674 -1680.59 0.102899 0.424617 
30 1.8 0.95677 -1673.25 0.115108 0.44056 
30 1.8 0.95665 -1672.9 0.116646 0.443488 
30 1.8 0.956791 -1673.04 0.11204 0.435351 
30 1.8 0.956857 -1673.33 0.112131 0.438666 
30 1.8 0.956706 -1673.03 0.115359 0.440259 
30 1.82 0.9536 -1665.32 0.129017 0.470566 
30 1.82 0.953672 -1665.15 0.119582 0.441265 
30 1.82 0.953769 -1665.42 0.126861 0.458708 
30 1.82 0.953502 -1665.09 0.129884 0.463594 
30 1.82 0.95365 -1665.2 0.120685 0.448816 
30 1.84 0.950181 -1656.58 0.139688 0.479147 
30 1.84 0.950132 -1656.77 0.144962 0.486339 
30 1.84 0.950356 -1657.14 0.138417 0.483318 
30 1.84 0.950433 -1657.24 0.138614 0.483887 
30 1.84 0.950283 -1657.07 0.139429 0.484545 
30 1.86 0.946085 -1646.87 0.155938 0.504486 
30 1.86 0.946299 -1647.43 0.158966 0.515031 
30 1.86 0.946602 -1648.02 0.163889 0.52215 
30 1.86 0.9468 -1648.09 0.153015 0.513167 
30 1.86 0.946671 -1648.14 0.154803 0.503217 
30 1.88 0.942548 -1638.44 0.175225 0.534176 
30 1.88 0.942503 -1638.22 0.178089 0.531807 
30 1.88 0.942653 -1638.48 0.173669 0.534438 
30 1.88 0.942374 -1638.33 0.187383 0.545552 
30 1.88 0.942685 -1638.64 0.177285 0.537023 
30 1.9 0.938336 -1628.76 0.208123 0.580546 
30 1.9 0.93825 -1628.31 0.202098 0.578902 
30 1.9 0.938039 -1627.95 0.199637 0.56771 
30 1.9 0.938318 -1628.61 0.201904 0.5713 
30 1.9 0.938306 -1628.4 0.195342 0.55985 
30 1.92 0.933206 -1617.02 0.225411 0.596424 
30 1.92 0.933972 -1618.4 0.218378 0.58833 
30 1.92 0.933658 -1618.11 0.222786 0.597788 
30 1.92 0.934035 -1618.53 0.215881 0.586059 
30 1.92 0.934021 -1619.04 0.22239 0.588332 
30 1.94 0.928733 -1606.89 0.251141 0.625838 
30 1.94 0.929005 -1607.58 0.252811 0.621645 
30 1.94 0.928889 -1607.51 0.256467 0.624464 
30 1.94 0.928593 -1607.08 0.255309 0.63254 
30 1.94 0.928479 -1606.88 0.26388 0.627843 
30 1.96 0.923513 -1595.62 0.278426 0.641583 
30 1.96 0.923566 -1596.39 0.288341 0.652027 
30 1.96 0.923647 -1596.31 0.286038 0.657244 
30 1.96 0.923621 -1596.1 0.283352 0.655138 
30 1.96 0.923005 -1594.86 0.300016 0.67094 
30 1.98 0.917335 -1583.41 0.339135 0.68612 
30 1.98 0.917992 -1583.84 0.316439 0.673881 
30 1.98 0.917269 -1583.3 0.339621 0.695738 
30 1.98 0.917612 -1583.53 0.321689 0.671128 
30 1.98 0.917793 -1584 0.331131 0.68699 
30 2 0.91161 -1571.71 0.385262 0.713076 
30 2 0.911649 -1571.47 0.378369 0.732224 
30 2 0.911225 -1570.75 0.384195 0.721297 
30 2 0.911584 -1571.41 0.383802 0.723139 
30 2 0.911616 -1571.28 0.376264 0.725017 
30 2.02 0.904317 -1557.14 0.450101 0.776556 
30 2.02 0.904358 -1557.46 0.451953 0.76586 
30 2.02 0.904376 -1557.58 0.43819 0.761759 
30 2.02 0.904665 -1558.4 0.442593 0.754524 
30 2.02 0.90397 -1557.03 0.440609 0.746361 
30 2.04 0.897042 -1543.84 0.527814 0.820164 
30 2.04 0.896803 -1543.08 0.510014 0.807747 
30 2.04 0.896475 -1543.43 0.538841 0.801633 
30 2.04 0.897076 -1543.86 0.515519 0.80621 
30 2.04 0.896565 -1543.32 0.545684 0.818872 
30 2.06 0.889211 -1529.52 0.613725 0.845887 
30 2.06 0.888918 -1529 0.64995 0.841488 
30 2.06 0.888639 -1528.72 0.636512 0.852262 
30 2.06 0.888642 -1528.34 0.624675 0.856639 
30 2.06 0.888404 -1528.49 0.644225 0.858433 
30 2.08 0.878725 -1512.28 0.82635 0.918862 
30 2.08 0.879561 -1513.07 0.7533 0.912575 
30 2.08 0.879117 -1513.08 0.798263 0.902676 
30 2.08 0.879929 -1513.13 0.750114 0.907286 
30 2.08 0.878834 -1512.1 0.784188 0.909907 
30 2.1 0.869626 -1497.61 0.965784 0.969239 
30 2.1 0.869468 -1496.78 0.953995 0.971011 
30 2.1 0.868988 -1495.85 0.939265 0.966193 
30 2.1 0.867694 -1494.58 0.999783 0.966667 
30 2.1 0.86874 -1495.49 0.958857 0.969095 
30 2.12 0.857226 -1478.52 1.235 1.03014 
30 2.12 0.857071 -1478.53 1.2197 1.03572 
30 2.12 0.856037 -1477.77 1.31794 1.03734 
30 2.12 0.856892 -1477.96 1.18336 1.03812 
30 2.12 0.856997 -1478.14 1.20647 1.02783 
30 2.14 0.844835 -1460.77 1.54947 1.11899 
30 2.14 0.843301 -1458.99 1.60246 1.12597 
30 2.14 0.842568 -1457.35 1.60689 1.13516 
30 2.14 0.843082 -1459.16 1.70404 1.10594 
30 2.14 0.84249 -1458.33 1.64504 1.12032 
30 2.16 0.827314 -1438.67 2.19014 1.21196 
30 2.16 0.827451 -1438.09 2.13854 1.1492 
30 2.16 0.828114 -1438.7 2.05317 1.15076 
30 2.16 0.826106 -1437.69 2.12106 1.20656 
30 2.16 0.827519 -1438.53 2.12337 1.19597 
30 2.18 0.807635 -1415.43 3.09076 1.2907 
30 2.18 0.806879 -1416.03 3.11468 1.2864 
30 2.18 0.808004 -1415.61 3.01661 1.31439 
30 2.18 0.808625 -1416.45 3.01879 1.27332 
30 2.18 0.809366 -1416.83 3.04657 1.26765 
30 2.2 0.784744 -1391.02 4.15306 1.37926 
30 2.2 0.785701 -1391.19 4.02791 1.39838 
30 2.2 0.785595 -1391.87 4.08864 1.37694 
30 2.2 0.782865 -1390.43 4.48108 1.43175 
30 2.2 0.784462 -1391.45 4.25711 1.37828 
30 2.22 0.755431 -1364.13 6.07577 1.55798 
30 2.22 0.757266 -1365.65 5.95074 1.51643 
30 2.22 0.75567 -1365.15 6.22539 1.53123 
30 2.22 0.755121 -1364.35 6.32711 1.56573 
30 2.22 0.75704 -1365.09 5.90308 1.50286 
30 2.24 0.722117 -1337.29 8.42775 1.67555 
30 2.24 0.724143 -1337.19 7.89873 1.65569 
30 2.24 0.722618 -1337.68 8.39991 1.61249 
30 2.24 0.72194 -1336.26 8.31144 1.68488 
30 2.24 0.722008 -1338.1 8.6597 1.7139 
30 2.26 0.681922 -1307.05 11.0428 1.76969 
30 2.26 0.68114 -1307.15 11.3177 1.75481 
30 2.26 0.681963 -1306.67 10.7898 1.78553 
30 2.26 0.681809 -1306.7 10.8277 1.74754 
30 2.26 0.682359 -1306.93 10.8578 1.79148 
30 2.28 0.632322 -1274.22 13.9266 1.82743 
30 2.28 0.636107 -1274.38 13.5202 1.8247 
30 2.28 0.631948 -1273.13 14.0829 1.87679 
30 2.28 0.633502 -1273.71 14.0768 1.83839 
30 2.28 0.626635 -1271.45 14.8798 1.86372 
30 2.3 0.579549 -1239.4 16.1827 1.89103 
30 2.3 0.578094 -1240.21 16.5084 1.87271 
30 2.3 0.577484 -1239.72 16.8527 1.90982 
30 2.3 0.580112 -1239.56 16.3857 1.88812 
30 2.3 0.578952 -1241.67 16.7141 1.86553 
30 2.32 0.520332 -1206.08 17.909 1.77277 
30 2.32 0.524708 -1208.32 18.4018 1.85645 
30 2.32 0.521434 -1206.77 18.1157 1.81505 
30 2.32 0.522416 -1207.26 18.2949 1.79818 
30 2.32 0.522432 -1207.22 18.0129 1.77285 
30 2.34 0.467821 -1174.93 18.3595 1.71538 
30 2.34 0.469958 -1176.23 18.1703 1.74988 
30 2.34 0.470895 -1175.35 18.2286 1.70825 
30 2.34 0.46764 -1174.42 18.4708 1.68753 
30 2.34 0.467706 -1175.31 18.4296 1.70695 
30 2.36 0.413478 -1143.4 17.8796 1.59839 
30 2.36 0.41371 -1144.29 17.9054 1.54121 
30 2.36 0.412848 -1143.53 18.0446 1.53361 
30 2.36 0.418153 -1145.67 17.8529 1.61365 
30 2.36 0.419644 -1146.64 17.7689 1.5904 
30 2.38 0.374478 -1118.26 16.6165 1.46607 
30 2.38 0.373982 -1119.31 16.5249 1.44159 
30 2.38 0.377671 -1118.93 16.3569 1.42528 
30 2.38 0.371376 -1119 16.5628 1.4031 
30 2.38 0.372141 -1116.99 16.8385 1.48774 
30 2.4 0.330962 -1093.68 14.9209 1.28122 
30 2.4 0.334161 -1091.36 14.664 1.31374 
30 2.4 0.334312 -1094.08 14.9254 1.31117 
30 2.4 0.333615 -1093.38 14.8742 1.28687 
30 2.4 0.3316 -1092.39 15.0832 1.31038 
30 2.42 0.30252 -1069.57 13.4998 1.18385 
30 2.42 0.294663 -1068.78 13.1142 1.17069 
30 2.42 0.298808 -1070.82 13.3081 1.21767 
30 2.42 0.303955 -1071.62 13.4549 1.17201 
30 2.42 0.303434 -1069.81 13.4319 1.18268 
30 2.44 0.27066 -1049.88 11.8282 1.07929 
30 2.44 0.27129 -1051.45 11.6227 1.0564 
30 2.44 0.271934 -1049.9 11.5682 1.10366 
30 2.44 0.272248 -1050.36 11.6518 1.09249 
30 2.44 0.273426 -1050.5 11.999 1.09461 
30 2.46 0.247882 -1030.86 10.3226 1.01498 
30 2.46 0.252892 -1032.65 10.4109 1.01854 
30 2.46 0.2514 -1031.68 10.3531 1.0119 
30 2.46 0.248153 -1029.32 10.1373 1.00804 
30 2.46 0.246793 -1030.28 10.2195 0.961093 
30 2.48 0.233959 -1015.59 9.21885 0.955733 
30 2.48 0.231793 -1012.86 9.04266 0.948304 
30 2.48 0.232135 -1014.31 9.2564 0.956015 
30 2.48 0.233101 -1014.67 9.05472 0.966109 
30 2.48 0.230247 -1012.98 9.06663 0.927146 
30 2.5 0.216991 -997.604 8.19799 0.926024 
30 2.5 0.218194 -998.592 8.32635 0.889552 
30 2.5 0.213922 -998.83 8.051 0.87419 
30 2.5 0.211934 -994.592 7.88149 0.872261 
30 2.5 0.216022 -997.17 8.06375 0.90622 
30 2.52 0.197739 -978.126 7.05005 0.840611 
30 2.52 0.199128 -979.455 7.11581 0.877363 
30 2.52 0.201315 -982.816 7.16808 0.812832 
30 2.52 0.200145 -978.827 7.16655 0.819161 
30 2.52 0.200956 -983.806 7.1888 0.858633 
30 2.54 0.188456 -963.382 6.43891 0.827864 
30 2.54 0.191745 -966.242 6.59216 0.835503 
30 2.54 0.19203 -970.267 6.44591 0.752922 
30 2.54 0.188388 -965.341 6.4472 0.813052 
30 2.54 0.190617 -967.475 6.59516 0.831867 
30 2.56 0.180209 -952.653 5.77288 0.783446 
30 2.56 0.177735 -953.26 5.85399 0.77138 
30 2.56 0.17873 -952.956 5.64632 0.742452 
30 2.56 0.17807 -948.863 5.76061 0.800352 
30 2.56 0.178267 -952.009 5.78694 0.767761 
30 2.58 0.170309 -941.073 5.28188 0.719258 
30 2.58 0.170078 -939.398 5.32116 0.744477 
30 2.58 0.167868 -939.04 5.21039 0.747915 
30 2.58 0.16962 -937.181 5.1823 0.73889 
30 2.58 0.170853 -938.418 5.28758 0.732131 
30 2.6 0.162513 -925.464 4.86241 0.727733 
30 2.6 0.161252 -923.554 4.84078 0.711966 
30 2.6 0.161648 -924.402 4.71856 0.698913 
30 2.6 0.16152 -925.53 4.76117 0.723923 
30 2.6 0.159651 -925.248 4.68705 0.726104 
30 2.62 0.154816 -913.298 4.29691 0.657583 
30 2.62 0.152118 -912.656 4.22775 0.712338 
30 2.62 0.152805 -913.853 4.28936 0.713816 
30 2.62 0.154344 -913.587 4.37839 0.656978 
30 2.62 0.153301 -911.51 4.32566 0.680731 
30 2.64 0.148135 -898.321 4.0039 0.64202 
30 2.64 0.146963 -899.854 4.00032 0.689967 
30 2.64 0.149451 -903.08 4.02215 0.66388 
30 2.64 0.145952 -899.333 3.89845 0.648642 
30 2.64 0.149707 -900.531 4.12496 0.656835 
30 2.66 0.143354 -889.659 3.72441 0.609168 
30 2.66 0.143214 -890.548 3.70083 0.642938 
30 2.66 0.142588 -890.887 3.7625 0.631163 
30 2.66 0.14247 -891.1 3.72853 0.626747 
30 2.66 0.14046 -888.263 3.53791 0.613972 
30 2.68 0.137127 -880.053 3.4104 0.574581 
30 2.68 0.138711 -880.086 3.49415 0.632859 
30 2.68 0.136619 -882.809 3.41761 0.607108 
30 2.68 0.137442 -877.42 3.4627 0.633364 
30 2.68 0.136385 -877.694 3.39119 0.627543 
30 2.7 0.13162 -865.812 3.10692 0.571839 
30 2.7 0.134711 -867.053 3.25679 0.595829 
30 2.7 0.13338 -870.074 3.30466 0.615563 
30 2.7 0.132509 -865.838 3.18014 0.62701 
30 2.7 0.13201 -866.576 3.1904 0.60084 
30 2.72 0.12663 -855.397 2.96063 0.575599 
30 2.72 0.12941 -855.254 3.04399 0.603727 
30 2.72 0.126931 -856.275 2.8895 0.612843 
30 2.72 0.124561 -853.518 2.72075 0.548862 
30 2.72 0.127148 -855.816 2.91872 0.592482 
30 2.74 0.122139 -845.17 2.7283 0.574851 
30 2.74 0.121765 -843.085 2.64691 0.562003 
30 2.74 0.123101 -843.545 2.74988 0.558322 
30 2.74 0.123607 -848.941 2.74718 0.569417 
30 2.74 0.123115 -846.406 2.72763 0.553408 
30 2.76 0.119665 -836.372 2.54571 0.542406 
30 2.76 0.119263 -832.275 2.56522 0.535741 
30 2.76 0.121265 -839.844 2.58202 0.55858 
30 2.76 0.119935 -835.329 2.58316 0.566913 
30 2.76 0.120409 -838.074 2.62026 0.538106 
30 2.78 0.117463 -825.679 2.44693 0.55625 
30 2.78 0.11738 -825.26 2.48597 0.552271 
30 2.78 0.115776 -826.191 2.48722 0.520034 
30 2.78 0.115948 -825.493 2.4252 0.552046 
30 2.78 0.116253 -826.043 2.45387 0.545358 
30 2.8 0.115545 -816.675 2.34272 0.520616 
30 2.8 0.112899 -815.701 2.21762 0.543324 
30 2.8 0.113469 -820.321 2.21052 0.515253 
30 2.8 0.113193 -820.11 2.2914 0.506337 
30 2.8 0.114682 -820.759 2.3607 0.519337 
30 2.82 0.112582 -804.968 2.16113 0.497932 
30 2.82 0.109877 -806.802 2.14709 0.486465 
30 2.82 0.107571 -803.216 2.10236 0.502229 
30 2.82 0.110878 -809.87 2.21489 0.526257 
30 2.82 0.109499 -806.258 2.10854 0.504091 
30 2.84 0.108138 -801.626 2.04032 0.488744 
30 2.84 0.106288 -798.209 2.01023 0.534428 
30 2.84 0.107424 -799.852 2.00283 0.48719 
30 2.84 0.107885 -800.212 2.08373 0.495755 
30 2.84 0.10854 -801.907 2.10724 0.51803 
30 2.86 0.106774 -793.673 1.9976 0.47205 
30 2.86 0.103302 -789.244 1.91735 0.508152 
30 2.86 0.10401 -791.396 1.89557 0.473322 
30 2.86 0.104513 -790.42 1.93415 0.479017 
30 2.86 0.105559 -789.705 1.9843 0.473412 
30 2.88 0.102392 -784.639 1.81103 0.478359 
30 2.88 0.103306 -781.131 1.7963 0.491944 
30 2.88 0.103439 -784.256 1.8469 0.466014 
30 2.88 0.103427 -782.865 1.79223 0.442845 
30 2.88 0.103262 -779.106 1.86071 0.490709 
30 2.9 0.0991433 -771.716 1.66754 0.430373 
30 2.9 0.100351 -770.479 1.74348 0.443305 
30 2.9 0.100289 -775.544 1.70171 0.425599 
30 2.9 0.101202 -774.908 1.75568 0.459065 
30 2.9 0.0983771 -772.009 1.67016 0.442423 
30 2.92 0.0964018 -762.995 1.59825 0.421202 
30 2.92 0.0967893 -764.705 1.61202 0.441027 
30 2.92 0.0990171 -767.551 1.67931 0.474177 
30 2.92 0.0995167 -768.584 1.67867 0.445581 
30 2.92 0.0992662 -764.979 1.69939 0.418165 
30 2.94 0.0974609 -758.474 1.60593 0.432514 
30 2.94 0.094974 -753.524 1.52952 0.41619 
30 2.94 0.0976467 -756.825 1.66492 0.417249 
30 2.94 0.0970413 -760.69 1.57879 0.4339 
30 2.94 0.0951413 -759.561 1.55595 0.412811 
30 2.96 0.0942144 -747.294 1.51127 0.392532 
30 2.96 0.0949127 -752.693 1.53785 0.41182 
30 2.96 0.0962071 -754.114 1.58528 0.419482 
30 2.96 0.0923633 -752.086 1.431 0.416589 
30 2.96 0.0938682 -750.788 1.52739 0.412365 
30 2.98 0.0926407 -746.324 1.4396 0.410239 
30 2.98 0.0926551 -746.517 1.45443 0.402321 
30 2.98 0.0929249 -739.174 1.45776 0.440191 
30 2.98 0.0922007 -743.124 1.45354 0.451188 
30 2.98 0.092964 -738.167 1.44381 0.417741 
30 3 0.0933227 -738.529 1.42791 0.371311 
30 3 0.090944 -734.286 1.37763 0.410989 
30 3 0.0900684 -739.034 1.37539 0.391706 
30 3 0.0894404 -737.305 1.36671 0.393555 
30 3 0.0923707 -740.49 1.41389 0.409696 
