size temperature m m^2 m^4 mag_sus
16 0.02 1 1 1 0 
16 0.02 1 1 1 0 
16 0.02 1 1 1 0 
16 0.02 1 1 1 0 
16 0.02 1 1 1 0 
16 0.04 1 1 1 0 
16 0.04 1 1 1 0 
16 0.04 1 1 1 0 
16 0.04 1 1 1 0 
16 0.04 1 1 1 0 
16 0.06 1 1 1 0 
16 0.06 1 1 1 0 
16 0.06 1 1 1 0 
16 0.06 1 1 1 0 
16 0.06 1 1 1 0 
16 0.08 1 1 1 0 
16 0.08 1 1 1 0 
16 0.08 1 1 1 0 
16 0.08 1 1 1 0 
16 0.08 1 1 1 0 
16 0.1 1 1 1 0 
16 0.1 1 1 1 0 
16 0.1 1 1 1 0 
16 0.1 1 1 1 0 
16 0.1 1 1 1 0 
16 0.12 1 1 1 0 
16 0.12 1 1 1 0 
16 0.12 1 1 1 0 
16 0.12 1 1 1 0 
16 0.12 1 1 1 0 
16 0.14 1 1 1 0 
16 0.14 1 1 1 0 
16 0.14 1 1 1 0 
16 0.14 1 1 1 0 
16 0.14 1 1 1 0 
16 0.16 1 1 1 0 
16 0.16 1 1 1 0 
16 0.16 1 1 1 0 
16 0.16 1 1 1 0 
16 0.16 1 1 1 0 
16 0.18 1 1 1 0 
16 0.18 1 1 1 0 
16 0.18 1 1 1 0 
16 0.18 1 1 1 0 
16 0.18 1 1 1 0 
16 0.2 1 1 1 0 
16 0.2 1 1 1 0 
16 0.2 1 1 1 0 
16 0.2 1 1 1 0 
16 0.2 1 1 1 0 
16 0.22 1 1 1 0 
16 0.22 1 1 1 0 
16 0.22 1 1 1 0 
16 0.22 1 1 1 0 
16 0.22 1 1 1 0 
16 0.24 1 1 1 0 
16 0.24 1 1 1 0 
16 0.24 1 1 1 0 
16 0.24 1 1 1 0 
16 0.24 1 1 1 0 
16 0.26 1 1 1 0 
16 0.26 1 1 1 0 
16 0.26 1 1 1 0 
16 0.26 1 1 1 0 
16 0.26 1 1 1 0 
16 0.28 1 1 1 0 
16 0.28 1 1 1 0 
16 0.28 1 1 1 0 
16 0.28 1 1 1 0 
16 0.28 1 1 1 0 
16 0.3 1 1 1 0 
16 0.3 1 1 1 0 
16 0.3 1 1 1 0 
16 0.3 1 1 1 0 
16 0.3 1 1 1 0 
16 0.32 1 1 1 0 
16 0.32 1 1 1 0 
16 0.32 1 1 1 0 
16 0.32 1 1 1 0 
16 0.32 1 1 1 0 
16 0.34 1 1 1 0 
16 0.34 1 1 1 0 
16 0.34 1 1 1 0 
16 0.34 1 1 1 0 
16 0.34 1 1 1 0 
16 0.36 1 1 1 0 
16 0.36 1 1 1 0 
16 0.36 1 1 1 0 
16 0.36 1 1 1 0 
16 0.36 1 1 1 0 
16 0.38 1 1 1 0 
16 0.38 1 1 1 0 
16 0.38 1 1 1 0 
16 0.38 1 1 1 0 
16 0.38 1 1 1 0 
16 0.4 1 1 1 0 
16 0.4 1 1 1 0 
16 0.4 1 1 1 0 
16 0.4 1 1 1 0 
16 0.4 1 1 1 0 
16 0.42 1 1 1 0 
16 0.42 1 1 1 0 
16 0.42 1 1 1 0 
16 0.42 1 1 1 0 
16 0.42 1 1 1 0 
16 0.44 1 1 1 0 
16 0.44 1 1 1 0 
16 0.44 1 1 1 0 
16 0.44 1 1 1 0 
16 0.44 1 1 1 0 
16 0.46 1 1 1 0 
16 0.46 1 1 1 0 
16 0.46 1 1 1 0 
16 0.46 1 1 1 0 
16 0.46 1 1 1 0 
16 0.48 0.999999 0.999998 0.999997 3.25488e-06 
16 0.48 1 1 1 0 
16 0.48 1 1 1 0 
16 0.48 0.999999 0.999998 0.999997 3.25488e-06 
16 0.48 0.999999 0.999998 0.999997 3.25488e-06 
16 0.5 0.999999 0.999998 0.999997 3.12469e-06 
16 0.5 1 1 1 0 
16 0.5 0.999999 0.999998 0.999997 3.12469e-06 
16 0.5 0.999999 0.999998 0.999997 3.12469e-06 
16 0.5 0.999999 0.999998 0.999997 3.12469e-06 
16 0.52 1 1 1 0 
16 0.52 1 1 1 0 
16 0.52 1 1 1 0 
16 0.52 1 1 1 0 
16 0.52 0.999999 0.999998 0.999997 3.00451e-06 
16 0.54 0.999998 0.999995 0.999991 8.67795e-06 
16 0.54 0.999998 0.999997 0.999994 5.78588e-06 
16 0.54 1 1 1 0 
16 0.54 0.999999 0.999998 0.999997 2.89323e-06 
16 0.54 1 1 1 0 
16 0.56 0.999998 0.999997 0.999994 5.57924e-06 
16 0.56 1 1 1 0 
16 0.56 0.999999 0.999998 0.999997 2.7899e-06 
16 0.56 0.999999 0.999998 0.999997 2.7899e-06 
16 0.56 0.999999 0.999998 0.999997 2.7899e-06 
16 0.58 0.999998 0.999997 0.999994 5.38685e-06 
16 0.58 0.999997 0.999994 0.999988 1.07716e-05 
16 0.58 0.999998 0.999997 0.999994 5.38685e-06 
16 0.58 0.999999 0.999998 0.999997 2.6937e-06 
16 0.58 0.999998 0.999995 0.999991 8.07947e-06 
16 0.6 0.999996 0.999992 0.999985 1.30143e-05 
16 0.6 0.999996 0.999992 0.999985 1.30143e-05 
16 0.6 0.999997 0.999994 0.999988 1.04125e-05 
16 0.6 0.999995 0.999989 0.999978 1.82164e-05 
16 0.6 0.999998 0.999995 0.999991 7.81016e-06 
16 0.62 0.999991 0.999983 0.999966 2.76913e-05 
16 0.62 0.999998 0.999995 0.999991 7.55822e-06 
16 0.62 0.999991 0.999983 0.999966 2.76913e-05 
16 0.62 0.999994 0.999988 0.999975 2.01452e-05 
16 0.62 0.999995 0.999989 0.999978 1.76288e-05 
16 0.64 0.999993 0.999986 0.999972 2.19529e-05 
16 0.64 0.999991 0.999981 0.999963 2.92617e-05 
16 0.64 0.999992 0.999984 0.999969 2.43896e-05 
16 0.64 0.999988 0.999977 0.999954 3.65662e-05 
16 0.64 0.999995 0.999989 0.999978 1.70779e-05 
16 0.66 0.999987 0.999974 0.999947 4.01778e-05 
16 0.66 0.999988 0.999975 0.999951 3.78182e-05 
16 0.66 0.99999 0.99998 0.99996 3.54714e-05 
16 0.66 0.999994 0.999988 0.999975 1.89242e-05 
16 0.66 0.999991 0.999983 0.999966 2.6013e-05 
16 0.68 0.999984 0.999969 0.999938 4.5864e-05 
16 0.68 0.999984 0.999969 0.999938 4.5864e-05 
16 0.68 0.999982 0.999964 0.999929 5.27277e-05 
16 0.68 0.999978 0.999956 0.999914 6.41581e-05 
16 0.68 0.999988 0.999975 0.999951 3.67059e-05 
16 0.7 0.999982 0.999964 0.999929 5.12212e-05 
16 0.7 0.999973 0.999946 0.999892 8.67801e-05 
16 0.7 0.999977 0.999953 0.999907 7.12277e-05 
16 0.7 0.999973 0.999946 0.999892 7.78516e-05 
16 0.7 0.999973 0.999946 0.999892 7.78516e-05 
16 0.72 0.999967 0.999935 0.99987 9.0763e-05 
16 0.72 0.999974 0.999949 0.999898 7.57185e-05 
16 0.72 0.999966 0.999933 0.999867 9.7255e-05 
16 0.72 0.999973 0.999947 0.999895 7.35339e-05 
16 0.72 0.999977 0.999955 0.99991 6.27515e-05 
16 0.74 0.999961 0.999922 0.999846 0.000113492 
16 0.74 0.999966 0.999933 0.999867 9.46265e-05 
16 0.74 0.999971 0.999942 0.999886 7.78359e-05 
16 0.74 0.999963 0.999927 0.999855 0.000102996 
16 0.74 0.999954 0.999908 0.999818 0.000123843 
16 0.76 0.999948 0.999897 0.999796 0.000138907 
16 0.76 0.999945 0.999891 0.999784 0.000147019 
16 0.76 0.999931 0.999863 0.999728 0.000179329 
16 0.76 0.999948 0.999897 0.999796 0.000138907 
16 0.76 0.999947 0.999894 0.99979 0.000138852 
16 0.78 0.999919 0.999838 0.999679 0.000214179 
16 0.78 0.999936 0.999872 0.999747 0.000162916 
16 0.78 0.999928 0.999857 0.999716 0.000186606 
16 0.78 0.999936 0.999872 0.999747 0.000170929 
16 0.78 0.999922 0.999844 0.999691 0.000202324 
16 0.8 0.999912 0.999826 0.999654 0.000228019 
16 0.8 0.999902 0.999805 0.999614 0.000252808 
16 0.8 0.999928 0.999857 0.999716 0.000178034 
16 0.8 0.999915 0.99983 0.999663 0.000214476 
16 0.8 0.999913 0.999827 0.999657 0.000222203 
16 0.82 0.999881 0.999763 0.999531 0.000304287 
16 0.82 0.99989 0.999781 0.999565 0.000276318 
16 0.82 0.999877 0.999754 0.999512 0.000315365 
16 0.82 0.999876 0.999753 0.999509 0.000313399 
16 0.82 0.999879 0.999759 0.999521 0.000298395 
16 0.84 0.999859 0.999718 0.999441 0.000345469 
16 0.84 0.999861 0.999723 0.999451 0.000347529 
16 0.84 0.999843 0.999687 0.99938 0.00038869 
16 0.84 0.999863 0.999728 0.99946 0.000330985 
16 0.84 0.999852 0.999706 0.999417 0.000359799 
16 0.86 0.999832 0.999665 0.999336 0.000404029 
16 0.86 0.999827 0.999655 0.999315 0.000419825 
16 0.86 0.99982 0.999641 0.999287 0.00043907 
16 0.86 0.999804 0.999609 0.999225 0.000473655 
16 0.86 0.999791 0.999585 0.999176 0.000490318 
16 0.88 0.999776 0.999553 0.999114 0.00051627 
16 0.88 0.999753 0.999508 0.999025 0.000578861 
16 0.88 0.999776 0.999553 0.999114 0.000526923 
16 0.88 0.999783 0.999567 0.999142 0.00052605 
16 0.88 0.999768 0.999538 0.999083 0.000547193 
16 0.9 0.999725 0.999452 0.998914 0.000645156 
16 0.9 0.99973 0.999462 0.998932 0.000628522 
16 0.9 0.999694 0.99939 0.99879 0.000702489 
16 0.9 0.999725 0.999452 0.998914 0.000627794 
16 0.9 0.999703 0.999409 0.998827 0.000683264 
16 0.92 0.999652 0.999308 0.998627 0.000790077 
16 0.92 0.99961 0.999224 0.998461 0.000917289 
16 0.92 0.999625 0.999253 0.998519 0.000854212 
16 0.92 0.999677 0.999357 0.998725 0.000706425 
16 0.92 0.99966 0.999323 0.998658 0.000798365 
16 0.94 0.999572 0.999147 0.998309 0.000940774 
16 0.94 0.999595 0.999194 0.998402 0.000922818 
16 0.94 0.999566 0.999135 0.998285 0.000962577 
16 0.94 0.999551 0.999106 0.998227 0.00103381 
16 0.94 0.99956 0.999124 0.998263 0.000949639 
16 0.96 0.99948 0.998966 0.99795 0.00119593 
16 0.96 0.999505 0.999014 0.998045 0.00108692 
16 0.96 0.999481 0.998967 0.997952 0.00112941 
16 0.96 0.999484 0.998972 0.997963 0.00119028 
16 0.96 0.999473 0.998952 0.997922 0.00120536 
16 0.98 0.999384 0.998774 0.99757 0.00134551 
16 0.98 0.99939 0.998785 0.997592 0.00133291 
16 0.98 0.999405 0.998815 0.997651 0.00130411 
16 0.98 0.99939 0.998785 0.997591 0.00129465 
16 0.98 0.999397 0.998799 0.997619 0.00127615 
16 1 0.999313 0.998633 0.997291 0.00149646 
16 1 0.999277 0.99856 0.997145 0.00155039 
16 1 0.99928 0.998566 0.997157 0.00150155 
16 1 0.999252 0.99851 0.997049 0.0016941 
16 1 0.999259 0.998524 0.997075 0.00159834 
16 1.02 0.999096 0.998201 0.996436 0.00195027 
16 1.02 0.999148 0.998305 0.996642 0.00184619 
16 1.02 0.999133 0.998274 0.99658 0.00185476 
16 1.02 0.999116 0.998241 0.996514 0.00184602 
16 1.02 0.999148 0.998303 0.996638 0.00182287 
16 1.04 0.999012 0.998033 0.996103 0.00207178 
16 1.04 0.998966 0.997943 0.995926 0.00222351 
16 1.04 0.999003 0.998016 0.996069 0.00207509 
16 1.04 0.999063 0.998135 0.996306 0.00195799 
16 1.04 0.999007 0.998024 0.996085 0.00209654 
16 1.06 0.998811 0.997634 0.995314 0.00249167 
16 1.06 0.998798 0.997608 0.995263 0.00259456 
16 1.06 0.998838 0.997688 0.995421 0.00244381 
16 1.06 0.99887 0.997751 0.995548 0.00253482 
16 1.06 0.998865 0.997741 0.995525 0.00234062 
16 1.08 0.99863 0.997273 0.994601 0.00284194 
16 1.08 0.998623 0.997259 0.994572 0.00277515 
16 1.08 0.998639 0.997292 0.994638 0.00283065 
16 1.08 0.998648 0.997309 0.994675 0.00291285 
16 1.08 0.998635 0.997284 0.994622 0.00279485 
16 1.1 0.998463 0.996943 0.993951 0.00329558 
16 1.1 0.998416 0.996848 0.993759 0.00319989 
16 1.1 0.99845 0.996916 0.993894 0.00311701 
16 1.1 0.998458 0.996932 0.993926 0.00316809 
16 1.1 0.998463 0.996941 0.993946 0.00321122 
16 1.12 0.998184 0.996388 0.992853 0.00369964 
16 1.12 0.998166 0.996353 0.992785 0.00380882 
16 1.12 0.998161 0.996342 0.992764 0.00384189 
16 1.12 0.998192 0.996404 0.992884 0.00369774 
16 1.12 0.998264 0.996546 0.993165 0.00350763 
16 1.14 0.99801 0.996042 0.992171 0.00401902 
16 1.14 0.997998 0.996019 0.992125 0.0040702 
16 1.14 0.997922 0.995867 0.991824 0.00419742 
16 1.14 0.997894 0.995811 0.991714 0.00425871 
16 1.14 0.997957 0.995936 0.99196 0.00405315 
16 1.16 0.997628 0.995283 0.990671 0.00464476 
16 1.16 0.997683 0.995393 0.990893 0.00482258 
16 1.16 0.997716 0.995457 0.991015 0.00450299 
16 1.16 0.997625 0.995277 0.99066 0.00471153 
16 1.16 0.99761 0.995248 0.990605 0.00483197 
16 1.18 0.997378 0.994787 0.989697 0.00524063 
16 1.18 0.99727 0.994572 0.989273 0.00548662 
16 1.18 0.997417 0.994865 0.989848 0.00509141 
16 1.18 0.99732 0.994671 0.989466 0.00531492 
16 1.18 0.997398 0.994826 0.989772 0.00514492 
16 1.2 0.996995 0.994028 0.988201 0.00598025 
16 1.2 0.997026 0.994088 0.988319 0.00587979 
16 1.2 0.99692 0.993878 0.987907 0.00621911 
16 1.2 0.996981 0.993999 0.988143 0.00588145 
16 1.2 0.997101 0.994237 0.988611 0.00566907 
16 1.22 0.996634 0.99331 0.986787 0.00653721 
16 1.22 0.996623 0.993289 0.98675 0.00676763 
16 1.22 0.996553 0.99315 0.986474 0.00674363 
16 1.22 0.996551 0.993146 0.986466 0.00680812 
16 1.22 0.996589 0.993221 0.986612 0.00660067 
16 1.24 0.996361 0.99277 0.985729 0.0072156 
16 1.24 0.996175 0.992401 0.985003 0.00753896 
16 1.24 0.996272 0.992593 0.985379 0.00726411 
16 1.24 0.996123 0.992298 0.9848 0.00768632 
16 1.24 0.996171 0.992394 0.98499 0.00760461 
16 1.26 0.995757 0.991573 0.983376 0.00826317 
16 1.26 0.995747 0.991552 0.98333 0.00806087 
16 1.26 0.995839 0.991735 0.983696 0.0081267 
16 1.26 0.995801 0.99166 0.983552 0.00838782 
16 1.26 0.995741 0.991543 0.98332 0.00845196 
16 1.28 0.995332 0.990729 0.981715 0.00868767 
16 1.28 0.99527 0.990608 0.981489 0.00939782 
16 1.28 0.995423 0.990912 0.982079 0.0087993 
16 1.28 0.99528 0.99063 0.98153 0.00933305 
16 1.28 0.995316 0.990702 0.981672 0.00935669 
16 1.3 0.99476 0.989598 0.979501 0.00991901 
16 1.3 0.994731 0.989543 0.9794 0.010334 
16 1.3 0.994807 0.989693 0.979696 0.0102533 
16 1.3 0.994864 0.989806 0.979918 0.010195 
16 1.3 0.994783 0.989644 0.979593 0.0100077 
16 1.32 0.99408 0.988255 0.976879 0.0114843 
16 1.32 0.994125 0.988343 0.977053 0.0114334 
16 1.32 0.994122 0.988339 0.977052 0.0118382 
16 1.32 0.994408 0.988903 0.978146 0.0107934 
16 1.32 0.994248 0.988586 0.977526 0.0111264 
16 1.34 0.993662 0.987429 0.975272 0.0125221 
16 1.34 0.993517 0.98714 0.974695 0.0121925 
16 1.34 0.993524 0.987157 0.974738 0.0127102 
16 1.34 0.993723 0.987552 0.975515 0.0125694 
16 1.34 0.993606 0.987318 0.975048 0.0123183 
16 1.36 0.992868 0.985861 0.972208 0.0138984 
16 1.36 0.992855 0.985834 0.972149 0.0135661 
16 1.36 0.992883 0.98589 0.972266 0.0138911 
16 1.36 0.992838 0.985802 0.972102 0.0143139 
16 1.36 0.992938 0.985999 0.972478 0.013714 
16 1.38 0.991992 0.984131 0.968835 0.0153417 
16 1.38 0.992268 0.984676 0.969896 0.014821 
16 1.38 0.992066 0.984279 0.969126 0.0153539 
16 1.38 0.992105 0.984356 0.969276 0.0152943 
16 1.38 0.992182 0.984507 0.96957 0.0151076 
16 1.4 0.991459 0.983083 0.966804 0.0166419 
16 1.4 0.991503 0.983168 0.966969 0.0164612 
16 1.4 0.991352 0.98287 0.966389 0.0168186 
16 1.4 0.991478 0.983116 0.966855 0.0159169 
16 1.4 0.991274 0.982715 0.966077 0.0164513 
16 1.42 0.990569 0.981331 0.963412 0.018808 
16 1.42 0.990552 0.981296 0.963336 0.0183945 
16 1.42 0.990527 0.981247 0.963246 0.0187258 
16 1.42 0.990575 0.981342 0.963432 0.0186554 
16 1.42 0.990423 0.98104 0.96284 0.0186495 
16 1.44 0.989716 0.97965 0.960151 0.0201138 
16 1.44 0.989608 0.979439 0.959745 0.0204988 
16 1.44 0.989627 0.979475 0.959812 0.0203206 
16 1.44 0.989352 0.978936 0.958771 0.021007 
16 1.44 0.989768 0.979755 0.96036 0.0203123 
16 1.46 0.98883 0.977913 0.956806 0.0224064 
16 1.46 0.988753 0.977759 0.956496 0.0220842 
16 1.46 0.98868 0.977618 0.956233 0.0226176 
16 1.46 0.988684 0.97762 0.956223 0.0219258 
16 1.46 0.988464 0.977192 0.955405 0.0228687 
16 1.48 0.98768 0.975652 0.952438 0.0244011 
16 1.48 0.987702 0.975695 0.952521 0.0243295 
16 1.48 0.987439 0.975185 0.951554 0.0257156 
16 1.48 0.987622 0.975538 0.952216 0.0243948 
16 1.48 0.987609 0.975514 0.952176 0.0247739 
16 1.5 0.986376 0.973095 0.947516 0.0268949 
16 1.5 0.986331 0.973008 0.947352 0.0270906 
16 1.5 0.986688 0.973707 0.948697 0.026379 
16 1.5 0.986578 0.973492 0.948285 0.0266279 
16 1.5 0.986809 0.973944 0.949149 0.0260153 
16 1.51 0.986012 0.972385 0.946159 0.0278401 
16 1.51 0.986205 0.972759 0.946865 0.0267736 
16 1.51 0.985667 0.971713 0.944885 0.0293237 
16 1.51 0.985695 0.97177 0.945007 0.0298528 
16 1.51 0.985738 0.971851 0.945146 0.0289802 
16 1.52 0.985033 0.970475 0.942525 0.0312491 
16 1.52 0.985135 0.970673 0.9429 0.0306644 
16 1.52 0.985378 0.971142 0.94377 0.0288766 
16 1.52 0.985261 0.970917 0.943355 0.0298822 
16 1.52 0.985359 0.971109 0.943723 0.0296168 
16 1.53 0.984745 0.969916 0.941471 0.0324639 
16 1.53 0.984592 0.969607 0.940842 0.0310011 
16 1.53 0.98477 0.969958 0.941528 0.0312025 
16 1.53 0.984617 0.969664 0.940983 0.0323738 
16 1.53 0.98466 0.969737 0.941078 0.030306 
16 1.54 0.983981 0.968418 0.938588 0.0330769 
16 1.54 0.984021 0.968494 0.938725 0.0326101 
16 1.54 0.984032 0.968514 0.938757 0.0323354 
16 1.54 0.984141 0.968729 0.939178 0.0325619 
16 1.54 0.984102 0.968647 0.939004 0.0317956 
16 1.55 0.983455 0.967386 0.936599 0.0332847 
16 1.55 0.983424 0.967321 0.936465 0.0327408 
16 1.55 0.983627 0.967727 0.937277 0.0340285 
16 1.55 0.983322 0.967133 0.936147 0.0349398 
16 1.55 0.98311 0.966718 0.935349 0.0351178 
16 1.56 0.982728 0.965974 0.933937 0.0360012 
16 1.56 0.982709 0.965933 0.933843 0.0353921 
16 1.56 0.982746 0.966005 0.933979 0.0352847 
16 1.56 0.982601 0.965719 0.933427 0.0352917 
16 1.56 0.982598 0.965723 0.933471 0.0369185 
16 1.57 0.981756 0.964075 0.930307 0.0374566 
16 1.57 0.981822 0.964208 0.930578 0.0381111 
16 1.57 0.981827 0.964207 0.930534 0.03616 
16 1.57 0.981966 0.964492 0.931128 0.0382191 
16 1.57 0.982072 0.964701 0.931536 0.0384524 
16 1.58 0.981138 0.96287 0.928015 0.0385172 
16 1.58 0.981143 0.962888 0.928082 0.0399659 
16 1.58 0.981352 0.963288 0.928817 0.0384002 
16 1.58 0.98133 0.963238 0.928699 0.0373324 
16 1.58 0.981113 0.962823 0.927939 0.0391358 
16 1.59 0.980315 0.96129 0.925097 0.0438798 
16 1.59 0.980372 0.961394 0.925275 0.0427206 
16 1.59 0.980303 0.961263 0.925033 0.0432837 
16 1.59 0.980633 0.961888 0.926162 0.0398856 
16 1.59 0.980612 0.961854 0.926119 0.0410246 
16 1.6 0.979613 0.959918 0.922477 0.0441642 
16 1.6 0.979621 0.959919 0.922425 0.0418147 
16 1.6 0.979718 0.960116 0.922829 0.0429743 
16 1.6 0.979711 0.960111 0.922849 0.0443651 
16 1.6 0.979948 0.960564 0.923682 0.04273 
16 1.61 0.978952 0.958632 0.920041 0.045238 
16 1.61 0.978664 0.958067 0.918954 0.0450741 
16 1.61 0.978576 0.957903 0.918669 0.0464392 
16 1.61 0.978788 0.958313 0.919435 0.0455603 
16 1.61 0.978497 0.957751 0.918386 0.0468371 
16 1.62 0.977906 0.956602 0.916211 0.0476101 
16 1.62 0.977963 0.95671 0.916404 0.0470462 
16 1.62 0.978148 0.957067 0.917073 0.0463194 
16 1.62 0.977974 0.956733 0.916455 0.0472998 
16 1.62 0.978198 0.957168 0.917276 0.0467762 
16 1.63 0.977395 0.955612 0.91435 0.048829 
16 1.63 0.977114 0.955069 0.913337 0.0497701 
16 1.63 0.977174 0.955179 0.913523 0.04865 
16 1.63 0.977369 0.955565 0.914277 0.0495068 
16 1.63 0.977127 0.955099 0.913413 0.0506287 
16 1.64 0.976502 0.953884 0.911113 0.0510979 
16 1.64 0.976055 0.953029 0.909535 0.0537337 
16 1.64 0.976292 0.953485 0.910387 0.0528106 
16 1.64 0.976421 0.95372 0.91078 0.0502551 
16 1.64 0.97627 0.953426 0.910226 0.0506106 
16 1.65 0.975165 0.951298 0.90627 0.0545596 
16 1.65 0.975716 0.952368 0.908289 0.0538698 
16 1.65 0.975245 0.951442 0.906502 0.0526936 
16 1.65 0.975436 0.951819 0.907233 0.0532823 
16 1.65 0.975316 0.951593 0.906828 0.0546054 
16 1.66 0.974511 0.950039 0.903934 0.0567361 
16 1.66 0.974542 0.950101 0.904053 0.0568065 
16 1.66 0.974216 0.949464 0.902832 0.056494 
16 1.66 0.973974 0.948985 0.901905 0.0554475 
16 1.66 0.9743 0.949641 0.90322 0.0586703 
16 1.67 0.9732 0.947498 0.899154 0.0582724 
16 1.67 0.973477 0.948051 0.900245 0.0601886 
16 1.67 0.973123 0.947365 0.898961 0.0608499 
16 1.67 0.973446 0.94798 0.900073 0.0586132 
16 1.67 0.973309 0.947735 0.899681 0.0618845 
16 1.68 0.972574 0.94629 0.896899 0.0593089 
16 1.68 0.971776 0.944772 0.894152 0.0645824 
16 1.68 0.971961 0.945129 0.894816 0.0642158 
16 1.68 0.972018 0.945234 0.894989 0.0632936 
16 1.68 0.972329 0.945829 0.896082 0.0617731 
16 1.69 0.971221 0.943692 0.892099 0.0638023 
16 1.69 0.971405 0.944048 0.892767 0.0635537 
16 1.69 0.971248 0.943743 0.892194 0.0638137 
16 1.69 0.971103 0.943488 0.891802 0.0676561 
16 1.69 0.971178 0.943606 0.891928 0.0634634 
16 1.7 0.970434 0.942201 0.889407 0.0689202 
16 1.7 0.970387 0.94209 0.889138 0.0660282 
16 1.7 0.969919 0.941198 0.88752 0.0686748 
16 1.7 0.969977 0.941304 0.887696 0.0676466 
16 1.7 0.969966 0.941304 0.88776 0.0706678 
16 1.71 0.968559 0.938597 0.882746 0.0732712 
16 1.71 0.96907 0.939596 0.88465 0.0747197 
16 1.71 0.968488 0.93846 0.882489 0.073441 
16 1.71 0.968996 0.939434 0.884272 0.0718742 
16 1.71 0.968829 0.939109 0.883671 0.0718019 
16 1.72 0.967421 0.936414 0.878717 0.0759699 
16 1.72 0.967919 0.937371 0.880487 0.0750752 
16 1.72 0.967847 0.93724 0.880277 0.0763357 
16 1.72 0.967668 0.9369 0.879646 0.0771686 
16 1.72 0.96738 0.936341 0.878599 0.0768511 
16 1.73 0.966447 0.934563 0.87536 0.0804578 
16 1.73 0.966605 0.934872 0.87595 0.0807438 
16 1.73 0.967026 0.93567 0.877398 0.0786018 
16 1.73 0.966192 0.934082 0.874492 0.0820322 
16 1.73 0.966562 0.934785 0.875774 0.0803888 
16 1.74 0.965627 0.933012 0.872579 0.0849583 
16 1.74 0.965457 0.93265 0.871795 0.0798136 
16 1.74 0.96563 0.932989 0.872444 0.0804262 
16 1.74 0.964888 0.931594 0.869968 0.0862533 
16 1.74 0.965092 0.931974 0.870634 0.084084 
16 1.75 0.964116 0.930109 0.867217 0.0861333 
16 1.75 0.963984 0.929877 0.866862 0.0896203 
16 1.75 0.963554 0.929058 0.865368 0.0909084 
16 1.75 0.964131 0.930155 0.86736 0.0886204 
16 1.75 0.963972 0.929841 0.866754 0.0876959 
16 1.76 0.962584 0.927207 0.86199 0.0930478 
16 1.76 0.962725 0.92749 0.862561 0.0946524 
16 1.76 0.962518 0.927093 0.861821 0.0948631 
16 1.76 0.962737 0.927496 0.862505 0.0921667 
16 1.76 0.962318 0.926686 0.86099 0.0916981 
16 1.77 0.961416 0.924997 0.85802 0.0978748 
16 1.77 0.961115 0.924439 0.857056 0.100796 
16 1.77 0.961138 0.924453 0.856983 0.0964022 
16 1.77 0.960784 0.923811 0.855922 0.101856 
16 1.77 0.961162 0.924486 0.857004 0.0945893 
16 1.78 0.9599 0.922124 0.852848 0.103026 
16 1.78 0.96013 0.922585 0.853754 0.105618 
16 1.78 0.960085 0.92248 0.853498 0.103071 
16 1.78 0.959812 0.921929 0.852401 0.0993428 
16 1.78 0.960065 0.922439 0.853425 0.102772 
16 1.79 0.957852 0.918236 0.845807 0.108247 
16 1.79 0.958623 0.919717 0.848534 0.108657 
16 1.79 0.958899 0.920227 0.849426 0.105751 
16 1.79 0.958532 0.919541 0.848213 0.108297 
16 1.79 0.957996 0.918527 0.846394 0.110214 
16 1.8 0.956827 0.916331 0.842505 0.115817 
16 1.8 0.956972 0.916567 0.842811 0.109777 
16 1.8 0.956872 0.916399 0.842581 0.113045 
16 1.8 0.957126 0.916879 0.843435 0.112268 
16 1.8 0.957434 0.917429 0.844321 0.10643 
16 1.81 0.955641 0.914072 0.8384 0.116122 
16 1.81 0.955397 0.913642 0.837694 0.121409 
16 1.81 0.955482 0.913774 0.837858 0.117074 
16 1.81 0.955012 0.912893 0.83632 0.11957 
16 1.81 0.954969 0.912864 0.836402 0.127078 
16 1.82 0.953323 0.909733 0.830762 0.127851 
16 1.82 0.953365 0.909812 0.830883 0.127632 
16 1.82 0.953883 0.910782 0.832618 0.125184 
16 1.82 0.954263 0.911472 0.83374 0.120271 
16 1.82 0.953844 0.910725 0.832561 0.12757 
16 1.83 0.952095 0.907419 0.826637 0.130526 
16 1.83 0.951712 0.90671 0.825403 0.133367 
16 1.83 0.951993 0.907242 0.82637 0.133088 
16 1.83 0.952369 0.907945 0.827604 0.131344 
16 1.83 0.952076 0.907406 0.826683 0.133911 
16 1.84 0.950493 0.904402 0.821281 0.134326 
16 1.84 0.949702 0.902963 0.818857 0.143244 
16 1.84 0.950096 0.90366 0.819972 0.136044 
16 1.84 0.950551 0.904544 0.821615 0.138749 
16 1.84 0.950036 0.903584 0.819936 0.141337 
16 1.85 0.94846 0.900609 0.814635 0.142814 
16 1.85 0.948505 0.900715 0.814885 0.145867 
16 1.85 0.948148 0.900073 0.813836 0.150659 
16 1.85 0.948416 0.900573 0.814703 0.149325 
16 1.85 0.94798 0.899728 0.813128 0.147078 
16 1.86 0.946241 0.896528 0.807655 0.159263 
16 1.86 0.946193 0.896503 0.807814 0.168236 
16 1.86 0.946545 0.89707 0.80857 0.154664 
16 1.86 0.946984 0.897907 0.810039 0.155448 
16 1.86 0.946607 0.897175 0.808702 0.152833 
16 1.87 0.944245 0.892813 0.8012 0.166354 
16 1.87 0.94458 0.893451 0.802355 0.167017 
16 1.87 0.94449 0.893227 0.801789 0.159612 
16 1.87 0.944519 0.893331 0.802109 0.166364 
16 1.87 0.944434 0.893246 0.802163 0.176562 
16 1.88 0.942273 0.889172 0.79495 0.176094 
16 1.88 0.942602 0.889771 0.795926 0.173173 
16 1.88 0.942598 0.889796 0.796079 0.177526 
16 1.88 0.942588 0.889815 0.796185 0.18302 
16 1.88 0.942416 0.889497 0.795652 0.183781 
16 1.89 0.940296 0.885562 0.788877 0.190361 
16 1.89 0.940914 0.886587 0.790286 0.171672 
16 1.89 0.940747 0.886327 0.789991 0.179142 
16 1.89 0.940288 0.885538 0.788782 0.189288 
16 1.89 0.94043 0.885742 0.788988 0.180757 
16 1.9 0.937434 0.8803 0.779901 0.20453 
16 1.9 0.93827 0.881866 0.782606 0.204235 
16 1.9 0.938176 0.881644 0.782086 0.198041 
16 1.9 0.939401 0.883932 0.786074 0.196504 
16 1.9 0.938436 0.882153 0.783059 0.200941 
16 1.91 0.935977 0.877652 0.77548 0.214448 
16 1.91 0.935888 0.877485 0.775158 0.214234 
16 1.91 0.935063 0.875997 0.772572 0.221666 
16 1.91 0.935955 0.877583 0.775279 0.21054 
16 1.91 0.935884 0.877541 0.775344 0.222826 
16 1.92 0.9335 0.873158 0.767874 0.23142 
16 1.92 0.933398 0.872903 0.767376 0.222752 
16 1.92 0.933319 0.872839 0.767326 0.234065 
16 1.92 0.933784 0.873659 0.768725 0.227456 
16 1.92 0.933624 0.87334 0.768113 0.22472 
16 1.93 0.93107 0.868728 0.760423 0.243495 
16 1.93 0.931614 0.869667 0.761962 0.233795 
16 1.93 0.931187 0.868873 0.760519 0.233835 
16 1.93 0.931437 0.869382 0.761607 0.239801 
16 1.93 0.931845 0.870177 0.763041 0.244272 
16 1.94 0.929145 0.86517 0.754444 0.245343 
16 1.94 0.928292 0.863667 0.752014 0.256061 
16 1.94 0.929612 0.865979 0.755714 0.237438 
16 1.94 0.928682 0.86441 0.753361 0.25863 
16 1.94 0.928559 0.864076 0.752523 0.244547 
16 1.95 0.925665 0.859036 0.744634 0.286295 
16 1.95 0.926281 0.860054 0.746085 0.269994 
16 1.95 0.926444 0.860296 0.746424 0.262303 
16 1.95 0.925976 0.859616 0.745674 0.286793 
16 1.95 0.925679 0.859069 0.74468 0.287237 
16 1.96 0.923356 0.854847 0.737746 0.295171 
16 1.96 0.922802 0.853754 0.735698 0.286259 
16 1.96 0.923392 0.854894 0.737626 0.292721 
16 1.96 0.923914 0.855826 0.739118 0.28844 
16 1.96 0.923979 0.856038 0.739593 0.300475 
16 1.97 0.91991 0.848838 0.728201 0.33834 
16 1.97 0.920284 0.849536 0.729265 0.339524 
16 1.97 0.920009 0.848841 0.727887 0.314911 
16 1.97 0.920142 0.849127 0.728399 0.32037 
16 1.97 0.921915 0.852214 0.733266 0.297213 
16 1.98 0.916663 0.842789 0.717884 0.325477 
16 1.98 0.916902 0.843481 0.719517 0.358333 
16 1.98 0.915947 0.84178 0.716918 0.364839 
16 1.98 0.91799 0.845241 0.722074 0.327808 
16 1.98 0.916824 0.84317 0.718864 0.336551 
16 1.99 0.91551 0.840834 0.71504 0.344161 
16 1.99 0.913551 0.837378 0.709429 0.360525 
16 1.99 0.914043 0.838342 0.711233 0.368861 
16 1.99 0.914231 0.838679 0.711672 0.367966 
16 1.99 0.913523 0.837501 0.709984 0.382891 
16 2 0.912292 0.835247 0.706215 0.380133 
16 2 0.911105 0.833241 0.703217 0.400485 
16 2 0.910952 0.83289 0.702465 0.391371 
16 2 0.911237 0.833568 0.703871 0.411562 
16 2 0.911657 0.834023 0.70416 0.371777 
16 2.001 0.910672 0.832414 0.701833 0.395503 
16 2.001 0.910406 0.832063 0.701381 0.412476 
16 2.001 0.910879 0.83282 0.702556 0.399169 
16 2.001 0.910443 0.832032 0.701294 0.399781 
16 2.001 0.910796 0.832644 0.702187 0.395833 
16 2.002 0.9102 0.831606 0.700585 0.401755 
16 2.002 0.910822 0.832744 0.702415 0.402401 
16 2.002 0.910834 0.832626 0.701986 0.384705 
16 2.002 0.910774 0.832643 0.702305 0.400627 
16 2.002 0.910477 0.832073 0.701258 0.397084 
16 2.003 0.910361 0.831877 0.700936 0.398763 
16 2.003 0.909981 0.831264 0.700072 0.40881 
16 2.003 0.910378 0.831895 0.70094 0.397112 
16 2.003 0.910116 0.831503 0.700496 0.40806 
16 2.003 0.909829 0.830972 0.699578 0.406711 
16 2.004 0.90952 0.830407 0.698692 0.406299 
16 2.004 0.910409 0.83192 0.700922 0.392826 
16 2.004 0.910207 0.831535 0.700305 0.390669 
16 2.004 0.90967 0.830664 0.699042 0.404303 
