size temperature m m^2 m^4 mag_sus
80 2.351 0.188044 0.0525419 0.006773 46.7721 
80 2.351 0.18803 0.0524156 0.00668406 46.4424 
80 2.351 0.189028 0.0529952 0.00692147 46.9957 
80 2.351 0.191195 0.0539605 0.00706293 47.3807 
80 2.351 0.19011 0.053737 0.00707125 47.8989 
80 2.352 0.185722 0.0514862 0.00657507 46.2407 
80 2.352 0.186105 0.0515631 0.0065983 46.0627 
80 2.352 0.187495 0.0519735 0.00660081 45.7659 
80 2.352 0.187408 0.0523646 0.00677993 46.9192 
80 2.352 0.189263 0.0531067 0.00687768 47.0372 
80 2.353 0.183914 0.0506186 0.00640649 45.6789 
80 2.353 0.184318 0.050909 0.00649007 46.0646 
80 2.353 0.184855 0.050611 0.00625462 44.7143 
80 2.353 0.184999 0.0511406 0.00649678 46.0102 
80 2.353 0.185299 0.051125 0.00645738 45.6652 
80 2.354 0.183322 0.0504387 0.00639569 45.7615 
80 2.354 0.183211 0.049989 0.00622362 44.6502 
80 2.354 0.18389 0.0500301 0.00604455 44.0842 
80 2.354 0.183073 0.0497327 0.00607413 44.0906 
80 2.354 0.18348 0.0504528 0.00637597 45.6429 
80 2.355 0.179953 0.0483754 0.00587265 43.4611 
80 2.355 0.182164 0.0492679 0.00602272 43.7102 
80 2.355 0.181842 0.0494173 0.00606987 44.4354 
80 2.355 0.182433 0.0496924 0.00616503 44.5973 
80 2.355 0.182509 0.0495068 0.00616404 44.0182 
80 2.356 0.179433 0.0478592 0.00566133 42.5477 
80 2.356 0.17983 0.0482616 0.00579848 43.2536 
80 2.356 0.179479 0.0480177 0.00573763 42.9337 
80 2.356 0.180502 0.0486267 0.00592034 43.5874 
80 2.356 0.177218 0.0469595 0.0055429 42.2505 
80 2.357 0.175937 0.0463007 0.0053665 41.6715 
80 2.357 0.178266 0.0472138 0.00553966 41.9112 
80 2.357 0.17536 0.0463183 0.00544975 42.2701 
80 2.357 0.178881 0.0476452 0.00563689 42.4861 
80 2.357 0.176752 0.04685 0.00556803 42.3827 
80 2.358 0.178392 0.0472853 0.00556545 41.9657 
80 2.358 0.1768 0.0464019 0.0054027 41.1026 
80 2.358 0.177584 0.0471338 0.00555298 42.335 
80 2.358 0.174777 0.0455931 0.00525189 40.8373 
80 2.358 0.175676 0.0462102 0.00534961 41.6574 
80 2.359 0.175736 0.0457468 0.00523086 40.3254 
80 2.359 0.174607 0.0455715 0.00524966 40.9227 
80 2.359 0.173232 0.0449284 0.00514283 40.4756 
80 2.359 0.172443 0.0449051 0.00515239 41.1526 
80 2.359 0.174849 0.0458047 0.00530726 41.3259 
80 2.36 0.171745 0.0444792 0.00506053 40.6315 
80 2.36 0.172393 0.0446028 0.00506388 40.3618 
80 2.36 0.170956 0.0438224 0.00487589 39.5833 
80 2.36 0.171446 0.0442497 0.00499722 40.287 
80 2.36 0.173808 0.0455936 0.0053366 41.7201 
80 2.361 0.171138 0.0436575 0.00481645 38.9514 
80 2.361 0.171219 0.0439671 0.00490002 39.7154 
80 2.361 0.168741 0.0429338 0.00474892 39.1979 
80 2.361 0.170827 0.0440729 0.00502287 40.3652 
80 2.361 0.172165 0.0442114 0.00490747 39.4966 
80 2.362 0.167054 0.0423226 0.00466694 39.0604 
80 2.362 0.171269 0.0437444 0.00481732 39.0485 
80 2.362 0.169969 0.043563 0.00488683 39.7584 
80 2.362 0.169101 0.043161 0.0047548 39.4671 
80 2.362 0.169213 0.0430745 0.00471155 39.1303 
80 2.363 0.166181 0.0416485 0.00441769 38.0053 
80 2.363 0.168401 0.0426485 0.00459847 38.7028 
80 2.363 0.168422 0.0427443 0.00463859 38.9429 
80 2.363 0.165172 0.0411341 0.0043732 37.518 
80 2.363 0.169335 0.0429986 0.00474456 38.7966 
80 2.364 0.16696 0.0419887 0.00451194 38.2082 
80 2.364 0.167292 0.0418815 0.00439273 37.6172 
80 2.364 0.165052 0.0409966 0.00430946 37.2366 
80 2.364 0.167778 0.0423551 0.00459079 38.4587 
80 2.364 0.166347 0.0417956 0.00447983 38.2386 
80 2.365 0.163039 0.0399539 0.00409641 36.1867 
80 2.365 0.164159 0.0407948 0.00431675 37.4709 
80 2.365 0.166657 0.0416721 0.00443997 37.609 
80 2.365 0.164655 0.0410065 0.00440258 37.6019 
80 2.365 0.164401 0.040865 0.00431207 37.4458 
80 2.366 0.165491 0.0412545 0.00435969 37.5103 
80 2.366 0.16314 0.0401535 0.00413851 36.6224 
80 2.366 0.162994 0.040128 0.00421726 36.6824 
80 2.366 0.163636 0.0403234 0.00418791 36.6432 
80 2.366 0.16253 0.0397029 0.00405188 35.9408 
80 2.367 0.163909 0.0403706 0.00419534 36.5136 
80 2.367 0.162795 0.0398684 0.00408544 36.1405 
80 2.367 0.161147 0.0390593 0.00391868 35.3963 
80 2.367 0.16163 0.0396269 0.00408779 36.5086 
80 2.367 0.160067 0.0387952 0.0039276 35.6197 
80 2.368 0.160765 0.0389462 0.00395425 35.408 
80 2.368 0.159352 0.0383095 0.00382271 34.9094 
80 2.368 0.15939 0.0382761 0.00376439 34.7862 
80 2.368 0.16173 0.0394675 0.00404402 35.9753 
80 2.368 0.162274 0.0396943 0.00408064 36.1117 
80 2.369 0.160082 0.0386318 0.00388006 35.1352 
80 2.369 0.159511 0.0384843 0.00388967 35.2296 
80 2.369 0.156611 0.0370706 0.00361737 33.8876 
80 2.369 0.15998 0.0385596 0.00386144 35.0283 
80 2.369 0.159815 0.0386133 0.00386913 35.3161 
80 2.37 0.159077 0.0382095 0.00379077 34.8465 
80 2.37 0.157968 0.0380929 0.00380772 35.4808 
80 2.37 0.157122 0.0377212 0.00377777 35.1971 
80 2.37 0.157032 0.0371634 0.0036177 33.7668 
80 2.37 0.158983 0.0382531 0.00381096 35.0447 
80 2.371 0.156032 0.0368187 0.00351599 33.6677 
80 2.371 0.155572 0.0366921 0.00353519 33.7123 
80 2.371 0.156816 0.037045 0.00356634 33.6165 
80 2.371 0.156749 0.0368926 0.00350519 33.2615 
80 2.371 0.157697 0.0374356 0.00360668 33.9227 
80 2.372 0.15464 0.0363095 0.00349037 33.4459 
80 2.372 0.155785 0.0365398 0.00346857 33.1082 
80 2.372 0.154979 0.0364713 0.00352084 33.5991 
80 2.372 0.153918 0.0361306 0.00344886 33.5645 
80 2.372 0.154756 0.0364831 0.00354473 33.818 
80 2.373 0.1553 0.0365235 0.00350515 33.4573 
80 2.373 0.155633 0.0365935 0.00348228 33.3671 
80 2.373 0.153534 0.0356236 0.00330172 32.5018 
80 2.373 0.152361 0.0350771 0.00321248 31.995 
80 2.373 0.153882 0.036109 0.00347386 33.5225 
80 2.374 0.152832 0.0353592 0.00325684 32.3551 
80 2.374 0.153089 0.0354217 0.00329522 32.3116 
80 2.374 0.152858 0.035577 0.0033596 32.9204 
80 2.374 0.151221 0.0348176 0.00322484 32.2154 
80 2.374 0.153912 0.0359666 0.00339664 33.099 
80 2.375 0.149339 0.0339945 0.00309232 31.508 
80 2.375 0.150276 0.0344129 0.0031496 31.8784 
80 2.375 0.151478 0.0348945 0.00321582 32.199 
80 2.375 0.150777 0.0346005 0.00318746 31.978 
80 2.375 0.152685 0.0353113 0.00326425 32.3328 
80 2.376 0.149276 0.0335374 0.0029402 30.3143 
80 2.376 0.151042 0.0348525 0.00325008 32.4279 
80 2.376 0.148823 0.0336316 0.00299231 30.9317 
80 2.376 0.151732 0.0347232 0.0031431 31.5165 
80 2.376 0.149842 0.0343416 0.0031483 32.0243 
80 2.377 0.148688 0.033763 0.0030419 31.3807 
80 2.377 0.149993 0.0342809 0.00314034 31.7258 
80 2.377 0.149743 0.034173 0.00314013 31.6365 
80 2.377 0.147751 0.0333488 0.00299116 31.0131 
80 2.377 0.148477 0.0337279 0.00304963 31.4549 
80 2.378 0.14795 0.0332633 0.00291401 30.6114 
80 2.378 0.148845 0.0333768 0.00287625 30.2019 
80 2.378 0.147417 0.0329832 0.00289093 30.2816 
80 2.378 0.147439 0.0329873 0.00288213 30.2747 
80 2.378 0.147394 0.033113 0.00291165 30.6492 
80 2.379 0.14652 0.0326861 0.00288176 30.1785 
80 2.379 0.14558 0.032054 0.00271709 29.2174 
80 2.379 0.146112 0.0327516 0.00292738 30.6761 
80 2.379 0.147889 0.033097 0.00287771 30.2002 
80 2.379 0.147896 0.0332687 0.00293006 30.6561 
80 2.38 0.145972 0.0322177 0.00274002 29.3375 
80 2.38 0.146175 0.0326427 0.00291592 30.3213 
80 2.38 0.144088 0.0317572 0.00275138 29.5687 
80 2.38 0.145281 0.0320802 0.00272789 29.509 
80 2.38 0.146757 0.0328893 0.00292508 30.5252 
80 2.381 0.143588 0.031415 0.00264333 29.0232 
80 2.381 0.146801 0.0326956 0.00283298 29.9573 
80 2.381 0.143875 0.0316935 0.00270969 29.5499 
80 2.381 0.142918 0.0312169 0.00260931 29.0068 
80 2.381 0.144168 0.0317299 0.00267702 29.4205 
80 2.382 0.142145 0.031052 0.00262408 29.1434 
80 2.382 0.144503 0.0319349 0.00278092 29.6993 
80 2.382 0.14115 0.0305037 0.00254739 28.4275 
80 2.382 0.143133 0.0312342 0.00265001 28.8755 
80 2.382 0.143844 0.0316306 0.00270485 29.3928 
80 2.383 0.14131 0.0306553 0.00254268 28.7011 
80 2.383 0.142257 0.0308419 0.0025275 28.4816 
80 2.383 0.141335 0.0304292 0.00250329 28.075 
80 2.383 0.141925 0.0308236 0.00257755 28.6855 
80 2.383 0.142184 0.0307621 0.00253102 28.3225 
80 2.384 0.141735 0.0306227 0.00252494 28.2791 
80 2.384 0.140259 0.0301604 0.00246923 28.155 
80 2.384 0.141608 0.030556 0.00249972 28.1967 
80 2.384 0.141952 0.030718 0.00253327 28.3694 
80 2.384 0.140808 0.0303064 0.00247585 28.133 
80 2.385 0.139462 0.0297701 0.00239047 27.6945 
80 2.385 0.13878 0.0297131 0.0024627 28.0502 
80 2.385 0.140199 0.0299042 0.00237649 27.5009 
80 2.385 0.140365 0.0300871 0.00244682 27.8671 
80 2.385 0.141234 0.0306398 0.00254987 28.6933 
80 2.386 0.137953 0.0289452 0.00223353 26.5928 
80 2.386 0.137599 0.0292235 0.00235958 27.6011 
80 2.386 0.139115 0.0295307 0.00236542 27.2999 
80 2.386 0.138988 0.0297964 0.00244831 28.1074 
80 2.386 0.139802 0.0296654 0.00234487 27.1472 
80 2.387 0.138597 0.0292839 0.00229378 27.0121 
80 2.387 0.137219 0.0286722 0.00219956 26.3911 
80 2.387 0.136486 0.0285307 0.00221017 26.5501 
80 2.387 0.13928 0.0295075 0.00233552 27.1031 
80 2.387 0.138518 0.0292276 0.002298 26.9202 
80 2.388 0.136732 0.0286532 0.00223668 26.6872 
80 2.388 0.137111 0.0286735 0.00221048 26.4636 
80 2.388 0.138576 0.0291829 0.00228129 26.746 
80 2.388 0.137408 0.0288061 0.00220596 26.5998 
80 2.388 0.138415 0.0292125 0.00230291 26.9449 
80 2.389 0.136063 0.0283707 0.002176 26.4079 
80 2.389 0.135809 0.028331 0.00221346 26.4866 
80 2.389 0.137373 0.0288572 0.00227916 26.7513 
80 2.389 0.137352 0.0289334 0.00229866 26.9712 
80 2.389 0.135847 0.0281031 0.00212264 25.8484 
80 2.39 0.13518 0.0279994 0.00211221 26.0441 
80 2.39 0.13588 0.0282653 0.00218018 26.2479 
80 2.39 0.134472 0.0277548 0.00207397 25.9003 
80 2.39 0.135228 0.0280227 0.00213575 26.0717 
80 2.39 0.135503 0.0282168 0.0021688 26.392 
80 2.391 0.134722 0.0276662 0.00207145 25.4721 
80 2.391 0.134234 0.0277644 0.00212159 26.0861 
80 2.391 0.134909 0.0277529 0.0020772 25.5689 
80 2.391 0.135226 0.0278527 0.00209318 25.607 
80 2.391 0.132852 0.0271335 0.00203595 25.3855 
80 2.392 0.130941 0.0266115 0.00197905 25.3267 
80 2.392 0.133548 0.0273159 0.00204959 25.3666 
80 2.392 0.133366 0.0273806 0.00207748 25.6697 
80 2.392 0.133171 0.0271905 0.00203833 25.3006 
80 2.392 0.132353 0.0269581 0.00199534 25.2598 
80 2.393 0.13209 0.0265121 0.00190807 24.2424 
80 2.393 0.131536 0.0263927 0.00190255 24.3133 
80 2.393 0.132574 0.026842 0.00195059 24.782 
80 2.393 0.132012 0.0267842 0.00198103 25.0252 
80 2.393 0.132121 0.0269369 0.00200321 25.3567 
80 2.394 0.130981 0.026194 0.00186779 24.1619 
80 2.394 0.131865 0.026768 0.00196808 25.0752 
80 2.394 0.129983 0.0259168 0.00185384 24.1174 
80 2.394 0.131795 0.026673 0.0019798 24.8704 
80 2.394 0.133447 0.0270785 0.00197098 24.7828 
80 2.395 0.132389 0.0268322 0.0019638 24.8662 
80 2.395 0.12977 0.0258932 0.00185241 24.1915 
80 2.395 0.130537 0.0260586 0.00184974 24.1004 
80 2.395 0.130954 0.0263492 0.00192279 24.5853 
80 2.395 0.129025 0.0258344 0.00187096 24.5495 
80 2.396 0.130113 0.0260115 0.00186176 24.259 
80 2.396 0.129718 0.0259857 0.00188292 24.4648 
80 2.396 0.131818 0.0265616 0.00191331 24.5357 
80 2.396 0.1282 0.0253139 0.00176956 23.7158 
80 2.396 0.129482 0.0256689 0.00177742 23.7818 
80 2.397 0.127296 0.0250925 0.00177239 23.7314 
80 2.397 0.128855 0.0252752 0.00173196 23.1531 
80 2.397 0.128857 0.0253292 0.00173011 23.2962 
80 2.397 0.127321 0.0249609 0.00172821 23.3633 
80 2.397 0.129168 0.0256397 0.0018136 23.9107 
80 2.398 0.127917 0.0249764 0.00169212 22.9886 
80 2.398 0.128449 0.0253879 0.00178239 23.7233 
80 2.398 0.128562 0.0253792 0.0017603 23.6223 
80 2.398 0.128801 0.0253951 0.00176222 23.501 
80 2.398 0.128514 0.0251594 0.00170752 23.0688 
80 2.399 0.129334 0.0254714 0.00174386 23.327 
80 2.399 0.126266 0.02444 0.00162334 22.6676 
80 2.399 0.126131 0.0246027 0.0016819 23.1924 
80 2.399 0.126924 0.0247458 0.00166395 23.0394 
80 2.399 0.127655 0.0250393 0.0017235 23.3256 
80 2.4 0.126052 0.0244623 0.00166266 22.862 
80 2.4 0.1255 0.024388 0.00168866 23.0339 
80 2.4 0.126266 0.0246967 0.00169174 23.343 
80 2.4 0.124747 0.0240387 0.00162941 22.605 
80 2.4 0.125866 0.0242943 0.00163335 22.5388 
80 2.401 0.126399 0.0244587 0.00165608 22.6093 
80 2.401 0.125571 0.0243198 0.00162004 22.7953 
80 2.401 0.127843 0.024967 0.00169139 22.9859 
80 2.401 0.126133 0.0243145 0.00161791 22.4036 
80 2.401 0.125329 0.0241165 0.00161425 22.415 
80 2.402 0.126047 0.0241075 0.00156904 21.9006 
80 2.402 0.124995 0.0242202 0.00164443 22.9051 
80 2.402 0.123733 0.0236975 0.00157392 22.3481 
80 2.402 0.124878 0.0240552 0.00160648 22.5429 
80 2.402 0.125746 0.0241924 0.00159965 22.3287 
80 2.403 0.124905 0.0241142 0.00161812 22.6731 
80 2.403 0.125721 0.0243912 0.00163302 22.8662 
80 2.403 0.123356 0.0235958 0.00157211 22.3165 
80 2.403 0.122505 0.0231838 0.00150883 21.7762 
80 2.403 0.122557 0.0231453 0.0015087 21.6399 
80 2.404 0.123041 0.0232872 0.00150245 21.6922 
80 2.404 0.12328 0.02335 0.00149169 21.7026 
80 2.404 0.123577 0.0234596 0.00150989 21.7995 
80 2.404 0.12395 0.0236781 0.00158008 22.1352 
80 2.404 0.122711 0.0234547 0.00157012 22.3541 
80 2.405 0.12293 0.023278 0.00150225 21.7313 
80 2.405 0.12193 0.0229641 0.00147603 21.5472 
80 2.405 0.122957 0.0233525 0.00151891 21.912 
80 2.405 0.123428 0.0235765 0.00156137 22.1993 
80 2.405 0.123782 0.0235159 0.00153979 21.805 
80 2.406 0.122018 0.0228336 0.00144712 21.1341 
80 2.406 0.121132 0.0226683 0.00145293 21.2679 
80 2.406 0.122441 0.0230388 0.0014701 21.4052 
80 2.406 0.121232 0.0227537 0.00146609 21.4306 
80 2.406 0.120012 0.0222358 0.0013814 20.8356 
80 2.407 0.119348 0.0221666 0.00139775 21.0658 
80 2.407 0.121601 0.0229176 0.00147413 21.6189 
80 2.407 0.12216 0.0230098 0.00146391 21.5022 
80 2.407 0.121235 0.0225675 0.0014065 20.9241 
80 2.407 0.120506 0.0223948 0.00139486 20.934 
80 2.408 0.119921 0.0223495 0.0014046 21.1785 
80 2.408 0.120869 0.0224518 0.00138212 20.844 
80 2.408 0.119404 0.0220508 0.00137949 20.7137 
80 2.408 0.121348 0.0228272 0.0014616 21.5331 
80 2.408 0.118941 0.0218514 0.00132488 20.4768 
80 2.409 0.121199 0.0224542 0.0013826 20.6292 
80 2.409 0.118721 0.0215639 0.00127811 19.8437 
80 2.409 0.118578 0.0215835 0.00127116 19.9855 
80 2.409 0.119988 0.0221147 0.00136302 20.5031 
80 2.409 0.120452 0.0223548 0.00138251 20.8449 
80 2.41 0.119239 0.0219195 0.00134044 20.4524 
80 2.41 0.118271 0.0217436 0.001329 20.596 
80 2.41 0.120956 0.0226349 0.00142995 21.2566 
80 2.41 0.117376 0.0212753 0.00125295 19.9123 
80 2.41 0.118597 0.0216922 0.0013203 20.2539 
80 2.411 0.117893 0.0212872 0.00126296 19.6124 
80 2.411 0.117804 0.0215259 0.00130721 20.3018 
80 2.411 0.118574 0.0217622 0.00133486 20.4458 
80 2.411 0.119395 0.0218158 0.00130287 20.0699 
80 2.411 0.118288 0.0215927 0.00130564 20.1758 
80 2.412 0.117222 0.0211348 0.00125133 19.6186 
80 2.412 0.117944 0.0213756 0.0012622 19.807 
80 2.412 0.117792 0.0214534 0.00129666 20.1087 
80 2.412 0.115729 0.0208765 0.0012648 19.8558 
80 2.412 0.117816 0.0212988 0.00125262 19.6836 
80 2.413 0.116449 0.0209022 0.00119792 19.4729 
80 2.413 0.116836 0.0210053 0.0012328 19.5065 
80 2.413 0.11668 0.0208837 0.0011979 19.2808 
80 2.413 0.116554 0.0210033 0.00124884 19.6758 
80 2.413 0.117896 0.0213972 0.00127532 19.8864 
80 2.414 0.116652 0.0211368 0.00126586 19.9612 
80 2.414 0.116959 0.0210354 0.00121196 19.502 
80 2.414 0.115746 0.0207919 0.00123803 19.605 
80 2.414 0.115604 0.0206395 0.00118432 19.288 
80 2.414 0.116011 0.0208232 0.00122526 19.525 
80 2.415 0.113922 0.02009 0.00113611 18.847 
80 2.415 0.114046 0.0202043 0.00116455 19.0749 
80 2.415 0.11502 0.0204757 0.00118077 19.203 
80 2.415 0.115832 0.0205302 0.00116809 18.8504 
80 2.415 0.114754 0.0202923 0.001154 18.8787 
80 2.416 0.115324 0.0205214 0.00116908 19.1304 
80 2.416 0.115184 0.0203215 0.00113613 18.6865 
80 2.416 0.112993 0.0198612 0.00113123 18.7913 
80 2.416 0.11467 0.0203432 0.00113885 19.0572 
80 2.416 0.11412 0.0200009 0.00110265 18.4837 
80 2.417 0.114902 0.0203337 0.00114864 18.8831 
80 2.417 0.112834 0.0195577 0.00104117 18.075 
80 2.417 0.113568 0.0200797 0.00115512 19.0174 
80 2.417 0.114261 0.0202282 0.00116884 18.9928 
80 2.417 0.112671 0.0196118 0.00108534 18.3156 
80 2.418 0.113538 0.0198277 0.00108876 18.3605 
80 2.418 0.114389 0.0201956 0.00115562 18.821 
80 2.418 0.112437 0.0196016 0.00109309 18.4207 
80 2.418 0.114684 0.0201924 0.00113155 18.6335 
80 2.418 0.113267 0.0199205 0.00110634 18.7689 
80 2.419 0.112852 0.019489 0.00105739 17.8678 
80 2.419 0.113039 0.0197757 0.00113189 18.5145 
80 2.419 0.112212 0.0194853 0.00105117 18.2389 
80 2.419 0.113283 0.0198901 0.00112539 18.6707 
80 2.419 0.111117 0.0191828 0.00104801 18.0855 
80 2.42 0.112179 0.0194989 0.00107584 18.2869 
80 2.42 0.112842 0.0195171 0.00102829 17.9407 
80 2.42 0.112038 0.0193167 0.00104991 17.8889 
80 2.42 0.111919 0.019398 0.0010711 18.1744 
80 2.42 0.11218 0.0193337 0.0010342 17.8494 
80 2.421 0.111452 0.0190441 0.00100761 17.5072 
80 2.421 0.111869 0.0191642 0.00102122 17.578 
80 2.421 0.112618 0.0195452 0.00108231 18.1411 
80 2.421 0.110642 0.0189141 0.000994889 17.639 
80 2.421 0.11066 0.018936 0.00102159 17.6865 
80 2.422 0.111579 0.0193222 0.00107574 18.1597 
80 2.422 0.111367 0.0190553 0.00101671 17.5793 
80 2.422 0.108952 0.0184373 0.00097423 17.3521 
80 2.422 0.110561 0.0187475 0.00096941 17.2388 
80 2.422 0.108448 0.0184804 0.00102034 17.7558 
80 2.423 0.111233 0.0191165 0.00102479 17.8126 
80 2.423 0.109868 0.0186491 0.000989332 17.3749 
80 2.423 0.109795 0.0187099 0.000990671 17.5782 
80 2.423 0.110831 0.0189085 0.000997803 17.4991 
80 2.423 0.109247 0.0183572 0.000952 16.9637 
80 2.424 0.109629 0.0186479 0.000993071 17.5036 
80 2.424 0.109673 0.0186608 0.000985459 17.5122 
80 2.424 0.110491 0.0188715 0.00101781 17.5928 
80 2.424 0.109469 0.0185519 0.000980018 17.3422 
80 2.424 0.110152 0.0188407 0.00101474 17.7089 
80 2.425 0.109131 0.0184621 0.000967194 17.2931 
80 2.425 0.109548 0.0186129 0.000987333 17.4509 
80 2.425 0.109032 0.0185376 0.000999854 17.5497 
80 2.425 0.10994 0.0186709 0.000979206 17.3765 
80 2.425 0.108888 0.0182646 0.000920828 16.9119 
80 2.426 0.109265 0.0183912 0.00094026 17.0219 
80 2.426 0.108626 0.018287 0.000963288 17.1142 
80 2.426 0.108258 0.0180734 0.000917067 16.7617 
80 2.426 0.108754 0.0183376 0.000960159 17.1743 
80 2.426 0.109598 0.0185316 0.000968624 17.2003 
80 2.427 0.108346 0.0180999 0.000921772 16.7741 
80 2.427 0.107705 0.017855 0.000880565 16.4938 
80 2.427 0.106782 0.0177239 0.000902772 16.6697 
80 2.427 0.10931 0.0185114 0.00099648 17.3062 
80 2.427 0.107429 0.0179594 0.000922795 16.9252 
80 2.428 0.10757 0.0178856 0.000900304 16.6439 
80 2.428 0.106657 0.0175661 0.000867437 16.3177 
80 2.428 0.106095 0.0175472 0.0008986 16.5827 
80 2.428 0.106517 0.0176065 0.000877192 16.5024 
80 2.428 0.108318 0.0181699 0.000931484 16.9677 
80 2.429 0.105994 0.0176919 0.000911641 17.0137 
80 2.429 0.107745 0.0180112 0.000928364 16.869 
80 2.429 0.106368 0.017519 0.000875586 16.3486 
80 2.429 0.105841 0.0173733 0.000861183 16.2596 
80 2.429 0.107649 0.0179803 0.000917165 16.842 
80 2.43 0.10666 0.0176259 0.000870925 16.4599 
80 2.43 0.106826 0.01766 0.000880632 16.4564 
80 2.43 0.107437 0.0178119 0.000881441 16.5116 
80 2.43 0.104907 0.017238 0.000858551 16.4151 
80 2.43 0.105335 0.0173302 0.000870493 16.4209 
80 2.431 0.105553 0.0172341 0.000834551 16.0398 
80 2.431 0.105645 0.0172852 0.000851768 16.1231 
80 2.431 0.10538 0.0170828 0.000805991 15.7378 
80 2.431 0.104739 0.0169722 0.000817341 15.8009 
80 2.431 0.10513 0.0171756 0.000858215 16.1202 
80 2.432 0.106 0.0173272 0.000848288 16.0296 
80 2.432 0.105865 0.0173807 0.000853133 16.2457 
80 2.432 0.105413 0.0172326 0.000841711 16.107 
80 2.432 0.106262 0.0173357 0.000839228 15.9056 
80 2.432 0.105172 0.0171822 0.000835556 16.1082 
80 2.433 0.103587 0.0167267 0.00080549 15.7737 
80 2.433 0.10446 0.0169285 0.000817996 15.8266 
80 2.433 0.105087 0.0171883 0.000839099 16.1642 
80 2.433 0.105608 0.0172604 0.000832173 16.0651 
80 2.433 0.105583 0.0173497 0.000862714 16.3144 
80 2.434 0.10285 0.0163979 0.000770537 15.3023 
80 2.434 0.103611 0.0166944 0.000801843 15.6689 
80 2.434 0.10417 0.0167152 0.000773723 15.4182 
80 2.434 0.103671 0.0165983 0.00077599 15.3836 
80 2.434 0.104105 0.0168313 0.000811417 15.7595 
80 2.435 0.101864 0.0160914 0.000736007 15.0211 
80 2.435 0.102958 0.0164164 0.000766229 15.2865 
80 2.435 0.104555 0.0168979 0.00080166 15.6813 
80 2.435 0.104075 0.0167378 0.000790494 15.5234 
80 2.435 0.102702 0.0163959 0.000771352 15.3709 
80 2.436 0.103259 0.0164382 0.000752772 15.1743 
80 2.436 0.102489 0.0163647 0.000770507 15.3974 
80 2.436 0.102855 0.0165336 0.000792455 15.6436 
80 2.436 0.101803 0.0162107 0.000762449 15.3611 
80 2.436 0.103415 0.0166953 0.000798414 15.7654 
80 2.437 0.102839 0.0164181 0.000760333 15.3428 
80 2.437 0.103347 0.016567 0.000780205 15.4585 
80 2.437 0.102543 0.0162632 0.000741001 15.0956 
80 2.437 0.103473 0.0166562 0.000805919 15.6243 
80 2.437 0.102618 0.0163206 0.000761236 15.2061 
80 2.438 0.101521 0.0160117 0.000734797 14.9769 
80 2.438 0.102062 0.0162364 0.000765437 15.2777 
80 2.438 0.102105 0.0161206 0.000733936 14.9503 
80 2.438 0.100475 0.0157343 0.000712246 14.8031 
80 2.438 0.101367 0.0158762 0.000697011 14.7029 
80 2.439 0.10245 0.0163146 0.00076093 15.2682 
80 2.439 0.101503 0.0160912 0.000752999 15.1886 
80 2.439 0.100747 0.015795 0.000721454 14.8127 
80 2.439 0.102783 0.0163706 0.000755493 15.2355 
80 2.439 0.101082 0.0157794 0.000710458 14.5942 
80 2.44 0.101726 0.0160907 0.000742397 15.0624 
80 2.44 0.100189 0.0156886 0.000724346 14.8216 
80 2.44 0.102446 0.0161792 0.000738654 14.9087 
80 2.44 0.102043 0.0160768 0.000733291 14.8566 
80 2.44 0.101427 0.0159305 0.000723068 14.8014 
80 2.441 0.100499 0.0156818 0.000697202 14.6347 
80 2.441 0.101856 0.0161166 0.00075564 15.0547 
80 2.441 0.102589 0.0162255 0.000737867 14.9474 
80 2.441 0.100924 0.0155772 0.000673747 14.136 
80 2.441 0.0999411 0.0154024 0.00066807 14.1954 
80 2.442 0.101415 0.0158659 0.00070342 14.6262 
80 2.442 0.100069 0.0155956 0.0007011 14.6287 
80 2.442 0.101628 0.0159642 0.000731152 14.7708 
80 2.442 0.100529 0.0155869 0.000688056 14.364 
80 2.442 0.100356 0.0156172 0.00070813 14.5347 
80 2.443 0.0987659 0.0152287 0.000668785 14.3405 
80 2.443 0.0994083 0.0152951 0.000669246 14.1809 
80 2.443 0.0991121 0.0152953 0.000672673 14.3353 
80 2.443 0.10039 0.0154947 0.00066435 14.1901 
80 2.443 0.100181 0.0156086 0.000698227 14.5983 
80 2.444 0.0998513 0.0153752 0.000671827 14.1535 
80 2.444 0.0996511 0.0153733 0.000679876 14.2532 
80 2.444 0.0992433 0.0152547 0.000661742 14.155 
80 2.444 0.0985335 0.0150784 0.000654731 14.0609 
80 2.444 0.0989747 0.0151561 0.000650031 14.0363 
80 2.445 0.0993849 0.0152988 0.000672454 14.191 
80 2.445 0.099198 0.0151801 0.000653211 13.9774 
80 2.445 0.0980938 0.0148562 0.000628852 13.6998 
80 2.445 0.0998354 0.0153959 0.000666604 14.2103 
80 2.445 0.097589 0.0147262 0.000608016 13.6184 
80 2.446 0.0988545 0.015143 0.00063976 14.0527 
80 2.446 0.0976718 0.0147963 0.000628616 13.7538 
80 2.446 0.0982121 0.0150614 0.000659 14.1706 
80 2.446 0.0989726 0.0151336 0.000645968 13.967 
80 2.446 0.0992258 0.0152424 0.000676705 14.1205 
80 2.447 0.0968813 0.0146875 0.000630863 13.866 
80 2.447 0.0975001 0.014755 0.000622997 13.7278 
80 2.447 0.0969444 0.0147047 0.000634286 13.8789 
80 2.447 0.0974887 0.0147749 0.00062593 13.7855 
80 2.447 0.097882 0.0147318 0.000608084 13.4721 
80 2.448 0.100145 0.0153922 0.000661291 14.0213 
80 2.448 0.097582 0.0148522 0.000641087 13.9346 
80 2.448 0.0970311 0.0145919 0.000599041 13.5343 
80 2.448 0.0977555 0.0149363 0.000654832 14.0659 
80 2.448 0.0961678 0.01449 0.000608986 13.7038 
80 2.449 0.0974244 0.0147536 0.000635908 13.7515 
80 2.449 0.0970239 0.0145663 0.000593989 13.4655 
80 2.449 0.0973123 0.0147176 0.000624933 13.7143 
80 2.449 0.0977315 0.0147945 0.000624316 13.7018 
80 2.449 0.0954707 0.0141219 0.000566105 13.0855 
80 2.45 0.0965763 0.0144126 0.000590359 13.2848 
80 2.45 0.0959122 0.0142957 0.00058892 13.3134 
80 2.45 0.0987036 0.0150392 0.000640298 13.8365 
80 2.45 0.0956544 0.0141659 0.000575618 13.1035 
80 2.45 0.096579 0.0145698 0.000620219 13.6943 
80 2.451 0.0957399 0.0141983 0.000581606 13.14 
80 2.451 0.09835 0.0149455 0.000628053 13.7682 
80 2.451 0.0966581 0.014468 0.000599374 13.3827 
80 2.451 0.0955976 0.0143667 0.000613079 13.6506 
80 2.451 0.0962307 0.014331 0.000583154 13.2404 
80 2.452 0.0969762 0.0146506 0.000612556 13.6932 
80 2.452 0.0957181 0.0142446 0.00058461 13.2663 
80 2.452 0.0949536 0.0140765 0.000576657 13.2081 
80 2.452 0.095338 0.0141954 0.000595166 13.3275 
80 2.452 0.0963406 0.0143167 0.000576573 13.1423 
80 2.453 0.0955485 0.0140732 0.000559636 12.8983 
80 2.453 0.0952406 0.0140339 0.000565832 12.949 
80 2.453 0.0953715 0.0142108 0.000586635 13.3455 
80 2.453 0.0970334 0.0144795 0.000586751 13.2124 
80 2.453 0.0949657 0.014015 0.000570635 13.0361 
80 2.454 0.0951795 0.0140351 0.000559987 12.9774 
80 2.454 0.0939005 0.0137758 0.000555707 12.9318 
80 2.454 0.0952239 0.014134 0.000581614 13.2131 
80 2.454 0.0953796 0.0141761 0.000579907 13.2454 
80 2.454 0.0946355 0.0139173 0.000547418 12.9392 
80 2.455 0.0947279 0.0138549 0.000540754 12.7258 
80 2.455 0.0932734 0.0134872 0.000514766 12.48 
80 2.455 0.0931938 0.0135498 0.000531296 12.682 
80 2.455 0.094079 0.0138029 0.000545407 12.9097 
80 2.455 0.0942602 0.0138298 0.000557132 12.8908 
80 2.456 0.0937214 0.0137668 0.000549186 12.9854 
80 2.456 0.0941395 0.0137852 0.000548711 12.8286 
80 2.456 0.0933481 0.0134436 0.000518396 12.3252 
80 2.456 0.0945816 0.0138049 0.000545177 12.6624 
80 2.456 0.0928759 0.0134602 0.000513254 12.5974 
80 2.457 0.0927369 0.0133539 0.000520681 12.3826 
80 2.457 0.0946856 0.0138458 0.000550599 12.7126 
80 2.457 0.0928433 0.0134786 0.000533759 12.656 
80 2.457 0.093963 0.0136352 0.000522656 12.5191 
80 2.457 0.0951379 0.0139412 0.000550219 12.7375 
80 2.458 0.0934979 0.0136804 0.000554997 12.8587 
80 2.458 0.0935871 0.0136662 0.000545174 12.7783 
80 2.458 0.092764 0.0133201 0.00050905 12.2765 
80 2.458 0.0929437 0.0134322 0.000519767 12.4814 
80 2.458 0.0931898 0.0134937 0.000520785 12.5223 
80 2.459 0.0926751 0.0133141 0.000511365 12.2988 
80 2.459 0.0927127 0.0133335 0.000506796 12.3311 
80 2.459 0.0924205 0.013524 0.000542709 12.9679 
80 2.459 0.0922343 0.0131984 0.000497282 12.2098 
80 2.459 0.0922689 0.013096 0.000487519 11.9268 
80 2.46 0.0932058 0.0134507 0.00051867 12.3925 
80 2.46 0.0914673 0.0129964 0.000485452 12.046 
80 2.46 0.0930641 0.0133761 0.000510018 12.2672 
80 2.46 0.0914646 0.0130568 0.000491553 12.2042 
80 2.46 0.0923418 0.0133485 0.000525203 12.5436 
80 2.461 0.0925004 0.0134004 0.000528601 12.5973 
80 2.461 0.091197 0.012817 0.00046367 11.7029 
80 2.461 0.0932403 0.0134432 0.000516485 12.3514 
80 2.461 0.0921912 0.0132074 0.000500638 12.2439 
80 2.461 0.0918503 0.0132228 0.000514975 12.4471 
80 2.462 0.0923183 0.013255 0.000499741 12.3018 
80 2.462 0.0909919 0.0128203 0.000468645 11.8038 
80 2.462 0.0893411 0.0125265 0.000457689 11.8139 
80 2.462 0.0914308 0.0130284 0.000488199 12.1366 
80 2.462 0.0910592 0.0129253 0.000482943 12.0449 
80 2.463 0.0919166 0.013069 0.000484038 12.0057 
80 2.463 0.0911698 0.0129358 0.000487501 12.0148 
80 2.463 0.0911691 0.0128195 0.000470262 11.713 
80 2.463 0.0906452 0.0128191 0.000484725 11.9595 
80 2.463 0.0915383 0.0130833 0.000494238 12.2232 
80 2.464 0.0906996 0.012751 0.000465101 11.7523 
80 2.464 0.0909252 0.0129405 0.000485414 12.138 
80 2.464 0.0919234 0.0132308 0.000508108 12.4178 
80 2.464 0.0908136 0.0127757 0.000475717 11.7626 
80 2.464 0.0906517 0.0127974 0.000473007 11.8953 
80 2.465 0.0902104 0.0126776 0.000468745 11.7866 
80 2.465 0.0905519 0.0127777 0.000472352 11.8862 
80 2.465 0.0903825 0.0127668 0.000476588 11.9375 
80 2.465 0.091214 0.0129176 0.000483135 11.937 
80 2.465 0.0899721 0.0126061 0.000456784 11.7125 
80 2.466 0.0896463 0.0124006 0.000444627 11.3262 
80 2.466 0.0898147 0.0125395 0.000451663 11.6083 
80 2.466 0.0918461 0.0130516 0.00049313 11.9796 
80 2.466 0.0899592 0.0126531 0.000467591 11.8357 
80 2.466 0.0902608 0.0126988 0.000468777 11.8132 
80 2.467 0.0904856 0.0126607 0.000458851 11.6042 
80 2.467 0.0897293 0.0124786 0.000445651 11.4854 
80 2.467 0.089418 0.0125017 0.000456483 11.69 
80 2.467 0.0898728 0.0125053 0.000446293 11.4877 
80 2.467 0.0891769 0.0123601 0.00043879 11.4342 
80 2.468 0.0882137 0.0122161 0.000447482 11.4993 
80 2.468 0.0897696 0.0125154 0.00045254 11.5573 
80 2.468 0.0896199 0.0124533 0.000440969 11.4661 
80 2.468 0.0896917 0.0125253 0.000453863 11.6193 
80 2.468 0.088927 0.0123563 0.000445261 11.5352 
80 2.469 0.0896826 0.012475 0.000451901 11.4884 
80 2.469 0.0895345 0.012412 0.000446732 11.3939 
80 2.469 0.0890363 0.0122967 0.000433456 11.3256 
80 2.469 0.0890697 0.012365 0.00044062 11.4874 
80 2.469 0.0887298 0.0123225 0.000442183 11.5338 
80 2.47 0.0883947 0.0121856 0.000430957 11.3282 
80 2.47 0.0884349 0.012177 0.000428848 11.2876 
80 2.47 0.0894461 0.0123755 0.000439874 11.3356 
80 2.47 0.0884436 0.0121112 0.000420943 11.113 
80 2.47 0.089138 0.0123875 0.000445613 11.5093 
80 2.471 0.0882498 0.0121244 0.000424688 11.2314 
80 2.471 0.0875838 0.0119495 0.000410309 11.0816 
80 2.471 0.0871024 0.0119014 0.000418645 11.1749 
80 2.471 0.0882329 0.0121102 0.000424131 11.2023 
80 2.471 0.0879281 0.0120986 0.000430501 11.3114 
80 2.472 0.0888018 0.0121924 0.000417088 11.1499 
80 2.472 0.0888435 0.0122304 0.000432215 11.2291 
80 2.472 0.0890682 0.0123844 0.000446118 11.5243 
80 2.472 0.0890954 0.0122547 0.00042241 11.1759 
80 2.472 0.0878309 0.0119954 0.000421633 11.0839 
80 2.473 0.0863431 0.0117159 0.000411599 11.0265 
80 2.473 0.0873785 0.0119388 0.000420657 11.138 
80 2.473 0.0877948 0.0119797 0.000415995 11.0552 
80 2.473 0.0874773 0.0119107 0.000406558 11.0206 
80 2.473 0.0872127 0.0118394 0.000402354 10.9557 
80 2.474 0.0870251 0.0117341 0.000398122 10.7633 
80 2.474 0.0867881 0.011822 0.000403832 11.0974 
80 2.474 0.0869777 0.0116677 0.000387653 10.613 
80 2.474 0.0873363 0.0118851 0.000417639 11.0136 
80 2.474 0.0879207 0.0119983 0.000412907 11.0416 
80 2.475 0.0880487 0.0119934 0.000408737 10.9662 
80 2.475 0.0855675 0.0115113 0.000391546 10.8335 
80 2.475 0.0855665 0.0113691 0.00037221 10.4662 
80 2.475 0.0856773 0.0113765 0.000372498 10.4362 
80 2.475 0.0864532 0.0116393 0.000390374 10.7705 
80 2.476 0.0855742 0.0114148 0.000382625 10.5767 
80 2.476 0.0865546 0.0116936 0.000396379 10.8611 
80 2.476 0.0864378 0.0116717 0.000403544 10.8566 
80 2.476 0.0864248 0.0116336 0.000387689 10.7642 
80 2.476 0.0871058 0.011687 0.000391657 10.5967 
80 2.477 0.0859862 0.0115126 0.000381425 10.6424 
80 2.477 0.0863864 0.0116013 0.000385493 10.6934 
80 2.477 0.0858588 0.0115031 0.00038546 10.6745 
80 2.477 0.0857688 0.0114311 0.000377121 10.5284 
80 2.477 0.0864781 0.0116888 0.000401665 10.8785 
80 2.478 0.0857319 0.0114214 0.000381421 10.5154 
80 2.478 0.0845888 0.0111787 0.000361473 10.3915 
80 2.478 0.0850295 0.011323 0.000384149 10.5712 
80 2.478 0.0864306 0.0116229 0.000398637 10.7253 
80 2.478 0.0851913 0.0113212 0.000380437 10.4953 
80 2.479 0.0850953 0.0112659 0.000371716 10.3906 
80 2.479 0.0857417 0.0115217 0.000389 10.7659 
80 2.479 0.0859567 0.0114148 0.00037266 10.3946 
80 2.479 0.0856217 0.0114377 0.000380106 10.602 
80 2.479 0.0855129 0.0112903 0.000360228 10.2694 
80 2.48 0.08562 0.0113615 0.000367968 10.4017 
80 2.48 0.0846186 0.0111332 0.000358968 10.2526 
80 2.48 0.0846243 0.0111022 0.000356951 10.1701 
80 2.48 0.0860707 0.0115329 0.000385271 10.6444 
80 2.48 0.0852699 0.0112935 0.00036514 10.3808 
80 2.481 0.0865888 0.0116875 0.000395122 10.8082 
80 2.481 0.0844583 0.0111405 0.0003583 10.3372 
80 2.481 0.0844902 0.0111271 0.000361592 10.2888 
80 2.481 0.0843017 0.011069 0.000354248 10.221 
80 2.481 0.0848653 0.0111852 0.000362807 10.2747 
80 2.482 0.0847379 0.0111858 0.000362648 10.3278 
80 2.482 0.0832232 0.01078 0.000337976 9.93751 
80 2.482 0.0854257 0.0113506 0.000380063 10.4511 
80 2.482 0.0834745 0.0109056 0.000349649 10.1533 
80 2.482 0.084671 0.0111997 0.000371737 10.393 
80 2.483 0.0848033 0.0111368 0.000359005 10.1688 
80 2.483 0.0839498 0.0109291 0.000346134 10.0049 
80 2.483 0.084342 0.0110815 0.000356089 10.2275 
80 2.483 0.0838257 0.0110067 0.000357667 10.2584 
80 2.483 0.0839091 0.0109295 0.000347701 10.0235 
80 2.484 0.0837337 0.0108717 0.000340706 9.94625 
80 2.484 0.0825753 0.0106817 0.000327343 9.95303 
80 2.484 0.0835172 0.010777 0.000335838 9.79553 
80 2.484 0.0835315 0.0109447 0.000352027 10.2216 
80 2.484 0.0826342 0.0107022 0.000335276 9.9807 
80 2.485 0.0839007 0.0109627 0.000347539 10.1044 
80 2.485 0.0841462 0.0109466 0.000342369 9.9567 
80 2.485 0.0831934 0.0109045 0.000357044 10.259 
80 2.485 0.0836252 0.0109142 0.000348626 10.0983 
80 2.485 0.0822912 0.0105498 0.000321312 9.72994 
80 2.486 0.0835996 0.0108496 0.000346375 9.9392 
80 2.486 0.084344 0.0110436 0.000350013 10.1166 
80 2.486 0.0835692 0.0108123 0.000331558 9.85609 
80 2.486 0.0823667 0.0106375 0.000334713 9.9199 
80 2.486 0.0831988 0.0107671 0.000329125 9.89878 
80 2.487 0.0832205 0.0107901 0.000337974 9.94483 
80 2.487 0.0831901 0.0108491 0.00034982 10.1096 
80 2.487 0.0833338 0.010814 0.000339928 9.95769 
80 2.487 0.0827694 0.0106494 0.000326765 9.77525 
80 2.487 0.0831268 0.0108086 0.00034852 10.0324 
80 2.488 0.0833153 0.0108521 0.00034631 10.0596 
80 2.488 0.0827857 0.0107107 0.000330366 9.92218 
80 2.488 0.0830968 0.010738 0.000335413 9.85961 
80 2.488 0.0829917 0.0107532 0.000333021 9.94368 
80 2.488 0.0822077 0.0105449 0.000326669 9.74096 
80 2.489 0.0833094 0.0108059 0.000339384 9.93914 
80 2.489 0.0827057 0.0106172 0.000327444 9.71188 
80 2.489 0.0826633 0.0106427 0.000330643 9.7953 
80 2.489 0.0816109 0.0104682 0.000329927 9.7911 
80 2.489 0.0825852 0.0105472 0.000320267 9.58299 
80 2.49 0.0822732 0.0104376 0.000309248 9.42952 
80 2.49 0.0808293 0.0103184 0.000317505 9.72866 
80 2.49 0.0818271 0.0104215 0.00031559 9.5765 
80 2.49 0.0823826 0.0105238 0.000318887 9.60489 
80 2.49 0.0814222 0.010413 0.00032242 9.72436 
80 2.491 0.0817203 0.0104052 0.000316059 9.57548 
80 2.491 0.0812245 0.0102823 0.000310554 9.4675 
80 2.491 0.0816775 0.0103371 0.000310074 9.4186 
80 2.491 0.0821603 0.0105081 0.000326671 9.65474 
80 2.491 0.0823483 0.0105808 0.00032368 9.76192 
80 2.492 0.0812114 0.0103104 0.000308855 9.54116 
80 2.492 0.0810732 0.0103092 0.000314194 9.59563 
80 2.492 0.0815204 0.0103827 0.000320308 9.59764 
80 2.492 0.0802132 0.0100779 0.000303513 9.35804 
80 2.492 0.0811823 0.0102911 0.000311517 9.50388 
80 2.493 0.0819239 0.010383 0.000313522 9.42525 
80 2.493 0.0812588 0.0103096 0.000310656 9.51547 
80 2.493 0.0818198 0.0104396 0.000319856 9.61452 
80 2.493 0.0815011 0.0103492 0.000311226 9.51607 
80 2.493 0.0801671 0.0100573 0.000299939 9.32016 
80 2.494 0.0809795 0.0101953 0.000300879 9.33476 
80 2.494 0.0815117 0.0102983 0.000302152 9.37706 
80 2.494 0.0800481 0.0100432 0.000296976 9.32915 
80 2.494 0.0815222 0.0103381 0.00030913 9.47473 
80 2.494 0.0803748 0.0101083 0.000295266 9.36183 
80 2.495 0.0809939 0.0102022 0.000300499 9.34281 
80 2.495 0.0798989 0.010008 0.000294482 9.29655 
80 2.495 0.0803377 0.0100397 0.000289482 9.19735 
80 2.495 0.0807234 0.0101292 0.000297175 9.2676 
80 2.495 0.0799909 0.00994358 0.000286541 9.09346 
80 2.496 0.0810748 0.0101655 0.000295852 9.21129 
80 2.496 0.0795528 0.00987234 0.000286409 9.08637 
80 2.496 0.0805126 0.0100824 0.000291299 9.23106 
80 2.496 0.0795719 0.00987098 0.00028492 9.0751 
80 2.496 0.079977 0.00991069 0.000282509 9.01123 
80 2.497 0.0797427 0.00986045 0.000280331 8.97473 
80 2.497 0.0805445 0.0100582 0.000291051 9.15216 
80 2.497 0.0797444 0.0098309 0.000275836 8.89831 
80 2.497 0.0800444 0.0100122 0.000294662 9.24018 
80 2.497 0.0812168 0.0102792 0.000311944 9.43982 
80 2.498 0.0791897 0.00979047 0.000280369 9.01704 
80 2.498 0.079988 0.0101043 0.000310489 9.49555 
80 2.498 0.0796354 0.00989812 0.000284628 9.1115 
80 2.498 0.0802407 0.00998231 0.000286704 9.07925 
80 2.498 0.0790948 0.00968564 0.000269484 8.78697 
80 2.499 0.0793939 0.00987266 0.000287118 9.14099 
80 2.499 0.0795298 0.00987431 0.000288175 9.08988 
80 2.499 0.0794959 0.00990355 0.000288647 9.17859 
80 2.499 0.0792384 0.00981738 0.000280109 9.06259 
80 2.499 0.0796697 0.0099091 0.000285056 9.12197 
