J: 8.10466 1.21803 -0.0729108 -0.0112726 
nth step2 temperature e 
3 2048 1.5 -215.156 
3 2048 1.5 -215.574 
3 2048 1.5 -215.413 
3 2048 1.5 -215.163 
3 2048 1.5 -215.296 
3 2048 1.5 -215.293 
3 2048 1.5 -215.235 
3 2048 1.5 -215.475 
3 2048 1.5 -215.136 
3 2048 1.5 -215.316 
3 2048 1.5 -215.373 
3 2048 1.5 -215.325 
3 2048 1.5 -215.459 
3 2048 1.5 -215.391 
3 2048 1.5 -215.24 
3 2048 1.5 -215.304 
3 2048 1.5 -215.067 
3 2048 1.5 -215.186 
3 2048 1.5 -215.108 
3 2048 1.5 -215.499 
3 2048 1.5 -215.188 
3 2048 1.5 -215.388 
3 2048 1.5 -215.104 
3 2048 1.5 -215.476 
3 2048 1.5 -215.384 
3 2048 1.505 -215.059 
3 2048 1.505 -215.128 
3 2048 1.505 -215.168 
3 2048 1.505 -215.333 
3 2048 1.505 -214.841 
3 2048 1.505 -215.254 
3 2048 1.505 -215.37 
3 2048 1.505 -215.366 
3 2048 1.505 -215.15 
3 2048 1.505 -215.207 
3 2048 1.505 -215.097 
3 2048 1.505 -215.357 
3 2048 1.505 -215.446 
3 2048 1.505 -215.239 
3 2048 1.505 -215.214 
3 2048 1.505 -215.18 
3 2048 1.505 -215.2 
3 2048 1.505 -215.079 
3 2048 1.505 -215.094 
3 2048 1.505 -215.047 
3 2048 1.505 -215.367 
3 2048 1.505 -215.173 
3 2048 1.505 -215.41 
3 2048 1.505 -215.092 
3 2048 1.505 -215.309 
3 2048 1.51 -215.061 
3 2048 1.51 -214.845 
3 2048 1.51 -215.245 
3 2048 1.51 -214.921 
3 2048 1.51 -215.304 
3 2048 1.51 -215.158 
3 2048 1.51 -215.312 
3 2048 1.51 -214.822 
3 2048 1.51 -215.16 
3 2048 1.51 -215.151 
3 2048 1.51 -215.309 
3 2048 1.51 -215.071 
3 2048 1.51 -214.884 
3 2048 1.51 -215.116 
3 2048 1.51 -214.967 
3 2048 1.51 -215.082 
3 2048 1.51 -215.094 
3 2048 1.51 -215.134 
3 2048 1.51 -214.886 
3 2048 1.51 -214.952 
3 2048 1.51 -215.172 
3 2048 1.51 -214.959 
3 2048 1.51 -215.122 
3 2048 1.51 -214.981 
3 2048 1.51 -215.113 
3 2048 1.515 -215.067 
3 2048 1.515 -214.798 
3 2048 1.515 -214.953 
3 2048 1.515 -214.97 
3 2048 1.515 -215.007 
3 2048 1.515 -215.172 
3 2048 1.515 -214.788 
3 2048 1.515 -214.691 
3 2048 1.515 -215.037 
3 2048 1.515 -214.974 
3 2048 1.515 -214.802 
3 2048 1.515 -214.7 
3 2048 1.515 -215.12 
3 2048 1.515 -215.102 
3 2048 1.515 -215.297 
3 2048 1.515 -215.193 
3 2048 1.515 -215.192 
3 2048 1.515 -214.764 
3 2048 1.515 -215.077 
3 2048 1.515 -215.379 
3 2048 1.515 -214.987 
3 2048 1.515 -214.977 
3 2048 1.515 -214.802 
3 2048 1.515 -215.016 
3 2048 1.515 -214.965 
3 2048 1.52 -215.045 
3 2048 1.52 -215.07 
3 2048 1.52 -214.779 
3 2048 1.52 -214.93 
3 2048 1.52 -215.01 
3 2048 1.52 -214.754 
3 2048 1.52 -214.795 
3 2048 1.52 -214.746 
3 2048 1.52 -214.702 
3 2048 1.52 -214.588 
3 2048 1.52 -215.064 
3 2048 1.52 -214.926 
3 2048 1.52 -214.813 
3 2048 1.52 -214.816 
3 2048 1.52 -214.798 
3 2048 1.52 -214.895 
3 2048 1.52 -214.959 
3 2048 1.52 -214.791 
3 2048 1.52 -214.566 
3 2048 1.52 -214.906 
3 2048 1.52 -214.747 
3 2048 1.52 -215.08 
3 2048 1.52 -214.881 
3 2048 1.52 -214.625 
3 2048 1.52 -215.041 
3 2048 1.525 -214.603 
3 2048 1.525 -214.612 
3 2048 1.525 -214.946 
3 2048 1.525 -214.97 
3 2048 1.525 -214.608 
3 2048 1.525 -214.973 
3 2048 1.525 -214.526 
3 2048 1.525 -214.975 
3 2048 1.525 -214.856 
3 2048 1.525 -214.663 
3 2048 1.525 -215.059 
3 2048 1.525 -214.677 
3 2048 1.525 -215.02 
3 2048 1.525 -215.034 
3 2048 1.525 -214.798 
3 2048 1.525 -214.617 
3 2048 1.525 -215.255 
3 2048 1.525 -214.691 
3 2048 1.525 -214.618 
3 2048 1.525 -214.786 
3 2048 1.525 -214.912 
3 2048 1.525 -214.659 
3 2048 1.525 -214.909 
3 2048 1.525 -214.666 
3 2048 1.525 -214.873 
3 2048 1.53 -214.79 
3 2048 1.53 -214.641 
3 2048 1.53 -214.539 
3 2048 1.53 -214.979 
3 2048 1.53 -214.741 
3 2048 1.53 -214.921 
3 2048 1.53 -214.94 
3 2048 1.53 -214.43 
3 2048 1.53 -214.406 
3 2048 1.53 -214.233 
3 2048 1.53 -214.746 
3 2048 1.53 -214.935 
3 2048 1.53 -214.437 
3 2048 1.53 -214.574 
3 2048 1.53 -214.521 
3 2048 1.53 -214.66 
3 2048 1.53 -214.721 
3 2048 1.53 -214.869 
3 2048 1.53 -214.545 
3 2048 1.53 -214.807 
3 2048 1.53 -214.946 
3 2048 1.53 -214.626 
3 2048 1.53 -214.711 
3 2048 1.53 -214.79 
3 2048 1.53 -214.488 
3 2048 1.535 -214.562 
3 2048 1.535 -214.397 
3 2048 1.535 -214.559 
3 2048 1.535 -214.789 
3 2048 1.535 -214.488 
3 2048 1.535 -214.679 
3 2048 1.535 -214.78 
3 2048 1.535 -214.493 
3 2048 1.535 -214.395 
3 2048 1.535 -214.772 
3 2048 1.535 -214.613 
3 2048 1.535 -214.402 
3 2048 1.535 -214.847 
3 2048 1.535 -214.466 
3 2048 1.535 -214.677 
3 2048 1.535 -214.564 
3 2048 1.535 -214.448 
3 2048 1.535 -214.546 
3 2048 1.535 -214.642 
3 2048 1.535 -214.537 
3 2048 1.535 -214.639 
3 2048 1.535 -214.951 
3 2048 1.535 -214.502 
3 2048 1.535 -214.631 
3 2048 1.535 -214.767 
3 2048 1.54 -214.387 
3 2048 1.54 -214.093 
3 2048 1.54 -214.709 
3 2048 1.54 -214.569 
3 2048 1.54 -214.431 
3 2048 1.54 -214.491 
3 2048 1.54 -214.452 
3 2048 1.54 -214.42 
3 2048 1.54 -214.331 
3 2048 1.54 -214.335 
3 2048 1.54 -214.366 
3 2048 1.54 -214.586 
3 2048 1.54 -214.234 
3 2048 1.54 -214.384 
3 2048 1.54 -214.608 
3 2048 1.54 -214.487 
3 2048 1.54 -214.135 
3 2048 1.54 -214.445 
3 2048 1.54 -214.656 
3 2048 1.54 -214.314 
3 2048 1.54 -214.582 
3 2048 1.54 -214.704 
3 2048 1.54 -214.261 
3 2048 1.54 -214.608 
3 2048 1.54 -214.484 
3 2048 1.545 -214.178 
3 2048 1.545 -214.688 
3 2048 1.545 -214.195 
3 2048 1.545 -214.518 
3 2048 1.545 -214.491 
3 2048 1.545 -214.316 
3 2048 1.545 -214.329 
3 2048 1.545 -214.238 
3 2048 1.545 -214.214 
3 2048 1.545 -214.592 
3 2048 1.545 -214.224 
3 2048 1.545 -214.591 
3 2048 1.545 -214.503 
3 2048 1.545 -214.306 
3 2048 1.545 -214.352 
3 2048 1.545 -214.021 
3 2048 1.545 -214.209 
3 2048 1.545 -214.267 
3 2048 1.545 -214.431 
3 2048 1.545 -214.397 
3 2048 1.545 -214.323 
3 2048 1.545 -214.162 
3 2048 1.545 -214.325 
3 2048 1.545 -214.347 
3 2048 1.545 -214.318 
3 2048 1.55 -213.956 
3 2048 1.55 -214.094 
3 2048 1.55 -214.391 
3 2048 1.55 -213.968 
3 2048 1.55 -214.089 
3 2048 1.55 -214.066 
3 2048 1.55 -214.166 
3 2048 1.55 -214.13 
3 2048 1.55 -214.268 
3 2048 1.55 -214.272 
3 2048 1.55 -214.337 
3 2048 1.55 -214.228 
3 2048 1.55 -214.177 
3 2048 1.55 -213.949 
3 2048 1.55 -214.379 
3 2048 1.55 -214.177 
3 2048 1.55 -214.484 
3 2048 1.55 -214.27 
3 2048 1.55 -214.139 
3 2048 1.55 -214.405 
3 2048 1.55 -214.346 
3 2048 1.55 -214.366 
3 2048 1.55 -214.452 
3 2048 1.55 -214.423 
3 2048 1.55 -214.053 
3 2048 1.555 -214.104 
3 2048 1.555 -214.251 
3 2048 1.555 -214.239 
3 2048 1.555 -214.339 
3 2048 1.555 -214.139 
3 2048 1.555 -214.066 
3 2048 1.555 -214.005 
3 2048 1.555 -213.9 
3 2048 1.555 -214.091 
3 2048 1.555 -214.112 
3 2048 1.555 -214.266 
3 2048 1.555 -214.113 
3 2048 1.555 -214.262 
3 2048 1.555 -213.928 
3 2048 1.555 -214.296 
3 2048 1.555 -214.279 
3 2048 1.555 -214.158 
3 2048 1.555 -214.181 
3 2048 1.555 -213.998 
3 2048 1.555 -214.116 
3 2048 1.555 -213.716 
3 2048 1.555 -214.084 
3 2048 1.555 -214.043 
3 2048 1.555 -213.949 
3 2048 1.555 -214.146 
3 2048 1.56 -213.746 
3 2048 1.56 -214.236 
3 2048 1.56 -214.293 
3 2048 1.56 -213.791 
3 2048 1.56 -214.053 
3 2048 1.56 -214.044 
3 2048 1.56 -214.152 
3 2048 1.56 -213.827 
3 2048 1.56 -213.845 
3 2048 1.56 -213.986 
3 2048 1.56 -213.797 
3 2048 1.56 -213.821 
3 2048 1.56 -213.697 
3 2048 1.56 -213.922 
3 2048 1.56 -214.259 
3 2048 1.56 -214.058 
3 2048 1.56 -214.116 
3 2048 1.56 -214.133 
3 2048 1.56 -213.69 
3 2048 1.56 -214.086 
3 2048 1.56 -213.917 
3 2048 1.56 -213.903 
3 2048 1.56 -213.946 
3 2048 1.56 -214.141 
3 2048 1.56 -214.271 
3 2048 1.565 -213.796 
3 2048 1.565 -213.777 
3 2048 1.565 -213.84 
3 2048 1.565 -213.844 
3 2048 1.565 -214.244 
3 2048 1.565 -213.815 
3 2048 1.565 -214.075 
3 2048 1.565 -213.686 
3 2048 1.565 -213.839 
3 2048 1.565 -213.932 
3 2048 1.565 -213.844 
3 2048 1.565 -213.654 
3 2048 1.565 -213.931 
3 2048 1.565 -213.915 
3 2048 1.565 -213.83 
3 2048 1.565 -213.549 
3 2048 1.565 -213.8 
3 2048 1.565 -213.476 
3 2048 1.565 -213.902 
3 2048 1.565 -214.05 
3 2048 1.565 -214.085 
3 2048 1.565 -213.991 
3 2048 1.565 -214.105 
3 2048 1.565 -213.8 
3 2048 1.565 -214.052 
3 2048 1.57 -213.988 
3 2048 1.57 -213.888 
3 2048 1.57 -213.645 
3 2048 1.57 -213.729 
3 2048 1.57 -213.772 
3 2048 1.57 -213.821 
3 2048 1.57 -213.965 
3 2048 1.57 -213.888 
3 2048 1.57 -213.591 
3 2048 1.57 -213.675 
3 2048 1.57 -213.543 
3 2048 1.57 -213.735 
3 2048 1.57 -214.189 
3 2048 1.57 -213.679 
3 2048 1.57 -213.643 
3 2048 1.57 -213.908 
3 2048 1.57 -213.752 
3 2048 1.57 -213.814 
3 2048 1.57 -213.834 
3 2048 1.57 -213.863 
3 2048 1.57 -213.908 
3 2048 1.57 -214.025 
3 2048 1.57 -213.738 
3 2048 1.57 -213.902 
3 2048 1.57 -213.633 
3 2048 1.575 -213.934 
3 2048 1.575 -213.857 
3 2048 1.575 -213.325 
3 2048 1.575 -213.843 
3 2048 1.575 -213.435 
3 2048 1.575 -213.724 
3 2048 1.575 -213.514 
3 2048 1.575 -213.469 
3 2048 1.575 -213.293 
3 2048 1.575 -213.724 
3 2048 1.575 -213.384 
3 2048 1.575 -213.725 
3 2048 1.575 -213.422 
3 2048 1.575 -213.387 
3 2048 1.575 -213.683 
3 2048 1.575 -214.19 
3 2048 1.575 -213.512 
3 2048 1.575 -213.583 
3 2048 1.575 -213.539 
3 2048 1.575 -213.65 
3 2048 1.575 -213.68 
3 2048 1.575 -213.746 
3 2048 1.575 -213.388 
3 2048 1.575 -214.126 
3 2048 1.575 -213.462 
3 2048 1.58 -213.489 
3 2048 1.58 -213.495 
3 2048 1.58 -213.509 
3 2048 1.58 -213.317 
3 2048 1.58 -213.607 
3 2048 1.58 -213.298 
3 2048 1.58 -213.446 
3 2048 1.58 -213.441 
3 2048 1.58 -213.337 
3 2048 1.58 -213.762 
3 2048 1.58 -213.341 
3 2048 1.58 -213.411 
3 2048 1.58 -213.73 
3 2048 1.58 -213.648 
3 2048 1.58 -213.748 
3 2048 1.58 -213.601 
3 2048 1.58 -213.474 
3 2048 1.58 -213.338 
3 2048 1.58 -213.39 
3 2048 1.58 -213.571 
3 2048 1.58 -213.783 
3 2048 1.58 -213.525 
3 2048 1.58 -213.281 
3 2048 1.58 -213.595 
3 2048 1.58 -213.509 
3 2048 1.585 -213.396 
3 2048 1.585 -213.126 
3 2048 1.585 -213.569 
3 2048 1.585 -213.609 
3 2048 1.585 -213.871 
3 2048 1.585 -213.6 
3 2048 1.585 -213.521 
3 2048 1.585 -213.043 
3 2048 1.585 -212.99 
3 2048 1.585 -213.375 
3 2048 1.585 -213.289 
3 2048 1.585 -213.386 
3 2048 1.585 -213.253 
3 2048 1.585 -213.363 
3 2048 1.585 -213.36 
3 2048 1.585 -213.359 
3 2048 1.585 -213.458 
3 2048 1.585 -213.225 
3 2048 1.585 -213.284 
3 2048 1.585 -213.707 
3 2048 1.585 -213.791 
3 2048 1.585 -213.393 
3 2048 1.585 -213.002 
3 2048 1.585 -213.85 
3 2048 1.585 -213.472 
3 2048 1.59 -213.441 
3 2048 1.59 -213.33 
3 2048 1.59 -213.035 
3 2048 1.59 -213.354 
3 2048 1.59 -213.29 
3 2048 1.59 -213.018 
3 2048 1.59 -213.339 
3 2048 1.59 -213.676 
3 2048 1.59 -213.512 
3 2048 1.59 -213.004 
3 2048 1.59 -213.281 
3 2048 1.59 -213.339 
3 2048 1.59 -213.082 
3 2048 1.59 -213.412 
3 2048 1.59 -213.352 
3 2048 1.59 -213.255 
3 2048 1.59 -213.46 
3 2048 1.59 -213.356 
3 2048 1.59 -213.521 
3 2048 1.59 -213.258 
3 2048 1.59 -213.262 
3 2048 1.59 -213.003 
3 2048 1.59 -213.095 
3 2048 1.59 -213.483 
3 2048 1.59 -213.361 
3 2048 1.595 -213.188 
3 2048 1.595 -213.193 
3 2048 1.595 -213.003 
3 2048 1.595 -212.982 
3 2048 1.595 -213.095 
3 2048 1.595 -213.052 
3 2048 1.595 -212.812 
3 2048 1.595 -213.158 
3 2048 1.595 -213.502 
3 2048 1.595 -213.273 
3 2048 1.595 -213.277 
3 2048 1.595 -213.319 
3 2048 1.595 -213.199 
3 2048 1.595 -213.308 
3 2048 1.595 -212.875 
3 2048 1.595 -212.991 
3 2048 1.595 -212.92 
3 2048 1.595 -213.126 
3 2048 1.595 -213.075 
3 2048 1.595 -212.629 
3 2048 1.595 -213.035 
3 2048 1.595 -213.025 
3 2048 1.595 -213.288 
3 2048 1.595 -213.351 
3 2048 1.595 -213.337 
3 2048 1.6 -213.159 
3 2048 1.6 -213.314 
3 2048 1.6 -213.343 
3 2048 1.6 -212.925 
3 2048 1.6 -213.489 
3 2048 1.6 -213.271 
3 2048 1.6 -212.934 
3 2048 1.6 -212.791 
3 2048 1.6 -212.78 
3 2048 1.6 -213.166 
3 2048 1.6 -212.966 
3 2048 1.6 -213.066 
3 2048 1.6 -213.053 
3 2048 1.6 -212.764 
3 2048 1.6 -212.946 
3 2048 1.6 -212.824 
3 2048 1.6 -212.825 
3 2048 1.6 -213.093 
3 2048 1.6 -213.068 
3 2048 1.6 -213.251 
3 2048 1.6 -212.828 
3 2048 1.6 -213.034 
3 2048 1.6 -212.908 
3 2048 1.6 -213.048 
3 2048 1.6 -212.972 
3 2048 1.605 -212.887 
3 2048 1.605 -212.991 
3 2048 1.605 -212.761 
3 2048 1.605 -213.036 
3 2048 1.605 -212.818 
3 2048 1.605 -212.923 
3 2048 1.605 -212.811 
3 2048 1.605 -212.501 
3 2048 1.605 -212.714 
3 2048 1.605 -212.798 
3 2048 1.605 -212.868 
3 2048 1.605 -212.85 
3 2048 1.605 -213.285 
3 2048 1.605 -213.132 
3 2048 1.605 -213.013 
3 2048 1.605 -213.033 
3 2048 1.605 -212.798 
3 2048 1.605 -213.031 
3 2048 1.605 -212.785 
3 2048 1.605 -212.784 
3 2048 1.605 -212.893 
3 2048 1.605 -213.157 
3 2048 1.605 -212.926 
3 2048 1.605 -213.005 
3 2048 1.605 -213.108 
3 2048 1.61 -212.933 
3 2048 1.61 -212.825 
3 2048 1.61 -213.287 
3 2048 1.61 -213.021 
3 2048 1.61 -213.277 
3 2048 1.61 -212.717 
3 2048 1.61 -212.869 
3 2048 1.61 -212.675 
3 2048 1.61 -212.632 
3 2048 1.61 -213.11 
3 2048 1.61 -212.856 
3 2048 1.61 -212.92 
3 2048 1.61 -212.923 
3 2048 1.61 -212.63 
3 2048 1.61 -212.39 
3 2048 1.61 -213.114 
3 2048 1.61 -212.968 
3 2048 1.61 -212.898 
3 2048 1.61 -213.221 
3 2048 1.61 -212.389 
3 2048 1.61 -212.724 
3 2048 1.61 -212.633 
3 2048 1.61 -212.846 
3 2048 1.61 -212.927 
3 2048 1.61 -212.838 
3 2048 1.615 -212.79 
3 2048 1.615 -212.52 
3 2048 1.615 -212.454 
3 2048 1.615 -212.543 
3 2048 1.615 -212.566 
3 2048 1.615 -212.589 
3 2048 1.615 -212.769 
3 2048 1.615 -212.568 
3 2048 1.615 -212.612 
3 2048 1.615 -212.704 
3 2048 1.615 -212.573 
3 2048 1.615 -212.482 
3 2048 1.615 -212.706 
3 2048 1.615 -212.814 
3 2048 1.615 -212.405 
3 2048 1.615 -212.591 
3 2048 1.615 -212.457 
3 2048 1.615 -212.732 
3 2048 1.615 -212.716 
3 2048 1.615 -212.789 
3 2048 1.615 -213.103 
3 2048 1.615 -212.865 
3 2048 1.615 -212.726 
3 2048 1.615 -212.455 
3 2048 1.615 -213.113 
3 2048 1.62 -212.11 
3 2048 1.62 -212.473 
3 2048 1.62 -212.18 
3 2048 1.62 -212.752 
3 2048 1.62 -212.478 
3 2048 1.62 -212.586 
3 2048 1.62 -212.434 
3 2048 1.62 -212.626 
3 2048 1.62 -212.799 
3 2048 1.62 -212.679 
3 2048 1.62 -212.6 
3 2048 1.62 -212.388 
3 2048 1.62 -212.385 
3 2048 1.62 -212.616 
3 2048 1.62 -212.289 
3 2048 1.62 -212.276 
3 2048 1.62 -212.532 
3 2048 1.62 -212.814 
3 2048 1.62 -212.373 
3 2048 1.62 -212.575 
3 2048 1.62 -212.675 
3 2048 1.62 -212.835 
3 2048 1.62 -212.31 
3 2048 1.62 -212.547 
3 2048 1.62 -212.648 
3 2048 1.625 -212.523 
3 2048 1.625 -212.386 
3 2048 1.625 -212.483 
3 2048 1.625 -212.518 
3 2048 1.625 -212.543 
3 2048 1.625 -212.45 
3 2048 1.625 -212.703 
3 2048 1.625 -212.359 
3 2048 1.625 -212.545 
3 2048 1.625 -212.699 
3 2048 1.625 -212.258 
3 2048 1.625 -212.268 
3 2048 1.625 -212.571 
3 2048 1.625 -212.326 
3 2048 1.625 -212.192 
3 2048 1.625 -212.12 
3 2048 1.625 -212.466 
3 2048 1.625 -212.507 
3 2048 1.625 -212.255 
3 2048 1.625 -212.551 
3 2048 1.625 -212.248 
3 2048 1.625 -212.217 
3 2048 1.625 -212.322 
3 2048 1.625 -212.472 
3 2048 1.625 -212.786 
3 2048 1.63 -212.287 
3 2048 1.63 -212.264 
3 2048 1.63 -212.284 
3 2048 1.63 -211.905 
3 2048 1.63 -212.442 
3 2048 1.63 -212.207 
3 2048 1.63 -212.43 
3 2048 1.63 -212.238 
3 2048 1.63 -212.43 
3 2048 1.63 -212.328 
3 2048 1.63 -212.519 
3 2048 1.63 -212.584 
3 2048 1.63 -212.191 
3 2048 1.63 -212.274 
3 2048 1.63 -212.411 
3 2048 1.63 -212.502 
3 2048 1.63 -212.169 
3 2048 1.63 -212.398 
3 2048 1.63 -212.109 
3 2048 1.63 -212.215 
3 2048 1.63 -212.086 
3 2048 1.63 -212.454 
3 2048 1.63 -212.391 
3 2048 1.63 -212.593 
3 2048 1.63 -212.465 
3 2048 1.635 -212.354 
3 2048 1.635 -212.09 
3 2048 1.635 -212.429 
3 2048 1.635 -212.152 
3 2048 1.635 -212.364 
3 2048 1.635 -211.874 
3 2048 1.635 -212.346 
3 2048 1.635 -212.379 
3 2048 1.635 -212.014 
3 2048 1.635 -212.241 
3 2048 1.635 -212.4 
3 2048 1.635 -212.415 
3 2048 1.635 -212.26 
3 2048 1.635 -212.602 
3 2048 1.635 -212.216 
3 2048 1.635 -212.37 
3 2048 1.635 -212.141 
3 2048 1.635 -212.06 
3 2048 1.635 -212.307 
3 2048 1.635 -211.857 
3 2048 1.635 -211.98 
3 2048 1.635 -212.292 
3 2048 1.635 -211.848 
3 2048 1.635 -212.029 
3 2048 1.635 -212.229 
3 2048 1.64 -212.203 
3 2048 1.64 -212.348 
3 2048 1.64 -211.979 
3 2048 1.64 -212.342 
3 2048 1.64 -211.949 
3 2048 1.64 -212.141 
3 2048 1.64 -211.606 
3 2048 1.64 -211.892 
3 2048 1.64 -212.095 
3 2048 1.64 -212.134 
3 2048 1.64 -212.227 
3 2048 1.64 -212.184 
3 2048 1.64 -211.952 
3 2048 1.64 -212.008 
3 2048 1.64 -212.107 
3 2048 1.64 -212.184 
3 2048 1.64 -212.096 
3 2048 1.64 -211.8 
3 2048 1.64 -211.909 
3 2048 1.64 -211.894 
3 2048 1.64 -212.115 
3 2048 1.64 -212.066 
3 2048 1.64 -211.945 
3 2048 1.64 -211.993 
3 2048 1.64 -212.002 
3 2048 1.645 -211.86 
3 2048 1.645 -212.041 
3 2048 1.645 -212.166 
3 2048 1.645 -211.677 
3 2048 1.645 -211.933 
3 2048 1.645 -211.669 
3 2048 1.645 -211.977 
3 2048 1.645 -212.201 
3 2048 1.645 -211.66 
3 2048 1.645 -211.749 
3 2048 1.645 -211.966 
3 2048 1.645 -211.759 
3 2048 1.645 -211.835 
3 2048 1.645 -212.172 
3 2048 1.645 -211.975 
3 2048 1.645 -211.625 
3 2048 1.645 -212.167 
3 2048 1.645 -211.637 
3 2048 1.645 -211.817 
3 2048 1.645 -211.873 
3 2048 1.645 -212.221 
3 2048 1.645 -211.741 
3 2048 1.645 -211.925 
3 2048 1.645 -211.55 
3 2048 1.645 -212.037 
3 2048 1.65 -211.697 
3 2048 1.65 -211.42 
3 2048 1.65 -212.243 
3 2048 1.65 -212.378 
3 2048 1.65 -211.589 
3 2048 1.65 -211.46 
3 2048 1.65 -212.06 
3 2048 1.65 -211.92 
3 2048 1.65 -211.519 
3 2048 1.65 -211.888 
3 2048 1.65 -211.953 
3 2048 1.65 -211.722 
3 2048 1.65 -211.407 
3 2048 1.65 -212.048 
3 2048 1.65 -212.03 
3 2048 1.65 -211.371 
3 2048 1.65 -211.98 
3 2048 1.65 -211.843 
3 2048 1.65 -211.395 
3 2048 1.65 -212.108 
3 2048 1.65 -211.453 
3 2048 1.65 -211.895 
3 2048 1.65 -211.574 
3 2048 1.65 -211.675 
3 2048 1.65 -211.44 
3 2048 1.655 -211.413 
3 2048 1.655 -211.747 
3 2048 1.655 -211.628 
3 2048 1.655 -211.53 
3 2048 1.655 -211.65 
3 2048 1.655 -211.661 
3 2048 1.655 -211.588 
3 2048 1.655 -211.66 
3 2048 1.655 -211.529 
3 2048 1.655 -211.067 
3 2048 1.655 -211.52 
3 2048 1.655 -211.813 
3 2048 1.655 -211.774 
3 2048 1.655 -211.677 
3 2048 1.655 -211.869 
3 2048 1.655 -211.379 
3 2048 1.655 -211.769 
3 2048 1.655 -211.624 
3 2048 1.655 -211.807 
3 2048 1.655 -211.125 
3 2048 1.655 -211.434 
3 2048 1.655 -211.684 
3 2048 1.655 -211.623 
3 2048 1.655 -211.545 
3 2048 1.655 -211.192 
3 2048 1.66 -211.518 
3 2048 1.66 -211.561 
3 2048 1.66 -211.662 
3 2048 1.66 -211.164 
3 2048 1.66 -211.336 
3 2048 1.66 -211.443 
3 2048 1.66 -211.366 
3 2048 1.66 -211.164 
3 2048 1.66 -211.49 
3 2048 1.66 -211.07 
3 2048 1.66 -211.559 
3 2048 1.66 -211.526 
3 2048 1.66 -211.213 
3 2048 1.66 -211.338 
3 2048 1.66 -211.577 
3 2048 1.66 -211.517 
3 2048 1.66 -211.333 
3 2048 1.66 -211.479 
3 2048 1.66 -211.29 
3 2048 1.66 -211.345 
3 2048 1.66 -211.565 
3 2048 1.66 -211.782 
3 2048 1.66 -211.254 
3 2048 1.66 -211.525 
3 2048 1.66 -211.657 
3 2048 1.665 -210.939 
3 2048 1.665 -211.68 
3 2048 1.665 -211.138 
3 2048 1.665 -211.443 
3 2048 1.665 -211.428 
3 2048 1.665 -211.606 
3 2048 1.665 -211.268 
3 2048 1.665 -211.152 
3 2048 1.665 -211.526 
3 2048 1.665 -211.365 
3 2048 1.665 -211.245 
3 2048 1.665 -211.314 
3 2048 1.665 -211.45 
3 2048 1.665 -211.414 
3 2048 1.665 -211.627 
3 2048 1.665 -211.353 
3 2048 1.665 -211.259 
3 2048 1.665 -211.284 
3 2048 1.665 -211.424 
3 2048 1.665 -211.521 
3 2048 1.665 -211.356 
3 2048 1.665 -211.399 
3 2048 1.665 -211.245 
3 2048 1.665 -211.071 
3 2048 1.665 -211.42 
3 2048 1.67 -210.796 
3 2048 1.67 -211.455 
3 2048 1.67 -211.005 
3 2048 1.67 -211.227 
3 2048 1.67 -211.632 
3 2048 1.67 -210.877 
3 2048 1.67 -210.848 
3 2048 1.67 -211.125 
3 2048 1.67 -211.267 
3 2048 1.67 -211.323 
3 2048 1.67 -211.067 
3 2048 1.67 -211.299 
3 2048 1.67 -211.186 
3 2048 1.67 -211.409 
3 2048 1.67 -211.143 
3 2048 1.67 -211.126 
3 2048 1.67 -211.193 
3 2048 1.67 -211.203 
3 2048 1.67 -211.63 
3 2048 1.67 -211.48 
3 2048 1.67 -211.091 
3 2048 1.67 -211.29 
3 2048 1.67 -211.307 
3 2048 1.67 -211.107 
3 2048 1.67 -211.011 
3 2048 1.675 -211.296 
3 2048 1.675 -211.005 
3 2048 1.675 -211.286 
3 2048 1.675 -211.084 
3 2048 1.675 -210.496 
3 2048 1.675 -210.906 
3 2048 1.675 -210.907 
3 2048 1.675 -211.115 
3 2048 1.675 -210.791 
3 2048 1.675 -211.521 
3 2048 1.675 -210.803 
3 2048 1.675 -211.238 
3 2048 1.675 -210.846 
3 2048 1.675 -211.058 
3 2048 1.675 -210.763 
3 2048 1.675 -210.846 
3 2048 1.675 -211.239 
3 2048 1.675 -211.18 
3 2048 1.675 -210.77 
3 2048 1.675 -211.017 
3 2048 1.675 -210.757 
3 2048 1.675 -210.968 
3 2048 1.675 -211.271 
3 2048 1.675 -211.19 
3 2048 1.675 -210.976 
3 2048 1.68 -210.752 
3 2048 1.68 -211.097 
3 2048 1.68 -210.825 
3 2048 1.68 -210.807 
3 2048 1.68 -210.869 
3 2048 1.68 -210.661 
3 2048 1.68 -210.925 
3 2048 1.68 -211.024 
3 2048 1.68 -210.932 
3 2048 1.68 -211.294 
3 2048 1.68 -210.42 
3 2048 1.68 -211.001 
3 2048 1.68 -210.873 
3 2048 1.68 -210.922 
3 2048 1.68 -210.85 
3 2048 1.68 -211.238 
3 2048 1.68 -210.63 
3 2048 1.68 -210.657 
3 2048 1.68 -210.775 
3 2048 1.68 -210.763 
3 2048 1.68 -211.119 
3 2048 1.68 -210.684 
3 2048 1.68 -210.924 
3 2048 1.68 -210.802 
3 2048 1.68 -210.714 
3 2048 1.685 -210.839 
3 2048 1.685 -210.875 
3 2048 1.685 -210.622 
3 2048 1.685 -210.941 
3 2048 1.685 -210.695 
3 2048 1.685 -210.607 
3 2048 1.685 -210.754 
3 2048 1.685 -210.856 
3 2048 1.685 -210.669 
3 2048 1.685 -210.812 
3 2048 1.685 -210.703 
3 2048 1.685 -210.508 
3 2048 1.685 -210.388 
3 2048 1.685 -210.887 
3 2048 1.685 -210.867 
3 2048 1.685 -211.07 
3 2048 1.685 -210.309 
3 2048 1.685 -210.699 
3 2048 1.685 -210.673 
3 2048 1.685 -210.618 
3 2048 1.685 -210.713 
3 2048 1.685 -210.649 
3 2048 1.685 -210.337 
3 2048 1.685 -210.744 
3 2048 1.685 -210.571 
3 2048 1.69 -210.753 
3 2048 1.69 -210.224 
3 2048 1.69 -210.67 
3 2048 1.69 -210.747 
3 2048 1.69 -210.811 
3 2048 1.69 -210.348 
3 2048 1.69 -210.867 
3 2048 1.69 -210.944 
3 2048 1.69 -210.563 
3 2048 1.69 -210.417 
3 2048 1.69 -211.131 
3 2048 1.69 -210.466 
3 2048 1.69 -210.597 
3 2048 1.69 -210.306 
3 2048 1.69 -210.243 
3 2048 1.69 -210.73 
3 2048 1.69 -210.503 
3 2048 1.69 -210.832 
3 2048 1.69 -211.076 
3 2048 1.69 -210.85 
3 2048 1.69 -210.519 
3 2048 1.69 -210.648 
3 2048 1.69 -210.225 
3 2048 1.69 -210.455 
3 2048 1.69 -210.843 
3 2048 1.695 -210.379 
3 2048 1.695 -210.572 
3 2048 1.695 -210.061 
3 2048 1.695 -210.496 
3 2048 1.695 -210.721 
3 2048 1.695 -210.325 
3 2048 1.695 -210.569 
3 2048 1.695 -210.629 
3 2048 1.695 -210.21 
3 2048 1.695 -210.533 
3 2048 1.695 -210.392 
3 2048 1.695 -210.709 
3 2048 1.695 -210.027 
3 2048 1.695 -210.344 
3 2048 1.695 -210.562 
3 2048 1.695 -210.451 
3 2048 1.695 -210.355 
3 2048 1.695 -210.828 
3 2048 1.695 -210.412 
3 2048 1.695 -210.246 
3 2048 1.695 -210.67 
3 2048 1.695 -210.065 
3 2048 1.695 -210.484 
3 2048 1.695 -210.923 
3 2048 1.695 -210.578 
3 2048 1.7 -210.378 
3 2048 1.7 -210.421 
3 2048 1.7 -210.335 
3 2048 1.7 -210.1 
3 2048 1.7 -210.175 
3 2048 1.7 -209.785 
3 2048 1.7 -210.075 
3 2048 1.7 -210.249 
3 2048 1.7 -210.635 
3 2048 1.7 -210.448 
3 2048 1.7 -210.388 
3 2048 1.7 -209.999 
3 2048 1.7 -210.268 
3 2048 1.7 -210.325 
3 2048 1.7 -209.919 
3 2048 1.7 -210.331 
3 2048 1.7 -210.146 
3 2048 1.7 -210.023 
3 2048 1.7 -210.72 
3 2048 1.7 -210.361 
3 2048 1.7 -210.191 
3 2048 1.7 -210.446 
3 2048 1.7 -210.393 
3 2048 1.7 -210.49 
3 2048 1.7 -210.095 
3 2048 1.705 -209.815 
3 2048 1.705 -210.115 
3 2048 1.705 -210.153 
3 2048 1.705 -209.751 
3 2048 1.705 -210.118 
3 2048 1.705 -210.068 
3 2048 1.705 -209.84 
3 2048 1.705 -210.112 
3 2048 1.705 -210.118 
3 2048 1.705 -210.052 
3 2048 1.705 -210.418 
3 2048 1.705 -210.215 
3 2048 1.705 -210.483 
3 2048 1.705 -210.237 
3 2048 1.705 -210.073 
3 2048 1.705 -210.183 
3 2048 1.705 -209.938 
3 2048 1.705 -209.847 
3 2048 1.705 -210.02 
3 2048 1.705 -210.016 
3 2048 1.705 -210.148 
3 2048 1.705 -209.83 
3 2048 1.705 -210.067 
3 2048 1.705 -210.585 
3 2048 1.705 -210.43 
3 2048 1.71 -209.999 
3 2048 1.71 -209.981 
3 2048 1.71 -209.575 
3 2048 1.71 -210.039 
3 2048 1.71 -210.465 
3 2048 1.71 -210.218 
3 2048 1.71 -210.126 
3 2048 1.71 -209.753 
3 2048 1.71 -209.761 
3 2048 1.71 -209.974 
3 2048 1.71 -209.838 
3 2048 1.71 -210.221 
3 2048 1.71 -210.159 
3 2048 1.71 -209.856 
3 2048 1.71 -209.934 
3 2048 1.71 -209.567 
3 2048 1.71 -210.022 
3 2048 1.71 -209.58 
3 2048 1.71 -209.981 
3 2048 1.71 -210.086 
3 2048 1.71 -209.791 
3 2048 1.71 -209.548 
3 2048 1.71 -210.1 
3 2048 1.71 -210.131 
3 2048 1.71 -209.857 
3 2048 1.715 -209.559 
3 2048 1.715 -209.751 
3 2048 1.715 -209.696 
3 2048 1.715 -209.774 
3 2048 1.715 -209.503 
3 2048 1.715 -209.539 
3 2048 1.715 -209.659 
3 2048 1.715 -209.961 
3 2048 1.715 -209.717 
3 2048 1.715 -209.525 
3 2048 1.715 -209.708 
3 2048 1.715 -209.811 
3 2048 1.715 -209.522 
3 2048 1.715 -210.44 
3 2048 1.715 -209.439 
3 2048 1.715 -209.82 
3 2048 1.715 -209.443 
3 2048 1.715 -209.335 
3 2048 1.715 -209.511 
3 2048 1.715 -209.426 
3 2048 1.715 -209.678 
3 2048 1.715 -209.562 
3 2048 1.715 -209.929 
3 2048 1.715 -210.056 
3 2048 1.715 -209.775 
3 2048 1.72 -209.688 
3 2048 1.72 -209.885 
3 2048 1.72 -209.275 
3 2048 1.72 -209.861 
3 2048 1.72 -209.334 
3 2048 1.72 -209.333 
3 2048 1.72 -210.014 
3 2048 1.72 -209.569 
3 2048 1.72 -209.872 
3 2048 1.72 -209.608 
3 2048 1.72 -209.444 
3 2048 1.72 -209.693 
3 2048 1.72 -209.51 
3 2048 1.72 -209.479 
3 2048 1.72 -209.691 
3 2048 1.72 -209.523 
3 2048 1.72 -209.88 
3 2048 1.72 -209.946 
3 2048 1.72 -209.741 
3 2048 1.72 -209.37 
3 2048 1.72 -209.093 
3 2048 1.72 -209.189 
3 2048 1.72 -209.75 
3 2048 1.72 -210.082 
3 2048 1.72 -209.174 
3 2048 1.725 -209.699 
3 2048 1.725 -209.593 
3 2048 1.725 -209.469 
3 2048 1.725 -209.438 
3 2048 1.725 -208.947 
3 2048 1.725 -209.236 
3 2048 1.725 -209.431 
3 2048 1.725 -209.113 
3 2048 1.725 -209.59 
3 2048 1.725 -209.458 
3 2048 1.725 -209.25 
3 2048 1.725 -209.411 
3 2048 1.725 -209.516 
3 2048 1.725 -209.338 
3 2048 1.725 -209.286 
3 2048 1.725 -209.265 
3 2048 1.725 -209.257 
3 2048 1.725 -209.146 
3 2048 1.725 -209.435 
3 2048 1.725 -209.332 
3 2048 1.725 -209.055 
3 2048 1.725 -209.847 
3 2048 1.725 -209.673 
3 2048 1.725 -209.164 
3 2048 1.725 -209.655 
3 2048 1.73 -209.213 
3 2048 1.73 -209.032 
3 2048 1.73 -208.998 
3 2048 1.73 -208.903 
3 2048 1.73 -209.366 
3 2048 1.73 -209.707 
3 2048 1.73 -209.516 
3 2048 1.73 -209.278 
3 2048 1.73 -209.483 
3 2048 1.73 -209.088 
3 2048 1.73 -208.802 
3 2048 1.73 -208.913 
3 2048 1.73 -209.322 
3 2048 1.73 -209.229 
3 2048 1.73 -209.198 
3 2048 1.73 -209.143 
3 2048 1.73 -209.156 
