J: 3.54914 1.11232 0 0 
nth temperature m m2 m4 ms e sp_h 
1 1 0.999846 0.999695 0.999403 0.000321628 -219.927 0.0070446 
1 1 0.99988 0.999762 0.999535 0.00024656 -219.943 0.0054977 
1 1.005 0.999848 0.999699 0.999411 0.000324069 -219.929 0.00688624 
1 1.005 0.999824 0.999652 0.999318 0.000363087 -219.917 0.00796205 
1 1.01 0.999858 0.999719 0.999449 0.000287112 -219.932 0.00637026 
1 1.01 0.999846 0.999695 0.999405 0.000342206 -219.928 0.00694001 
1 1.015 0.999828 0.999659 0.999332 0.000336002 -219.917 0.00762707 
1 1.015 0.999818 0.99964 0.999296 0.000394766 -219.915 0.00810373 
1 1.02 0.999798 0.999601 0.999221 0.000470509 -219.907 0.00926104 
1 1.02 0.99984 0.999683 0.999379 0.000319059 -219.924 0.00703125 
1 1.025 0.999786 0.999577 0.999172 0.000452117 -219.9 0.00929397 
1 1.025 0.99981 0.999624 0.999263 0.00038282 -219.909 0.00843118 
1 1.03 0.999804 0.999612 0.99924 0.000392387 -219.907 0.00843298 
1 1.03 0.999814 0.999632 0.999279 0.000381107 -219.912 0.00800835 
1 1.035 0.999794 0.999593 0.999203 0.000432615 -219.903 0.00892067 
1 1.035 0.99982 0.999644 0.999303 0.000375614 -219.916 0.00767918 
1 1.04 0.999784 0.999573 0.999165 0.000472437 -219.9 0.00931287 
1 1.04 0.999826 0.999656 0.999326 0.000354781 -219.918 0.00752184 
1 1.045 0.999784 0.999572 0.999162 0.000424243 -219.897 0.00901937 
1 1.045 0.999784 0.999573 0.999163 0.000439554 -219.899 0.00902263 
1 1.05 0.999768 0.999541 0.999102 0.000474874 -219.891 0.00975816 
1 1.05 0.999796 0.999597 0.999211 0.000430322 -219.904 0.00878002 
1 1.055 0.999746 0.999498 0.999017 0.000520899 -219.881 0.0105568 
1 1.055 0.9997 0.999407 0.99884 0.000628436 -219.861 0.0122519 
1 1.06 0.999746 0.999497 0.999015 0.0004958 -219.88 0.0102898 
1 1.06 0.99972 0.999446 0.998917 0.00058883 -219.87 0.011568 
1 1.065 0.99973 0.999466 0.998955 0.000552779 -219.874 0.0109946 
1 1.065 0.99975 0.999505 0.999032 0.000501174 -219.882 0.0101992 
1 1.07 0.999676 0.999359 0.998747 0.00067804 -219.85 0.0130106 
1 1.07 0.999706 0.999418 0.998862 0.000593791 -219.863 0.0116724 
1 1.075 0.999686 0.999379 0.998783 0.000612224 -219.852 0.012334 
1 1.075 0.999656 0.99932 0.99867 0.000710852 -219.841 0.0135043 
1 1.08 0.99966 0.999328 0.998686 0.000707815 -219.842 0.0134346 
1 1.08 0.999726 0.999458 0.998938 0.000530086 -219.87 0.0109704 
1 1.085 0.999694 0.999395 0.998817 0.000629158 -219.858 0.012123 
1 1.085 0.99968 0.999367 0.998761 0.000624664 -219.849 0.0124918 
1 1.09 0.999666 0.999339 0.998708 0.000676004 -219.844 0.0130642 
1 1.09 0.99967 0.999348 0.998727 0.000727624 -219.85 0.0127225 
1 1.095 0.999614 0.999237 0.998507 0.000779087 -219.821 0.0147265 
1 1.095 0.99964 0.999288 0.99861 0.000755288 -219.833 0.0140974 
1 1.1 0.999608 0.999225 0.998488 0.000844212 -219.821 0.0148226 
1 1.1 0.999612 0.999233 0.998503 0.000829951 -219.821 0.0145509 
1 1.105 0.999592 0.999193 0.998422 0.000817515 -219.811 0.0152374 
1 1.105 0.999656 0.99932 0.998672 0.000727752 -219.841 0.0130367 
1 1.11 0.99955 0.99911 0.998259 0.000886261 -219.79 0.0167773 
1 1.11 0.999594 0.999198 0.998432 0.000846411 -219.813 0.0151576 
1 1.115 0.999618 0.999245 0.998523 0.000765388 -219.823 0.0140623 
1 1.115 0.999576 0.999161 0.998359 0.000823338 -219.802 0.0156998 
1 1.12 0.999548 0.999106 0.998254 0.000917473 -219.792 0.0165612 
1 1.12 0.999538 0.999086 0.998212 0.000891657 -219.784 0.0168979 
1 1.125 0.999614 0.999236 0.998504 0.000708534 -219.818 0.0137933 
1 1.125 0.999524 0.999059 0.998162 0.000968304 -219.78 0.0173433 
1 1.13 0.99958 0.99917 0.99838 0.000883504 -219.808 0.0150668 
1 1.13 0.999522 0.999055 0.998151 0.000924913 -219.776 0.0174165 
1 1.135 0.99949 0.998992 0.998031 0.00103083 -219.767 0.0178785 
1 1.135 0.999574 0.999157 0.998351 0.000805156 -219.801 0.0150769 
1 1.14 0.99949 0.998992 0.998032 0.00105438 -219.765 0.0186855 
1 1.14 0.999536 0.999083 0.998207 0.000921465 -219.785 0.0165827 
1 1.145 0.999512 0.999035 0.998115 0.000964354 -219.775 0.0171947 
1 1.145 0.99948 0.998972 0.997993 0.00105935 -219.76 0.0182008 
1 1.15 0.999376 0.998766 0.997589 0.00121832 -219.712 0.0213548 
1 1.15 0.999466 0.998945 0.997939 0.00108477 -219.755 0.018686 
1 1.155 0.999408 0.99883 0.997717 0.00121641 -219.729 0.0209447 
1 1.155 0.999404 0.998822 0.997698 0.00116751 -219.724 0.0206357 
1 1.16 0.999402 0.998818 0.997688 0.00113814 -219.723 0.0200988 
1 1.16 0.9994 0.998815 0.997688 0.00126552 -219.728 0.0204655 
1 1.165 0.999338 0.998692 0.997446 0.00133234 -219.696 0.0224241 
1 1.165 0.999382 0.998779 0.997617 0.0012685 -219.714 0.0221047 
1 1.17 0.999412 0.998837 0.997727 0.00111233 -219.727 0.0197033 
1 1.17 0.9994 0.998813 0.997679 0.00111111 -219.72 0.0199025 
1 1.175 0.999386 0.998786 0.997625 0.00113557 -219.713 0.0203271 
1 1.175 0.99928 0.998578 0.997226 0.0014946 -219.672 0.0242144 
1 1.18 0.999338 0.998692 0.997444 0.0012815 -219.695 0.0219361 
1 1.18 0.99936 0.998736 0.997532 0.0012941 -219.706 0.0218961 
1 1.185 0.99931 0.998637 0.997341 0.00140792 -219.688 0.0224906 
1 1.185 0.999308 0.998632 0.997328 0.0013368 -219.681 0.0230428 
1 1.19 0.999308 0.998633 0.99733 0.00135136 -219.683 0.0224289 
1 1.19 0.999288 0.998592 0.997248 0.00132211 -219.669 0.023032 
1 1.195 0.999264 0.998546 0.997161 0.00144756 -219.663 0.0238823 
1 1.195 0.999218 0.998454 0.996977 0.00143837 -219.634 0.0256248 
1 1.2 0.999262 0.998542 0.997154 0.00145128 -219.663 0.0235023 
1 1.2 0.999152 0.998325 0.996734 0.00172007 -219.613 0.0274451 
1 1.205 0.999134 0.998289 0.996659 0.00166722 -219.602 0.0274216 
1 1.205 0.999132 0.998284 0.996647 0.0016105 -219.598 0.0272894 
1 1.21 0.999208 0.998435 0.996945 0.00152833 -219.638 0.0250194 
1 1.21 0.99914 0.998301 0.996686 0.00170417 -219.607 0.0276192 
1 1.215 0.999124 0.99827 0.996625 0.00174096 -219.6 0.0279329 
1 1.215 0.999214 0.998447 0.996967 0.00149977 -219.637 0.0251733 
1 1.22 0.999068 0.998159 0.996406 0.00179765 -219.574 0.0291198 
1 1.22 0.9991 0.998221 0.996524 0.00165164 -219.584 0.0275366 
1 1.225 0.99909 0.998202 0.996492 0.00176424 -219.583 0.0282564 
1 1.225 0.999106 0.998233 0.99655 0.0016817 -219.588 0.0276159 
1 1.23 0.999104 0.998232 0.996554 0.00184693 -219.597 0.0279757 
1 1.23 0.999034 0.998092 0.996275 0.00183958 -219.559 0.0292919 
1 1.235 0.998894 0.997817 0.995744 0.00222322 -219.497 0.0341961 
1 1.235 0.998984 0.997993 0.996082 0.00192451 -219.536 0.0304833 
1 1.24 0.998968 0.997962 0.996025 0.00201734 -219.53 0.0313506 
1 1.24 0.999004 0.998033 0.996164 0.00195226 -219.546 0.0303052 
1 1.245 0.998924 0.997875 0.995855 0.00207247 -219.511 0.032105 
1 1.245 0.998956 0.997939 0.995981 0.00205221 -219.528 0.0313945 
1 1.25 0.998946 0.997919 0.995941 0.00204553 -219.521 0.03089 
1 1.25 0.998952 0.997929 0.995956 0.00192174 -219.515 0.0314986 
1 1.255 0.998834 0.997697 0.995506 0.00218968 -219.467 0.0339772 
1 1.255 0.9989 0.997828 0.995765 0.00214741 -219.5 0.0322294 
1 1.26 0.998894 0.997817 0.995747 0.0022172 -219.498 0.0336738 
1 1.26 0.998836 0.9977 0.995508 0.00210834 -219.466 0.0331668 
1 1.265 0.998772 0.997576 0.995276 0.00241044 -219.446 0.0353532 
1 1.265 0.99882 0.997671 0.995463 0.00236266 -219.465 0.0354055 
1 1.27 0.998784 0.9976 0.995321 0.00236546 -219.447 0.0351161 
1 1.27 0.998728 0.997489 0.995107 0.00248047 -219.429 0.036089 
1 1.275 0.998734 0.997499 0.995118 0.00229939 -219.418 0.035712 
1 1.275 0.99865 0.997337 0.994816 0.00274647 -219.395 0.038054 
1 1.28 0.998662 0.997358 0.994849 0.00252576 -219.391 0.0381579 
1 1.28 0.998734 0.997501 0.995129 0.00244041 -219.432 0.0346242 
1 1.285 0.998598 0.997233 0.994606 0.00268906 -219.364 0.039675 
1 1.285 0.99862 0.997277 0.994697 0.00273429 -219.382 0.0378933 
1 1.29 0.998576 0.997188 0.994516 0.00263971 -219.353 0.0387739 
1 1.29 0.99855 0.997138 0.994425 0.00280446 -219.346 0.040569 
1 1.295 0.998544 0.997126 0.994397 0.00273977 -219.344 0.0395768 
1 1.295 0.998626 0.997288 0.994717 0.00265576 -219.378 0.0389034 
1 1.3 0.998438 0.996917 0.993993 0.00297232 -219.296 0.041711 
1 1.3 0.99867 0.997374 0.994879 0.00247008 -219.395 0.0363271 
1 1.305 0.998446 0.99693 0.994007 0.00272376 -219.285 0.0415348 
1 1.305 0.99835 0.996746 0.99367 0.00333161 -219.267 0.0439239 
1 1.31 0.998472 0.996982 0.994113 0.00274086 -219.299 0.0409117 
1 1.31 0.99843 0.996901 0.993959 0.00291718 -219.298 0.0404802 
1 1.315 0.998352 0.996749 0.993669 0.00318206 -219.258 0.0448722 
1 1.315 0.998246 0.996538 0.993254 0.0032611 -219.207 0.0461881 
1 1.32 0.998316 0.996675 0.993518 0.00305789 -219.236 0.0440516 
1 1.32 0.998352 0.996751 0.99368 0.00332152 -219.263 0.045382 
1 1.325 0.998194 0.996438 0.993068 0.00351837 -219.191 0.0486624 
1 1.325 0.998158 0.996366 0.992926 0.00353261 -219.168 0.0487282 
1 1.33 0.998182 0.996417 0.993038 0.0037545 -219.191 0.0479835 
1 1.33 0.998156 0.996362 0.992916 0.0034917 -219.174 0.0478469 
1 1.335 0.998148 0.996347 0.992893 0.00359027 -219.17 0.0486747 
1 1.335 0.997954 0.995967 0.992162 0.00413587 -219.087 0.0531212 
1 1.34 0.99808 0.996213 0.992628 0.00364728 -219.136 0.0507482 
1 1.34 0.998064 0.996178 0.992549 0.00343969 -219.125 0.0485027 
1 1.345 0.997874 0.995808 0.991845 0.0040922 -219.054 0.0545041 
1 1.345 0.998004 0.996065 0.99235 0.00394468 -219.121 0.0499219 
1 1.35 0.997712 0.995487 0.99122 0.00431149 -218.978 0.057536 
1 1.35 0.997874 0.995809 0.991854 0.00420742 -219.055 0.0542918 
1 1.355 0.997942 0.995941 0.992104 0.00392359 -219.075 0.0528283 
1 1.355 0.997824 0.995707 0.991641 0.00398413 -219.027 0.053575 
1 1.36 0.997788 0.995638 0.991518 0.00423434 -219.008 0.0568225 
1 1.36 0.99786 0.99578 0.99179 0.00406326 -219.047 0.0526532 
1 1.365 0.997856 0.995771 0.991769 0.00397094 -219.035 0.0537464 
1 1.365 0.99782 0.995699 0.991624 0.00394781 -219.018 0.0534454 
1 1.37 0.9977 0.995461 0.99116 0.00408686 -218.961 0.0558792 
1 1.37 0.997662 0.995389 0.99103 0.00436305 -218.952 0.0577933 
1 1.375 0.997764 0.99559 0.991421 0.00417457 -218.997 0.0554684 
1 1.375 0.997516 0.995102 0.990476 0.00467707 -218.891 0.0603737 
1 1.38 0.997604 0.995277 0.990817 0.00455211 -218.937 0.0573566 
1 1.38 0.997444 0.994962 0.990207 0.00486571 -218.868 0.0616001 
1 1.385 0.997456 0.994984 0.990248 0.00476015 -218.87 0.06081 
1 1.385 0.997562 0.995191 0.990644 0.00444304 -218.909 0.0584409 
1 1.39 0.9974 0.994873 0.990027 0.00475683 -218.84 0.0609229 
1 1.39 0.997364 0.994803 0.989897 0.00492169 -218.837 0.0610416 
1 1.395 0.997494 0.995061 0.990399 0.00474838 -218.886 0.0595272 
1 1.395 0.997342 0.99476 0.989812 0.00493298 -218.811 0.0635046 
1 1.4 0.99734 0.994756 0.989805 0.00492889 -218.815 0.0627077 
1 1.4 0.997216 0.994515 0.989347 0.00534924 -218.763 0.0663749 
1 1.405 0.997336 0.994748 0.98979 0.00492122 -218.817 0.0614708 
1 1.405 0.997224 0.994531 0.989382 0.00537892 -218.777 0.0654705 
1 1.41 0.997112 0.99431 0.988952 0.00553046 -218.729 0.0663582 
1 1.41 0.997032 0.994151 0.988637 0.00553695 -218.696 0.0676736 
1 1.415 0.9971 0.994286 0.988904 0.0054947 -218.724 0.0663723 
1 1.415 0.997052 0.994188 0.988702 0.00534483 -218.687 0.0681386 
1 1.42 0.997058 0.994203 0.988738 0.00548343 -218.689 0.0688998 
1 1.42 0.99694 0.993972 0.988296 0.00580256 -218.644 0.0720366 
1 1.425 0.997006 0.994101 0.988543 0.00559972 -218.684 0.0664945 
1 1.425 0.996854 0.993802 0.987967 0.00592159 -218.611 0.0713193 
1 1.43 0.996756 0.993613 0.987613 0.00634661 -218.571 0.0738574 
1 1.43 0.996722 0.993543 0.987467 0.00617725 -218.554 0.0744139 
1 1.435 0.996686 0.993469 0.98731 0.00597752 -218.533 0.0729232 
1 1.435 0.996668 0.993438 0.987268 0.00636221 -218.533 0.0737348 
1 1.44 0.996652 0.993408 0.987217 0.00647159 -218.531 0.07619 
1 1.44 0.996576 0.99325 0.986881 0.00602474 -218.477 0.0744614 
1 1.445 0.996586 0.993274 0.986942 0.00627714 -218.498 0.074734 
1 1.445 0.996398 0.992911 0.986261 0.00704952 -218.422 0.0813595 
1 1.45 0.99626 0.99264 0.985742 0.0073443 -218.374 0.0829691 
1 1.45 0.996324 0.992763 0.985967 0.00700186 -218.378 0.082669 
1 1.455 0.996318 0.992758 0.985976 0.00742838 -218.392 0.08179 
1 1.455 0.996394 0.992895 0.9862 0.00643277 -218.399 0.0786105 
1 1.46 0.9962 0.992516 0.985478 0.00696164 -218.325 0.0814373 
1 1.46 0.996222 0.992564 0.985585 0.00721142 -218.344 0.0824042 
1 1.465 0.995974 0.992073 0.984626 0.00743695 -218.235 0.086346 
1 1.465 0.99619 0.992503 0.985473 0.00737228 -218.329 0.0829095 
1 1.47 0.99599 0.992113 0.984734 0.0079755 -218.255 0.0866323 
1 1.47 0.99602 0.99217 0.984837 0.0077714 -218.267 0.0866581 
1 1.475 0.995914 0.991954 0.984393 0.00742946 -218.202 0.0851799 
1 1.475 0.995968 0.992059 0.984591 0.00723952 -218.215 0.0865346 
1 1.48 0.995862 0.991855 0.984209 0.00766196 -218.184 0.0875791 
1 1.48 0.995816 0.991769 0.984064 0.00810366 -218.181 0.0894628 
1 1.485 0.995664 0.991473 0.983499 0.00850095 -218.127 0.0898893 
1 1.485 0.995664 0.991464 0.98345 0.00790297 -218.103 0.0889175 
1 1.49 0.995702 0.991546 0.983634 0.0082931 -218.126 0.0914123 
1 1.49 0.995626 0.991392 0.983322 0.00813612 -218.092 0.0901187 
1 1.495 0.99544 0.991027 0.982619 0.00846598 -218.003 0.0947057 
1 1.495 0.995458 0.991065 0.982698 0.00857594 -218.019 0.0930421 
1 1.5 0.995322 0.990805 0.982222 0.00928509 -217.987 0.0958018 
1 1.5 0.995398 0.990946 0.982468 0.00861744 -217.992 0.0951328 
1 1.505 0.99525 0.990664 0.981951 0.0094005 -217.956 0.0970476 
1 1.505 0.995242 0.990638 0.981866 0.00873099 -217.938 0.0945715 
1 1.51 0.994812 0.989802 0.980281 0.00999501 -217.761 0.105635 
1 1.51 0.9951 0.990374 0.981406 0.00991722 -217.901 0.0996229 
1 1.515 0.994936 0.990045 0.980747 0.00969742 -217.795 0.104465 
1 1.515 0.995028 0.990219 0.98106 0.00911942 -217.834 0.0985758 
1 1.52 0.994992 0.990172 0.981044 0.0107026 -217.855 0.101825 
1 1.52 0.994894 0.989963 0.980595 0.009819 -217.798 0.10277 
1 1.525 0.994654 0.989492 0.979685 0.0101836 -217.688 0.107331 
1 1.525 0.994884 0.989947 0.980574 0.0100083 -217.79 0.104978 
1 1.53 0.994638 0.989461 0.979626 0.0102228 -217.676 0.106643 
1 1.53 0.9946 0.989387 0.979484 0.0102876 -217.674 0.106801 
1 1.535 0.994344 0.988896 0.978577 0.0114508 -217.58 0.112613 
1 1.535 0.994526 0.98924 0.979199 0.0103189 -217.635 0.107216 
1 1.54 0.994348 0.9889 0.978577 0.0112036 -217.599 0.10962 
1 1.54 0.994464 0.989115 0.978946 0.0101658 -217.612 0.10644 
1 1.545 0.994348 0.988896 0.978552 0.0108618 -217.568 0.111548 
1 1.545 0.994364 0.988921 0.978576 0.0104075 -217.578 0.106244 
1 1.55 0.994028 0.988274 0.977369 0.0117481 -217.449 0.113636 
1 1.55 0.994372 0.988943 0.978642 0.0107771 -217.583 0.110064 
1 1.555 0.993778 0.987785 0.976435 0.0122422 -217.34 0.116543 
1 1.555 0.993856 0.987942 0.976752 0.0123789 -217.392 0.116511 
1 1.56 0.993826 0.98788 0.976624 0.0122001 -217.36 0.118177 
1 1.56 0.99362 0.987474 0.975834 0.012401 -217.274 0.120288 
1 1.565 0.993634 0.987499 0.975874 0.0121504 -217.284 0.118988 
1 1.565 0.993534 0.987301 0.975487 0.0122013 -217.23 0.122431 
1 1.57 0.993406 0.987051 0.975012 0.012484 -217.177 0.122438 
1 1.57 0.993496 0.98723 0.975367 0.0124903 -217.215 0.124736 
1 1.575 0.993378 0.987004 0.974944 0.0129339 -217.183 0.123867 
1 1.575 0.993244 0.986734 0.974402 0.0127007 -217.12 0.124749 
1 1.58 0.99328 0.986815 0.974594 0.0132836 -217.136 0.126888 
1 1.58 0.993058 0.986382 0.973769 0.0137626 -217.052 0.130886 
1 1.585 0.993348 0.986939 0.9748 0.012537 -217.156 0.121794 
1 1.585 0.99311 0.986479 0.973938 0.0133456 -217.072 0.126522 
1 1.59 0.992896 0.986071 0.973192 0.0143807 -217.002 0.129571 
1 1.59 0.993062 0.986381 0.973733 0.0131059 -217.037 0.126275 
1 1.595 0.992868 0.986013 0.97307 0.0141501 -216.976 0.132119 
1 1.595 0.99312 0.986491 0.973934 0.0127665 -217.042 0.125009 
1 1.6 0.992648 0.98558 0.97223 0.0143468 -216.888 0.132516 
1 1.6 0.992738 0.985769 0.972637 0.0150015 -216.938 0.135261 
1 1.605 0.99248 0.985254 0.971616 0.0147744 -216.845 0.132384 
1 1.605 0.992422 0.985132 0.971357 0.0143834 -216.799 0.134304 
1 1.61 0.992494 0.985277 0.971646 0.0144211 -216.818 0.135354 
1 1.61 0.992312 0.984924 0.970986 0.0149922 -216.763 0.137451 
1 1.615 0.99194 0.984207 0.96965 0.0162524 -216.605 0.148234 
1 1.615 0.992104 0.984512 0.970175 0.0149383 -216.654 0.140997 
1 1.62 0.991896 0.984122 0.969485 0.0163016 -216.597 0.144443 
1 1.62 0.992018 0.984349 0.969881 0.0154079 -216.629 0.13978 
1 1.625 0.99173 0.983793 0.968837 0.0162687 -216.51 0.146109 
1 1.625 0.991724 0.983793 0.968883 0.0170233 -216.535 0.148462 
1 1.63 0.991454 0.983262 0.967853 0.0172151 -216.426 0.148641 
1 1.63 0.991724 0.983785 0.968841 0.0164753 -216.535 0.144696 
1 1.635 0.991272 0.982903 0.967152 0.0172809 -216.365 0.14593 
1 1.635 0.991198 0.98277 0.966941 0.0181189 -216.345 0.152386 
1 1.64 0.99108 0.98252 0.966401 0.0171289 -216.266 0.150567 
1 1.64 0.991306 0.982964 0.967255 0.0168521 -216.342 0.149424 
1 1.645 0.991038 0.982454 0.966322 0.0181084 -216.271 0.147474 
1 1.645 0.991114 0.9826 0.966596 0.0177969 -216.283 0.153419 
1 1.65 0.990794 0.98197 0.965376 0.0179982 -216.144 0.156912 
1 1.65 0.990952 0.982271 0.965929 0.0173026 -216.218 0.151167 
1 1.655 0.990618 0.98164 0.964783 0.0190657 -216.106 0.154366 
1 1.655 0.990596 0.981614 0.964789 0.0201453 -216.091 0.163091 
1 1.66 0.99046 0.981319 0.964138 0.0185463 -216.024 0.158712 
1 1.66 0.990394 0.981189 0.963879 0.0185786 -215.975 0.158574 
1 1.665 0.990536 0.981463 0.964404 0.0181305 -216.03 0.160013 
1 1.665 0.989778 0.979999 0.961658 0.0203454 -215.755 0.168714 
1 1.67 0.989948 0.980331 0.96229 0.0200238 -215.819 0.164254 
1 1.67 0.989992 0.980407 0.962403 0.0193485 -215.804 0.164433 
1 1.675 0.989986 0.980412 0.962471 0.0202889 -215.83 0.168897 
1 1.675 0.989782 0.980016 0.961718 0.0207542 -215.742 0.169146 
1 1.68 0.989512 0.979482 0.960683 0.0207192 -215.632 0.173784 
1 1.68 0.989338 0.979171 0.960183 0.0227263 -215.636 0.17267 
1 1.685 0.98917 0.978844 0.959559 0.0229716 -215.558 0.176254 
1 1.685 0.989352 0.979189 0.960188 0.0220807 -215.622 0.172597 
1 1.69 0.98902 0.978533 0.958898 0.0220118 -215.449 0.175704 
1 1.69 0.989056 0.978598 0.959014 0.0216419 -215.458 0.177317 
1 1.695 0.988808 0.978126 0.95815 0.022689 -215.367 0.180087 
1 1.695 0.988776 0.978052 0.957974 0.0220709 -215.361 0.177038 
1 1.7 0.988714 0.977955 0.957866 0.0234839 -215.36 0.181923 
1 1.7 0.988448 0.977437 0.956885 0.0239713 -215.247 0.186633 
1 1.705 0.988542 0.977587 0.957066 0.0218155 -215.24 0.182135 
1 1.705 0.988214 0.976973 0.955979 0.0238223 -215.172 0.184275 
1 1.71 0.987614 0.975855 0.954018 0.0276858 -214.98 0.199213 
1 1.71 0.988338 0.977217 0.956442 0.02367 -215.185 0.185581 
1 1.715 0.987924 0.976408 0.954903 0.0241545 -215.006 0.191538 
1 1.715 0.988132 0.976808 0.955649 0.0235167 -215.126 0.1829 
1 1.72 0.987872 0.976302 0.954691 0.0238902 -215.022 0.189438 
1 1.72 0.987442 0.975476 0.953156 0.0252568 -214.839 0.195372 
1 1.725 0.987056 0.974755 0.951882 0.0275416 -214.742 0.200175 
1 1.725 0.987016 0.974685 0.951774 0.0280844 -214.702 0.205328 
1 1.73 0.98765 0.975917 0.954106 0.0268299 -214.977 0.194511 
1 1.73 0.987196 0.975012 0.952324 0.0263617 -214.776 0.197684 
1 1.735 0.98684 0.974336 0.951073 0.0278464 -214.609 0.202475 
1 1.735 0.987006 0.974645 0.951624 0.0267433 -214.688 0.196466 
1 1.74 0.9865 0.973648 0.949711 0.0267672 -214.471 0.203934 
1 1.74 0.986564 0.973824 0.950179 0.0296341 -214.565 0.202279 
1 1.745 0.986384 0.973439 0.949366 0.0278077 -214.457 0.2051 
1 1.745 0.98589 0.972517 0.947722 0.0308211 -214.302 0.212306 
1 1.75 0.985864 0.972447 0.947539 0.0296511 -214.296 0.204408 
1 1.75 0.986196 0.97308 0.948711 0.0284348 -214.394 0.208436 
1 1.755 0.985466 0.971676 0.946104 0.0303683 -214.133 0.216738 
1 1.755 0.985216 0.971212 0.945275 0.0320087 -214.01 0.222082 
1 1.76 0.98555 0.971833 0.946374 0.0297885 -214.13 0.214018 
1 1.76 0.985168 0.971105 0.945037 0.0312143 -214.02 0.216901 
1 1.765 0.985388 0.971556 0.945978 0.0320867 -214.12 0.223054 
1 1.765 0.984936 0.970663 0.944244 0.0319476 -213.947 0.22139 
1 1.77 0.984504 0.969842 0.942738 0.0335477 -213.78 0.226447 
1 1.77 0.984498 0.969795 0.942538 0.0315733 -213.755 0.219174 
1 1.775 0.984398 0.969643 0.942398 0.0340179 -213.745 0.234101 
1 1.775 0.984588 0.969992 0.942989 0.0325764 -213.822 0.222597 
1 1.78 0.984296 0.969406 0.941819 0.031862 -213.654 0.225742 
1 1.78 0.9843 0.969442 0.941966 0.0334556 -213.689 0.224166 
1 1.785 0.983724 0.96835 0.939972 0.0356914 -213.494 0.234127 
1 1.785 0.98335 0.967638 0.938704 0.037034 -213.394 0.242726 
1 1.79 0.9836 0.968135 0.939662 0.0372067 -213.422 0.245735 
1 1.79 0.98367 0.968236 0.939762 0.0351693 -213.463 0.238559 
1 1.795 0.98261 0.96618 0.935887 0.0366188 -213.058 0.247621 
1 1.795 0.9832 0.967352 0.938179 0.0373259 -213.314 0.24352 
1 1.8 0.982276 0.965844 0.935664 0.0543344 -213.034 0.253778 
1 1.8 0.982568 0.96612 0.935848 0.0377892 -213.056 0.251848 
1 1.805 0.982678 0.966336 0.936251 0.0376503 -213.123 0.242361 
1 1.805 0.983036 0.967003 0.937423 0.0356245 -213.208 0.237075 
1 1.81 0.982022 0.965097 0.934025 0.0403156 -212.9 0.254834 
1 1.81 0.981946 0.964949 0.933752 0.0404074 -212.878 0.253266 
1 1.815 0.98199 0.965014 0.933814 0.039114 -212.854 0.253319 
1 1.815 0.981744 0.964585 0.933078 0.0420627 -212.786 0.254557 
1 1.82 0.981144 0.963389 0.930784 0.0409611 -212.513 0.261789 
1 1.82 0.98121 0.963535 0.931129 0.041869 -212.607 0.260955 
1 1.825 0.981198 0.963557 0.931261 0.0442282 -212.601 0.261545 
1 1.825 0.980744 0.962657 0.929551 0.0437176 -212.398 0.270288 
1 1.83 0.980488 0.962131 0.928474 0.0423345 -212.324 0.262075 
1 1.83 0.979936 0.961143 0.926688 0.0474708 -212.121 0.267578 
1 1.835 0.980596 0.962364 0.928985 0.0433681 -212.345 0.267055 
1 1.835 0.980162 0.961568 0.927596 0.0463572 -212.181 0.27625 
1 1.84 0.98018 0.961564 0.92749 0.0440678 -212.208 0.267788 
1 1.84 0.980306 0.96178 0.927806 0.0424058 -212.231 0.260071 
1 1.845 0.98019 0.961567 0.92746 0.0430831 -212.153 0.273111 
1 1.845 0.979832 0.960904 0.926291 0.0451887 -212.051 0.275324 
1 1.85 0.979162 0.959639 0.924009 0.0475966 -211.868 0.275151 
1 1.85 0.979432 0.960155 0.924975 0.0468928 -211.941 0.278733 
1 1.855 0.979096 0.959491 0.923686 0.0464638 -211.799 0.276437 
1 1.855 0.97889 0.959113 0.923042 0.0478409 -211.797 0.273545 
1 1.86 0.97819 0.957902 0.92102 0.0562389 -211.573 0.297871 
1 1.86 0.978506 0.958421 0.921874 0.0509144 -211.71 0.283883 
1 1.865 0.978412 0.95824 0.921516 0.0509189 -211.608 0.282569 
1 1.865 0.978192 0.957816 0.920728 0.0512607 -211.518 0.283469 
1 1.87 0.977322 0.956145 0.917667 0.0527652 -211.24 0.29261 
1 1.87 0.977704 0.95684 0.918842 0.0499684 -211.316 0.290732 
1 1.875 0.977944 0.95729 0.919643 0.048854 -211.346 0.287328 
1 1.875 0.977302 0.956131 0.917695 0.0539584 -211.212 0.299467 
1 1.88 0.976512 0.954633 0.914985 0.0562337 -210.935 0.308107 
1 1.88 0.975864 0.953376 0.912656 0.0566475 -210.728 0.31111 
1 1.885 0.976352 0.954381 0.914676 0.0592834 -210.928 0.311765 
1 1.885 0.9751 0.951994 0.910324 0.0623019 -210.468 0.329054 
1 1.89 0.975654 0.953008 0.912085 0.0586091 -210.687 0.314287 
1 1.89 0.975186 0.952108 0.910395 0.05925 -210.492 0.309992 
1 1.895 0.975004 0.951788 0.909904 0.0609858 -210.476 0.318257 
1 1.895 0.97504 0.951813 0.909827 0.0585603 -210.44 0.31553 
1 1.9 0.974878 0.95155 0.909425 0.0612066 -210.369 0.317806 
1 1.9 0.975606 0.95283 0.911508 0.0538449 -210.544 0.308945 
1 1.905 0.97398 0.949909 0.906523 0.0667674 -210.062 0.331436 
1 1.905 0.974566 0.95093 0.908259 0.0604405 -210.237 0.321692 
1 1.91 0.97419 0.950236 0.907034 0.0622892 -210.133 0.323736 
1 1.91 0.972964 0.947992 0.903176 0.0698144 -209.798 0.331159 
1 1.915 0.972838 0.947756 0.902852 0.0701089 -209.789 0.349768 
1 1.915 0.973666 0.949219 0.905164 0.0623499 -209.902 0.33465 
1 1.92 0.972872 0.947826 0.90294 0.0700996 -209.745 0.347884 
1 1.92 0.97268 0.947373 0.901908 0.0659551 -209.625 0.345613 
1 1.925 0.972542 0.947147 0.901569 0.0680155 -209.563 0.341889 
1 1.925 0.972688 0.947436 0.902127 0.068246 -209.623 0.342001 
1 1.93 0.971846 0.945816 0.899133 0.0689882 -209.323 0.348319 
1 1.93 0.972144 0.946402 0.900248 0.0693287 -209.508 0.341915 
1 1.935 0.970928 0.944123 0.896227 0.0734769 -209.112 0.357307 
1 1.935 0.971798 0.945719 0.898961 0.0685916 -209.331 0.349306 
1 1.94 0.971036 0.944331 0.896577 0.0731777 -209.045 0.361563 
1 1.94 0.970758 0.943812 0.89567 0.0742673 -209.071 0.354873 
1 1.945 0.97003 0.942426 0.893132 0.0754838 -208.693 0.361078 
1 1.945 0.97042 0.943254 0.894753 0.0791025 -208.868 0.362305 
1 1.95 0.96959 0.941615 0.891698 0.0774478 -208.587 0.361499 
1 1.95 0.969706 0.941833 0.892137 0.0770951 -208.608 0.374419 
1 1.955 0.969376 0.941157 0.890692 0.0750614 -208.499 0.358853 
1 1.955 0.96967 0.94177 0.892021 0.0772323 -208.595 0.366161 
1 1.96 0.967886 0.938478 0.886321 0.0854332 -208.07 0.388737 
1 1.96 0.968254 0.939095 0.887202 0.0805628 -208.147 0.376197 
1 1.965 0.968296 0.939216 0.887513 0.0823683 -208.153 0.381952 
1 1.965 0.968004 0.938681 0.886676 0.0839377 -208.088 0.388828 
1 1.97 0.967066 0.936907 0.88348 0.085825 -207.762 0.392668 
1 1.97 0.967774 0.938306 0.88604 0.0872855 -208.042 0.382009 
1 1.975 0.96683 0.936497 0.882776 0.0879246 -207.733 0.392438 
1 1.975 0.966484 0.935848 0.881621 0.0889255 -207.63 0.398195 
1 1.98 0.965442 0.934003 0.878568 0.0972174 -207.391 0.395504 
1 1.98 0.965668 0.934518 0.879675 0.101198 -207.388 0.412143 
1 1.985 0.966676 0.936117 0.881809 0.0833325 -207.567 0.376716 
1 1.985 0.965766 0.934509 0.879221 0.0909458 -207.342 0.398607 
1 1.99 0.964184 0.931651 0.874413 0.100515 -206.951 0.405148 
1 1.99 0.964584 0.932416 0.875876 0.100174 -207.032 0.414806 
1 1.995 0.964962 0.932916 0.87622 0.0884561 -207.033 0.399259 
1 1.995 0.964404 0.931956 0.87475 0.094294 -206.888 0.407958 
1 2 0.962912 0.929188 0.869958 0.099436 -206.464 0.423066 
1 2 0.963386 0.930158 0.87187 0.102285 -206.629 0.427895 
1 2.005 0.962688 0.92882 0.86939 0.102311 -206.364 0.429652 
1 2.005 0.963278 0.929981 0.871607 0.103586 -206.618 0.423026 
1 2.01 0.962288 0.928028 0.86796 0.100993 -206.204 0.432906 
1 2.01 0.962098 0.928027 0.868549 0.119118 -206.34 0.43847 
1 2.015 0.961072 0.925882 0.864327 0.110295 -205.832 0.442606 
1 2.015 0.960982 0.925763 0.864278 0.11299 -205.893 0.441465 
1 2.02 0.961274 0.92635 0.865324 0.113965 -205.999 0.425196 
1 2.02 0.960466 0.924873 0.862827 0.117718 -205.782 0.444014 
1 2.025 0.961158 0.925954 0.864234 0.10516 -205.875 0.428784 
1 2.025 0.960078 0.923993 0.861111 0.110773 -205.642 0.447696 
1 2.03 0.959574 0.923126 0.859702 0.115445 -205.495 0.44568 
1 2.03 0.95879 0.921673 0.857113 0.117944 -205.225 0.447183 
1 2.035 0.958888 0.921989 0.857904 0.123961 -205.22 0.459557 
1 2.035 0.959036 0.922129 0.857867 0.1169 -205.192 0.448097 
1 2.04 0.956878 0.918564 0.852474 0.144528 -204.745 0.47993 
1 2.04 0.958792 0.921696 0.857169 0.118328 -205.184 0.450133 
1 2.045 0.956982 0.918532 0.852123 0.132904 -204.7 0.470369 
1 2.045 0.957252 0.918835 0.852215 0.122412 -204.693 0.462442 
1 2.05 0.95617 0.91716 0.849915 0.141433 -204.503 0.483469 
1 2.05 0.956666 0.917793 0.850509 0.126024 -204.532 0.464611 
1 2.055 0.954756 0.914861 0.84618 0.160698 -204.096 0.494687 
1 2.055 0.955308 0.915257 0.845972 0.128622 -204.113 0.465531 
1 2.06 0.95482 0.914551 0.845367 0.139303 -204.055 0.501115 
1 2.06 0.95557 0.91584 0.847252 0.132342 -204.257 0.475682 
1 2.065 0.95298 0.911253 0.839855 0.149253 -203.546 0.504958 
1 2.065 0.953984 0.913393 0.84387 0.160188 -203.916 0.494682 
1 2.07 0.952202 0.909782 0.837195 0.149416 -203.213 0.515473 
1 2.07 0.952766 0.910922 0.839376 0.152589 -203.466 0.510548 
1 2.075 0.95106 0.907913 0.834511 0.163755 -203.07 0.529734 
1 2.075 0.953148 0.911431 0.839748 0.141691 -203.417 0.498588 
1 2.08 0.95216 0.909577 0.836434 0.14271 -203.219 0.484126 
1 2.08 0.951496 0.908891 0.836297 0.170504 -203.143 0.516521 
1 2.085 0.950432 0.906601 0.83177 0.157305 -202.681 0.522405 
1 2.085 0.950306 0.906446 0.831759 0.161361 -202.667 0.532654 
1 2.09 0.949998 0.905721 0.830298 0.154289 -202.527 0.535245 
1 2.09 0.94885 0.904022 0.827765 0.177311 -202.278 0.536323 
1 2.095 0.947298 0.9014 0.823896 0.192182 -201.963 0.558235 
1 2.095 0.949264 0.904667 0.82896 0.170177 -202.464 0.52181 
1 2.1 0.94721 0.900862 0.822348 0.174048 -201.825 0.538199 
1 2.1 0.947256 0.901349 0.823868 0.193097 -201.992 0.547751 
1 2.105 0.946312 0.899287 0.819789 0.179618 -201.59 0.547006 
1 2.105 0.9456 0.898162 0.818294 0.190126 -201.438 0.562482 
1 2.11 0.944512 0.89652 0.816105 0.209333 -201.354 0.56492 
1 2.11 0.945236 0.897562 0.817231 0.193893 -201.339 0.561741 
1 2.115 0.944874 0.896856 0.81596 0.192403 -201.164 0.554512 
1 2.115 0.945096 0.897077 0.816126 0.182988 -201.144 0.564078 
1 2.12 0.944126 0.89544 0.813783 0.191799 -200.984 0.565027 
1 2.12 0.944036 0.895344 0.813644 0.195266 -200.959 0.569307 
1 2.125 0.942676 0.893281 0.81065 0.218502 -200.579 0.585195 
1 2.125 0.942598 0.892819 0.809465 0.203667 -200.56 0.576494 
1 2.13 0.940994 0.890135 0.805297 0.219017 -200.204 0.590538 
1 2.13 0.9421 0.891835 0.807639 0.201081 -200.36 0.572756 
1 2.135 0.94118 0.890443 0.805932 0.216523 -200.182 0.58645 
1 2.135 0.940062 0.888409 0.802613 0.219782 -199.947 0.604045 
1 2.14 0.939576 0.887598 0.801441 0.224078 -199.78 0.603564 
1 2.14 0.938326 0.885582 0.797991 0.239527 -199.47 0.598288 
1 2.145 0.938176 0.885204 0.797128 0.234471 -199.342 0.604179 
1 2.145 0.937772 0.884558 0.796422 0.239724 -199.375 0.60792 
1 2.15 0.937672 0.884414 0.796425 0.241158 -199.291 0.620934 
1 2.15 0.936596 0.882702 0.793767 0.255331 -199.096 0.608171 
1 2.155 0.935842 0.881107 0.791032 0.246231 -198.743 0.630313 
1 2.155 0.935968 0.880985 0.790022 0.229642 -198.647 0.620482 
1 2.16 0.933912 0.877683 0.785381 0.254236 -198.321 0.63056 
1 2.16 0.93424 0.878647 0.787581 0.270497 -198.511 0.641716 
1 2.165 0.93332 0.876669 0.783736 0.257848 -197.974 0.653609 
1 2.165 0.933798 0.877657 0.785149 0.262288 -198.218 0.625536 
1 2.17 0.932162 0.874828 0.780919 0.271976 -197.802 0.63637 
1 2.17 0.932314 0.874719 0.78006 0.253914 -197.72 0.62991 
1 2.175 0.9291 0.869677 0.773359 0.296555 -197.009 0.691227 
1 2.175 0.931598 0.873352 0.77782 0.251833 -197.5 0.635062 
1 2.18 0.930074 0.871146 0.775213 0.280187 -197.182 0.66222 
1 2.18 0.930756 0.872293 0.776809 0.274609 -197.412 0.651705 
1 2.185 0.926334 0.865109 0.766334 0.321029 -196.424 0.702565 
1 2.185 0.929408 0.870069 0.773533 0.286962 -197.052 0.670731 
1 2.19 0.926182 0.864977 0.766085 0.327119 -196.383 0.677981 
1 2.19 0.926922 0.865497 0.766053 0.288269 -196.26 0.690767 
1 2.195 0.925864 0.864526 0.765819 0.332644 -196.352 0.71256 
1 2.195 0.924968 0.86256 0.762011 0.318628 -195.916 0.696701 
1 2.2 0.924192 0.861009 0.759172 0.312649 -195.632 0.693877 
1 2.2 0.925364 0.863101 0.762662 0.309201 -196.006 0.698449 
1 2.205 0.922624 0.858583 0.755704 0.333242 -195.351 0.711179 
1 2.205 0.923666 0.860432 0.758811 0.329856 -195.631 0.70898 
1 2.21 0.919408 0.853924 0.749459 0.389714 -194.73 0.73561 
1 2.21 0.922984 0.859251 0.756723 0.33265 -195.409 0.702635 
1 2.215 0.919084 0.852794 0.74744 0.36474 -194.589 0.744228 
1 2.215 0.9199 0.853988 0.748809 0.350902 -194.694 0.719844 
1 2.22 0.918236 0.851728 0.745886 0.386051 -194.374 0.739057 
1 2.22 0.919634 0.853431 0.747774 0.347023 -194.603 0.723559 
1 2.225 0.917114 0.849271 0.741505 0.367333 -193.958 0.737732 
1 2.225 0.916456 0.848115 0.73972 0.369589 -193.653 0.761808 
1 2.23 0.915014 0.846777 0.739178 0.427206 -193.825 0.756829 
1 2.23 0.914678 0.845762 0.736697 0.409239 -193.511 0.753848 
1 2.235 0.913634 0.843654 0.733625 0.399434 -193.304 0.757168 
1 2.235 0.912686 0.841941 0.730696 0.40025 -192.891 0.77813 
1 2.24 0.912076 0.841112 0.72998 0.412025 -192.864 0.77914 
1 2.24 0.913188 0.842755 0.731895 0.39475 -193.045 0.772462 
1 2.245 0.909608 0.837404 0.724841 0.446211 -192.404 0.80494 
1 2.245 0.90987 0.837538 0.724662 0.430934 -192.292 0.799906 
1 2.25 0.90791 0.834518 0.720242 0.454113 -191.875 0.802214 
1 2.25 0.908356 0.835667 0.722628 0.469153 -192.222 0.808238 
1 2.255 0.906176 0.832029 0.717004 0.4822 -191.675 0.815758 
1 2.255 0.90653 0.832101 0.716611 0.456974 -191.608 0.811567 
1 2.26 0.907288 0.832304 0.715394 0.404075 -191.459 0.776802 
1 2.26 0.902124 0.825335 0.707356 0.509153 -190.736 0.829265 
1 2.265 0.903884 0.827715 0.709944 0.472807 -190.934 0.805555 
1 2.265 0.902064 0.825471 0.707757 0.51883 -190.75 0.845531 
1 2.27 0.900968 0.823963 0.705861 0.538323 -190.482 0.848335 
1 2.27 0.901826 0.823776 0.703614 0.461917 -190.279 0.805465 
1 2.275 0.89745 0.818497 0.697997 0.574963 -189.754 0.872666 
1 2.275 0.897816 0.81877 0.698261 0.558081 -189.684 0.873307 
1 2.28 0.896304 0.815645 0.693303 0.538759 -189.387 0.866451 
1 2.28 0.895756 0.814969 0.692184 0.552182 -189.12 0.884051 
1 2.285 0.89575 0.814781 0.691711 0.543236 -189.231 0.867518 
1 2.285 0.894278 0.812942 0.689947 0.578059 -188.906 0.881503 
1 2.29 0.893706 0.811301 0.68667 0.549828 -188.695 0.889817 
1 2.29 0.893454 0.811289 0.686857 0.568953 -188.61 0.887531 
1 2.295 0.890904 0.808086 0.683433 0.626429 -188.22 0.906064 
1 2.295 0.888924 0.804653 0.678544 0.630395 -187.876 0.942745 
1 2.3 0.88814 0.803182 0.676437 0.625613 -187.701 0.942342 
1 2.3 0.88686 0.801513 0.674218 0.651846 -187.419 0.925805 
1 2.305 0.887662 0.802348 0.674896 0.624919 -187.456 0.921488 
1 2.305 0.88414 0.797066 0.667435 0.666474 -186.726 0.943076 
1 2.31 0.886306 0.799982 0.671016 0.625262 -187.087 0.934662 
1 2.31 0.883186 0.795529 0.665412 0.671497 -186.558 0.949302 
1 2.315 0.878362 0.788278 0.6557 0.723915 -185.606 0.976916 
1 2.315 0.88089 0.792102 0.66097 0.69698 -186.114 0.957032 
1 2.32 0.878466 0.788492 0.656231 0.723673 -185.551 0.980004 
1 2.32 0.878936 0.789024 0.656468 0.710999 -185.615 0.968022 
1 2.325 0.878206 0.787223 0.653669 0.687185 -185.309 0.979724 
1 2.325 0.880542 0.790767 0.657965 0.662919 -185.859 0.93401 
1 2.33 0.87532 0.783206 0.648936 0.730497 -184.954 0.988211 
1 2.33 0.874162 0.781527 0.646168 0.745413 -184.626 0.993927 
1 2.335 0.87306 0.780518 0.645885 0.783071 -184.573 1.00438 
1 2.335 0.873848 0.780862 0.645581 0.738833 -184.536 0.993777 
1 2.34 0.870716 0.775956 0.638783 0.761076 -183.963 0.999119 
1 2.34 0.869228 0.773859 0.636003 0.782118 -183.515 1.01695 
1 2.345 0.865008 0.768103 0.629536 0.84707 -182.886 1.06101 
1 2.345 0.866298 0.769536 0.630366 0.812935 -183.065 1.02455 
1 2.35 0.86856 0.772446 0.633429 0.768045 -183.27 1.01793 
1 2.35 0.86709 0.771082 0.632596 0.818601 -183.225 1.01966 
1 2.355 0.865352 0.768004 0.628013 0.814019 -182.845 1.01362 
1 2.355 0.86175 0.763187 0.622352 0.873611 -182.11 1.06718 
1 2.36 0.860834 0.761226 0.61921 0.855548 -181.962 1.03201 
1 2.36 0.860204 0.760976 0.6196 0.890913 -181.982 1.05607 
1 2.365 0.855264 0.754905 0.613385 0.990639 -181.256 1.09799 
1 2.365 0.85812 0.757817 0.615198 0.906834 -181.405 1.07243 
1 2.37 0.856214 0.754473 0.609854 0.901712 -180.913 1.05334 
1 2.37 0.85032 0.746806 0.602075 1.00263 -180.04 1.12736 
1 2.375 0.852702 0.749085 0.603797 0.925675 -180.243 1.09731 
1 2.375 0.853612 0.751277 0.60696 0.952579 -180.606 1.08949 
1 2.38 0.849038 0.744064 0.59753 0.974717 -179.571 1.10508 
1 2.38 0.845612 0.741124 0.595746 1.09515 -179.562 1.12745 
1 2.385 0.848008 0.742641 0.595793 0.986306 -179.348 1.12949 
1 2.385 0.846022 0.740037 0.592497 1.01817 -179.268 1.11249 
1 2.39 0.842292 0.734715 0.586402 1.05685 -178.454 1.14622 
1 2.39 0.844044 0.737136 0.589316 1.03455 -178.861 1.13371 
1 2.395 0.841868 0.733826 0.584426 1.04734 -178.427 1.1083 
1 2.395 0.836556 0.727189 0.577571 1.14253 -177.691 1.159 
1 2.4 0.83666 0.72579 0.574189 1.0746 -177.463 1.14356 
1 2.4 0.837982 0.727779 0.576049 1.06521 -177.525 1.11629 
1 2.405 0.833538 0.722743 0.571829 1.16247 -177.18 1.15562 
1 2.405 0.832114 0.720107 0.568206 1.15149 -176.696 1.17977 
1 2.41 0.828874 0.714686 0.560603 1.14747 -176.05 1.19876 
1 2.41 0.826664 0.712927 0.560024 1.22628 -175.872 1.22347 
1 2.415 0.830642 0.718198 0.565495 1.16903 -176.555 1.14457 
1 2.415 0.827892 0.714218 0.560833 1.19308 -176.005 1.17512 
1 2.42 0.826232 0.710601 0.554877 1.15463 -175.324 1.18233 
1 2.42 0.822976 0.707735 0.553706 1.25807 -175.136 1.21611 
1 2.425 0.821934 0.705281 0.549204 1.22496 -174.713 1.18965 
1 2.425 0.823452 0.707777 0.553187 1.22489 -175.131 1.22511 
1 2.43 0.820908 0.703734 0.547286 1.22815 -174.332 1.21965 
1 2.43 0.817652 0.69819 0.539739 1.21954 -173.726 1.21628 
1 2.435 0.817084 0.698756 0.541614 1.27844 -173.921 1.23154 
1 2.435 0.816084 0.696805 0.538727 1.26537 -173.674 1.19615 
1 2.44 0.809424 0.68796 0.528319 1.34398 -172.504 1.22251 
1 2.44 0.805158 0.682174 0.522414 1.38912 -172.052 1.26614 
1 2.445 0.80274 0.678641 0.518013 1.40081 -171.366 1.26857 
1 2.445 0.805994 0.683115 0.523066 1.36967 -171.983 1.25469 
1 2.45 0.79917 0.674046 0.51255 1.44381 -170.818 1.27173 
1 2.45 0.801734 0.677311 0.516154 1.40955 -171.211 1.26422 
1 2.455 0.79887 0.673098 0.510975 1.42177 -170.852 1.26098 
1 2.455 0.797772 0.672612 0.510946 1.47338 -170.77 1.25164 
1 2.46 0.798162 0.671143 0.506951 1.3854 -170.168 1.24734 
1 2.46 0.789952 0.662078 0.499003 1.54689 -169.128 1.32689 
1 2.465 0.79651 0.669999 0.506996 1.44303 -170.165 1.25414 
1 2.465 0.789678 0.660709 0.496561 1.50579 -169.211 1.27677 
1 2.47 0.785754 0.655282 0.49076 1.53329 -168.446 1.339 
1 2.47 0.788468 0.658606 0.493778 1.49489 -168.611 1.29854 
1 2.475 0.783398 0.651619 0.485673 1.5316 -167.779 1.33637 
1 2.475 0.781532 0.64998 0.48491 1.58335 -168.076 1.31023 
1 2.48 0.786062 0.65563 0.490361 1.52165 -168.156 1.32042 
1 2.48 0.77691 0.64415 0.47807 1.63551 -167.061 1.32369 
1 2.485 0.779326 0.646527 0.480563 1.5766 -167.133 1.33801 
1 2.485 0.778802 0.64638 0.481013 1.60354 -167.24 1.33324 
1 2.49 0.76454 0.628447 0.462001 1.7641 -165.2 1.38535 
1 2.49 0.771928 0.637481 0.470657 1.67102 -165.989 1.34683 
1 2.495 0.764902 0.628357 0.461504 1.73475 -165.24 1.36522 
1 2.495 0.768422 0.632139 0.463878 1.67001 -165.297 1.34944 
1 2.5 0.76512 0.626999 0.457765 1.66363 -164.885 1.3223 
1 2.5 0.766442 0.629947 0.461622 1.70054 -164.967 1.35816 
1 2.505 0.75593 0.616781 0.448466 1.8104 -163.639 1.39913 
1 2.505 0.758818 0.621132 0.453449 1.80949 -164.101 1.39122 
1 2.51 0.755466 0.617689 0.450678 1.87092 -163.934 1.41174 
1 2.51 0.754214 0.614516 0.446094 1.81981 -163.637 1.36325 
1 2.515 0.749394 0.608244 0.439102 1.85498 -162.571 1.40799 
1 2.515 0.74892 0.60632 0.436321 1.8067 -162.61 1.37722 
1 2.52 0.739806 0.595973 0.42587 1.93097 -161.071 1.42526 
1 2.52 0.752064 0.609917 0.438778 1.75861 -162.811 1.32151 
1 2.525 0.739368 0.594664 0.423099 1.90097 -161.193 1.33747 
1 2.525 0.748772 0.606627 0.436215 1.82049 -162.356 1.36071 
1 2.53 0.735784 0.591309 0.42171 1.97356 -160.369 1.44951 
1 2.53 0.73214 0.585217 0.412782 1.9442 -159.59 1.39603 
1 2.535 0.732828 0.585741 0.4135 1.92128 -159.991 1.37529 
1 2.535 0.736736 0.591319 0.419283 1.91476 -160.279 1.37079 
1 2.54 0.728562 0.58154 0.41036 1.99755 -159.321 1.41509 
1 2.54 0.724502 0.575703 0.403442 2 -158.586 1.41061 
1 2.545 0.72323 0.57568 0.404881 2.06751 -158.593 1.43255 
1 2.545 0.729744 0.581854 0.409272 1.93823 -159.122 1.39487 
1 2.55 0.72463 0.575224 0.401767 1.96611 -158.306 1.4078 
1 2.55 0.716854 0.56669 0.39538 2.07101 -157.575 1.46498 
1 2.555 0.713268 0.561769 0.389777 2.07505 -156.942 1.427 
1 2.555 0.712038 0.561531 0.39058 2.13434 -157.018 1.43497 
1 2.56 0.711478 0.55839 0.385482 2.03864 -156.477 1.39379 
1 2.56 0.706684 0.553853 0.381863 2.12697 -156.351 1.40358 
1 2.565 0.710318 0.556632 0.382523 2.03043 -156.271 1.37338 
1 2.565 0.700318 0.547095 0.376105 2.20858 -154.942 1.47584 
1 2.57 0.697624 0.541974 0.369183 2.15154 -154.679 1.42262 
1 2.57 0.701722 0.546862 0.373525 2.11861 -155.022 1.43021 
1 2.575 0.69449 0.538528 0.365655 2.18297 -154.076 1.42603 
1 2.575 0.696012 0.539394 0.365571 2.13442 -154.056 1.42266 
1 2.58 0.696764 0.541235 0.368255 2.16104 -154.231 1.43007 
1 2.58 0.697034 0.541402 0.368664 2.15292 -154.419 1.43389 
1 2.585 0.68433 0.525689 0.351763 2.21979 -152.48 1.4073 
1 2.585 0.686826 0.528716 0.355523 2.20449 -153.047 1.4147 
1 2.59 0.685552 0.527636 0.354616 2.22604 -152.972 1.41173 
1 2.59 0.681582 0.521322 0.34711 2.1918 -151.987 1.3979 
1 2.595 0.677144 0.51694 0.344091 2.25111 -151.343 1.43235 
1 2.595 0.681288 0.52103 0.3468 2.19176 -151.622 1.4116 
1 2.6 0.671538 0.509705 0.335582 2.25931 -150.35 1.3841 
1 2.6 0.67184 0.510537 0.337098 2.27569 -150.422 1.43323 
1 2.605 0.673236 0.51185 0.338363 2.24964 -150.669 1.41903 
1 2.605 0.668018 0.50559 0.332187 2.27799 -149.944 1.41577 
1 2.61 0.66539 0.502161 0.328278 2.27651 -149.67 1.38322 
1 2.61 0.66542 0.503081 0.329575 2.31023 -149.693 1.38296 
1 2.615 0.663212 0.499532 0.325677 2.28229 -149.275 1.37122 
1 2.615 0.65232 0.487685 0.315976 2.37719 -147.702 1.45295 
1 2.62 0.656796 0.491878 0.318521 2.30906 -148.274 1.37902 
1 2.62 0.665708 0.501419 0.326367 2.22334 -149.38 1.35042 
1 2.625 0.645828 0.479315 0.306817 2.37034 -146.687 1.38815 
1 2.625 0.645554 0.480536 0.30973 2.43033 -147.281 1.40783 
1 2.63 0.641614 0.475397 0.303703 2.42315 -146.503 1.40811 
1 2.63 0.646026 0.478892 0.305815 2.34001 -146.628 1.38819 
1 2.635 0.641222 0.47413 0.302054 2.38953 -145.631 1.43445 
1 2.635 0.64094 0.47362 0.301858 2.38389 -146.233 1.40397 
1 2.64 0.6287 0.460217 0.289642 2.46036 -144.358 1.41178 
1 2.64 0.634272 0.466301 0.295338 2.42426 -145.242 1.40808 
1 2.645 0.627892 0.458019 0.286544 2.411 -143.922 1.39607 
1 2.645 0.63419 0.463805 0.290795 2.32921 -144.743 1.36289 
1 2.65 0.62021 0.450639 0.282051 2.48974 -143.084 1.4266 
1 2.65 0.625316 0.455356 0.284504 2.42778 -143.365 1.41851 
1 2.655 0.624858 0.454698 0.283832 2.41998 -143.539 1.35735 
1 2.655 0.61595 0.44486 0.274716 2.46576 -142.349 1.37618 
1 2.66 0.613242 0.440974 0.27095 2.44015 -141.799 1.38654 
1 2.66 0.613894 0.442777 0.272961 2.47785 -142.197 1.37778 
1 2.665 0.612442 0.440627 0.270971 2.45937 -141.764 1.36808 
1 2.665 0.609612 0.437049 0.267404 2.45487 -141.624 1.34044 
1 2.67 0.609194 0.436727 0.267279 2.45728 -141.12 1.35031 
1 2.67 0.612802 0.441705 0.272375 2.47859 -141.844 1.37698 
1 2.675 0.596892 0.421477 0.253084 2.43726 -139.397 1.34164 
1 2.675 0.599776 0.426164 0.258275 2.48346 -139.68 1.38541 
1 2.68 0.594356 0.420606 0.253162 2.51296 -139.391 1.33862 
1 2.68 0.600368 0.425563 0.256533 2.42989 -140.013 1.34132 
1 2.685 0.59387 0.418884 0.250759 2.46564 -138.776 1.35545 
1 2.685 0.583462 0.408393 0.242659 2.5313 -137.649 1.36925 
1 2.69 0.584834 0.410329 0.244742 2.53898 -138.116 1.33847 
1 2.69 0.585746 0.410771 0.244306 2.51571 -137.964 1.33048 
1 2.695 0.585332 0.410989 0.245021 2.53711 -138.073 1.34762 
1 2.695 0.588652 0.412033 0.24361 2.43124 -138.053 1.3072 
1 2.7 0.572738 0.396558 0.232341 2.5381 -136.114 1.34574 
1 2.7 0.581688 0.405212 0.238974 2.47596 -137.419 1.29805 
1 2.705 0.574632 0.398239 0.233478 2.51522 -136.904 1.28877 
1 2.705 0.571482 0.394068 0.229369 2.49451 -135.802 1.31695 
1 2.71 0.568798 0.390874 0.226158 2.48498 -135.093 1.31056 
1 2.71 0.567502 0.390164 0.226467 2.5131 -135.607 1.32482 
1 2.715 0.561098 0.3816 0.217825 2.45926 -134.308 1.27222 
1 2.715 0.559738 0.38111 0.217818 2.49735 -134.487 1.25017 
1 2.72 0.558416 0.379869 0.217056 2.5015 -134.06 1.28938 
1 2.72 0.56202 0.383074 0.219443 2.47086 -134.604 1.27033 
1 2.725 0.552824 0.373688 0.212388 2.4981 -133.253 1.305 
1 2.725 0.557826 0.379141 0.216591 2.49435 -134.103 1.27538 
1 2.73 0.54745 0.368435 0.208503 2.5177 -132.945 1.24277 
1 2.73 0.554272 0.375096 0.213085 2.48641 -133.543 1.27138 
1 2.735 0.548068 0.36845 0.207131 2.4889 -132.617 1.23131 
1 2.735 0.546274 0.366452 0.205306 2.48764 -132.225 1.25551 
1 2.74 0.536358 0.356708 0.197911 2.51926 -131.056 1.23607 
1 2.74 0.540778 0.360597 0.200694 2.48746 -131.499 1.25157 
1 2.745 0.540564 0.359739 0.199644 2.4601 -131.428 1.22719 
1 2.745 0.539464 0.36006 0.20096 2.51507 -131.394 1.24749 
1 2.75 0.539418 0.358299 0.198295 2.44827 -131.313 1.22872 
1 2.75 0.530834 0.350577 0.19301 2.50153 -130.39 1.2327 
1 2.755 0.533592 0.352283 0.192882 2.45238 -130.431 1.18758 
1 2.755 0.525852 0.344555 0.187257 2.46949 -129.691 1.20678 
1 2.76 0.521324 0.339583 0.183424 2.45668 -128.9 1.18417 
1 2.76 0.522888 0.342235 0.186003 2.4936 -129.32 1.20875 
1 2.765 0.521004 0.339127 0.182473 2.4478 -128.741 1.18402 
1 2.765 0.522774 0.339966 0.182545 2.41134 -128.858 1.17239 
1 2.77 0.517034 0.335294 0.180648 2.4538 -128.244 1.19942 
1 2.77 0.52276 0.341507 0.185133 2.46314 -128.709 1.21391 
1 2.775 0.510816 0.328391 0.174133 2.43092 -127.207 1.16163 
1 2.775 0.518088 0.335956 0.180057 2.4339 -128.173 1.18106 
1 2.78 0.510442 0.328267 0.174202 2.43582 -127.381 1.16268 
1 2.78 0.50413 0.322946 0.170771 2.47477 -126.849 1.15342 
1 2.785 0.505538 0.322862 0.170038 2.41628 -126.263 1.17305 
1 2.785 0.506172 0.322905 0.169161 2.39478 -126.503 1.15113 
1 2.79 0.498946 0.315623 0.163776 2.38981 -125.458 1.13761 
1 2.79 0.503266 0.320509 0.168476 2.40975 -126.391 1.13614 
1 2.795 0.498458 0.315779 0.16377 2.40855 -125.5 1.11538 
1 2.795 0.498416 0.314602 0.162545 2.36792 -125.586 1.11024 
1 2.8 0.494426 0.312748 0.16259 2.43896 -125.239 1.14034 
1 2.8 0.490672 0.306977 0.156749 2.36493 -124.246 1.12217 
1 2.805 0.491954 0.30905 0.158973 2.38972 -124.233 1.12535 
1 2.805 0.488088 0.30463 0.154771 2.36719 -124.007 1.0853 
1 2.81 0.484968 0.302127 0.153714 2.38195 -123.57 1.11197 
1 2.81 0.48741 0.304098 0.155145 2.36758 -123.798 1.11709 
1 2.815 0.480512 0.297563 0.150281 2.36841 -123.268 1.07434 
1 2.815 0.48264 0.299213 0.151164 2.35422 -123.422 1.08001 
1 2.82 0.479128 0.296152 0.149032 2.3613 -122.792 1.08638 
1 2.82 0.48132 0.296876 0.148427 2.3123 -122.472 1.08434 
1 2.825 0.474684 0.291272 0.144776 2.33441 -122.116 1.04716 
1 2.825 0.47036 0.286276 0.141468 2.30223 -121.897 1.0582 
1 2.83 0.47247 0.288949 0.143571 2.32232 -121.657 1.07996 
1 2.83 0.466712 0.28328 0.139147 2.31308 -120.75 1.05618 
1 2.835 0.46623 0.283125 0.13944 2.3194 -120.92 1.0527 
1 2.835 0.470682 0.286551 0.141175 2.29309 -121.647 1.03614 
1 2.84 0.46258 0.278826 0.135435 2.2833 -120.187 1.03407 
1 2.84 0.462076 0.278523 0.135425 2.28904 -120.257 1.03325 
1 2.845 0.463098 0.279623 0.136176 2.29045 -120.393 1.02705 
1 2.845 0.458172 0.275106 0.133344 2.29119 -119.802 1.03701 
1 2.85 0.454088 0.269643 0.128449 2.22622 -119.184 1.00376 
1 2.85 0.459036 0.27554 0.133128 2.27459 -119.749 1.01256 
1 2.855 0.453032 0.269264 0.128529 2.24259 -118.712 1.01486 
1 2.855 0.457272 0.273121 0.130858 2.2425 -119.183 1.00657 
1 2.86 0.446288 0.263686 0.125255 2.25569 -118.118 1.00714 
1 2.86 0.451168 0.266263 0.125389 2.19267 -118.536 0.988714 
1 2.865 0.448448 0.264514 0.124435 2.21322 -118.186 0.985678 
1 2.865 0.445102 0.261728 0.123409 2.22032 -117.581 0.996087 
1 2.87 0.443452 0.260386 0.12236 2.22077 -117.997 0.988347 
1 2.87 0.445344 0.261454 0.122553 2.19938 -117.787 0.983651 
1 2.875 0.442316 0.257671 0.118954 2.15748 -117.214 0.93935 
1 2.875 0.435132 0.252378 0.116791 2.19264 -116.371 0.963355 
1 2.88 0.435758 0.252403 0.116832 2.17075 -116.205 0.977382 
1 2.88 0.431148 0.249099 0.115207 2.19481 -116.392 0.95458 
1 2.885 0.425882 0.242743 0.109733 2.12711 -115.142 0.929372 
1 2.885 0.429674 0.246934 0.112633 2.15994 -115.97 0.932879 
1 2.89 0.424442 0.241992 0.109315 2.13981 -115.02 0.93982 
1 2.89 0.4308 0.247212 0.112855 2.13229 -115.367 0.961778 
1 2.895 0.42084 0.238425 0.107345 2.1181 -114.2 0.944197 
1 2.895 0.421904 0.240071 0.107683 2.14396 -114.67 0.915904 
1 2.9 0.417864 0.234374 0.103189 2.06083 -114.046 0.902171 
1 2.9 0.423256 0.239564 0.106627 2.08339 -114.799 0.897034 
1 2.905 0.42414 0.241558 0.108546 2.12264 -114.81 0.929862 
1 2.905 0.416984 0.234528 0.103279 2.08785 -113.824 0.889844 
1 2.91 0.414306 0.231065 0.100918 2.04177 -113.499 0.887127 
1 2.91 0.417504 0.235358 0.10467 2.09787 -113.597 0.923349 
1 2.915 0.407466 0.224711 0.0972329 2.01313 -112.547 0.883993 
1 2.915 0.41265 0.229625 0.0995389 2.03584 -113.103 0.871889 
1 2.92 0.407578 0.225882 0.0974162 2.04664 -112.608 0.865305 
1 2.92 0.40941 0.226701 0.0981093 2.02344 -112.857 0.851863 
1 2.925 0.405482 0.22333 0.0957425 2.01415 -112.266 0.865293 
1 2.925 0.409058 0.22795 0.100164 2.07252 -112.541 0.913803 
1 2.93 0.400742 0.21821 0.0920769 1.96642 -111.434 0.828701 
1 2.93 0.402458 0.221249 0.0948379 2.02309 -111.763 0.874728 
1 2.935 0.408564 0.22605 0.0979392 2.0145 -112.229 0.867278 
1 2.935 0.40087 0.218697 0.0928552 1.97616 -111.296 0.851203 
1 2.94 0.40296 0.220016 0.0929428 1.96051 -110.941 0.842314 
1 2.94 0.397886 0.214946 0.0890949 1.92627 -110.636 0.826981 
1 2.945 0.395778 0.214158 0.0894595 1.95306 -110.373 0.836248 
1 2.945 0.393418 0.212528 0.0892813 1.96095 -110.51 0.836247 
1 2.95 0.394962 0.213905 0.0893359 1.96306 -110.761 0.83194 
1 2.95 0.392532 0.21126 0.0878035 1.93825 -110.081 0.81605 
1 2.955 0.395372 0.213705 0.0896303 1.94199 -110.203 0.834508 
1 2.955 0.389378 0.20846 0.0861427 1.92369 -109.674 0.808783 
1 2.96 0.38892 0.207334 0.084662 1.89445 -109.193 0.807012 
1 2.96 0.387972 0.206867 0.0845454 1.90353 -109.152 0.807438 
1 2.965 0.385024 0.204995 0.0843387 1.91406 -108.924 0.817907 
1 2.965 0.385818 0.204991 0.0837362 1.89326 -108.763 0.806747 
1 2.97 0.3862 0.205067 0.0833195 1.88273 -108.841 0.792076 
1 2.97 0.385512 0.20424 0.0829135 1.87275 -108.736 0.79279 
1 2.975 0.381474 0.20095 0.0808831 1.86312 -108.382 0.788291 
1 2.975 0.38642 0.204802 0.0828531 1.86493 -108.704 0.787611 
1 2.98 0.377468 0.197651 0.0792922 1.85132 -108.126 0.777902 
1 2.98 0.381766 0.201226 0.0818794 1.86178 -108.49 0.799856 
1 2.985 0.375574 0.196523 0.0782533 1.85821 -107.403 0.767189 
1 2.985 0.376316 0.196229 0.0780796 1.82966 -107.318 0.783438 
1 2.99 0.37095 0.192804 0.0765656 1.84615 -107.076 0.774808 
1 2.99 0.375406 0.194682 0.0765961 1.79774 -107.191 0.771312 
1 2.995 0.368882 0.189627 0.073632 1.7881 -106.372 0.742354 
1 2.995 0.368356 0.189509 0.0743441 1.7971 -106.342 0.773475 
1 3 0.366982 0.188243 0.0730972 1.78557 -105.717 0.755954 
1 3 0.372264 0.192605 0.0757617 1.80081 -106.67 0.774483 
1 3.005 0.36657 0.186759 0.071766 1.74329 -105.738 0.761708 
1 3.005 0.365186 0.187366 0.0726275 1.79719 -105.925 0.735525 
1 3.01 0.35787 0.18065 0.0686631 1.7468 -105.318 0.719938 
1 3.01 0.363718 0.1851 0.071147 1.75446 -105.688 0.7346 
1 3.015 0.366836 0.187054 0.0718319 1.7408 -105.665 0.74337 
1 3.015 0.36054 0.182298 0.069321 1.73496 -105.076 0.722406 
1 3.02 0.361566 0.183334 0.070262 1.74187 -104.923 0.739193 
1 3.02 0.361612 0.18266 0.0692292 1.71844 -105.028 0.729012 
1 3.025 0.353794 0.17628 0.0652145 1.68958 -103.953 0.69576 
1 3.025 0.35669 0.17847 0.0665454 1.69397 -104.477 0.694229 
1 3.03 0.35142 0.174049 0.0635097 1.66843 -103.585 0.688643 
1 3.03 0.354904 0.176932 0.0659748 1.68236 -104.122 0.715995 
1 3.035 0.35215 0.175174 0.0651204 1.68582 -103.801 0.701563 
1 3.035 0.349806 0.173738 0.0639504 1.69271 -103.339 0.706295 
1 3.04 0.349814 0.173021 0.0634322 1.66615 -103.502 0.679129 
1 3.04 0.347718 0.171191 0.062828 1.65404 -103.532 0.697686 
1 3.045 0.347614 0.171323 0.0629047 1.65806 -102.973 0.695991 
1 3.045 0.344632 0.169325 0.0618285 1.66021 -102.884 0.691282 
1 3.05 0.344368 0.168583 0.0611441 1.63915 -102.526 0.689098 
1 3.05 0.346196 0.169049 0.0608608 1.61303 -102.682 0.677462 
1 3.055 0.34909 0.17195 0.0627118 1.63949 -103.034 0.684021 
1 3.055 0.343656 0.16742 0.0603852 1.61441 -102.312 0.687998 
1 3.06 0.341502 0.165152 0.0587816 1.58589 -101.779 0.668771 
1 3.06 0.340772 0.165109 0.0590617 1.60075 -101.802 0.679443 
1 3.065 0.340436 0.163904 0.0576346 1.5663 -101.673 0.663257 
1 3.065 0.337106 0.161462 0.0567056 1.56025 -101.31 0.665622 
1 3.07 0.343972 0.16843 0.0614031 1.63235 -102.008 0.6772 
1 3.07 0.336904 0.161948 0.0565748 1.57797 -101.205 0.643723 
1 3.075 0.337262 0.162283 0.0573082 1.57843 -101.218 0.647703 
1 3.075 0.334558 0.159331 0.0550918 1.54154 -100.784 0.655358 
1 3.08 0.33182 0.158003 0.0553018 1.55514 -100.554 0.648493 
1 3.08 0.33406 0.159833 0.0559063 1.56613 -100.904 0.642483 
1 3.085 0.33226 0.157947 0.054862 1.54134 -100.608 0.649386 
1 3.085 0.332038 0.157329 0.0539023 1.52609 -100.257 0.625955 
1 3.09 0.329404 0.154786 0.0525533 1.4977 -99.775 0.634985 
1 3.09 0.334528 0.158193 0.0541418 1.49786 -100.01 0.636592 
1 3.095 0.327934 0.153976 0.0524637 1.50034 -99.4446 0.629916 
1 3.095 0.330998 0.15534 0.0523828 1.47916 -99.8931 0.617014 
1 3.1 0.3205 0.148599 0.0494317 1.47997 -98.9364 0.606611 
1 3.1 0.326636 0.153262 0.0521758 1.50227 -99.7622 0.627556 
1 3.105 0.321164 0.148786 0.0495339 1.46987 -99.0822 0.597618 
1 3.105 0.326452 0.152369 0.050864 1.47499 -99.2066 0.623063 
1 3.11 0.32011 0.148071 0.0492958 1.46627 -98.8834 0.610622 
1 3.11 0.320702 0.148013 0.0487701 1.45219 -98.6279 0.612401 
1 3.115 0.31644 0.144196 0.046635 1.41451 -97.9179 0.600296 
1 3.115 0.322422 0.149501 0.0501594 1.46212 -98.5785 0.627854 
1 3.12 0.319642 0.147179 0.0487704 1.44257 -98.3529 0.614385 
1 3.12 0.31891 0.145591 0.0471059 1.40664 -98.2475 0.5922 
1 3.125 0.318902 0.146577 0.0482709 1.43611 -97.7892 0.601943 
1 3.125 0.319536 0.147093 0.0485573 1.43968 -98.0297 0.614458 
1 3.13 0.316338 0.144246 0.0464089 1.41138 -97.9162 0.594965 
1 3.13 0.31568 0.144142 0.0470886 1.42136 -97.7861 0.602867 
1 3.135 0.315724 0.143547 0.0466005 1.39921 -97.0455 0.583519 
1 3.135 0.314168 0.143246 0.0465423 1.42089 -97.3606 0.573299 
1 3.14 0.314442 0.141965 0.0454564 1.37233 -97.1249 0.595836 
1 3.14 0.313166 0.142075 0.0458772 1.40134 -97.2306 0.589744 
1 3.145 0.315302 0.143466 0.0461527 1.40066 -97.1216 0.578091 
1 3.145 0.309688 0.138999 0.0439709 1.37019 -96.4509 0.559141 
1 3.15 0.30797 0.137187 0.0427497 1.34417 -96.476 0.574473 
1 3.15 0.312466 0.140643 0.0447357 1.36534 -96.8798 0.585857 
1 3.155 0.306336 0.136892 0.0431784 1.36452 -96.215 0.563715 
1 3.155 0.301574 0.133492 0.0415729 1.34851 -95.6802 0.572152 
1 3.16 0.30518 0.135588 0.0423957 1.34346 -95.9417 0.561957 
1 3.16 0.30526 0.135436 0.0420304 1.33711 -95.8194 0.557812 
1 3.165 0.306728 0.136708 0.0428775 1.34679 -95.7155 0.562424 
1 3.165 0.304912 0.13565 0.0424674 1.34846 -95.3119 0.565158 
1 3.17 0.299318 0.130784 0.0398977 1.29946 -95.13 0.55358 
1 3.17 0.30006 0.132159 0.0412493 1.3288 -95.0007 0.556665 
1 3.175 0.302442 0.133389 0.0410591 1.32025 -95.2922 0.549224 
1 3.175 0.30324 0.133118 0.0402832 1.29648 -95.047 0.542491 
1 3.18 0.301316 0.132779 0.0411539 1.32036 -94.6953 0.557078 
1 3.18 0.303352 0.13446 0.0419497 1.33452 -95.3576 0.560082 
1 3.185 0.298014 0.130281 0.0396732 1.302 -94.3923 0.549347 
1 3.185 0.29898 0.130717 0.0399261 1.29758 -94.2817 0.546211 
1 3.19 0.301342 0.132437 0.0407786 1.30502 -94.3968 0.557055 
1 3.19 0.295712 0.128052 0.0384596 1.27293 -94.1453 0.534237 
1 3.195 0.295946 0.128381 0.038346 1.27689 -94.12 0.537108 
1 3.195 0.293136 0.126076 0.0374156 1.25656 -93.9505 0.522116 
1 3.2 0.295384 0.127517 0.0380162 1.2583 -93.5866 0.538813 
1 3.2 0.291762 0.124627 0.0365469 1.23444 -93.0923 0.531467 
1 3.205 0.293546 0.125348 0.036602 1.22244 -93.423 0.529631 
1 3.205 0.29385 0.12647 0.0377291 1.25187 -93.6591 0.525951 
1 3.21 0.293946 0.126182 0.0373301 1.23917 -93.1383 0.534114 
1 3.21 0.29191 0.12559 0.0373127 1.25791 -93.2892 0.52887 
1 3.215 0.289462 0.122769 0.0360242 1.21246 -92.5176 0.530633 
1 3.215 0.290428 0.123428 0.0361103 1.21554 -92.8565 0.519991 
1 3.22 0.284902 0.120223 0.0348012 1.21285 -92.4098 0.50637 
1 3.22 0.287578 0.12175 0.0351113 1.21271 -92.5402 0.511749 
1 3.225 0.28656 0.120683 0.034768 1.19586 -92.1064 0.510307 
1 3.225 0.287316 0.121236 0.0349243 1.19955 -92.5958 0.501615 
1 3.23 0.284882 0.118888 0.0336332 1.16813 -92.1146 0.505875 
1 3.23 0.289218 0.122329 0.0353614 1.19758 -92.238 0.517173 
1 3.235 0.283564 0.119297 0.0344194 1.20212 -91.81 0.514974 
1 3.235 0.284094 0.119009 0.0338421 1.18391 -91.6908 0.504478 
1 3.24 0.278492 0.114515 0.0316951 1.14066 -91.2096 0.487781 
1 3.24 0.27655 0.113358 0.0311646 1.13823 -91.0825 0.483485 
1 3.245 0.280496 0.11624 0.0326482 1.15753 -91.1946 0.494902 
1 3.245 0.27914 0.115496 0.0321721 1.158 -91.2918 0.489634 
1 3.25 0.280534 0.116859 0.0331975 1.17413 -90.9934 0.514383 
1 3.25 0.281412 0.116382 0.0324086 1.14429 -91.3763 0.493476 
1 3.255 0.278486 0.114628 0.0317009 1.13896 -90.9782 0.48254 
1 3.255 0.280124 0.115708 0.0319314 1.14403 -90.9947 0.485851 
1 3.26 0.27953 0.114565 0.0311519 1.11742 -90.7718 0.476986 
1 3.26 0.276406 0.113738 0.0317468 1.14532 -91.0819 0.491319 
1 3.265 0.277554 0.112768 0.0304529 1.0944 -90.0182 0.469679 
1 3.265 0.276944 0.113328 0.0307473 1.12191 -90.214 0.474577 
1 3.27 0.277074 0.11252 0.0300456 1.09326 -89.9406 0.467701 
1 3.27 0.27927 0.115104 0.0317801 1.13495 -90.7689 0.476061 
1 3.275 0.273528 0.111182 0.0301205 1.11037 -89.893 0.473051 
1 3.275 0.27593 0.112004 0.0301956 1.09515 -89.9264 0.464977 
1 3.28 0.2725 0.11078 0.0302884 1.11353 -89.4949 0.480425 
1 3.28 0.272324 0.110012 0.0294298 1.09304 -89.6364 0.470188 
1 3.285 0.272776 0.110126 0.0296724 1.08733 -89.4911 0.464083 
1 3.285 0.271636 0.109402 0.0293052 1.08421 -89.4827 0.469122 
1 3.29 0.271308 0.108595 0.0288571 1.06343 -88.8982 0.469315 
1 3.29 0.270466 0.10943 0.0296061 1.10267 -89.091 0.466607 
1 3.295 0.268358 0.106837 0.0279145 1.05679 -88.7587 0.460113 
1 3.295 0.269748 0.108391 0.0288022 1.08124 -89.2182 0.467113 
1 3.3 0.268336 0.106593 0.0277292 1.04814 -88.7093 0.455681 
1 3.3 0.269898 0.107394 0.0276937 1.04694 -88.5382 0.458801 
1 3.305 0.266644 0.105368 0.0273312 1.03687 -87.9961 0.453396 
1 3.305 0.268918 0.107309 0.0281024 1.05875 -88.9902 0.447125 
1 3.31 0.26684 0.106145 0.0278398 1.05562 -88.2695 0.454269 
1 3.31 0.2635 0.104019 0.0268946 1.04493 -88.0304 0.456811 
1 3.315 0.265144 0.1046 0.0269319 1.03466 -88.0991 0.447412 
1 3.315 0.267318 0.105674 0.0270675 1.03213 -88.0718 0.451787 
1 3.32 0.265828 0.104238 0.026588 1.01126 -87.7073 0.449446 
1 3.32 0.260628 0.101665 0.0259098 1.01621 -87.3354 0.441646 
1 3.325 0.260506 0.101366 0.0255892 1.0076 -87.515 0.442872 
1 3.325 0.264198 0.103289 0.0259754 1.00717 -87.2078 0.44133 
1 3.33 0.264464 0.103431 0.0261233 1.00569 -87.4471 0.443004 
1 3.33 0.263554 0.103339 0.0261904 1.01736 -87.6498 0.434881 
1 3.335 0.26361 0.103915 0.0268639 1.03222 -87.3672 0.452839 
1 3.335 0.262046 0.102076 0.0255796 1.00173 -86.9 0.440855 
1 3.34 0.25861 0.099658 0.0246703 0.981402 -86.78 0.432733 
1 3.34 0.26107 0.101428 0.0252712 0.99613 -86.9937 0.431971 
1 3.345 0.258396 0.0988813 0.0242535 0.960024 -86.9547 0.423874 
1 3.345 0.261944 0.102459 0.0260507 1.01179 -86.5705 0.431954 
1 3.35 0.261904 0.101861 0.0255916 0.993057 -86.6639 0.434356 
1 3.35 0.258318 0.0996532 0.0247386 0.982835 -86.394 0.432407 
1 3.355 0.254884 0.0973614 0.024004 0.965589 -86.4802 0.435394 
1 3.355 0.256968 0.0985755 0.0242903 0.969984 -86.1866 0.432386 
1 3.36 0.255752 0.0982046 0.0243576 0.976058 -86.0905 0.426474 
1 3.36 0.256656 0.0984433 0.0240729 0.969374 -86.2442 0.430657 
1 3.365 0.256266 0.0984577 0.0244424 0.974308 -85.9709 0.411696 
1 3.365 0.255788 0.0978815 0.0238375 0.964458 -85.8864 0.423259 
1 3.37 0.257462 0.0988475 0.0245836 0.966196 -85.8844 0.432384 
1 3.37 0.256778 0.0978379 0.0237306 0.946675 -85.5953 0.424497 
1 3.375 0.253678 0.0967446 0.0236465 0.959765 -85.7554 0.421799 
1 3.375 0.249614 0.0932934 0.0219402 0.918111 -85.4027 0.406812 
1 3.38 0.25246 0.0961462 0.0237845 0.958879 -85.4306 0.42994 
1 3.38 0.25499 0.0968492 0.0232058 0.941696 -85.1876 0.409259 
1 3.385 0.250336 0.093957 0.022408 0.924338 -85.2008 0.417815 
1 3.385 0.251534 0.0946308 0.0224136 0.926484 -84.8429 0.413548 
1 3.39 0.247884 0.0926084 0.0217211 0.919231 -84.6546 0.403931 
1 3.39 0.251382 0.0947222 0.0228119 0.930068 -84.7624 0.420522 
1 3.395 0.251592 0.0945058 0.0224402 0.919211 -84.5275 0.413369 
1 3.395 0.24949 0.0938056 0.0223172 0.929611 -84.6138 0.403097 
1 3.4 0.250022 0.0942163 0.0228821 0.932508 -84.454 0.418523 
1 3.4 0.249056 0.0932627 0.0219004 0.918642 -84.4127 0.408418 
1 3.405 0.24848 0.0926863 0.0217933 0.908781 -84.2906 0.401206 
1 3.405 0.248616 0.0926734 0.021602 0.906418 -84.8028 0.402543 
1 3.41 0.248392 0.0926037 0.0219505 0.906308 -84.1258 0.410149 
1 3.41 0.246616 0.0912446 0.0211376 0.892234 -84.0346 0.393775 
1 3.415 0.245476 0.0912504 0.0214561 0.907524 -83.9105 0.396215 
1 3.415 0.246104 0.0910157 0.021035 0.891611 -84.17 0.394104 
1 3.42 0.243356 0.0898355 0.0210662 0.895128 -83.6288 0.407054 
1 3.42 0.24545 0.0901699 0.0204314 0.874976 -83.5929 0.394436 
1 3.425 0.24656 0.0912964 0.0209603 0.890644 -83.4234 0.406082 
1 3.425 0.24293 0.0891001 0.0205813 0.878398 -83.5392 0.3995 
1 3.43 0.244026 0.0895607 0.0205301 0.874985 -83.2932 0.388229 
1 3.43 0.241358 0.0882628 0.0201914 0.874903 -83.231 0.38992 
1 3.435 0.24149 0.0878182 0.0196156 0.858829 -82.6745 0.385134 
1 3.435 0.242022 0.0885885 0.0202768 0.873766 -83.059 0.397171 
1 3.44 0.243296 0.0896449 0.0207396 0.885231 -83.0964 0.38578 
1 3.44 0.241228 0.0877169 0.0199347 0.858312 -82.6564 0.391833 
1 3.445 0.241088 0.0875626 0.019994 0.854549 -82.5573 0.379973 
1 3.445 0.242184 0.0883165 0.0199334 0.861056 -82.8234 0.38155 
1 3.45 0.242128 0.0877829 0.0194852 0.845128 -82.6582 0.38008 
1 3.45 0.241016 0.087342 0.0194095 0.847921 -82.5186 0.382936 
1 3.455 0.238298 0.0857817 0.0190165 0.839241 -81.8671 0.37571 
1 3.455 0.241846 0.0876425 0.019497 0.843793 -82.5913 0.373322 
1 3.46 0.237848 0.085565 0.0188549 0.837959 -82.1128 0.381321 
1 3.46 0.238186 0.0850904 0.0184865 0.819592 -81.9448 0.377816 
1 3.465 0.237186 0.0845395 0.018637 0.816227 -81.6554 0.37958 
1 3.465 0.235312 0.083061 0.0176357 0.799114 -82.2238 0.362523 
1 3.47 0.237488 0.0861582 0.019643 0.857568 -81.831 0.384865 
1 3.47 0.238062 0.0857004 0.0189369 0.836511 -81.8416 0.375451 
1 3.475 0.235914 0.0842779 0.0184682 0.823668 -81.9056 0.369337 
1 3.475 0.233856 0.0827902 0.0178101 0.808677 -81.4044 0.367565 
1 3.48 0.233858 0.0834701 0.0182463 0.827027 -81.3863 0.377955 
1 3.48 0.237074 0.0844642 0.0181368 0.812072 -81.1789 0.372406 
1 3.485 0.234474 0.0830469 0.0178191 0.805419 -81.0298 0.36841 
1 3.485 0.233132 0.0818644 0.0171674 0.789494 -80.973 0.364274 
1 3.49 0.233246 0.0819036 0.017265 0.787962 -80.7857 0.363277 
1 3.49 0.233588 0.0827373 0.0179215 0.807276 -80.7457 0.369307 
1 3.495 0.235456 0.0827686 0.0173249 0.781949 -80.8453 0.358051 
1 3.495 0.233412 0.0827302 0.0178668 0.808271 -80.9139 0.37683 
