size temperature m m^2 m^4 mag_sus
32 0.02 1 1 1 0 
32 0.02 1 1 1 0 
32 0.02 1 1 1 0 
32 0.02 1 1 1 0 
32 0.02 1 1 1 0 
32 0.04 1 1 1 0 
32 0.04 1 1 1 0 
32 0.04 1 1 1 0 
32 0.04 1 1 1 0 
32 0.04 1 1 1 0 
32 0.06 1 1 1 0 
32 0.06 1 1 1 0 
32 0.06 1 1 1 0 
32 0.06 1 1 1 0 
32 0.06 1 1 1 0 
32 0.08 1 1 1 0 
32 0.08 1 1 1 0 
32 0.08 1 1 1 0 
32 0.08 1 1 1 0 
32 0.08 1 1 1 0 
32 0.1 1 1 1 0 
32 0.1 1 1 1 0 
32 0.1 1 1 1 0 
32 0.1 1 1 1 0 
32 0.1 1 1 1 0 
32 0.12 1 1 1 0 
32 0.12 1 1 1 0 
32 0.12 1 1 1 0 
32 0.12 1 1 1 0 
32 0.12 1 1 1 0 
32 0.14 1 1 1 0 
32 0.14 1 1 1 0 
32 0.14 1 1 1 0 
32 0.14 1 1 1 0 
32 0.14 1 1 1 0 
32 0.16 1 1 1 0 
32 0.16 1 1 1 0 
32 0.16 1 1 1 0 
32 0.16 1 1 1 0 
32 0.16 1 1 1 0 
32 0.18 1 1 1 0 
32 0.18 1 1 1 0 
32 0.18 1 1 1 0 
32 0.18 1 1 1 0 
32 0.18 1 1 1 0 
32 0.2 1 1 1 0 
32 0.2 1 1 1 0 
32 0.2 1 1 1 0 
32 0.2 1 1 1 0 
32 0.2 1 1 1 0 
32 0.22 1 1 1 0 
32 0.22 1 1 1 0 
32 0.22 1 1 1 0 
32 0.22 1 1 1 0 
32 0.22 1 1 1 0 
32 0.24 1 1 1 0 
32 0.24 1 1 1 0 
32 0.24 1 1 1 0 
32 0.24 1 1 1 0 
32 0.24 1 1 1 0 
32 0.26 1 1 1 0 
32 0.26 1 1 1 0 
32 0.26 1 1 1 0 
32 0.26 1 1 1 0 
32 0.26 1 1 1 0 
32 0.28 1 1 1 0 
32 0.28 1 1 1 0 
32 0.28 1 1 1 0 
32 0.28 1 1 1 0 
32 0.28 1 1 1 0 
32 0.3 1 1 1 0 
32 0.3 1 1 1 0 
32 0.3 1 1 1 0 
32 0.3 1 1 1 0 
32 0.3 1 1 1 0 
32 0.32 1 1 1 0 
32 0.32 1 1 1 0 
32 0.32 1 1 1 0 
32 0.32 1 1 1 0 
32 0.32 1 1 1 0 
32 0.34 1 1 1 0 
32 0.34 1 1 1 0 
32 0.34 1 1 1 0 
32 0.34 1 1 1 0 
32 0.34 1 1 1 0 
32 0.36 1 1 1 0 
32 0.36 1 1 1 0 
32 0.36 1 1 1 0 
32 0.36 1 1 1 0 
32 0.36 1 1 1 0 
32 0.38 1 1 1 0 
32 0.38 1 1 1 0 
32 0.38 1 1 1 0 
32 0.38 1 1 1 0 
32 0.38 1 1 1 0 
32 0.4 1 1 1 0 
32 0.4 1 1 1 0 
32 0.4 1 1 1 0 
32 0.4 1 1 1 0 
32 0.4 1 1 1 0 
32 0.42 1 1 1 0 
32 0.42 1 1 1 0 
32 0.42 1 1 1 0 
32 0.42 1 1 1 0 
32 0.42 1 1 1 0 
32 0.44 1 1 1 0 
32 0.44 1 1 0.999999 8.87695e-07 
32 0.44 1 1 1 0 
32 0.44 1 1 1 0 
32 0.44 1 1 1 0 
32 0.46 1 1 1 0 
32 0.46 1 1 1 0 
32 0.46 1 1 1 0 
32 0.46 1 1 1 0 
32 0.46 1 1 0.999999 8.491e-07 
32 0.48 1 1 0.999999 8.1372e-07 
32 0.48 1 1 1 0 
32 0.48 1 0.999999 0.999998 1.62728e-06 
32 0.48 1 1 1 0 
32 0.48 1 1 1 0 
32 0.5 1 1 1 0 
32 0.5 1 1 0.999999 7.81172e-07 
32 0.5 0.999999 0.999999 0.999998 2.34305e-06 
32 0.5 1 1 0.999999 7.81172e-07 
32 0.5 1 1 1 0 
32 0.52 1 0.999999 0.999998 1.5021e-06 
32 0.52 0.999999 0.999998 0.999997 3.00361e-06 
32 0.52 0.999999 0.999998 0.999995 4.50451e-06 
32 0.52 1 0.999999 0.999998 1.5021e-06 
32 0.52 1 1 1 0 
32 0.54 0.999999 0.999998 0.999997 2.89236e-06 
32 0.54 0.999999 0.999999 0.999998 2.16949e-06 
32 0.54 1 1 0.999999 7.23307e-07 
32 0.54 0.999999 0.999998 0.999996 3.61509e-06 
32 0.54 0.999999 0.999999 0.999998 2.16949e-06 
32 0.56 1 1 0.999999 6.97475e-07 
32 0.56 0.999999 0.999998 0.999997 2.78906e-06 
32 0.56 0.999999 0.999998 0.999997 2.78906e-06 
32 0.56 0.999999 0.999998 0.999997 2.78906e-06 
32 0.56 0.999998 0.999997 0.999994 5.57589e-06 
32 0.58 0.999998 0.999996 0.999993 6.05597e-06 
32 0.58 0.999999 0.999997 0.999995 4.71114e-06 
32 0.58 0.999998 0.999995 0.999991 8.0722e-06 
32 0.58 0.999998 0.999996 0.999991 7.40026e-06 
32 0.58 0.999998 0.999996 0.999991 7.40026e-06 
32 0.6 0.999998 0.999996 0.999992 6.50391e-06 
32 0.6 0.999996 0.999993 0.999986 1.16977e-05 
32 0.6 0.999997 0.999995 0.99999 8.45254e-06 
32 0.6 0.999995 0.999989 0.999979 1.75307e-05 
32 0.6 0.999998 0.999995 0.999991 7.80312e-06 
32 0.62 0.999996 0.999991 0.999982 1.57177e-05 
32 0.62 0.999996 0.999991 0.999983 1.38304e-05 
32 0.62 0.999996 0.999991 0.999982 1.44576e-05 
32 0.62 0.999995 0.999989 0.999979 1.69652e-05 
32 0.62 0.999995 0.99999 0.99998 1.63385e-05 
32 0.64 0.999993 0.999985 0.99997 2.31052e-05 
32 0.64 0.999995 0.999989 0.999979 1.6435e-05 
32 0.64 0.999993 0.999986 0.999973 2.12875e-05 
32 0.64 0.999992 0.999984 0.999967 2.55271e-05 
32 0.64 0.99999 0.99998 0.999961 3.15857e-05 
32 0.66 0.999989 0.999979 0.999957 3.2373e-05 
32 0.66 0.999987 0.999973 0.999947 3.99725e-05 
32 0.66 0.999991 0.999982 0.999963 2.76865e-05 
32 0.66 0.99999 0.99998 0.99996 3.00307e-05 
32 0.66 0.999986 0.999972 0.999943 4.28901e-05 
32 0.68 0.999983 0.999966 0.999933 4.89777e-05 
32 0.68 0.999983 0.999967 0.999934 4.9562e-05 
32 0.68 0.999987 0.999974 0.999948 3.82302e-05 
32 0.68 0.999985 0.99997 0.99994 4.50408e-05 
32 0.68 0.999983 0.999965 0.999931 5.29687e-05 
32 0.7 0.99998 0.999961 0.999921 5.69084e-05 
32 0.7 0.999975 0.999951 0.999902 7.16587e-05 
32 0.7 0.99998 0.99996 0.999921 5.85712e-05 
32 0.7 0.999977 0.999955 0.99991 6.62134e-05 
32 0.7 0.999973 0.999946 0.999893 7.81783e-05 
32 0.72 0.999973 0.999947 0.999893 7.65642e-05 
32 0.72 0.999973 0.999946 0.999892 7.76193e-05 
32 0.72 0.999964 0.999929 0.999858 9.80293e-05 
32 0.72 0.999974 0.999948 0.999896 7.33676e-05 
32 0.72 0.999966 0.999933 0.999866 9.60512e-05 
32 0.74 0.999962 0.999925 0.99985 0.00010308 
32 0.74 0.99996 0.99992 0.99984 0.000114947 
32 0.74 0.999956 0.999912 0.999824 0.000118714 
32 0.74 0.999964 0.999929 0.999857 9.79999e-05 
32 0.74 0.999957 0.999914 0.999829 0.000116744 
32 0.76 0.999946 0.999892 0.999784 0.000145625 
32 0.76 0.999942 0.999885 0.99977 0.000157431 
32 0.76 0.99995 0.999899 0.999799 0.000130214 
32 0.76 0.999948 0.999896 0.999792 0.000139736 
32 0.76 0.999953 0.999906 0.999813 0.000124507 
32 0.78 0.999933 0.999867 0.999734 0.000174966 
32 0.78 0.999927 0.999854 0.999708 0.000191776 
32 0.78 0.999924 0.999849 0.999699 0.000193321 
32 0.78 0.999935 0.99987 0.99974 0.000167691 
32 0.78 0.999925 0.999851 0.999702 0.000193013 
32 0.8 0.999911 0.999823 0.999646 0.000228217 
32 0.8 0.99991 0.99982 0.99964 0.000235672 
32 0.8 0.99991 0.999821 0.999643 0.000227506 
32 0.8 0.9999 0.9998 0.9996 0.000252287 
32 0.8 0.999907 0.999813 0.999628 0.000235914 
32 0.82 0.999889 0.999779 0.999558 0.000270985 
32 0.82 0.999883 0.999766 0.999533 0.00029154 
32 0.82 0.999886 0.999773 0.999547 0.000288742 
32 0.82 0.999882 0.999764 0.999528 0.000290242 
32 0.82 0.999879 0.999759 0.999519 0.000300975 
32 0.84 0.999845 0.99969 0.999381 0.00038216 
32 0.84 0.999843 0.999685 0.999372 0.000385527 
32 0.84 0.999842 0.999685 0.999372 0.000396147 
32 0.84 0.999841 0.999682 0.999365 0.000400583 
32 0.84 0.999844 0.999689 0.999379 0.000380152 
32 0.86 0.999812 0.999624 0.999249 0.00045561 
32 0.86 0.999813 0.999627 0.999256 0.000450489 
32 0.86 0.999798 0.999597 0.999196 0.000492501 
32 0.86 0.999805 0.99961 0.999222 0.000480196 
32 0.86 0.999807 0.999614 0.999231 0.000468017 
32 0.88 0.999764 0.999528 0.999058 0.000559122 
32 0.88 0.999765 0.99953 0.999062 0.000570755 
32 0.88 0.99976 0.999521 0.999045 0.000564829 
32 0.88 0.999759 0.999519 0.999041 0.000564727 
32 0.88 0.999761 0.999522 0.999047 0.000563824 
32 0.9 0.999709 0.999419 0.998841 0.00069674 
32 0.9 0.999716 0.999433 0.998868 0.000639144 
32 0.9 0.999705 0.99941 0.998823 0.000676817 
32 0.9 0.999713 0.999426 0.998855 0.000663462 
32 0.9 0.999707 0.999414 0.998831 0.000684201 
32 0.92 0.999643 0.999286 0.998576 0.000815419 
32 0.92 0.999643 0.999286 0.998575 0.000816538 
32 0.92 0.999663 0.999327 0.998657 0.000779313 
32 0.92 0.999644 0.999288 0.998579 0.000820286 
32 0.92 0.999661 0.999322 0.998647 0.000771882 
32 0.94 0.999575 0.999152 0.998308 0.000958017 
32 0.94 0.99956 0.99912 0.998245 0.00102664 
32 0.94 0.999577 0.999155 0.998314 0.000987122 
32 0.94 0.999554 0.99911 0.998224 0.00101864 
32 0.94 0.999579 0.99916 0.998324 0.000958053 
32 0.96 0.999506 0.999013 0.99803 0.00110368 
32 0.96 0.999478 0.998956 0.997918 0.00113421 
32 0.96 0.99947 0.998941 0.997888 0.0011578 
32 0.96 0.999475 0.998951 0.997907 0.0011336 
32 0.96 0.999491 0.998983 0.997971 0.00113906 
32 0.98 0.999393 0.998787 0.997581 0.00131553 
32 0.98 0.999384 0.99877 0.997546 0.00137724 
32 0.98 0.999389 0.998779 0.997565 0.00133941 
32 0.98 0.999373 0.998747 0.997502 0.00138152 
32 0.98 0.999391 0.998784 0.997575 0.00138609 
32 1 0.999281 0.998565 0.997138 0.00155918 
32 1 0.999263 0.998528 0.997065 0.00161541 
32 1 0.999307 0.998617 0.997242 0.00154085 
32 1 0.999268 0.998538 0.997085 0.00159258 
32 1 0.999285 0.998572 0.997151 0.00155038 
32 1.02 0.99913 0.998262 0.996535 0.00188818 
32 1.02 0.999158 0.998318 0.996647 0.00176644 
32 1.02 0.999158 0.998319 0.996648 0.00176715 
32 1.02 0.999143 0.998288 0.996587 0.00180551 
32 1.02 0.999146 0.998295 0.9966 0.0018193 
32 1.04 0.998997 0.997998 0.996009 0.00209519 
32 1.04 0.998995 0.997993 0.995998 0.00209731 
32 1.04 0.99902 0.998043 0.996098 0.00202823 
32 1.04 0.998995 0.997993 0.996 0.00215967 
32 1.04 0.998985 0.997972 0.995957 0.00213718 
32 1.06 0.998827 0.997657 0.99533 0.00246182 
32 1.06 0.998831 0.997665 0.995346 0.00241177 
32 1.06 0.998831 0.997665 0.995346 0.0024302 
32 1.06 0.998841 0.997687 0.995389 0.00245399 
32 1.06 0.998822 0.997648 0.995311 0.00245191 
32 1.08 0.998677 0.997359 0.994737 0.00278863 
32 1.08 0.998662 0.997328 0.994675 0.00281852 
32 1.08 0.998666 0.997337 0.994693 0.00283026 
32 1.08 0.998648 0.9973 0.994619 0.00279724 
32 1.08 0.998631 0.997267 0.994553 0.00283579 
32 1.1 0.998473 0.996952 0.993927 0.00319334 
32 1.1 0.998446 0.996898 0.993819 0.00318331 
32 1.1 0.998426 0.996858 0.993739 0.00318617 
32 1.1 0.99843 0.996867 0.993757 0.00324157 
32 1.1 0.998444 0.996894 0.993811 0.00315493 
32 1.12 0.998225 0.996457 0.992943 0.00355875 
32 1.12 0.998198 0.996403 0.992836 0.00379468 
32 1.12 0.998197 0.996402 0.992832 0.00362608 
32 1.12 0.998222 0.996452 0.992932 0.00358405 
32 1.12 0.998223 0.996453 0.992934 0.00362996 
32 1.14 0.997946 0.995901 0.991837 0.00415686 
32 1.14 0.997954 0.995916 0.991867 0.00417666 
32 1.14 0.997938 0.995885 0.991805 0.00413513 
32 1.14 0.997882 0.995773 0.991582 0.00417338 
32 1.14 0.997964 0.995936 0.991908 0.00412039 
32 1.16 0.997695 0.995401 0.990843 0.00460959 
32 1.16 0.997643 0.995297 0.990637 0.0045938 
32 1.16 0.997683 0.995377 0.990796 0.00464774 
32 1.16 0.997668 0.995346 0.990735 0.00470193 
32 1.16 0.997684 0.995379 0.990801 0.00471988 
32 1.18 0.997376 0.994765 0.989582 0.00532732 
32 1.18 0.997376 0.994764 0.989581 0.0054329 
32 1.18 0.997386 0.994785 0.989622 0.00518148 
32 1.18 0.997391 0.994794 0.98964 0.00523925 
32 1.18 0.997368 0.994748 0.989548 0.00527289 
32 1.2 0.996993 0.994003 0.988068 0.00583609 
32 1.2 0.997037 0.99409 0.988242 0.00581612 
32 1.2 0.996979 0.993974 0.988013 0.00598899 
32 1.2 0.997008 0.994031 0.988126 0.00595693 
32 1.2 0.99701 0.994036 0.988137 0.00621499 
32 1.22 0.99663 0.993279 0.986633 0.00657692 
32 1.22 0.99667 0.993359 0.986793 0.00668204 
32 1.22 0.996675 0.993368 0.986811 0.00659501 
32 1.22 0.996613 0.993245 0.986568 0.00656121 
32 1.22 0.996651 0.993321 0.986719 0.00665903 
32 1.24 0.996236 0.992495 0.985081 0.0073113 
32 1.24 0.996245 0.992513 0.985117 0.00741749 
32 1.24 0.996247 0.992516 0.985124 0.00737326 
32 1.24 0.996196 0.992416 0.984924 0.00740692 
32 1.24 0.996189 0.992402 0.984896 0.00728361 
32 1.26 0.995795 0.991618 0.983346 0.0082372 
32 1.26 0.995797 0.991622 0.983355 0.00841982 
32 1.26 0.995794 0.991617 0.983344 0.00831535 
32 1.26 0.995751 0.99153 0.983172 0.00835865 
32 1.26 0.995775 0.991578 0.983267 0.00816127 
32 1.28 0.995328 0.990689 0.98151 0.0092138 
32 1.28 0.995277 0.990587 0.98131 0.00952253 
32 1.28 0.995247 0.990529 0.981194 0.00945485 
32 1.28 0.995287 0.990607 0.981349 0.00931539 
32 1.28 0.995293 0.990619 0.981371 0.00914531 
32 1.3 0.994801 0.989642 0.979442 0.0102133 
32 1.3 0.994741 0.989523 0.979207 0.0101645 
32 1.3 0.994762 0.989564 0.979288 0.0100876 
32 1.3 0.994692 0.989426 0.979016 0.0103296 
32 1.3 0.994771 0.989582 0.979323 0.0102137 
32 1.32 0.994186 0.988421 0.977034 0.0113407 
32 1.32 0.994172 0.988393 0.976979 0.0113395 
32 1.32 0.994155 0.98836 0.976912 0.0112374 
32 1.32 0.994189 0.988426 0.977043 0.0113157 
32 1.32 0.994249 0.988545 0.977277 0.0109994 
32 1.34 0.993593 0.987244 0.974712 0.0120688 
32 1.34 0.99367 0.987396 0.975013 0.0122125 
32 1.34 0.993473 0.987006 0.974247 0.0128817 
32 1.34 0.993556 0.987169 0.974566 0.0122849 
32 1.34 0.993597 0.987252 0.974732 0.0125209 
32 1.36 0.992946 0.98596 0.972189 0.0137114 
32 1.36 0.992908 0.985886 0.972043 0.0138846 
32 1.36 0.99286 0.985789 0.97185 0.0136182 
32 1.36 0.992904 0.985876 0.972024 0.013695 
32 1.36 0.992889 0.985847 0.971966 0.0136391 
32 1.38 0.992209 0.984499 0.969317 0.0150764 
32 1.38 0.992162 0.984405 0.969132 0.0150604 
32 1.38 0.992182 0.984445 0.969212 0.0149632 
32 1.38 0.992202 0.984486 0.969292 0.0151586 
32 1.38 0.992125 0.984332 0.96899 0.0152965 
32 1.4 0.991359 0.982816 0.966018 0.0168165 
32 1.4 0.991369 0.982834 0.96605 0.0163752 
32 1.4 0.991395 0.982888 0.966158 0.0168211 
32 1.4 0.991337 0.982772 0.965934 0.0173897 
32 1.4 0.991398 0.982893 0.966168 0.0164737 
32 1.42 0.990524 0.981164 0.962783 0.0186034 
32 1.42 0.990459 0.981035 0.962533 0.0191308 
32 1.42 0.990535 0.981186 0.962825 0.0183967 
32 1.42 0.990575 0.981264 0.962978 0.0183135 
32 1.42 0.99055 0.981215 0.962883 0.0184851 
32 1.44 0.9897 0.979534 0.959599 0.0204759 
32 1.44 0.989605 0.979346 0.959227 0.0198221 
32 1.44 0.989654 0.979445 0.959424 0.0203921 
32 1.44 0.98959 0.979317 0.959175 0.0206632 
32 1.44 0.989676 0.979487 0.959504 0.0198743 
32 1.46 0.988693 0.977546 0.955721 0.0225668 
32 1.46 0.98871 0.977579 0.955787 0.0226859 
32 1.46 0.988655 0.97747 0.955571 0.0222065 
32 1.46 0.988812 0.97778 0.956177 0.0222378 
32 1.46 0.988677 0.977515 0.955663 0.0227667 
32 1.48 0.987521 0.975234 0.951221 0.0249412 
32 1.48 0.987729 0.975643 0.952014 0.0241874 
32 1.48 0.987614 0.975418 0.951578 0.0246766 
32 1.48 0.987608 0.975404 0.95155 0.0243622 
32 1.48 0.987746 0.975677 0.952084 0.0247499 
32 1.5 0.986523 0.973268 0.947404 0.0270482 
32 1.5 0.986465 0.973153 0.947181 0.027095 
32 1.5 0.986535 0.973291 0.947446 0.0266173 
32 1.5 0.986452 0.973128 0.94713 0.0269046 
32 1.5 0.986632 0.97348 0.947811 0.0258857 
32 1.51 0.985971 0.97218 0.945293 0.0279627 
32 1.51 0.985924 0.972087 0.945113 0.0281017 
32 1.51 0.985974 0.972186 0.945306 0.0282097 
32 1.51 0.98591 0.97206 0.94506 0.0279682 
32 1.51 0.985977 0.972192 0.945315 0.0278199 
32 1.52 0.985436 0.971128 0.94326 0.0296349 
32 1.52 0.985486 0.971225 0.943448 0.0294292 
32 1.52 0.985244 0.970752 0.942533 0.0304569 
32 1.52 0.985246 0.970754 0.942536 0.0300948 
32 1.52 0.985301 0.970862 0.942742 0.0293959 
32 1.53 0.984714 0.969708 0.940512 0.0309611 
32 1.53 0.984692 0.969664 0.940422 0.0302598 
32 1.53 0.984644 0.969572 0.940252 0.0317292 
32 1.53 0.984648 0.969578 0.940261 0.0311113 
32 1.53 0.984733 0.969745 0.940583 0.0308916 
32 1.54 0.984092 0.968484 0.938148 0.0320623 
32 1.54 0.983929 0.968166 0.937536 0.0327885 
32 1.54 0.984027 0.968357 0.937906 0.0327008 
32 1.54 0.984083 0.968467 0.938113 0.0317886 
32 1.54 0.983958 0.968222 0.937643 0.0326903 
32 1.55 0.98333 0.966992 0.935283 0.0360911 
32 1.55 0.983449 0.967224 0.935724 0.0346934 
32 1.55 0.983418 0.967162 0.935599 0.0339433 
32 1.55 0.98331 0.96695 0.935193 0.0343627 
32 1.55 0.983278 0.966886 0.935068 0.0341486 
32 1.56 0.982655 0.965666 0.93272 0.0356648 
32 1.56 0.982739 0.965831 0.933037 0.0355912 
32 1.56 0.982784 0.965919 0.933204 0.0350905 
32 1.56 0.982682 0.965718 0.932816 0.0350744 
32 1.56 0.982688 0.96573 0.932844 0.0358134 
32 1.57 0.981905 0.964195 0.929894 0.0377379 
32 1.57 0.981888 0.964161 0.929829 0.0377471 
32 1.57 0.98193 0.964246 0.929993 0.0379476 
32 1.57 0.981811 0.964011 0.929539 0.0377456 
32 1.57 0.981957 0.964297 0.930092 0.0379007 
32 1.58 0.981163 0.962741 0.927099 0.0387123 
32 1.58 0.981193 0.9628 0.927213 0.038742 
32 1.58 0.981147 0.962709 0.927041 0.0391807 
32 1.58 0.981066 0.962552 0.926741 0.0396843 
32 1.58 0.98111 0.962639 0.926909 0.0397696 
32 1.59 0.980422 0.961291 0.924321 0.0406961 
32 1.59 0.980513 0.961469 0.924662 0.0403793 
32 1.59 0.980341 0.961132 0.924021 0.041335 
32 1.59 0.980416 0.96128 0.924305 0.0414619 
32 1.59 0.98031 0.961073 0.923912 0.0421217 
32 1.6 0.97963 0.959742 0.921359 0.0426631 
32 1.6 0.979521 0.95953 0.920956 0.0432807 
32 1.6 0.979589 0.959664 0.921219 0.0442054 
32 1.6 0.979528 0.959542 0.920977 0.0428781 
32 1.6 0.979593 0.95967 0.921222 0.0429173 
32 1.61 0.978908 0.958332 0.918671 0.0451417 
32 1.61 0.978764 0.958051 0.918138 0.0459972 
32 1.61 0.978819 0.958156 0.918328 0.0443567 
32 1.61 0.978763 0.958049 0.918133 0.0459172 
32 1.61 0.978716 0.957957 0.917951 0.045051 
32 1.62 0.977878 0.956321 0.914838 0.0479459 
32 1.62 0.977814 0.956197 0.914608 0.0490819 
32 1.62 0.977839 0.956245 0.914688 0.0472713 
32 1.62 0.977725 0.956022 0.914267 0.048054 
32 1.62 0.977826 0.956219 0.91464 0.0476004 
32 1.63 0.977173 0.954946 0.912219 0.0493268 
32 1.63 0.977083 0.954773 0.911898 0.0508856 
32 1.63 0.976811 0.95424 0.910878 0.0501984 
32 1.63 0.977134 0.95487 0.912073 0.0491139 
32 1.63 0.977186 0.95497 0.912262 0.0485955 
32 1.64 0.976094 0.952843 0.908226 0.052247 
32 1.64 0.976022 0.952705 0.907966 0.0528707 
32 1.64 0.976189 0.953027 0.908569 0.0507777 
32 1.64 0.976194 0.953039 0.908605 0.0529575 
32 1.64 0.976146 0.952945 0.908423 0.0524656 
32 1.65 0.975134 0.950977 0.904703 0.0567775 
32 1.65 0.975086 0.95088 0.904503 0.054201 
32 1.65 0.975272 0.951245 0.905203 0.0550706 
32 1.65 0.975209 0.951121 0.904965 0.0548092 
32 1.65 0.975096 0.950902 0.904558 0.0563943 
32 1.66 0.974202 0.949164 0.901268 0.0582328 
32 1.66 0.974381 0.94951 0.901912 0.0561497 
32 1.66 0.974549 0.949838 0.902542 0.0572038 
32 1.66 0.974224 0.949207 0.901349 0.0582597 
32 1.66 0.97429 0.949334 0.90159 0.0580297 
32 1.67 0.973209 0.947234 0.89762 0.0599261 
32 1.67 0.973137 0.947096 0.897372 0.0621029 
32 1.67 0.973475 0.947748 0.898582 0.0579287 
32 1.67 0.973295 0.947398 0.897923 0.0585405 
32 1.67 0.973204 0.947224 0.897606 0.0607033 
32 1.68 0.972228 0.94533 0.894035 0.0627014 
32 1.68 0.972324 0.945519 0.894398 0.0637484 
32 1.68 0.972504 0.945865 0.895042 0.0618176 
32 1.68 0.972166 0.945211 0.893816 0.0637259 
32 1.68 0.972225 0.945324 0.89402 0.0622172 
32 1.69 0.971317 0.943563 0.890712 0.0647049 
32 1.69 0.971149 0.943239 0.890108 0.0660492 
32 1.69 0.971368 0.943665 0.890911 0.0659471 
32 1.69 0.971159 0.943256 0.890129 0.0642127 
32 1.69 0.971199 0.943338 0.890297 0.0665169 
32 1.7 0.970204 0.941408 0.886668 0.0675134 
32 1.7 0.969862 0.940746 0.885429 0.0688121 
32 1.7 0.97016 0.94132 0.886491 0.0658855 
32 1.7 0.970075 0.941164 0.886231 0.0716991 
32 1.7 0.970176 0.941352 0.886562 0.0673381 
32 1.71 0.968876 0.938844 0.881884 0.073377 
32 1.71 0.968846 0.938787 0.881782 0.0743005 
32 1.71 0.969004 0.939088 0.882331 0.0713756 
32 1.71 0.968938 0.938963 0.882105 0.0729032 
32 1.71 0.968801 0.938697 0.881605 0.0727228 
32 1.72 0.967821 0.936805 0.878077 0.076007 
32 1.72 0.967824 0.936808 0.878075 0.0745783 
32 1.72 0.967733 0.936637 0.877775 0.0778796 
32 1.72 0.967686 0.936545 0.877598 0.0772229 
32 1.72 0.96779 0.936745 0.877959 0.0751474 
32 1.73 0.966532 0.934319 0.87345 0.0798394 
32 1.73 0.966576 0.93441 0.873641 0.082947 
32 1.73 0.966588 0.934428 0.87366 0.0806591 
32 1.73 0.966629 0.9345 0.873772 0.0767435 
32 1.73 0.966527 0.934314 0.873458 0.0824328 
32 1.74 0.965367 0.932079 0.86931 0.0857815 
32 1.74 0.965253 0.931856 0.868883 0.083841 
32 1.74 0.96532 0.931984 0.869119 0.0835935 
32 1.74 0.965278 0.931903 0.868971 0.083952 
32 1.74 0.965237 0.931826 0.868834 0.0850518 
32 1.75 0.96391 0.929274 0.864104 0.088015 
32 1.75 0.964171 0.929775 0.865032 0.0874638 
32 1.75 0.964046 0.929537 0.8646 0.0891411 
32 1.75 0.964186 0.929804 0.865083 0.0869002 
32 1.75 0.963949 0.929351 0.864252 0.0889898 
32 1.76 0.962518 0.926607 0.859205 0.0960522 
32 1.76 0.962317 0.926217 0.858472 0.0943417 
32 1.76 0.96253 0.926624 0.859216 0.0926315 
32 1.76 0.962875 0.927289 0.860457 0.093577 
32 1.76 0.962637 0.926829 0.859593 0.0921319 
32 1.77 0.961289 0.924252 0.854883 0.101405 
32 1.77 0.961184 0.924047 0.854497 0.10033 
32 1.77 0.961348 0.924361 0.855066 0.0984637 
32 1.77 0.961495 0.924636 0.855553 0.0950121 
32 1.77 0.961298 0.924261 0.854869 0.0964598 
32 1.78 0.959846 0.921481 0.849768 0.101163 
32 1.78 0.959902 0.921592 0.849988 0.103547 
32 1.78 0.959988 0.921762 0.850316 0.105919 
32 1.78 0.959556 0.920931 0.848779 0.105111 
32 1.78 0.960051 0.921879 0.850518 0.103672 
32 1.79 0.958427 0.918772 0.844829 0.108187 
32 1.79 0.95827 0.91848 0.844325 0.113675 
32 1.79 0.958254 0.918436 0.8442 0.106384 
32 1.79 0.958301 0.918534 0.844408 0.110874 
32 1.79 0.95831 0.918542 0.844391 0.105706 
32 1.8 0.956728 0.915526 0.83891 0.113137 
32 1.8 0.95674 0.915551 0.838958 0.113901 
32 1.8 0.956862 0.915779 0.839357 0.11085 
32 1.8 0.956859 0.91578 0.839377 0.113812 
32 1.8 0.956781 0.91563 0.8391 0.11362 
32 1.81 0.955392 0.91298 0.834278 0.116597 
32 1.81 0.955399 0.913002 0.83435 0.121898 
32 1.81 0.954954 0.912157 0.83282 0.124205 
32 1.81 0.955354 0.912921 0.834211 0.123555 
32 1.81 0.955389 0.912973 0.834258 0.115593 
32 1.82 0.953446 0.909295 0.827666 0.132969 
32 1.82 0.953711 0.909794 0.828547 0.128903 
32 1.82 0.953646 0.909665 0.828295 0.126063 
32 1.82 0.95346 0.909308 0.827637 0.124532 
32 1.82 0.953524 0.909435 0.827886 0.127438 
32 1.83 0.952012 0.906564 0.822709 0.133204 
32 1.83 0.952275 0.907062 0.823599 0.130757 
32 1.83 0.952004 0.906545 0.82266 0.130869 
32 1.83 0.951853 0.906267 0.822189 0.136144 
32 1.83 0.952066 0.906667 0.822895 0.133015 
32 1.84 0.950058 0.90287 0.816103 0.145085 
32 1.84 0.950077 0.902896 0.816108 0.138538 
32 1.84 0.95008 0.902907 0.816147 0.141585 
32 1.84 0.950351 0.903416 0.81705 0.138615 
32 1.84 0.95021 0.903154 0.816594 0.1417 
32 1.85 0.948534 0.899977 0.810885 0.144388 
32 1.85 0.948521 0.899961 0.810881 0.148566 
32 1.85 0.948354 0.899635 0.810265 0.143712 
32 1.85 0.948314 0.89957 0.810187 0.1498 
32 1.85 0.948252 0.89945 0.809961 0.148356 
32 1.86 0.946663 0.896456 0.804645 0.157563 
32 1.86 0.946319 0.895809 0.803497 0.159648 
32 1.86 0.946348 0.89585 0.803525 0.15206 
32 1.86 0.946227 0.895631 0.803166 0.157867 
32 1.86 0.94677 0.89665 0.804962 0.152578 
32 1.87 0.944465 0.892319 0.797304 0.166639 
32 1.87 0.944513 0.892417 0.797506 0.171177 
32 1.87 0.944223 0.891867 0.796516 0.16993 
32 1.87 0.944604 0.892571 0.797716 0.160927 
32 1.87 0.944724 0.892802 0.798146 0.163645 
32 1.88 0.942718 0.889031 0.791479 0.171408 
32 1.88 0.942772 0.88915 0.791742 0.180035 
32 1.88 0.942874 0.889328 0.792013 0.172737 
32 1.88 0.942309 0.888259 0.790099 0.170416 
32 1.88 0.9427 0.889 0.791427 0.172249 
32 1.89 0.94049 0.88486 0.784154 0.183252 
32 1.89 0.940269 0.884455 0.783475 0.189321 
32 1.89 0.940401 0.884695 0.783874 0.185003 
32 1.89 0.940581 0.885041 0.784507 0.188845 
32 1.89 0.94054 0.884946 0.784278 0.178977 
32 1.9 0.938628 0.881389 0.778117 0.198055 
32 1.9 0.938389 0.880949 0.777368 0.201989 
32 1.9 0.938591 0.881322 0.778001 0.198676 
32 1.9 0.938286 0.880741 0.776951 0.193973 
32 1.9 0.93823 0.880627 0.776724 0.189945 
32 1.91 0.936402 0.877229 0.770838 0.203929 
32 1.91 0.93592 0.876353 0.769393 0.218398 
32 1.91 0.935868 0.87624 0.769145 0.210154 
32 1.91 0.936392 0.877212 0.770817 0.204762 
32 1.91 0.936054 0.876603 0.769828 0.217718 
32 1.92 0.933666 0.872159 0.762121 0.227535 
32 1.92 0.933646 0.872115 0.762017 0.223744 
32 1.92 0.933705 0.872228 0.762223 0.224956 
32 1.92 0.93372 0.872257 0.762282 0.22676 
32 1.92 0.934125 0.872985 0.763459 0.210732 
32 1.93 0.931143 0.867491 0.754113 0.245783 
32 1.93 0.931597 0.86831 0.75545 0.231999 
32 1.93 0.930793 0.866845 0.753008 0.248624 
32 1.93 0.931139 0.86747 0.75403 0.238637 
32 1.93 0.931438 0.868025 0.754991 0.238072 
32 1.94 0.929018 0.863553 0.747337 0.252658 
32 1.94 0.928866 0.863278 0.746888 0.256427 
32 1.94 0.928791 0.863133 0.746619 0.253274 
32 1.94 0.928799 0.863148 0.746644 0.25351 
32 1.94 0.928453 0.862527 0.745636 0.264451 
32 1.95 0.925916 0.857837 0.737613 0.271132 
32 1.95 0.926174 0.858316 0.738439 0.271625 
32 1.95 0.926413 0.858751 0.739169 0.268177 
32 1.95 0.925981 0.857972 0.73789 0.278942 
32 1.95 0.926155 0.858276 0.738356 0.269334 
32 1.96 0.923935 0.854211 0.731521 0.290269 
32 1.96 0.923623 0.853625 0.730489 0.284828 
32 1.96 0.923375 0.853162 0.729684 0.282267 
32 1.96 0.923191 0.852846 0.729217 0.295133 
32 1.96 0.923364 0.853144 0.729661 0.283755 
32 1.97 0.920778 0.848428 0.721797 0.309766 
32 1.97 0.920827 0.848537 0.722035 0.319449 
32 1.97 0.920343 0.847641 0.720502 0.31705 
32 1.97 0.92096 0.848754 0.722316 0.304534 
32 1.97 0.92053 0.847961 0.720973 0.304542 
32 1.98 0.917934 0.843229 0.713084 0.323646 
32 1.98 0.917359 0.842202 0.711444 0.338606 
32 1.98 0.917995 0.84335 0.713315 0.328454 
32 1.98 0.918183 0.843695 0.713898 0.328333 
32 1.98 0.917554 0.842559 0.712042 0.337642 
32 1.99 0.914785 0.8375 0.703575 0.344098 
32 1.99 0.914685 0.837343 0.703397 0.357265 
32 1.99 0.914267 0.836605 0.702225 0.370624 
32 1.99 0.914774 0.83749 0.70359 0.349221 
32 1.99 0.914647 0.837293 0.703354 0.366862 
32 2.5 0.202661 0.0609424 0.0092643 8.13911 
32 2.5 0.202691 0.0612468 0.00935312 8.25882 
32 2.5 0.200121 0.0599354 0.00899169 8.14576 
32 2.5 0.201073 0.0604207 0.00921137 8.18805 
32 2.5 0.201465 0.0607668 0.00925343 8.26511 
32 2.51 0.19554 0.0577218 0.00848855 7.94966 
32 2.51 0.193594 0.0564371 0.00813457 7.7345 
32 2.51 0.193403 0.0561252 0.00804773 7.63732 
32 2.51 0.19359 0.0562293 0.00805332 7.65035 
32 2.51 0.192079 0.0554326 0.00785425 7.56298 
32 2.52 0.188086 0.0532662 0.00730838 7.2696 
32 2.52 0.186598 0.05262 0.00720026 7.2335 
32 2.52 0.18876 0.053577 0.00740099 7.29264 
32 2.52 0.186254 0.0524716 0.00714223 7.22527 
32 2.52 0.188348 0.0531948 0.00722571 7.20043 
32 2.53 0.182151 0.0501157 0.00651799 6.85508 
32 2.53 0.185415 0.051603 0.0068053 6.97142 
32 2.53 0.18094 0.0496158 0.00643049 6.8307 
32 2.53 0.182415 0.0503075 0.00654806 6.89371 
32 2.53 0.182633 0.0503241 0.00658604 6.86814 
32 2.54 0.176298 0.0472834 0.00591216 6.53203 
32 2.54 0.175655 0.0469674 0.00590587 6.49581 
32 2.54 0.175396 0.0463625 0.00557487 6.28865 
32 2.54 0.176716 0.0475725 0.00600964 6.58898 
32 2.54 0.176702 0.0473512 0.00588984 6.5018 
32 2.55 0.173129 0.045007 0.0052374 6.03694 
32 2.55 0.171493 0.0442201 0.00509638 5.94732 
32 2.55 0.171556 0.0447718 0.00531062 6.16019 
32 2.55 0.17057 0.0441633 0.00512628 6.05129 
32 2.55 0.170438 0.0443193 0.00525568 6.13198 
32 2.56 0.168497 0.043145 0.0049531 5.90146 
32 2.56 0.168376 0.0427935 0.00477289 5.77718 
32 2.56 0.164915 0.0413665 0.00453405 5.66787 
32 2.56 0.165789 0.0419311 0.00474335 5.778 
32 2.56 0.166806 0.0421006 0.00467911 5.71054 
32 2.57 0.161229 0.0397459 0.00428627 5.47904 
32 2.57 0.160687 0.039504 0.00420234 5.45218 
32 2.57 0.162956 0.0405788 0.00443307 5.58781 
32 2.57 0.164592 0.0410425 0.0044289 5.55908 
32 2.57 0.163171 0.0407315 0.00452513 5.62066 
32 2.58 0.160245 0.0391074 0.00403295 5.3299 
32 2.58 0.156446 0.037529 0.00383812 5.18092 
32 2.58 0.157442 0.0379498 0.00394771 5.22387 
32 2.58 0.158218 0.0382956 0.00394267 5.26398 
32 2.58 0.158506 0.0384036 0.00396157 5.27063 
32 2.59 0.155762 0.0371789 0.00373868 5.10702 
32 2.59 0.153244 0.0360543 0.00359018 4.96998 
32 2.59 0.153274 0.0361193 0.00359136 4.99202 
32 2.59 0.153465 0.0358614 0.00346681 4.86691 
32 2.59 0.155993 0.0371539 0.00373294 5.06861 
32 2.6 0.151696 0.0352051 0.00334656 4.80233 
32 2.6 0.152013 0.0353185 0.00338053 4.80903 
32 2.6 0.149182 0.0342619 0.00324679 4.72881 
32 2.6 0.151554 0.0354461 0.00347568 4.91426 
32 2.6 0.153048 0.0356374 0.00340409 4.81036 
32 2.61 0.148696 0.0338117 0.00313862 4.59084 
32 2.61 0.147904 0.0335731 0.00310144 4.58937 
32 2.61 0.150086 0.0345206 0.00328576 4.70598 
32 2.61 0.148776 0.034074 0.00316776 4.6844 
32 2.61 0.145946 0.0327269 0.00295529 4.48308 
32 2.62 0.143468 0.0315081 0.00275401 4.26993 
32 2.62 0.144009 0.0318988 0.00281008 4.36191 
32 2.62 0.144802 0.0320211 0.00278356 4.32011 
32 2.62 0.145107 0.032449 0.00292063 4.45276 
32 2.62 0.144667 0.0320008 0.0028151 4.3275 
32 2.63 0.140417 0.0305832 0.00262785 4.23086 
32 2.63 0.138975 0.0298718 0.00249711 4.1107 
32 2.63 0.14116 0.0305892 0.0025969 4.15169 
32 2.63 0.140724 0.0303598 0.00252503 4.11027 
32 2.63 0.141148 0.0305401 0.00258331 4.1339 
32 2.64 0.139649 0.0298225 0.00244117 4.00318 
32 2.64 0.137825 0.029262 0.0023867 3.98205 
32 2.64 0.137857 0.0294481 0.00244856 4.05085 
32 2.64 0.138991 0.0297286 0.00243107 4.03785 
32 2.64 0.138792 0.0297459 0.00247863 4.06598 
32 2.65 0.134711 0.0280878 0.00223299 3.84121 
32 2.65 0.136228 0.0286172 0.00228169 3.88703 
32 2.65 0.136576 0.028544 0.00224806 3.82201 
32 2.65 0.135515 0.0284374 0.00227736 3.89241 
32 2.65 0.135129 0.0283995 0.00226633 3.91812 
32 2.66 0.13328 0.0273687 0.00206111 3.6976 
32 2.66 0.132955 0.0272312 0.00207315 3.67799 
32 2.66 0.132624 0.0274071 0.00216265 3.77953 
32 2.66 0.131521 0.0270681 0.00210356 3.76115 
32 2.66 0.132262 0.0271834 0.00209876 3.73031 
32 2.67 0.130491 0.0261355 0.00190013 3.49297 
32 2.67 0.13043 0.0264114 0.00200706 3.60485 
32 2.67 0.12937 0.0259284 0.00189874 3.52522 
32 2.67 0.129685 0.0260979 0.00191791 3.55893 
32 2.67 0.131577 0.0265875 0.00195466 3.55718 
32 2.68 0.127517 0.0250311 0.00176005 3.35112 
32 2.68 0.126076 0.024732 0.00172185 3.37648 
32 2.68 0.127797 0.0254968 0.00188045 3.50176 
32 2.68 0.125844 0.0245186 0.00169718 3.31723 
32 2.68 0.128095 0.0252662 0.00178201 3.38451 
32 2.69 0.126619 0.024756 0.00173921 3.32083 
32 2.69 0.126124 0.0245434 0.00169333 3.28756 
32 2.69 0.126171 0.0246084 0.00171216 3.30772 
32 2.69 0.125485 0.0242674 0.00165842 3.24365 
32 2.69 0.125174 0.0242622 0.00167956 3.27131 
32 2.7 0.123209 0.023377 0.0015535 3.10859 
32 2.7 0.124606 0.0237507 0.00155111 3.11901 
32 2.7 0.124965 0.0242345 0.00169314 3.26854 
32 2.7 0.122704 0.0233153 0.00153043 3.13236 
32 2.7 0.12376 0.0237457 0.00161422 3.19682 
32 2.71 0.122478 0.0232359 0.00150392 3.11168 
32 2.71 0.122087 0.0228366 0.00143548 2.99698 
32 2.71 0.121585 0.0229576 0.00152789 3.08889 
32 2.71 0.120585 0.0224177 0.00140277 2.97639 
32 2.71 0.121428 0.0228772 0.00149588 3.07294 
32 2.72 0.120232 0.0222256 0.00138202 2.92514 
32 2.72 0.120356 0.0225659 0.00146568 3.04199 
32 2.72 0.118986 0.0217983 0.00132151 2.87647 
32 2.72 0.118778 0.021667 0.00131322 2.84563 
32 2.72 0.118617 0.0218314 0.00137808 2.92193 
32 2.73 0.115786 0.0208119 0.00123842 2.77777 
32 2.73 0.117022 0.0212869 0.0013009 2.84795 
32 2.73 0.117465 0.0212319 0.00127078 2.78843 
32 2.73 0.118037 0.0214634 0.00128765 2.8247 
32 2.73 0.116049 0.020875 0.00124611 2.77853 
32 2.74 0.115255 0.0207264 0.00124038 2.78152 
32 2.74 0.11722 0.0213275 0.00129119 2.83544 
32 2.74 0.116061 0.020944 0.00123622 2.79315 
32 2.74 0.114671 0.0204296 0.00120977 2.72074 
32 2.74 0.11616 0.0208862 0.00123204 2.76298 
32 2.75 0.113624 0.0200767 0.00115659 2.66846 
32 2.75 0.113553 0.0201316 0.00118126 2.69489 
32 2.75 0.114774 0.0205026 0.00121811 2.72925 
32 2.75 0.113559 0.0202272 0.00120317 2.73002 
32 2.75 0.113791 0.0200088 0.00113594 2.629 
32 2.76 0.111584 0.0194341 0.0010909 2.5908 
32 2.76 0.111274 0.0192171 0.00106654 2.53594 
32 2.76 0.113087 0.0198037 0.00112529 2.60272 
32 2.76 0.111562 0.0193428 0.00108023 2.55882 
32 2.76 0.110171 0.0191619 0.00109007 2.60612 
32 2.77 0.109423 0.0187684 0.00103432 2.51194 
32 2.77 0.110064 0.0187408 0.000988221 2.44973 
32 2.77 0.10986 0.0188117 0.00102127 2.49253 
32 2.77 0.109901 0.0186302 0.00098247 2.42207 
32 2.77 0.110424 0.0188704 0.00102296 2.46829 
32 2.78 0.109294 0.0184009 0.000954939 2.37791 
32 2.78 0.107813 0.0182398 0.000970503 2.43699 
32 2.78 0.108815 0.0185362 0.000996507 2.46625 
32 2.78 0.109757 0.0187925 0.00101554 2.48484 
32 2.78 0.109261 0.0183709 0.00095998 2.36952 
32 2.79 0.106388 0.0177254 0.000912872 2.35152 
32 2.79 0.10709 0.0179159 0.000943016 2.36647 
32 2.79 0.107118 0.0178861 0.000929698 2.35328 
32 2.79 0.107335 0.0179696 0.000941144 2.36688 
32 2.79 0.107484 0.0179985 0.000919945 2.36573 
32 2.8 0.106041 0.0174308 0.000869912 2.26237 
32 2.8 0.104665 0.0172018 0.000871534 2.28463 
32 2.8 0.106725 0.0177976 0.000925382 2.34324 
32 2.8 0.105959 0.0173028 0.000851583 2.2219 
32 2.8 0.105934 0.0174027 0.000878517 2.26038 
32 2.81 0.103552 0.0168604 0.00083742 2.23658 
32 2.81 0.105195 0.0172132 0.000848541 2.24016 
32 2.81 0.104364 0.0169218 0.000822568 2.19742 
32 2.81 0.103315 0.0167457 0.000831477 2.21257 
32 2.81 0.103976 0.0167792 0.000811293 2.17489 
32 2.82 0.103436 0.0167799 0.000830636 2.20811 
32 2.82 0.102646 0.0163726 0.000773107 2.11935 
32 2.82 0.103925 0.0166793 0.000805538 2.13475 
32 2.82 0.104721 0.0169549 0.000824888 2.17454 
32 2.82 0.101759 0.0161449 0.00074852 2.1025 
32 2.83 0.101732 0.0162235 0.000788433 2.12547 
32 2.83 0.102662 0.0163724 0.000766676 2.11059 
32 2.83 0.100005 0.0157477 0.00072484 2.07934 
32 2.83 0.102012 0.0161264 0.000740709 2.06972 
32 2.83 0.102299 0.0162127 0.0007487 2.07972 
32 2.84 0.101821 0.0159703 0.000721845 2.02014 
32 2.84 0.0997754 0.0154655 0.000676869 1.98684 
32 2.84 0.100095 0.0157099 0.00073578 2.05194 
32 2.84 0.101469 0.0159326 0.000729919 2.03237 
32 2.84 0.10132 0.0158961 0.000721793 2.03009 
32 2.85 0.0990953 0.0153901 0.000699818 2.00138 
32 2.85 0.09991 0.0154661 0.000677266 1.97044 
32 2.85 0.0991498 0.0153909 0.00068963 1.99777 
32 2.85 0.100653 0.0156768 0.000694025 1.99259 
32 2.85 0.100298 0.0156644 0.000705485 2.01372 
32 2.86 0.0973525 0.0147287 0.000621558 1.88014 
32 2.86 0.0984578 0.0151632 0.000681344 1.95822 
32 2.86 0.0977424 0.0149725 0.000672769 1.94021 
32 2.86 0.0973242 0.0148262 0.00064078 1.91704 
32 2.86 0.0982848 0.0149941 0.000640003 1.90986 
32 2.87 0.0967631 0.014624 0.000632475 1.87706 
32 2.87 0.0967563 0.0146461 0.00062864 1.88543 
32 2.87 0.096485 0.0144296 0.000603062 1.82686 
32 2.87 0.0973783 0.0147999 0.000644992 1.89719 
32 2.87 0.0976008 0.0148153 0.000635638 1.88724 
32 2.88 0.0954256 0.0141733 0.000578859 1.80169 
32 2.88 0.0975014 0.0147645 0.000626105 1.86949 
32 2.88 0.0946373 0.014022 0.000570221 1.80117 
32 2.88 0.0951014 0.0139489 0.000547452 1.74387 
32 2.88 0.0953875 0.0141939 0.000590911 1.81158 
32 2.89 0.0959479 0.0143119 0.000597388 1.80916 
32 2.89 0.0949748 0.0139763 0.000562728 1.75608 
32 2.89 0.095601 0.0142807 0.00059533 1.82165 
32 2.89 0.0941652 0.0138457 0.000557743 1.76404 
32 2.89 0.0959516 0.014413 0.000604273 1.84473 
32 2.9 0.0936186 0.0136967 0.000546792 1.74159 
32 2.9 0.0936812 0.0137239 0.000552955 1.74706 
32 2.9 0.0946605 0.0139373 0.000566353 1.75728 
32 2.9 0.0940752 0.0137128 0.000539511 1.71701 
32 2.9 0.0938391 0.0137492 0.000543261 1.74553 
32 2.91 0.0922088 0.0132297 0.000511568 1.66346 
32 2.91 0.0930357 0.0135645 0.000546824 1.72738 
32 2.91 0.0938625 0.0136778 0.000534062 1.71288 
32 2.91 0.0928771 0.0134864 0.000541872 1.71025 
32 2.91 0.0942809 0.0138476 0.000557745 1.74493 
32 2.92 0.0923357 0.0132047 0.000504864 1.64079 
32 2.92 0.0921949 0.0133415 0.000519019 1.69787 
32 2.92 0.0914439 0.0129998 0.000482607 1.62642 
32 2.92 0.090648 0.0130056 0.000508939 1.67926 
32 2.92 0.0926367 0.0132838 0.000501416 1.649 
32 2.93 0.0915459 0.0130612 0.000488308 1.63578 
32 2.93 0.0914957 0.013075 0.000515753 1.64383 
32 2.93 0.0898154 0.0126237 0.00046768 1.59258 
32 2.93 0.0921225 0.013226 0.000511229 1.6564 
32 2.93 0.0907051 0.0127746 0.000470541 1.58919 
32 2.94 0.0911334 0.0128197 0.000467085 1.57237 
32 2.94 0.0909863 0.0129057 0.000479999 1.61164 
32 2.94 0.0886402 0.0122473 0.000438031 1.52909 
32 2.94 0.0908625 0.0127499 0.00046033 1.56522 
32 2.94 0.0899535 0.012591 0.000465031 1.56712 
32 2.95 0.0881312 0.0121909 0.000448625 1.53558 
32 2.95 0.0883357 0.0122079 0.00043907 1.52897 
32 2.95 0.0888393 0.0122519 0.000438362 1.51326 
32 2.95 0.0891322 0.0124267 0.000454358 1.55583 
32 2.95 0.0887607 0.0123054 0.000440631 1.53667 
32 2.96 0.0882596 0.0121903 0.000438889 1.52236 
32 2.96 0.0885066 0.0122864 0.000450216 1.54049 
32 2.96 0.0886008 0.0123548 0.000457686 1.55838 
32 2.96 0.0886508 0.0122559 0.000436348 1.52109 
32 2.96 0.087182 0.0117968 0.000404642 1.45162 
32 2.97 0.0877076 0.012006 0.000419407 1.48716 
32 2.97 0.0872867 0.0117999 0.000403791 1.44151 
32 2.97 0.0869695 0.0118318 0.000408914 1.47155 
32 2.97 0.0880475 0.0120485 0.000423705 1.48123 
32 2.97 0.0864418 0.0116463 0.000394093 1.43915 
32 2.98 0.0865463 0.0117368 0.00040977 1.45923 
32 2.98 0.0868617 0.011776 0.00041707 1.45389 
32 2.98 0.0871836 0.0117916 0.000406602 1.44001 
32 2.98 0.0863848 0.0115896 0.00038761 1.41823 
32 2.98 0.0874967 0.0119785 0.000427505 1.48542 
32 2.99 0.0856563 0.0114696 0.000383167 1.41532 
32 2.99 0.0868139 0.0117531 0.000399927 1.44404 
32 2.99 0.0868398 0.0118117 0.000411788 1.46256 
32 2.99 0.0860525 0.0115131 0.000380207 1.40691 
32 2.99 0.0857105 0.0114438 0.000377645 1.40328 
32 3 0.085741 0.0114108 0.000379536 1.38557 
32 3 0.0841375 0.0111523 0.000374212 1.3903 
32 3 0.0855189 0.0113888 0.000370183 1.39104 
32 3 0.0855391 0.0114193 0.000378474 1.40029 
32 3 0.0857207 0.0114775 0.000379079 1.40953 
32 3.02 0.0836689 0.0107852 0.000328412 1.28328 
32 3.02 0.084133 0.0109711 0.000346586 1.31993 
32 3.02 0.0829781 0.0107659 0.000342852 1.31577 
32 3.02 0.0836285 0.0109506 0.000347906 1.34167 
32 3.02 0.0836748 0.0109924 0.000355589 1.35322 
32 3.04 0.0825025 0.0107374 0.000342623 1.32402 
32 3.04 0.08206 0.0104839 0.000321404 1.26319 
32 3.04 0.0812881 0.0103183 0.000310451 1.24985 
32 3.04 0.0821693 0.0105339 0.000325695 1.27398 
32 3.04 0.0822891 0.0105715 0.0003276 1.28001 
32 3.06 0.0796172 0.00991947 0.000289553 1.1982 
32 3.06 0.0813104 0.0102515 0.000304003 1.21812 
32 3.06 0.0792957 0.00984139 0.000287428 1.18917 
32 3.06 0.0808764 0.0102273 0.000309519 1.23359 
32 3.06 0.0811135 0.0102683 0.000306553 1.23446 
32 3.08 0.0796855 0.0099587 0.000291565 1.19985 
32 3.08 0.0794271 0.00981763 0.000281457 1.16662 
32 3.08 0.0794424 0.00984281 0.000281574 1.17418 
32 3.08 0.0797225 0.00996122 0.000297788 1.19873 
32 3.08 0.0787836 0.00974633 0.000281395 1.17676 
32 3.1 0.0781719 0.00955083 0.00027575 1.1363 
32 3.1 0.0781141 0.00950388 0.000263928 1.12378 
32 3.1 0.0790209 0.00982587 0.000290725 1.18307 
32 3.1 0.0778016 0.00945181 0.000263197 1.12268 
32 3.1 0.0777389 0.00951291 0.000270242 1.14608 
32 3.12 0.0775783 0.00940029 0.000257079 1.10995 
32 3.12 0.0773357 0.00931484 0.000253028 1.09425 
32 3.12 0.0771518 0.00925941 0.000252258 1.08538 
32 3.12 0.0773 0.00936767 0.000262077 1.1134 
32 3.12 0.0762975 0.00916188 0.00025443 1.0964 
32 3.14 0.0764072 0.00915921 0.00024719 1.08307 
32 3.14 0.0754023 0.00897776 0.000240367 1.07365 
32 3.14 0.0774996 0.00939967 0.000258073 1.10666 
32 3.14 0.0751271 0.00892581 0.000244328 1.07022 
32 3.14 0.0752826 0.00887077 0.000232483 1.04464 
32 3.16 0.0737361 0.00856114 0.000218184 1.01237 
32 3.16 0.0745629 0.00876513 0.000231248 1.03874 
32 3.16 0.0746576 0.00871089 0.000222317 1.01659 
32 3.16 0.0752215 0.00883306 0.000228104 1.02879 
32 3.16 0.0748646 0.00870409 0.000218938 1.00436 
32 3.18 0.0728109 0.00838949 0.000211529 0.994393 
32 3.18 0.0747928 0.00872911 0.000224494 1.00956 
32 3.18 0.0753936 0.00884608 0.000230419 1.01817 
32 3.18 0.0731354 0.00839224 0.000208132 0.980034 
32 3.18 0.0740277 0.00860862 0.000220131 1.00742 
32 3.2 0.0731992 0.00834643 0.000201758 0.956258 
32 3.2 0.0731977 0.00834922 0.000205315 0.957224 
32 3.2 0.0731018 0.00831033 0.000199876 0.949269 
32 3.2 0.0729604 0.00834173 0.000211086 0.965926 
32 3.2 0.0727674 0.00831487 0.000202939 0.966328 
32 3.22 0.0718074 0.00808536 0.000193833 0.931475 
32 3.22 0.0724807 0.00822073 0.000198201 0.943632 
32 3.22 0.0731732 0.00836642 0.000204728 0.957885 
32 3.22 0.0712234 0.00794964 0.000191294 0.914879 
32 3.22 0.0725514 0.00824571 0.00020142 0.948315 
32 3.24 0.0710033 0.00790134 0.000188721 0.90386 
32 3.24 0.0710258 0.0078994 0.000185242 0.902237 
32 3.24 0.0715191 0.00800687 0.000189625 0.913977 
32 3.24 0.0703844 0.00776345 0.000178056 0.887939 
32 3.24 0.0709838 0.00787367 0.000186197 0.895992 
32 3.26 0.0692475 0.00758882 0.00017253 0.877501 
32 3.26 0.0702631 0.00767588 0.000170087 0.860341 
32 3.26 0.0697514 0.00761593 0.000172103 0.864018 
32 3.26 0.0694812 0.00758394 0.000171385 0.865782 
32 3.26 0.0701279 0.00771894 0.000177075 0.879826 
32 3.28 0.0705494 0.00771912 0.000173288 0.856009 
32 3.28 0.0694279 0.0075528 0.000169053 0.853091 
32 3.28 0.0694391 0.00752444 0.000165399 0.843756 
32 3.28 0.0687354 0.00743668 0.000166064 0.846715 
32 3.28 0.0696135 0.00755338 0.000168503 0.845218 
32 3.3 0.0675918 0.00718886 0.000154293 0.813058 
32 3.3 0.068302 0.00730746 0.000156802 0.819915 
32 3.3 0.0675199 0.00718413 0.000153623 0.814605 
32 3.3 0.068058 0.00730241 0.000162337 0.828668 
32 3.3 0.0678121 0.00723217 0.000157063 0.817243 
32 3.32 0.0672299 0.00714491 0.000153337 0.809655 
32 3.32 0.0683947 0.00729607 0.000155612 0.807551 
32 3.32 0.0682939 0.00727901 0.000157641 0.806537 
32 3.32 0.0681223 0.00729653 0.000160269 0.819167 
32 3.32 0.0677941 0.00719546 0.00015157 0.801746 
32 3.34 0.0667305 0.00702991 0.000147149 0.790061 
32 3.34 0.0667434 0.0070077 0.000149741 0.782725 
32 3.34 0.0673186 0.00705959 0.000144785 0.774991 
32 3.34 0.0677832 0.00719022 0.000153709 0.795793 
32 3.34 0.0671402 0.00702735 0.000143746 0.772459 
32 3.36 0.0660836 0.00684866 0.00013781 0.756302 
32 3.36 0.0658049 0.00680285 0.000139888 0.753544 
32 3.36 0.0661584 0.00681619 0.000138291 0.743391 
32 3.36 0.0670488 0.00703443 0.000146466 0.773756 
32 3.36 0.0657924 0.00683372 0.000141331 0.763454 
32 3.38 0.0657199 0.00676362 0.000137433 0.740587 
32 3.38 0.065875 0.00679278 0.000136563 0.743239 
32 3.38 0.0659992 0.00681691 0.000135042 0.745584 
32 3.38 0.0665297 0.00688818 0.000139032 0.745877 
32 3.38 0.0658234 0.00678033 0.000137717 0.741524 
32 3.4 0.0645775 0.00653454 0.000126004 0.712065 
32 3.4 0.0648045 0.00655953 0.000126157 0.71075 
32 3.4 0.0647172 0.00657492 0.000130966 0.718789 
32 3.4 0.0649049 0.0065798 0.000126342 0.712932 
32 3.4 0.0648561 0.00654828 0.000127182 0.705348 
32 3.42 0.0644389 0.00643084 0.000120413 0.682209 
32 3.42 0.0645084 0.00650786 0.000125694 0.702586 
32 3.42 0.0644822 0.00653517 0.000128042 0.711774 
32 3.42 0.0641814 0.00648946 0.000125515 0.709674 
32 3.42 0.0648328 0.00651029 0.000122782 0.690751 
32 3.44 0.0638811 0.00640808 0.000122236 0.692775 
32 3.44 0.0629119 0.00623025 0.000116857 0.676418 
32 3.44 0.0637738 0.00635232 0.000119789 0.680252 
32 3.44 0.063273 0.00627766 0.0001182 0.676967 
32 3.44 0.0640975 0.00641844 0.00012373 0.687614 
32 3.46 0.0630615 0.00623068 0.000115453 0.667057 
32 3.46 0.0634457 0.00631007 0.000119823 0.676169 
32 3.46 0.0635939 0.00634183 0.000117826 0.679994 
32 3.46 0.0631713 0.00621578 0.000114936 0.658547 
32 3.46 0.0638725 0.00641436 0.000123038 0.690955 
32 3.48 0.0623758 0.0060619 0.000107476 0.638872 
32 3.48 0.0626793 0.0061509 0.000110641 0.653891 
32 3.48 0.0626273 0.00616442 0.000112269 0.659784 
32 3.48 0.0620518 0.00602689 0.000108518 0.640433 
32 3.48 0.0627217 0.00612276 0.000112742 0.644045 
32 3.5 0.0614475 0.00592672 0.000106838 0.629302 
32 3.5 0.0613762 0.00588279 0.000100746 0.61901 
32 3.5 0.0616959 0.00594815 0.000105469 0.62662 
32 3.5 0.0615867 0.00596079 0.000105509 0.634256 
32 3.5 0.0620807 0.00602592 0.000106593 0.635438 
32 3.52 0.0610025 0.00583552 0.000101086 0.615043 
32 3.52 0.0615094 0.00589184 0.000101506 0.613363 
32 3.52 0.0615174 0.00592877 0.000103599 0.62382 
32 3.52 0.0614262 0.00591402 0.000102094 0.622791 
32 3.52 0.0609195 0.00582325 0.000100921 0.614418 
32 3.54 0.0603355 0.00573012 9.87403e-05 0.604491 
32 3.54 0.0605135 0.00574858 9.82087e-05 0.60361 
32 3.54 0.0600084 0.00563908 9.52191e-05 0.589543 
32 3.54 0.0605701 0.00577859 0.000101907 0.610307 
32 3.54 0.0608668 0.00581044 9.96883e-05 0.609098 
32 3.56 0.0595455 0.00551929 8.82066e-05 0.567694 
32 3.56 0.0602859 0.00571111 9.87964e-05 0.597348 
32 3.56 0.0599398 0.00562629 9.48186e-05 0.584919 
32 3.56 0.0601557 0.00568361 9.57075e-05 0.59395 
32 3.56 0.0597404 0.00564049 9.66073e-05 0.595868 
32 3.58 0.0600027 0.00564855 9.43223e-05 0.585862 
32 3.58 0.0593916 0.00551797 9.08042e-05 0.569381 
32 3.58 0.0603033 0.00570517 9.77903e-05 0.591713 
32 3.58 0.0601191 0.00569137 9.85185e-05 0.59411 
32 3.58 0.0602238 0.0056544 9.36211e-05 0.579929 
32 3.6 0.059409 0.00548471 8.88085e-05 0.556171 
32 3.6 0.0596926 0.00559828 9.23093e-05 0.578866 
32 3.6 0.0586164 0.00537752 8.44189e-05 0.552287 
32 3.6 0.0592553 0.00551854 9.109e-05 0.570981 
32 3.6 0.0587592 0.00544593 8.87579e-05 0.566979 
32 3.62 0.0586631 0.00537172 8.49155e-05 0.546048 
32 3.62 0.0584137 0.00534898 8.40676e-05 0.547874 
32 3.62 0.0583912 0.00535059 8.4838e-05 0.549074 
32 3.62 0.0577307 0.00526205 8.18294e-05 0.545724 
32 3.62 0.0590061 0.00550861 9.25388e-05 0.573354 
32 3.64 0.0578703 0.00523468 8.07048e-05 0.530485 
32 3.64 0.0583592 0.00534315 8.50316e-05 0.545013 
32 3.64 0.0573943 0.00517148 7.85248e-05 0.528139 
32 3.64 0.0582082 0.00531824 8.37425e-05 0.542956 
32 3.64 0.0590285 0.00546533 9.04836e-05 0.557283 
32 3.66 0.0580635 0.00529666 8.31791e-05 0.53866 
32 3.66 0.0577943 0.00518547 7.80148e-05 0.516277 
32 3.66 0.0572309 0.00512537 7.66538e-05 0.517596 
32 3.66 0.0578859 0.00523478 8.02727e-05 0.527108 
32 3.66 0.0583941 0.00535791 8.57617e-05 0.545023 
32 3.68 0.0567453 0.00508915 7.86589e-05 0.520102 
32 3.68 0.0568949 0.00508845 7.81546e-05 0.515177 
32 3.68 0.0564625 0.00501044 7.41985e-05 0.507111 
32 3.68 0.0571186 0.00511503 7.83108e-05 0.515478 
32 3.68 0.0566232 0.00501405 7.53959e-05 0.503058 
32 3.7 0.0569588 0.00504706 7.26967e-05 0.498925 
32 3.7 0.0575084 0.0052257 8.26048e-05 0.530954 
32 3.7 0.056299 0.00499523 7.51862e-05 0.50526 
32 3.7 0.0565574 0.005029 7.58031e-05 0.506536 
32 3.7 0.0571219 0.00508747 7.41603e-05 0.504959 
32 3.72 0.055916 0.00493244 7.4106e-05 0.497091 
32 3.72 0.0572996 0.00514713 7.88268e-05 0.513069 
32 3.72 0.0568594 0.00508161 7.81165e-05 0.508868 
32 3.72 0.0562395 0.00503487 7.83613e-05 0.515301 
32 3.72 0.0567014 0.00507289 7.81816e-05 0.511406 
32 3.74 0.055873 0.00491278 7.321e-05 0.490366 
32 3.74 0.0564777 0.00501643 7.60444e-05 0.500143 
32 3.74 0.0561385 0.00489953 7.02559e-05 0.478598 
32 3.74 0.0559914 0.00488917 6.9721e-05 0.480277 
32 3.74 0.0561357 0.00496706 7.35549e-05 0.49717 
32 3.76 0.0560461 0.00488735 7.07831e-05 0.475557 
32 3.76 0.0556051 0.00483791 6.87231e-05 0.475503 
32 3.76 0.0550563 0.00475382 6.7087e-05 0.469141 
32 3.76 0.0559826 0.00490334 7.1e-05 0.481848 
32 3.76 0.0561758 0.00499752 7.67822e-05 0.501598 
32 3.78 0.05506 0.00480192 6.95476e-05 0.479578 
32 3.78 0.0552416 0.00477852 6.78219e-05 0.467811 
32 3.78 0.055723 0.00489912 7.27662e-05 0.486011 
32 3.78 0.055718 0.00489998 7.19309e-05 0.486396 
32 3.78 0.0558613 0.00484662 6.80775e-05 0.467608 
32 3.8 0.0548234 0.00472723 6.74045e-05 0.46393 
32 3.8 0.0549924 0.00475082 6.76846e-05 0.465288 
32 3.8 0.0544732 0.00470555 6.72505e-05 0.468402 
32 3.8 0.0541783 0.00462381 6.46278e-05 0.455012 
32 3.8 0.0555412 0.0048026 6.71446e-05 0.462895 
32 3.82 0.0544854 0.00467658 6.52733e-05 0.457833 
32 3.82 0.0547566 0.00470855 6.64315e-05 0.458459 
32 3.82 0.0535477 0.00450404 6.10577e-05 0.438735 
32 3.82 0.054366 0.00460806 6.19936e-05 0.442946 
32 3.82 0.0542934 0.00460268 6.19881e-05 0.443621 
32 3.84 0.0543131 0.0046474 6.40643e-05 0.452664 
32 3.84 0.0549584 0.00473421 6.65653e-05 0.45701 
32 3.84 0.053702 0.0045393 6.26645e-05 0.441439 
32 3.84 0.0542092 0.00459723 6.22047e-05 0.442293 
32 3.84 0.054807 0.00474383 6.81048e-05 0.464005 
32 3.86 0.0536209 0.00450442 5.99414e-05 0.432207 
32 3.86 0.0544096 0.00465368 6.4291e-05 0.449201 
32 3.86 0.0537428 0.00453216 5.98928e-05 0.436095 
32 3.86 0.0541322 0.00458887 6.23415e-05 0.439995 
32 3.86 0.0528096 0.00438093 5.66732e-05 0.422354 
32 3.88 0.053409 0.00444951 5.82442e-05 0.421474 
32 3.88 0.0535381 0.00447582 5.98321e-05 0.424773 
32 3.88 0.0537273 0.00451354 6.15116e-05 0.429371 
32 3.88 0.0535625 0.00446623 5.83874e-05 0.421553 
32 3.88 0.0533332 0.0044457 5.90949e-05 0.422603 
32 3.9 0.0531143 0.00440176 5.72912e-05 0.415017 
32 3.9 0.0529666 0.00442405 5.82523e-05 0.424983 
32 3.9 0.0537018 0.00445319 5.65076e-05 0.412044 
32 3.9 0.0528156 0.00437245 5.56855e-05 0.415628 
32 3.9 0.0535984 0.00449887 6.00206e-05 0.42695 
32 3.92 0.0528553 0.00435539 5.48649e-05 0.407957 
32 3.92 0.0521602 0.00427204 5.48182e-05 0.405252 
32 3.92 0.0528172 0.00431394 5.35571e-05 0.398181 
32 3.92 0.0526596 0.00433782 5.54022e-05 0.408762 
32 3.92 0.0533068 0.00449096 6.19243e-05 0.43085 
32 3.94 0.0525805 0.00429745 5.38227e-05 0.398358 
32 3.94 0.0520008 0.00425993 5.44512e-05 0.404363 
32 3.94 0.0524219 0.00432168 5.63211e-05 0.408982 
32 3.94 0.053182 0.00445513 5.95855e-05 0.422804 
32 3.94 0.0521279 0.00424894 5.38327e-05 0.398067 
32 3.96 0.0522326 0.00426146 5.32701e-05 0.396468 
32 3.96 0.0523432 0.00430283 5.47266e-05 0.404176 
32 3.96 0.0514076 0.00415732 5.25997e-05 0.391648 
32 3.96 0.0527717 0.00430241 5.33922e-05 0.39242 
32 3.96 0.0517262 0.00417871 5.1751e-05 0.388685 
32 3.98 0.0518342 0.0041741 5.12048e-05 0.382667 
32 3.98 0.0525246 0.0043225 5.57681e-05 0.402309 
32 3.98 0.051476 0.00415276 5.09873e-05 0.386698 
32 3.98 0.0522818 0.00427028 5.46343e-05 0.395422 
32 3.98 0.052649 0.00436615 5.73304e-05 0.410174 
32 4 0.0516406 0.00418336 5.30158e-05 0.38825 
32 4 0.0512742 0.00413971 5.20966e-05 0.386729 
32 4 0.0518291 0.00421917 5.31709e-05 0.392427 
32 4 0.0524154 0.00429981 5.54038e-05 0.397422 
32 4 0.0513727 0.00413639 5.04132e-05 0.383292 
32 4.02 0.051249 0.00415311 5.21939e-05 0.388878 
32 4.02 0.0511105 0.00412517 5.15821e-05 0.38537 
32 4.02 0.0514109 0.00408793 4.74071e-05 0.368041 
32 4.02 0.0510816 0.0040778 4.98691e-05 0.374057 
32 4.02 0.0508758 0.00408144 4.93034e-05 0.380331 
32 4.04 0.0502713 0.00396825 4.67902e-05 0.365256 
32 4.04 0.0507943 0.00405257 4.90838e-05 0.37323 
32 4.04 0.0506914 0.00403322 4.83369e-05 0.370972 
32 4.04 0.0510105 0.00408676 4.94787e-05 0.376315 
32 4.04 0.0515188 0.00413004 4.97885e-05 0.374078 
32 4.06 0.0508891 0.00401007 4.6795e-05 0.358242 
32 4.06 0.0508648 0.0040906 5.04091e-05 0.379175 
32 4.06 0.0504941 0.00401821 4.79726e-05 0.370394 
32 4.06 0.0506771 0.00404164 4.92457e-05 0.371634 
32 4.06 0.0510461 0.00409264 4.98743e-05 0.375031 
32 4.08 0.0510256 0.00405507 4.89398e-05 0.364288 
32 4.08 0.0501346 0.00391778 4.55058e-05 0.352453 
32 4.08 0.0500375 0.00395364 4.71445e-05 0.363893 
32 4.08 0.0507934 0.00405262 4.90346e-05 0.369607 
32 4.08 0.0505918 0.00401035 4.87177e-05 0.364129 
32 4.1 0.050324 0.00397097 4.73847e-05 0.359265 
32 4.1 0.0502729 0.00398926 4.84246e-05 0.36512 
32 4.1 0.0504754 0.00401027 4.89824e-05 0.365269 
32 4.1 0.0498412 0.00388481 4.46153e-05 0.349823 
32 4.1 0.0509563 0.0040634 4.91274e-05 0.366358 
32 4.12 0.0502451 0.00395362 4.65543e-05 0.355181 
32 4.12 0.049942 0.00389714 4.54534e-05 0.34869 
32 4.12 0.0500748 0.00393166 4.66561e-05 0.35397 
32 4.12 0.0503248 0.00396504 4.66722e-05 0.356028 
32 4.12 0.0503955 0.00395562 4.5603e-05 0.351916 
32 4.14 0.0501514 0.00395531 4.67175e-05 0.356211 
32 4.14 0.0497297 0.00387756 4.51646e-05 0.347398 
32 4.14 0.0494332 0.00382534 4.38484e-05 0.341753 
32 4.14 0.0501133 0.00394425 4.59916e-05 0.35442 
32 4.14 0.0501828 0.00391477 4.49926e-05 0.345404 
32 4.16 0.0490293 0.00379596 4.32066e-05 0.342668 
32 4.16 0.0489418 0.00378227 4.37739e-05 0.341409 
32 4.16 0.0494387 0.00384827 4.52107e-05 0.345621 
32 4.16 0.0490709 0.00377853 4.29236e-05 0.337373 
32 4.16 0.0487844 0.00375794 4.29905e-05 0.339205 
32 4.18 0.0484441 0.00370273 4.14336e-05 0.332163 
32 4.18 0.0489646 0.00374309 4.12322e-05 0.329628 
32 4.18 0.0489582 0.00379131 4.35183e-05 0.341596 
32 4.18 0.0490906 0.00379399 4.28525e-05 0.339073 
32 4.18 0.04901 0.00372742 3.95603e-05 0.324702 
32 4.2 0.0491564 0.00379032 4.33946e-05 0.334985 
32 4.2 0.0487773 0.00373733 4.1473e-05 0.331117 
32 4.2 0.0495604 0.00383832 4.31769e-05 0.336966 
32 4.2 0.0492123 0.00377228 4.16935e-05 0.329247 
32 4.2 0.0489389 0.0037841 4.27582e-05 0.338673 
32 4.22 0.0490641 0.00376304 4.21008e-05 0.32898 
32 4.22 0.0477172 0.0035634 3.74189e-05 0.312167 
32 4.22 0.0480939 0.00362926 3.91213e-05 0.319389 
32 4.22 0.0492816 0.00376087 4.12444e-05 0.323262 
32 4.22 0.048366 0.00368868 4.15431e-05 0.327439 
32 4.24 0.0486045 0.00368904 3.96019e-05 0.320397 
32 4.24 0.0488596 0.00374539 4.23038e-05 0.328001 
32 4.24 0.0489209 0.00372245 4.17247e-05 0.321013 
32 4.24 0.048901 0.00375127 4.19022e-05 0.328443 
32 4.24 0.0481004 0.00366729 4.1042e-05 0.326918 
32 4.26 0.0485941 0.00369563 4.04813e-05 0.320719 
32 4.26 0.0486727 0.00372122 4.15339e-05 0.325033 
32 4.26 0.0484584 0.00365242 3.92583e-05 0.313498 
32 4.26 0.0482314 0.00361918 3.87018e-05 0.310784 
32 4.26 0.0482645 0.00366932 4.06168e-05 0.322071 
32 4.28 0.0479082 0.0035902 3.87597e-05 0.309832 
32 4.28 0.0476781 0.00360188 3.87283e-05 0.317889 
32 4.28 0.0477836 0.00362258 4.07521e-05 0.320434 
32 4.28 0.0479027 0.00360597 3.90242e-05 0.31373 
32 4.28 0.0481117 0.00363339 3.90713e-05 0.31549 
32 4.3 0.04771 0.0035989 4.04787e-05 0.314979 
32 4.3 0.0481281 0.00363373 3.95983e-05 0.313729 
32 4.3 0.0479221 0.00360013 3.89787e-05 0.31044 
32 4.3 0.0475273 0.00354509 3.76529e-05 0.306305 
32 4.3 0.0479555 0.00359145 3.82429e-05 0.307611 
32 4.32 0.0475176 0.00352711 3.6893e-05 0.300846 
32 4.32 0.0475107 0.00352226 3.63072e-05 0.299849 
32 4.32 0.0463754 0.00341843 3.64234e-05 0.300505 
32 4.32 0.0473312 0.00353011 3.65646e-05 0.305744 
32 4.32 0.0478346 0.00357599 3.76783e-05 0.305267 
32 4.34 0.0473191 0.0035369 3.75096e-05 0.30621 
32 4.34 0.0474775 0.00356295 3.84649e-05 0.308811 
32 4.34 0.0470518 0.00344994 3.53647e-05 0.291645 
32 4.34 0.0472326 0.00348246 3.57401e-05 0.295294 
32 4.34 0.0477816 0.00358641 3.85956e-05 0.307513 
32 4.36 0.0475082 0.00354281 3.74695e-05 0.301981 
32 4.36 0.0475244 0.00353158 3.699e-05 0.298983 
32 4.36 0.0468773 0.00343813 3.57456e-05 0.291382 
32 4.36 0.0472338 0.0035371 3.89704e-05 0.306746 
32 4.36 0.0477053 0.00355633 3.74178e-05 0.300749 
32 4.38 0.0466912 0.00344917 3.58664e-05 0.296703 
32 4.38 0.0468857 0.00346782 3.59588e-05 0.296806 
32 4.38 0.0468307 0.00345251 3.54119e-05 0.294436 
32 4.38 0.0468432 0.00343309 3.49985e-05 0.289622 
32 4.38 0.0469049 0.00345992 3.61481e-05 0.29454 
32 4.4 0.0471629 0.00347127 3.54773e-05 0.290195 
32 4.4 0.0465838 0.00340292 3.44795e-05 0.286923 
32 4.4 0.0471107 0.00349655 3.62517e-05 0.297222 
32 4.4 0.047693 0.00353271 3.62897e-05 0.292793 
32 4.4 0.0467352 0.00341175 3.43675e-05 0.28569 
32 4.42 0.0464424 0.00337578 3.38558e-05 0.282385 
32 4.42 0.0468543 0.00341384 3.33183e-05 0.282298 
32 4.42 0.0461814 0.00333152 3.33907e-05 0.277729 
32 4.42 0.0470576 0.00345998 3.48049e-05 0.288563 
32 4.42 0.0464047 0.00340992 3.51825e-05 0.291104 
32 4.44 0.0466426 0.00342419 3.56678e-05 0.287978 
32 4.44 0.0463008 0.00338881 3.55551e-05 0.287146 
32 4.44 0.0469656 0.00344858 3.57518e-05 0.28663 
32 4.44 0.0464717 0.00335944 3.33704e-05 0.276717 
32 4.44 0.0461234 0.00333006 3.27235e-05 0.277377 
32 4.46 0.0463328 0.00334558 3.26079e-05 0.275251 
32 4.46 0.0462465 0.00337159 3.40753e-05 0.283059 
32 4.46 0.0466604 0.00341048 3.48758e-05 0.28316 
32 4.46 0.0458564 0.00329498 3.2019e-05 0.273717 
32 4.46 0.0464551 0.00337311 3.39087e-05 0.278967 
32 4.48 0.0456795 0.00326858 3.18789e-05 0.270164 
32 4.48 0.0460771 0.00333313 3.26229e-05 0.276577 
32 4.48 0.046274 0.00335713 3.34606e-05 0.277907 
32 4.48 0.0458848 0.00329825 3.2752e-05 0.272649 
32 4.48 0.0462061 0.0033339 3.26425e-05 0.274035 
32 4.5 0.0455313 0.0032418 3.11092e-05 0.265946 
32 4.5 0.0460859 0.00333107 3.29054e-05 0.274695 
32 4.5 0.0455176 0.00325663 3.19847e-05 0.269603 
32 4.5 0.0462598 0.00336768 3.42275e-05 0.279373 
32 4.5 0.0455602 0.00325233 3.15345e-05 0.267741 
