size temperature m m2 m4 ms 
80 2.1 0.868858 0.755227 0.5713 0.955611 
80 2.1 0.868813 0.755153 0.571198 0.966317 
80 2.1 0.868885 0.755281 0.571404 0.977965 
80 2.1 0.86906 0.755572 0.571796 0.931191 
80 2.1 0.868629 0.754833 0.570711 0.962544 
80 2.101 0.868079 0.753883 0.569297 0.981745 
80 2.101 0.868208 0.7541 0.569606 0.962251 
80 2.101 0.868347 0.754345 0.569981 0.969804 
80 2.101 0.868037 0.753807 0.569173 0.971922 
80 2.101 0.868125 0.75395 0.569358 0.939188 
80 2.102 0.867667 0.753169 0.568224 0.984894 
80 2.102 0.867482 0.752844 0.567722 0.9738 
80 2.102 0.867515 0.752899 0.567798 0.964718 
80 2.102 0.867934 0.753629 0.568909 0.976646 
80 2.102 0.867292 0.75252 0.567245 0.98517 
80 2.103 0.867236 0.752431 0.567138 1.01386 
80 2.103 0.86676 0.7516 0.565873 0.996674 
80 2.103 0.867255 0.752452 0.567136 0.977627 
80 2.103 0.866723 0.75154 0.565795 1.00986 
80 2.103 0.867005 0.752018 0.56648 0.974288 
80 2.104 0.866506 0.751168 0.565242 1.01869 
80 2.104 0.866686 0.751465 0.565648 0.973697 
80 2.104 0.866403 0.750973 0.564903 0.968941 
80 2.104 0.866688 0.751482 0.565713 1.01746 
80 2.104 0.866463 0.751084 0.56509 0.989022 
80 2.105 0.865972 0.750232 0.563806 0.986081 
80 2.105 0.86569 0.749755 0.563124 1.02183 
80 2.105 0.866 0.750284 0.563897 0.998214 
80 2.105 0.866212 0.75066 0.564481 1.02074 
80 2.105 0.86591 0.750131 0.56367 1.00623 
80 2.106 0.865694 0.749757 0.563112 1.00726 
80 2.106 0.865179 0.748863 0.561768 0.999197 
80 2.106 0.86546 0.74936 0.562542 1.03155 
80 2.106 0.865573 0.749547 0.562796 1.00334 
80 2.106 0.86555 0.749511 0.562753 1.01453 
80 2.107 0.864804 0.748219 0.56081 1.0086 
80 2.107 0.864943 0.748455 0.561153 0.997366 
80 2.107 0.864757 0.748148 0.560738 1.04362 
80 2.107 0.86497 0.748507 0.561245 1.01467 
80 2.107 0.864741 0.748112 0.56066 1.01929 
80 2.108 0.86409 0.746996 0.559015 1.04492 
80 2.108 0.864472 0.747635 0.55991 0.979921 
80 2.108 0.863786 0.746475 0.55825 1.05924 
80 2.108 0.864093 0.746996 0.559003 1.03078 
80 2.108 0.864261 0.747304 0.5595 1.07976 
80 2.109 0.863474 0.745944 0.557477 1.08333 
80 2.109 0.863735 0.746375 0.55806 1.02334 
80 2.109 0.863583 0.746116 0.557691 1.03574 
80 2.109 0.86357 0.746105 0.557707 1.06891 
80 2.109 0.863793 0.746482 0.558245 1.04457 
80 2.11 0.862953 0.745046 0.556143 1.08651 
80 2.11 0.863034 0.745182 0.556339 1.0777 
80 2.11 0.863293 0.745614 0.556935 1.02891 
80 2.11 0.863227 0.7455 0.556767 1.02949 
80 2.11 0.863172 0.745421 0.55669 1.07784 
80 2.111 0.862541 0.744333 0.555073 1.07784 
80 2.111 0.862627 0.744478 0.555279 1.0704 
80 2.111 0.862338 0.743983 0.55455 1.07732 
80 2.111 0.862497 0.74426 0.554972 1.09027 
80 2.111 0.862635 0.7445 0.555338 1.09565 
80 2.112 0.862123 0.743624 0.554048 1.11402 
80 2.112 0.861923 0.743276 0.553526 1.10788 
80 2.112 0.861444 0.74245 0.552292 1.10085 
80 2.112 0.861711 0.742904 0.552955 1.08802 
80 2.112 0.861632 0.742775 0.552784 1.10904 
80 2.113 0.860981 0.74166 0.551143 1.12626 
80 2.113 0.861457 0.742458 0.552264 1.05618 
80 2.113 0.860756 0.741276 0.55058 1.13644 
80 2.113 0.861199 0.742026 0.551657 1.09421 
80 2.113 0.861331 0.742244 0.551959 1.07042 
80 2.114 0.860716 0.741188 0.550397 1.07587 
80 2.114 0.86062 0.74104 0.550226 1.13087 
80 2.114 0.86078 0.741307 0.550597 1.10306 
80 2.114 0.860205 0.740333 0.549198 1.15284 
80 2.114 0.860916 0.741541 0.550945 1.10151 
80 2.115 0.860171 0.740273 0.549106 1.1467 
80 2.115 0.860217 0.740343 0.549184 1.11741 
80 2.115 0.859919 0.739844 0.548484 1.1607 
80 2.115 0.860059 0.740082 0.548829 1.15244 
80 2.115 0.859913 0.739818 0.548401 1.1135 
80 2.116 0.859669 0.73941 0.54783 1.14679 
80 2.116 0.859605 0.739295 0.54764 1.12867 
80 2.116 0.859104 0.738435 0.546375 1.13508 
80 2.116 0.859338 0.738835 0.546965 1.13131 
80 2.116 0.859363 0.738893 0.547086 1.17324 
80 2.117 0.858272 0.737029 0.544362 1.20243 
80 2.117 0.858924 0.738127 0.545923 1.13977 
80 2.117 0.859129 0.738486 0.546473 1.15859 
80 2.117 0.858917 0.738132 0.54598 1.19042 
80 2.117 0.858921 0.738123 0.545918 1.13975 
80 2.118 0.858085 0.73669 0.543809 1.14487 
80 2.118 0.858238 0.736966 0.544257 1.19003 
80 2.118 0.858039 0.736626 0.543759 1.19647 
80 2.118 0.858132 0.736774 0.543944 1.15592 
80 2.118 0.858084 0.736692 0.543826 1.15964 
80 2.119 0.857777 0.736177 0.5431 1.19351 
80 2.119 0.857674 0.735987 0.542782 1.15405 
80 2.119 0.857483 0.735662 0.542312 1.16287 
80 2.119 0.857809 0.736236 0.5432 1.20964 
80 2.119 0.857432 0.735576 0.542187 1.16575 
80 2.12 0.856782 0.734468 0.540575 1.18268 
80 2.12 0.85663 0.734222 0.540252 1.22716 
80 2.12 0.85691 0.734699 0.540947 1.22104 
80 2.12 0.856795 0.734516 0.540714 1.26059 
80 2.12 0.857139 0.735094 0.541532 1.22709 
80 2.121 0.856211 0.733509 0.539214 1.24043 
80 2.121 0.856408 0.733831 0.539652 1.19794 
80 2.121 0.856232 0.733546 0.539277 1.24745 
80 2.121 0.856198 0.733477 0.539144 1.21238 
80 2.121 0.856115 0.733319 0.538867 1.16423 
80 2.122 0.855939 0.733035 0.538502 1.21712 
80 2.122 0.855587 0.73244 0.537649 1.23944 
80 2.122 0.855869 0.732927 0.538379 1.25515 
80 2.122 0.855626 0.732519 0.537798 1.27722 
80 2.122 0.855807 0.732813 0.538189 1.23145 
80 2.123 0.855024 0.731487 0.53628 1.26839 
80 2.123 0.855098 0.731608 0.536439 1.25157 
80 2.123 0.855108 0.731628 0.536479 1.26133 
80 2.123 0.855292 0.73194 0.536932 1.25474 
80 2.123 0.854816 0.731122 0.53572 1.24171 
80 2.124 0.854137 0.729979 0.534092 1.29093 
80 2.124 0.854364 0.730375 0.534699 1.31873 
80 2.124 0.854414 0.730435 0.534715 1.23956 
80 2.124 0.854135 0.729982 0.534118 1.31477 
80 2.124 0.854802 0.731098 0.535684 1.23872 
80 2.125 0.853396 0.728724 0.532293 1.32629 
80 2.125 0.85361 0.729096 0.532853 1.3425 
80 2.125 0.853907 0.729583 0.533505 1.28029 
80 2.125 0.853659 0.729152 0.53286 1.25904 
80 2.125 0.853968 0.729684 0.533646 1.27026 
80 2.126 0.852986 0.728008 0.531205 1.2746 
80 2.126 0.853068 0.728162 0.531461 1.31297 
80 2.126 0.852765 0.727638 0.530681 1.29547 
80 2.126 0.853057 0.728147 0.531452 1.32546 
80 2.126 0.853022 0.728076 0.531319 1.29105 
80 2.127 0.852569 0.727312 0.530233 1.32211 
80 2.127 0.852624 0.727407 0.53037 1.32055 
80 2.127 0.852247 0.726764 0.529439 1.32217 
80 2.127 0.852512 0.727205 0.530049 1.28987 
80 2.127 0.852614 0.727391 0.530352 1.32464 
80 2.128 0.851613 0.725685 0.527866 1.32445 
80 2.128 0.851465 0.725442 0.527538 1.35048 
80 2.128 0.851633 0.725721 0.527926 1.33033 
80 2.128 0.851486 0.725477 0.527591 1.34856 
80 2.128 0.851745 0.72591 0.528195 1.32243 
80 2.129 0.85104 0.724724 0.526514 1.36694 
80 2.129 0.851186 0.724961 0.526822 1.33109 
80 2.129 0.851004 0.724653 0.526388 1.33895 
80 2.129 0.850802 0.724327 0.525956 1.38908 
80 2.129 0.851095 0.724815 0.526643 1.36245 
80 2.13 0.85048 0.723784 0.525183 1.40767 
80 2.13 0.85083 0.724369 0.526005 1.3727 
80 2.13 0.850485 0.723779 0.525142 1.36539 
80 2.13 0.850505 0.723812 0.525189 1.36209 
80 2.13 0.850489 0.723782 0.525139 1.3551 
80 2.131 0.849752 0.722531 0.523332 1.35936 
80 2.131 0.849702 0.722453 0.52324 1.38061 
80 2.131 0.849789 0.722599 0.523443 1.37282 
80 2.131 0.849695 0.72246 0.523295 1.43669 
80 2.131 0.849645 0.722346 0.523056 1.34697 
80 2.132 0.849285 0.721749 0.522231 1.39188 
80 2.132 0.849076 0.72139 0.521704 1.38312 
80 2.132 0.849139 0.721494 0.521845 1.37235 
80 2.132 0.849314 0.721784 0.522241 1.34925 
80 2.132 0.848863 0.721031 0.521192 1.38966 
80 2.133 0.848357 0.720178 0.519978 1.40663 
80 2.133 0.84832 0.720118 0.519899 1.41419 
80 2.133 0.848471 0.72038 0.520288 1.43144 
80 2.133 0.848148 0.719831 0.519497 1.42764 
80 2.133 0.848303 0.720113 0.519952 1.48432 
80 2.134 0.847685 0.719049 0.518379 1.43569 
80 2.134 0.847314 0.718427 0.517504 1.45961 
80 2.134 0.847713 0.719106 0.518488 1.46671 
80 2.134 0.847461 0.718696 0.517946 1.51929 
80 2.134 0.847305 0.718417 0.517497 1.47253 
80 2.135 0.847394 0.718537 0.517594 1.38229 
80 2.135 0.846478 0.717011 0.515471 1.45843 
80 2.135 0.846603 0.717221 0.515767 1.45239 
80 2.135 0.846972 0.717846 0.516661 1.44921 
80 2.135 0.847009 0.717914 0.51677 1.46621 
80 2.136 0.846055 0.716301 0.514463 1.47325 
80 2.136 0.846291 0.716705 0.515059 1.49125 
80 2.136 0.846257 0.716639 0.514935 1.45929 
80 2.136 0.846543 0.717121 0.515625 1.45632 
80 2.136 0.846238 0.716604 0.514883 1.45477 
80 2.137 0.845403 0.71521 0.512934 1.50755 
80 2.137 0.845488 0.715349 0.513121 1.49346 
80 2.137 0.84534 0.715084 0.512702 1.44959 
80 2.137 0.845897 0.716008 0.513972 1.39387 
80 2.137 0.845672 0.715663 0.513576 1.50236 
80 2.138 0.844798 0.714185 0.511457 1.49895 
80 2.138 0.845002 0.714549 0.51203 1.56154 
80 2.138 0.844363 0.713474 0.510506 1.57293 
80 2.138 0.844459 0.713626 0.510694 1.54137 
80 2.138 0.844823 0.714213 0.511463 1.45979 
80 2.139 0.844544 0.713766 0.510886 1.53012 
80 2.139 0.844139 0.713078 0.509891 1.51623 
80 2.139 0.843952 0.712783 0.509525 1.58175 
80 2.139 0.84386 0.712635 0.509334 1.60077 
80 2.139 0.84421 0.713206 0.5101 1.54348 
80 2.14 0.843422 0.711886 0.508232 1.57303 
80 2.14 0.843532 0.712065 0.508479 1.553 
80 2.14 0.84377 0.712454 0.508999 1.5131 
80 2.14 0.843441 0.71193 0.508328 1.60514 
80 2.14 0.843064 0.711301 0.507456 1.62768 
80 2.141 0.842438 0.710232 0.505895 1.58491 
80 2.141 0.8425 0.710335 0.506039 1.57846 
80 2.141 0.842462 0.710289 0.506018 1.63238 
80 2.141 0.842761 0.710765 0.506632 1.55343 
80 2.141 0.842381 0.710166 0.505887 1.67448 
80 2.142 0.842026 0.709533 0.504893 1.5684 
80 2.142 0.841991 0.709508 0.504942 1.67054 
80 2.142 0.841975 0.709464 0.504841 1.62149 
80 2.142 0.841869 0.709281 0.504563 1.60507 
80 2.142 0.841558 0.708776 0.5039 1.66198 
80 2.143 0.840726 0.707376 0.50191 1.65847 
80 2.143 0.84149 0.708636 0.503633 1.5845 
80 2.143 0.841165 0.708103 0.502917 1.62838 
80 2.143 0.841096 0.708006 0.502823 1.68071 
80 2.143 0.841224 0.70819 0.503007 1.59095 
80 2.144 0.840808 0.707496 0.502035 1.60465 
80 2.144 0.84045 0.706903 0.501219 1.63084 
80 2.144 0.840237 0.706557 0.500763 1.66747 
80 2.144 0.840131 0.706383 0.500523 1.67784 
80 2.144 0.840747 0.707407 0.501942 1.64771 
80 2.145 0.839256 0.704932 0.498524 1.73443 
80 2.145 0.839579 0.705478 0.499302 1.74661 
80 2.145 0.839946 0.706072 0.500079 1.67943 
80 2.145 0.839719 0.7057 0.499582 1.70762 
80 2.145 0.840075 0.706288 0.500386 1.67717 
80 2.146 0.838852 0.704241 0.497519 1.69599 
80 2.146 0.838541 0.70373 0.496815 1.72584 
80 2.146 0.838806 0.704183 0.497473 1.74994 
80 2.146 0.838681 0.703954 0.497107 1.69546 
80 2.146 0.839186 0.704802 0.498309 1.69952 
80 2.147 0.838034 0.702905 0.495728 1.80361 
80 2.147 0.838128 0.703035 0.495836 1.72108 
80 2.147 0.838106 0.703 0.495792 1.72405 
80 2.147 0.837711 0.702362 0.494954 1.7967 
80 2.147 0.837777 0.702459 0.495057 1.75485 
80 2.148 0.836964 0.701104 0.493169 1.77618 
80 2.148 0.837178 0.701477 0.493718 1.81789 
80 2.148 0.837067 0.701298 0.493488 1.83635 
80 2.148 0.837675 0.702283 0.494796 1.73903 
80 2.148 0.837814 0.702519 0.495134 1.74784 
80 2.149 0.836674 0.700611 0.492455 1.75104 
80 2.149 0.836601 0.700494 0.492303 1.76226 
80 2.149 0.836597 0.700492 0.49232 1.78041 
80 2.149 0.836461 0.700261 0.49199 1.77201 
80 2.149 0.836402 0.700178 0.491902 1.81382 
80 2.15 0.835659 0.69896 0.49027 1.88836 
80 2.15 0.835993 0.699464 0.490831 1.72888 
80 2.15 0.83539 0.698495 0.489569 1.83863 
80 2.15 0.835374 0.69847 0.489542 1.84535 
80 2.15 0.835789 0.699161 0.490497 1.8391 
80 2.151 0.834741 0.697431 0.488136 1.90119 
80 2.151 0.835291 0.698329 0.489337 1.83926 
80 2.151 0.834985 0.697832 0.488683 1.88285 
80 2.151 0.835096 0.698017 0.488931 1.87736 
80 2.151 0.835219 0.698218 0.489205 1.86721 
80 2.152 0.834344 0.696745 0.487121 1.83067 
80 2.152 0.834092 0.696341 0.486595 1.87566 
80 2.152 0.834277 0.69664 0.486992 1.84931 
80 2.152 0.834626 0.697231 0.487832 1.87511 
80 2.152 0.834004 0.696182 0.486346 1.84406 
80 2.153 0.833673 0.695651 0.485652 1.90202 
80 2.153 0.833508 0.695355 0.485201 1.84314 
80 2.153 0.833592 0.695521 0.48549 1.91636 
80 2.153 0.833347 0.695103 0.484884 1.89166 
80 2.153 0.833083 0.694692 0.484377 1.97394 
80 2.154 0.832691 0.69401 0.483365 1.88658 
80 2.154 0.832613 0.693897 0.483246 1.93844 
80 2.154 0.832509 0.693731 0.483029 1.95763 
80 2.154 0.832871 0.694294 0.483722 1.84485 
80 2.154 0.832386 0.693518 0.482718 1.93454 
80 2.155 0.831521 0.692092 0.480772 1.97558 
80 2.155 0.83207 0.692988 0.481973 1.92034 
80 2.155 0.831507 0.692083 0.480795 2.01973 
80 2.155 0.831983 0.692849 0.481795 1.9404 
80 2.155 0.832063 0.692987 0.481996 1.95321 
80 2.156 0.831247 0.691615 0.480057 1.91054 
80 2.156 0.831027 0.691276 0.479651 1.9878 
80 2.156 0.831126 0.691445 0.479899 2.0013 
80 2.156 0.830842 0.690997 0.479332 2.07397 
80 2.156 0.83071 0.690782 0.479056 2.08845 
80 2.157 0.82993 0.68949 0.477269 2.09657 
80 2.157 0.830569 0.690498 0.478538 1.939 
80 2.157 0.82965 0.689038 0.476673 2.13192 
80 2.157 0.830463 0.690347 0.478397 2.01497 
80 2.157 0.829927 0.689482 0.477262 2.08703 
80 2.158 0.829335 0.688483 0.475839 2.03849 
80 2.158 0.8289 0.687778 0.474908 2.0849 
80 2.158 0.829296 0.688427 0.475787 2.05988 
80 2.158 0.828998 0.688005 0.475356 2.27659 
80 2.158 0.829156 0.688208 0.475515 2.10164 
80 2.159 0.82827 0.686737 0.473476 2.09076 
80 2.159 0.828042 0.686371 0.473004 2.12773 
80 2.159 0.828481 0.687091 0.473974 2.10571 
80 2.159 0.828737 0.687519 0.474582 2.11704 
80 2.159 0.828928 0.687845 0.47505 2.14324 
80 2.16 0.827608 0.685667 0.472073 2.17046 
80 2.16 0.827468 0.685402 0.471633 2.06936 
80 2.16 0.827251 0.68505 0.471169 2.08907 
80 2.16 0.827976 0.68625 0.472811 2.08951 
80 2.16 0.82697 0.684629 0.470693 2.21997 
80 2.161 0.826824 0.684367 0.470287 2.16263 
80 2.161 0.826382 0.683661 0.469367 2.23285 
80 2.161 0.826489 0.683809 0.469512 2.14683 
80 2.161 0.826633 0.684055 0.469866 2.17117 
80 2.161 0.826655 0.68409 0.469907 2.16631 
80 2.162 0.825326 0.681939 0.467076 2.29671 
80 2.162 0.825757 0.682623 0.467951 2.21619 
80 2.162 0.825845 0.68276 0.468114 2.19067 
80 2.162 0.825394 0.682068 0.467272 2.34795 
80 2.162 0.825869 0.682806 0.468189 2.20817 
80 2.163 0.824527 0.680595 0.465185 2.22107 
80 2.163 0.824336 0.680294 0.464802 2.26134 
80 2.163 0.824288 0.68023 0.464755 2.30635 
80 2.163 0.824871 0.6812 0.466039 2.33085 
80 2.163 0.825075 0.681483 0.466351 2.17155 
80 2.164 0.823644 0.679175 0.463333 2.3242 
80 2.164 0.824394 0.680375 0.46487 2.21544 
80 2.164 0.824121 0.679951 0.464369 2.296 
80 2.164 0.823828 0.67949 0.463792 2.36033 
80 2.164 0.824018 0.679758 0.464045 2.22455 
80 2.165 0.823419 0.678772 0.462707 2.22515 
80 2.165 0.823347 0.678694 0.462692 2.34334 
80 2.165 0.823135 0.678363 0.462272 2.39941 
80 2.165 0.822915 0.677981 0.461729 2.34053 
80 2.165 0.823026 0.678156 0.461939 2.31916 
80 2.166 0.822683 0.677583 0.461147 2.29092 
80 2.166 0.822201 0.676851 0.460289 2.4718 
80 2.166 0.82206 0.676582 0.459843 2.35995 
80 2.166 0.822278 0.676969 0.460433 2.4454 
80 2.166 0.822505 0.677304 0.460802 2.33475 
80 2.167 0.820823 0.674586 0.457231 2.46562 
80 2.167 0.821214 0.675208 0.458028 2.40832 
80 2.167 0.821073 0.674955 0.457636 2.34879 
80 2.167 0.821415 0.675573 0.458598 2.51293 
80 2.167 0.821689 0.675962 0.458971 2.33156 
80 2.168 0.820279 0.673715 0.456104 2.53015 
80 2.168 0.820028 0.673282 0.455458 2.46609 
80 2.168 0.820444 0.673947 0.456311 2.41506 
80 2.168 0.820279 0.6737 0.456047 2.49038 
80 2.168 0.820345 0.673821 0.456246 2.52638 
80 2.169 0.81969 0.672714 0.454681 2.42618 
80 2.169 0.818794 0.671328 0.452983 2.67044 
80 2.169 0.819472 0.672365 0.454231 2.45169 
80 2.169 0.819657 0.672684 0.454684 2.4966 
80 2.169 0.820003 0.673229 0.455368 2.43032 
80 2.17 0.818618 0.670969 0.452353 2.45761 
80 2.17 0.818738 0.671197 0.452728 2.55235 
80 2.17 0.817943 0.669943 0.451129 2.69211 
80 2.17 0.8178 0.669692 0.450781 2.64103 
80 2.17 0.818399 0.670648 0.452003 2.56996 
80 2.171 0.817959 0.669896 0.450929 2.47503 
80 2.171 0.81738 0.669033 0.449939 2.72052 
80 2.171 0.817248 0.668802 0.449616 2.67489 
80 2.171 0.817682 0.66948 0.450454 2.58244 
80 2.171 0.817988 0.66999 0.451152 2.61068 
80 2.172 0.816504 0.667578 0.447939 2.64715 
80 2.172 0.816629 0.667761 0.44815 2.58509 
80 2.172 0.8165 0.66761 0.448081 2.76107 
80 2.172 0.816877 0.668191 0.448774 2.66108 
80 2.172 0.816878 0.668191 0.44877 2.65359 
80 2.173 0.815213 0.665481 0.445179 2.67799 
80 2.173 0.81582 0.666467 0.446475 2.66665 
80 2.173 0.815007 0.665163 0.444784 2.73022 
80 2.173 0.815747 0.666361 0.446361 2.7008 
80 2.173 0.815566 0.666051 0.445935 2.66024 
80 2.174 0.814384 0.664128 0.443367 2.66721 
80 2.174 0.814456 0.664265 0.443602 2.72779 
80 2.174 0.814663 0.664591 0.444005 2.69387 
80 2.174 0.814944 0.665032 0.444555 2.64345 
80 2.174 0.81489 0.664967 0.44452 2.71272 
80 2.175 0.813555 0.662837 0.441794 2.84004 
80 2.175 0.814316 0.664046 0.443336 2.75359 
80 2.175 0.813428 0.662637 0.441534 2.85806 
80 2.175 0.813573 0.662835 0.441714 2.74521 
80 2.175 0.813857 0.663321 0.442418 2.81927 
80 2.176 0.812329 0.660866 0.439229 2.90539 
80 2.176 0.812307 0.660843 0.439203 2.94008 
80 2.176 0.812903 0.661751 0.440296 2.76369 
80 2.176 0.812665 0.661423 0.439975 2.93912 
80 2.176 0.812426 0.661004 0.439362 2.84709 
80 2.177 0.81188 0.66016 0.438334 2.97157 
80 2.177 0.811675 0.659772 0.437705 2.81141 
80 2.177 0.81138 0.659334 0.437225 2.93177 
80 2.177 0.811112 0.658948 0.436815 3.07151 
80 2.177 0.811828 0.660054 0.438159 2.90656 
80 2.178 0.810687 0.658216 0.435769 2.94512 
80 2.178 0.810237 0.657517 0.434908 3.03415 
80 2.178 0.810493 0.65792 0.435406 3.00033 
80 2.178 0.810576 0.658054 0.435591 3.00026 
80 2.178 0.810433 0.657826 0.435238 3.00856 
80 2.179 0.809105 0.655674 0.432464 3.0042 
80 2.179 0.809213 0.655896 0.432844 3.14307 
80 2.179 0.809374 0.656096 0.432997 2.96886 
80 2.179 0.809068 0.655663 0.432555 3.14658 
80 2.179 0.809575 0.656417 0.433405 2.95328 
80 2.18 0.808198 0.654273 0.430686 3.19415 
80 2.18 0.80876 0.655123 0.43174 3.02356 
80 2.18 0.808843 0.65523 0.431837 2.94383 
80 2.18 0.808487 0.654731 0.431357 3.1695 
80 2.18 0.808449 0.654707 0.431404 3.27875 
80 2.181 0.807189 0.652627 0.428582 3.14649 
80 2.181 0.807844 0.653671 0.429903 3.10885 
80 2.181 0.806493 0.651568 0.427348 3.33658 
80 2.181 0.807336 0.652844 0.428827 3.08749 
80 2.181 0.806861 0.652128 0.427994 3.23526 
80 2.182 0.805758 0.650382 0.42578 3.33295 
80 2.182 0.806927 0.652201 0.428034 3.14006 
80 2.182 0.806485 0.651504 0.427129 3.1837 
80 2.182 0.806325 0.65126 0.426856 3.22565 
80 2.182 0.806417 0.651438 0.427134 3.31658 
80 2.183 0.805083 0.649279 0.424323 3.2858 
80 2.183 0.804974 0.649072 0.423988 3.19291 
80 2.183 0.805225 0.649474 0.424505 3.18438 
80 2.183 0.804812 0.648863 0.423806 3.34645 
80 2.183 0.805294 0.649637 0.424808 3.33695 
80 2.184 0.803845 0.647298 0.421759 3.31495 
80 2.184 0.804268 0.64807 0.42289 3.58247 
80 2.184 0.804328 0.648067 0.422747 3.29235 
80 2.184 0.804478 0.648354 0.423219 3.4267 
80 2.184 0.804218 0.647906 0.422553 3.33753 
80 2.185 0.802631 0.645397 0.419413 3.46056 
80 2.185 0.803226 0.646347 0.420624 3.44396 
80 2.185 0.803292 0.646421 0.420641 3.34641 
80 2.185 0.802636 0.645406 0.4194 3.46082 
80 2.185 0.803307 0.646488 0.4208 3.47156 
80 2.186 0.8016 0.643759 0.417315 3.50412 
80 2.186 0.801578 0.643704 0.417216 3.44573 
80 2.186 0.801267 0.643302 0.416839 3.72663 
80 2.186 0.800884 0.642643 0.415966 3.59485 
80 2.186 0.802309 0.644865 0.418687 3.41093 
80 2.187 0.80103 0.642866 0.416214 3.56076 
80 2.187 0.800609 0.642212 0.415429 3.6238 
80 2.187 0.801426 0.64342 0.416773 3.32588 
80 2.187 0.800929 0.642684 0.415944 3.50187 
80 2.187 0.801443 0.643474 0.416907 3.40614 
80 2.188 0.800097 0.64139 0.414345 3.61295 
80 2.188 0.800017 0.64126 0.414169 3.60448 
80 2.188 0.79984 0.640973 0.413802 3.59532 
80 2.188 0.79902 0.639707 0.412234 3.72728 
80 2.188 0.799261 0.640091 0.412758 3.7256 
80 2.189 0.798688 0.639142 0.41147 3.62395 
80 2.189 0.798384 0.638787 0.411249 4.00334 
80 2.189 0.799052 0.639753 0.412333 3.70772 
80 2.189 0.798912 0.639524 0.411974 3.69295 
80 2.189 0.797947 0.638107 0.41041 4.05613 
80 2.19 0.796831 0.636293 0.408054 3.95568 
80 2.19 0.797997 0.638059 0.410155 3.68211 
80 2.19 0.796703 0.636067 0.407757 3.8909 
80 2.19 0.797276 0.63699 0.408951 3.9198 
80 2.19 0.797413 0.637187 0.40914 3.85302 
80 2.191 0.796078 0.635071 0.406473 3.88584 
80 2.191 0.796366 0.63551 0.406987 3.82963 
80 2.191 0.796071 0.635068 0.406492 3.91223 
80 2.191 0.796083 0.63509 0.406528 3.9209 
80 2.191 0.795949 0.634937 0.406384 4.09773 
80 2.192 0.79547 0.634179 0.405476 4.10623 
80 2.192 0.79488 0.633213 0.404219 4.02437 
80 2.192 0.794546 0.632667 0.4035 3.98359 
80 2.192 0.794923 0.633309 0.404367 4.10749 
80 2.192 0.794647 0.63283 0.403706 3.98884 
80 2.193 0.793658 0.631328 0.401897 4.18772 
80 2.193 0.793857 0.631636 0.402276 4.16399 
80 2.193 0.793017 0.630405 0.400907 4.46146 
80 2.193 0.793672 0.631439 0.402138 4.44507 
80 2.193 0.793849 0.631594 0.402197 4.08057 
80 2.194 0.791725 0.628304 0.398186 4.30321 
80 2.194 0.792192 0.629015 0.399045 4.22074 
80 2.194 0.792679 0.62983 0.400149 4.34521 
80 2.194 0.792154 0.628912 0.398832 4.09641 
80 2.194 0.793128 0.630409 0.400622 3.958 
80 2.195 0.791587 0.628055 0.397833 4.21385 
80 2.195 0.790996 0.627137 0.396684 4.26429 
80 2.195 0.791141 0.627415 0.397137 4.40291 
80 2.195 0.791232 0.62749 0.397099 4.2033 
80 2.195 0.791514 0.627976 0.397788 4.31909 
80 2.196 0.790187 0.625927 0.395264 4.46284 
80 2.196 0.789031 0.624152 0.393172 4.60959 
80 2.196 0.789772 0.625259 0.394473 4.42639 
80 2.196 0.790468 0.626342 0.395807 4.37701 
80 2.196 0.789891 0.625466 0.394748 4.48562 
80 2.197 0.788494 0.623317 0.392125 4.6456 
80 2.197 0.788469 0.623297 0.392172 4.7006 
80 2.197 0.787468 0.621818 0.390432 4.98753 
80 2.197 0.788488 0.623324 0.392141 4.6894 
80 2.197 0.788287 0.622967 0.391691 4.57594 
80 2.198 0.787337 0.621441 0.389716 4.48757 
80 2.198 0.787552 0.621798 0.390226 4.54102 
80 2.198 0.788125 0.6227 0.391291 4.53804 
80 2.198 0.788028 0.622488 0.390965 4.36732 
80 2.198 0.787898 0.622384 0.390979 4.65896 
80 2.199 0.78599 0.619315 0.387061 4.46592 
80 2.199 0.785984 0.619397 0.387379 4.73098 
80 2.199 0.785703 0.619081 0.387151 5.09703 
80 2.199 0.786003 0.619406 0.38733 4.67286 
80 2.199 0.785722 0.618915 0.386622 4.52682 
80 2.2 0.784849 0.617638 0.385236 4.79984 
80 2.2 0.784836 0.617644 0.385277 4.87659 
80 2.2 0.785539 0.618693 0.38648 4.71639 
80 2.2 0.784753 0.61756 0.385223 5.01211 
80 2.2 0.784459 0.617056 0.384529 4.88663 
80 2.201 0.783508 0.615511 0.382563 4.7296 
80 2.201 0.782955 0.614777 0.381885 5.11387 
80 2.201 0.783336 0.615424 0.382721 5.2597 
80 2.201 0.782977 0.614829 0.381983 5.16385 
80 2.201 0.783301 0.615293 0.382466 5.03676 
80 2.202 0.781618 0.612697 0.379361 5.1487 
80 2.202 0.782451 0.613994 0.380924 5.12466 
80 2.202 0.782024 0.613287 0.379993 5.01596 
80 2.202 0.782244 0.613675 0.380529 5.14377 
80 2.202 0.781859 0.61313 0.379955 5.31104 
80 2.203 0.78013 0.610393 0.376604 5.20367 
80 2.203 0.780656 0.611442 0.37815 5.86397 
80 2.203 0.780431 0.611021 0.377488 5.66272 
80 2.203 0.780508 0.611081 0.377497 5.48701 
80 2.203 0.779644 0.609748 0.375985 5.52801 
80 2.204 0.778902 0.608636 0.374666 5.65474 
80 2.204 0.779731 0.609824 0.375969 5.35372 
80 2.204 0.778832 0.608487 0.374401 5.54092 
80 2.204 0.779226 0.609173 0.375395 5.75165 
80 2.204 0.779702 0.609786 0.375882 5.37679 
80 2.205 0.777097 0.605858 0.371338 5.74472 
80 2.205 0.778127 0.607534 0.373451 5.95367 
80 2.205 0.778065 0.607386 0.373191 5.80816 
80 2.205 0.77783 0.606977 0.372669 5.68026 
80 2.205 0.778014 0.607295 0.373019 5.77153 
80 2.206 0.77683 0.605433 0.370826 5.71078 
80 2.206 0.77613 0.604305 0.369404 5.59204 
80 2.206 0.775888 0.603981 0.369089 5.74205 
80 2.206 0.776385 0.604759 0.370067 5.76084 
80 2.206 0.776459 0.604844 0.370129 5.67384 
80 2.207 0.774717 0.602209 0.367041 5.86511 
80 2.207 0.774878 0.602459 0.367338 5.86531 
80 2.207 0.774603 0.602036 0.366847 5.87373 
80 2.207 0.775006 0.602706 0.367748 6.00606 
80 2.207 0.774494 0.601914 0.366753 6.01121 
80 2.208 0.773109 0.599783 0.364211 6.04512 
80 2.208 0.773121 0.600023 0.364707 6.68786 
80 2.208 0.7735 0.60038 0.364865 6.02363 
80 2.208 0.77312 0.600004 0.364683 6.63671 
80 2.208 0.772911 0.599679 0.364361 6.63117 
80 2.209 0.771468 0.597508 0.361877 6.79512 
80 2.209 0.771053 0.596802 0.360938 6.60254 
80 2.209 0.771649 0.597519 0.361502 6.01744 
80 2.209 0.772499 0.599011 0.363512 6.53728 
80 2.209 0.771115 0.596846 0.360861 6.45484 
80 2.21 0.770447 0.595827 0.359734 6.48306 
80 2.21 0.77028 0.595587 0.35941 6.53495 
80 2.21 0.769933 0.594955 0.358567 6.25018 
80 2.21 0.770118 0.595418 0.359346 6.76357 
80 2.21 0.77054 0.595978 0.359864 6.50604 
80 2.211 0.768985 0.593657 0.357248 6.71259 
80 2.211 0.768833 0.593416 0.356954 6.69332 
80 2.211 0.768764 0.593403 0.357071 6.96287 
80 2.211 0.769327 0.594064 0.357598 6.36663 
80 2.211 0.768213 0.592509 0.355995 6.82737 
80 2.212 0.766507 0.589908 0.352974 6.87256 
80 2.212 0.766116 0.589496 0.352558 7.41681 
80 2.212 0.768046 0.592183 0.355378 6.62148 
80 2.212 0.767287 0.591201 0.354571 7.15055 
80 2.212 0.767578 0.591497 0.354668 6.71498 
80 2.213 0.764984 0.587713 0.350554 7.26841 
80 2.213 0.765598 0.588643 0.35154 7.23906 
80 2.213 0.766133 0.589296 0.352137 6.7574 
80 2.213 0.765536 0.588472 0.351214 7.01625 
80 2.213 0.765322 0.588194 0.351091 7.16305 
80 2.214 0.76361 0.585786 0.34848 7.76423 
80 2.214 0.763804 0.585935 0.348532 7.3369 
80 2.214 0.764753 0.587367 0.350124 7.28333 
80 2.214 0.764923 0.587579 0.350355 7.14611 
80 2.214 0.764095 0.586351 0.348981 7.25333 
80 2.215 0.761957 0.583126 0.345182 7.35902 
80 2.215 0.761812 0.583117 0.345528 7.97384 
80 2.215 0.762141 0.583395 0.345545 7.32844 
80 2.215 0.762785 0.584375 0.346681 7.31966 
80 2.215 0.762112 0.583339 0.345461 7.29231 
80 2.216 0.760185 0.580665 0.342615 8.04078 
80 2.216 0.760518 0.581228 0.343373 8.20125 
80 2.216 0.759466 0.579666 0.341636 8.30949 
80 2.216 0.760736 0.581524 0.343672 8.1001 
80 2.216 0.76067 0.581373 0.343431 7.95442 
80 2.217 0.758218 0.577737 0.33948 8.20589 
80 2.217 0.759286 0.579449 0.341399 8.46634 
80 2.217 0.758693 0.578631 0.340618 8.70578 
80 2.217 0.758537 0.578253 0.340017 8.30089 
80 2.217 0.759383 0.579452 0.341191 8.05124 
80 2.218 0.756322 0.575007 0.336484 8.60989 
80 2.218 0.757165 0.576279 0.337901 8.6012 
80 2.218 0.757615 0.576761 0.338248 8.02305 
80 2.218 0.756328 0.57507 0.336515 8.76355 
80 2.218 0.75595 0.57448 0.335935 8.71431 
80 2.219 0.754533 0.572448 0.333742 9.02106 
80 2.219 0.755547 0.573952 0.3354 8.94485 
80 2.219 0.754245 0.571953 0.33311 8.84596 
80 2.219 0.755085 0.573269 0.334633 8.98614 
80 2.219 0.755361 0.573677 0.335148 8.96053 
80 2.22 0.753723 0.571181 0.332172 8.8895 
80 2.22 0.753664 0.571149 0.332232 9.04951 
80 2.22 0.753346 0.570679 0.331603 9.07724 
80 2.22 0.753146 0.570286 0.33115 8.81466 
80 2.22 0.752976 0.570084 0.331031 8.97053 
80 2.221 0.750547 0.566775 0.32763 9.95159 
80 2.221 0.751872 0.568494 0.329299 9.16941 
80 2.221 0.751194 0.567766 0.328878 10.008 
80 2.221 0.751362 0.567815 0.32861 9.42204 
80 2.221 0.75156 0.568138 0.328978 9.49613 
80 2.222 0.749646 0.565324 0.325854 9.6612 
80 2.222 0.750028 0.565965 0.326739 9.85781 
80 2.222 0.748409 0.563733 0.324306 10.4148 
80 2.222 0.750124 0.565893 0.326404 9.23566 
80 2.222 0.749882 0.565708 0.326419 9.74928 
80 2.223 0.747879 0.562802 0.323232 10.0139 
80 2.223 0.747901 0.562808 0.323169 9.93966 
80 2.223 0.747284 0.562038 0.322509 10.3768 
80 2.223 0.748029 0.563066 0.323537 10.1273 
80 2.223 0.74697 0.561476 0.321847 10.1089 
80 2.224 0.745053 0.558997 0.319423 11.2038 
80 2.224 0.745732 0.559959 0.320474 11.0567 
80 2.224 0.745983 0.560038 0.320185 10.2078 
80 2.224 0.745867 0.559864 0.32009 10.2079 
80 2.224 0.745723 0.559772 0.320008 10.5576 
80 2.225 0.744605 0.557966 0.317848 10.1511 
80 2.225 0.743869 0.55718 0.317383 11.0426 
80 2.225 0.744529 0.557904 0.317951 10.302 
80 2.225 0.744656 0.558146 0.318217 10.4524 
80 2.225 0.743539 0.556744 0.316931 11.1988 
80 2.226 0.741254 0.553693 0.313865 12.1755 
80 2.226 0.74182 0.554482 0.314817 12.0324 
80 2.226 0.741218 0.553496 0.313504 11.7655 
80 2.226 0.743179 0.555986 0.315793 10.5551 
80 2.226 0.741765 0.554184 0.31418 11.4116 
80 2.227 0.74034 0.552153 0.312112 11.6366 
80 2.227 0.740063 0.551836 0.311804 11.906 
80 2.227 0.738789 0.550245 0.310367 12.7493 
80 2.227 0.741069 0.552914 0.312719 10.7212 
80 2.227 0.739644 0.551052 0.310737 11.4347 
80 2.228 0.736786 0.547294 0.307142 12.7535 
80 2.228 0.73835 0.549338 0.309202 11.9986 
80 2.228 0.737111 0.547468 0.30702 11.879 
80 2.228 0.736821 0.547535 0.307683 13.2976 
80 2.228 0.737846 0.548571 0.308344 11.9321 
80 2.229 0.736012 0.546224 0.306135 12.9477 
80 2.229 0.734641 0.544361 0.304159 13.3927 
80 2.229 0.735771 0.545635 0.305288 12.2782 
80 2.229 0.735666 0.545644 0.305399 12.7463 
80 2.229 0.736116 0.546173 0.305873 12.3636 
80 2.23 0.732343 0.541008 0.30061 13.4374 
80 2.23 0.733201 0.542164 0.30174 13.1455 
80 2.23 0.733528 0.542565 0.302113 12.9195 
80 2.23 0.732101 0.540982 0.300855 14.3796 
80 2.23 0.733666 0.542606 0.301958 12.4531 
80 2.231 0.730254 0.538177 0.297908 14.0739 
80 2.231 0.731067 0.539376 0.29897 14.1045 
80 2.231 0.730675 0.538694 0.298268 13.7926 
80 2.231 0.730953 0.539138 0.298711 13.9032 
80 2.231 0.73125 0.539596 0.299316 13.9692 
80 2.232 0.728325 0.535426 0.294934 14.2486 
80 2.232 0.727494 0.5346 0.294508 15.3491 
80 2.232 0.728699 0.535892 0.295431 14.0221 
80 2.232 0.729039 0.536285 0.295749 13.7278 
80 2.232 0.726727 0.533679 0.293684 15.9026 
80 2.233 0.725001 0.531008 0.29065 15.422 
80 2.233 0.726605 0.533281 0.293119 15.2662 
80 2.233 0.725511 0.531846 0.291582 15.7053 
80 2.233 0.725671 0.531942 0.29165 15.3155 
80 2.233 0.725446 0.531726 0.291401 15.6327 
80 2.234 0.725225 0.530888 0.290096 14.1416 
80 2.234 0.722828 0.527825 0.287306 15.3119 
80 2.234 0.722562 0.527798 0.287559 16.3344 
80 2.234 0.723579 0.529293 0.289212 16.4073 
80 2.234 0.723005 0.528468 0.288259 16.4209 
80 2.235 0.721249 0.525822 0.285551 16.099 
80 2.235 0.719663 0.524317 0.284606 18.3351 
80 2.235 0.721246 0.52576 0.285167 15.9317 
80 2.235 0.721947 0.526669 0.286228 15.6384 
80 2.235 0.720088 0.524256 0.283775 16.406 
80 2.236 0.718576 0.522535 0.282472 17.699 
80 2.236 0.719473 0.523676 0.283623 17.2721 
80 2.236 0.718668 0.522608 0.282693 17.5274 
80 2.236 0.719269 0.523285 0.283097 16.9919 
80 2.236 0.718225 0.521767 0.28148 16.9436 
80 2.237 0.717258 0.520608 0.280462 17.5904 
80 2.237 0.716493 0.519197 0.278705 16.6908 
80 2.237 0.715599 0.518582 0.278923 18.5976 
80 2.237 0.716661 0.519707 0.279593 17.4638 
80 2.237 0.716003 0.518938 0.279016 17.9601 
80 2.238 0.712836 0.514721 0.274889 18.836 
80 2.238 0.713123 0.515428 0.275829 19.6868 
80 2.238 0.712264 0.514033 0.274453 19.1968 
80 2.238 0.713692 0.515606 0.275476 17.8713 
80 2.238 0.71349 0.515779 0.275899 19.1925 
80 2.239 0.708707 0.50955 0.270316 20.8214 
80 2.239 0.710773 0.511937 0.272251 19.2624 
80 2.239 0.71066 0.512122 0.272675 20.2471 
80 2.239 0.709378 0.509998 0.27035 19.3826 
80 2.239 0.71237 0.513741 0.27371 17.9235 
80 2.24 0.707126 0.507238 0.267831 20.6042 
80 2.24 0.706449 0.50661 0.267604 21.5407 
80 2.24 0.706609 0.50655 0.267206 20.725 
80 2.24 0.705785 0.505752 0.266706 21.7712 
80 2.24 0.708088 0.50821 0.268572 19.4881 
80 2.241 0.703676 0.502918 0.263947 22.1562 
80 2.241 0.70415 0.503648 0.264789 22.3345 
80 2.241 0.704008 0.503158 0.264131 21.506 
80 2.241 0.704837 0.504118 0.264888 20.9122 
80 2.241 0.706176 0.506072 0.266795 21.0978 
80 2.242 0.702388 0.500846 0.261743 21.4007 
80 2.242 0.702274 0.501189 0.262495 22.8355 
80 2.242 0.702989 0.501607 0.262487 21.164 
80 2.242 0.701226 0.499445 0.26067 22.0598 
80 2.242 0.699952 0.498353 0.260172 24.0369 
80 2.243 0.697602 0.495552 0.257807 25.4056 
80 2.243 0.698744 0.496454 0.25807 23.4293 
80 2.243 0.699388 0.497042 0.25831 22.5345 
80 2.243 0.697485 0.494926 0.256579 24.0837 
80 2.243 0.698628 0.496344 0.257993 23.5782 
80 2.244 0.695181 0.491876 0.253791 24.5242 
80 2.244 0.693379 0.489893 0.252373 26.0068 
80 2.244 0.696371 0.493529 0.255602 24.5167 
80 2.244 0.694249 0.490638 0.252841 24.6863 
80 2.244 0.693647 0.490304 0.252679 26.1191 
80 2.245 0.691972 0.48791 0.250323 25.8988 
80 2.245 0.689748 0.485301 0.248323 27.2207 
80 2.245 0.692424 0.488479 0.25095 25.7378 
80 2.245 0.692916 0.489252 0.251815 25.9986 
80 2.245 0.692712 0.488825 0.251171 25.5876 
80 2.246 0.689966 0.48524 0.247921 26.1793 
80 2.246 0.689166 0.484401 0.247247 26.9324 
80 2.246 0.688608 0.483754 0.246757 27.2794 
80 2.246 0.69061 0.486105 0.248876 26.1108 
80 2.246 0.687769 0.483004 0.246239 28.4321 
80 2.247 0.68554 0.479787 0.243368 27.9747 
80 2.247 0.685466 0.479189 0.242333 26.5606 
80 2.247 0.685357 0.47923 0.242435 27.1035 
80 2.247 0.685189 0.479377 0.242837 28.1771 
80 2.247 0.686836 0.481421 0.244793 27.5615 
80 2.248 0.683819 0.477665 0.241283 28.6307 
80 2.248 0.685629 0.479503 0.242517 26.8056 
80 2.248 0.68108 0.474245 0.238253 29.5356 
80 2.248 0.681921 0.47523 0.239161 29.08 
80 2.248 0.684488 0.478316 0.241652 27.8767 
80 2.249 0.678212 0.47133 0.236174 32.3226 
80 2.249 0.677855 0.470784 0.235973 32.1466 
80 2.249 0.678947 0.471498 0.23593 29.9629 
80 2.249 0.678896 0.471808 0.236519 31.0415 
80 2.249 0.680095 0.473462 0.238014 31.1118 
80 2.25 0.675358 0.467592 0.232875 32.6652 
80 2.25 0.675242 0.467109 0.232306 31.7391 
80 2.25 0.674481 0.466225 0.231519 32.1445 
80 2.25 0.674109 0.466307 0.231972 33.8044 
80 2.25 0.676083 0.468003 0.232975 31.0475 
80 2.251 0.669277 0.460617 0.22745 36.0648 
80 2.251 0.672038 0.463235 0.229174 32.9799 
80 2.251 0.670521 0.461533 0.227732 33.9342 
80 2.251 0.670744 0.461688 0.22791 33.5241 
80 2.251 0.671605 0.462683 0.228595 33.0675 
80 2.252 0.666973 0.457765 0.224994 36.6945 
80 2.252 0.667342 0.45793 0.224763 35.7662 
80 2.252 0.668177 0.458591 0.22526 34.4739 
80 2.252 0.667153 0.457464 0.224453 35.1562 
80 2.252 0.666059 0.456884 0.224267 37.6542 
80 2.253 0.6624 0.451919 0.219929 37.3403 
80 2.253 0.66 0.449297 0.217891 38.9095 
80 2.253 0.66521 0.454818 0.221909 34.9777 
80 2.253 0.661979 0.451582 0.219807 37.9671 
80 2.253 0.661648 0.451003 0.219109 37.5676 
80 2.254 0.661173 0.450116 0.218201 36.8167 
80 2.254 0.660798 0.449509 0.217485 36.4996 
80 2.254 0.659012 0.447789 0.21646 38.309 
80 2.254 0.658728 0.447542 0.216294 38.6717 
80 2.254 0.657462 0.446361 0.215426 40.0503 
80 2.255 0.65228 0.440738 0.211499 43.335 
80 2.255 0.65589 0.443635 0.212734 38.1521 
80 2.255 0.653459 0.44115 0.210988 40.1366 
80 2.255 0.655838 0.443583 0.212927 38.1995 
80 2.255 0.653957 0.441901 0.21168 40.4169 
80 2.256 0.652049 0.440149 0.210612 42.5014 
80 2.256 0.652012 0.439468 0.209856 40.7073 
80 2.256 0.651842 0.439613 0.210093 41.7432 
80 2.256 0.651939 0.439231 0.209323 40.3012 
80 2.256 0.651222 0.438375 0.208706 40.5256 
80 2.257 0.647813 0.434923 0.206191 43.2738 
80 2.257 0.647252 0.434323 0.205977 43.633 
80 2.257 0.647747 0.434572 0.20586 42.5232 
80 2.257 0.649224 0.436307 0.206952 42.0128 
80 2.257 0.650344 0.437632 0.208411 41.6395 
80 2.258 0.641692 0.427831 0.200858 45.5256 
80 2.258 0.641034 0.426968 0.200014 45.4729 
80 2.258 0.641161 0.42736 0.200543 46.1218 
80 2.258 0.640987 0.426896 0.199787 45.4389 
80 2.258 0.642796 0.42929 0.201924 45.6418 
80 2.259 0.636053 0.421849 0.196287 48.974 
80 2.259 0.637361 0.4227 0.196597 46.6653 
80 2.259 0.637165 0.422052 0.195999 45.5333 
80 2.259 0.638891 0.424797 0.198455 47.0733 
80 2.259 0.636633 0.422791 0.197269 49.5491 
80 2.26 0.633367 0.418465 0.193585 49.0208 
80 2.26 0.632684 0.417478 0.192841 48.6788 
80 2.26 0.632246 0.417384 0.192735 49.9818 
80 2.26 0.633113 0.418781 0.19418 50.8299 
80 2.26 0.633441 0.417943 0.192852 47.2796 
80 2.261 0.625434 0.410086 0.187744 53.551 
80 2.261 0.628456 0.412897 0.189316 50.7823 
80 2.261 0.626873 0.411522 0.188462 52.5167 
80 2.261 0.628008 0.412296 0.188917 50.6727 
80 2.261 0.627085 0.411914 0.18896 52.8726 
80 2.262 0.622121 0.406238 0.184745 54.3326 
80 2.262 0.621645 0.4055 0.184161 53.9177 
80 2.262 0.622168 0.406417 0.184978 54.6727 
80 2.262 0.621558 0.405361 0.184147 53.8328 
80 2.262 0.618982 0.402583 0.181956 55.0174 
80 2.263 0.617315 0.401158 0.181056 56.7906 
80 2.263 0.619919 0.403414 0.182146 54.0599 
80 2.263 0.61694 0.400512 0.180483 56.2698 
80 2.263 0.619884 0.403221 0.181978 53.6351 
80 2.263 0.61799 0.401611 0.181195 55.7125 
80 2.264 0.613472 0.396991 0.178156 58.3535 
80 2.264 0.611082 0.394215 0.17591 58.7811 
80 2.264 0.61111 0.394272 0.176078 58.845 
80 2.264 0.611747 0.395148 0.176835 59.1214 
80 2.264 0.608969 0.392786 0.175474 62.0301 
80 2.265 0.607425 0.390333 0.173048 60.376 
80 2.265 0.608101 0.391228 0.173854 60.5835 
80 2.265 0.608102 0.390666 0.173206 58.9942 
80 2.265 0.60459 0.387751 0.171919 62.7894 
80 2.265 0.603613 0.386472 0.170971 62.5115 
80 2.266 0.603939 0.386501 0.1704 61.4524 
80 2.266 0.60382 0.385937 0.169588 60.2686 
80 2.266 0.598554 0.381027 0.166683 64.2821 
80 2.266 0.603279 0.385257 0.169023 60.1921 
80 2.266 0.599081 0.382219 0.168144 65.8666 
80 2.267 0.595786 0.377825 0.164445 64.5505 
80 2.267 0.596557 0.37867 0.164963 64.3392 
80 2.267 0.599533 0.381505 0.166726 62.2945 
80 2.267 0.596694 0.379176 0.165495 65.3052 
80 2.267 0.594876 0.376504 0.163178 63.8774 
80 2.268 0.59103 0.37319 0.16131 67.37 
80 2.268 0.591919 0.373353 0.161054 64.8591 
80 2.268 0.590492 0.37218 0.160307 66.3141 
80 2.268 0.592203 0.373521 0.161052 64.3864 
80 2.268 0.595785 0.377165 0.163532 62.66 
80 2.269 0.586049 0.367233 0.156953 67.0742 
80 2.269 0.583176 0.36417 0.154602 67.9069 
80 2.269 0.585875 0.367532 0.157574 68.4908 
80 2.269 0.583595 0.365564 0.156106 70.4597 
80 2.269 0.583088 0.364694 0.155642 69.6784 
80 2.27 0.580681 0.362037 0.153398 70.0531 
80 2.27 0.576009 0.357886 0.151199 73.5859 
80 2.27 0.581069 0.362827 0.154134 71.0079 
80 2.27 0.578621 0.359896 0.152312 70.7492 
80 2.27 0.577143 0.358572 0.151347 71.8333 
80 2.271 0.573026 0.35499 0.149441 75.0512 
80 2.271 0.571389 0.352459 0.147195 73.1981 
80 2.271 0.573961 0.354804 0.148486 71.5024 
80 2.271 0.570579 0.351605 0.146575 73.3976 
80 2.271 0.57429 0.355918 0.149699 73.5798 
80 2.272 0.569913 0.351137 0.146335 74.1853 
80 2.272 0.568765 0.350183 0.146087 75.1824 
80 2.272 0.567589 0.34862 0.144549 74.5431 
80 2.272 0.564959 0.346742 0.143973 77.6417 
80 2.272 0.566299 0.347795 0.144567 76.3388 
80 2.273 0.559938 0.341226 0.140087 77.9803 
80 2.273 0.559861 0.341345 0.140453 78.5599 
80 2.273 0.559105 0.340821 0.140073 79.4651 
80 2.273 0.560731 0.341963 0.140575 77.5528 
80 2.273 0.56022 0.340825 0.139387 75.9637 
80 2.274 0.554201 0.335441 0.136226 79.6548 
80 2.274 0.552947 0.333603 0.134813 78.3897 
80 2.274 0.553859 0.335065 0.13597 79.6634 
80 2.274 0.557209 0.338709 0.138342 79.442 
80 2.274 0.554595 0.33545 0.136118 78.4486 
80 2.275 0.544082 0.325896 0.130644 84.0315 
80 2.275 0.548024 0.32937 0.132375 81.6914 
80 2.275 0.548419 0.330031 0.133023 82.3326 
80 2.275 0.547811 0.329255 0.132337 82.0254 
80 2.275 0.551488 0.332606 0.134549 80.0821 
80 2.276 0.541763 0.32346 0.128985 84.2238 
80 2.276 0.543118 0.324159 0.128886 82.0602 
80 2.276 0.543205 0.324127 0.12874 81.7023 
80 2.276 0.543329 0.324719 0.129537 82.9865 
80 2.276 0.543744 0.325463 0.130112 83.8128 
80 2.277 0.536175 0.317299 0.124957 83.8037 
80 2.277 0.53611 0.31802 0.125547 86.0238 
80 2.277 0.533627 0.315473 0.123916 86.3303 
80 2.277 0.539087 0.320676 0.127024 84.4954 
80 2.277 0.534728 0.316053 0.124086 84.6546 
80 2.278 0.528643 0.310373 0.120799 86.8393 
80 2.278 0.52853 0.311018 0.121591 88.9861 
80 2.278 0.529052 0.310703 0.120749 86.5519 
80 2.278 0.527789 0.310288 0.121376 89.1342 
80 2.278 0.529653 0.312012 0.122066 88.4413 
80 2.279 0.522654 0.304834 0.11754 88.9282 
80 2.279 0.522583 0.304442 0.117082 88.0355 
80 2.279 0.520468 0.303822 0.117451 92.4888 
80 2.279 0.521735 0.30364 0.116719 88.2696 
80 2.279 0.525236 0.307464 0.119191 88.7158 
80 2.28 0.512963 0.295897 0.112497 91.9734 
80 2.28 0.514805 0.297511 0.113171 91.1899 
80 2.28 0.512601 0.29611 0.112925 93.615 
80 2.28 0.516245 0.298579 0.113709 90.0209 
80 2.28 0.517975 0.300523 0.115007 90.4568 
80 2.281 0.509928 0.292579 0.110207 91.3348 
80 2.281 0.510841 0.29375 0.110764 92.0045 
80 2.281 0.508055 0.290912 0.108867 92.0088 
80 2.281 0.509901 0.29285 0.110427 92.1727 
80 2.281 0.508318 0.291147 0.109242 91.9186 
80 2.282 0.499962 0.284412 0.106005 96.6185 
80 2.282 0.506507 0.289817 0.108538 93.2995 
80 2.282 0.496871 0.281526 0.104395 97.1627 
80 2.282 0.502576 0.285885 0.106279 93.3968 
80 2.282 0.500103 0.284253 0.106108 95.7746 
80 2.283 0.496409 0.280238 0.103066 94.8002 
80 2.283 0.49258 0.277423 0.101907 97.5233 
80 2.283 0.493728 0.277784 0.101742 95.361 
80 2.283 0.493331 0.277974 0.101997 96.9912 
80 2.283 0.499774 0.282886 0.104679 92.8223 
80 2.284 0.490334 0.275154 0.100633 97.3083 
80 2.284 0.488454 0.27277 0.0989182 95.7841 
80 2.284 0.487726 0.272565 0.0992596 97.2002 
80 2.284 0.490534 0.27463 0.0998138 95.2903 
80 2.284 0.49145 0.275217 0.100104 94.4162 
80 2.285 0.483196 0.26821 0.0965933 97.2778 
80 2.285 0.480694 0.266213 0.0953752 98.4396 
80 2.285 0.484126 0.268721 0.0965242 96.1921 
80 2.285 0.482688 0.268259 0.0967191 98.7909 
80 2.285 0.483662 0.268777 0.09683 97.6071 
80 2.286 0.478957 0.264004 0.0938766 96.8786 
80 2.286 0.472936 0.258864 0.0914189 98.5353 
80 2.286 0.47901 0.264432 0.0942139 97.9342 
80 2.286 0.472686 0.259022 0.0916539 99.6393 
80 2.286 0.471104 0.257979 0.0910533 100.9 
80 2.287 0.469106 0.256048 0.0902369 100.709 
80 2.287 0.468602 0.255455 0.0894995 100.374 
80 2.287 0.468664 0.255333 0.0894665 99.8668 
80 2.287 0.468689 0.25576 0.089773 100.997 
80 2.287 0.465287 0.253616 0.089294 103.887 
80 2.288 0.45909 0.247191 0.08529 101.894 
80 2.288 0.4614 0.249143 0.0862551 101.407 
80 2.288 0.461657 0.249524 0.0864028 101.809 
80 2.288 0.459856 0.247352 0.0851579 100.374 
80 2.288 0.458661 0.24736 0.0856313 103.468 
80 2.289 0.454644 0.24302 0.0826421 101.545 
80 2.289 0.452403 0.241296 0.0821983 102.412 
80 2.289 0.45537 0.243432 0.0830297 100.851 
80 2.289 0.457113 0.245232 0.0841289 101.436 
80 2.289 0.455899 0.243686 0.0831141 100.214 
80 2.29 0.443994 0.233594 0.0779923 101.906 
80 2.29 0.447739 0.237172 0.0798531 102.575 
80 2.29 0.448102 0.237286 0.0798823 101.984 
80 2.29 0.448214 0.237537 0.0801353 102.405 
80 2.29 0.44592 0.23557 0.079114 102.64 
80 2.291 0.439945 0.230365 0.0765432 102.841 
80 2.291 0.438567 0.229793 0.0763676 104.623 
80 2.291 0.440643 0.231064 0.0766073 103.075 
80 2.291 0.441129 0.230866 0.0764762 101.323 
80 2.291 0.439944 0.230336 0.0765114 102.761 
80 2.292 0.431629 0.223546 0.0730186 103.992 
80 2.292 0.438134 0.228256 0.0750443 101.346 
80 2.292 0.429219 0.221482 0.0719341 104.024 
80 2.292 0.436421 0.227084 0.0745506 102.258 
80 2.292 0.430525 0.221979 0.0720222 102.276 
80 2.293 0.427816 0.220398 0.0715597 104.307 
80 2.293 0.425011 0.217374 0.0697199 102.543 
80 2.293 0.427974 0.219856 0.0708292 102.417 
80 2.293 0.429432 0.22097 0.071454 102.038 
80 2.293 0.426238 0.218643 0.0703616 103.172 
80 2.294 0.421802 0.215215 0.0689225 104.055 
80 2.294 0.420795 0.213626 0.0677118 101.991 
80 2.294 0.418801 0.211775 0.0666491 101.496 
80 2.294 0.419939 0.214073 0.068611 105.245 
80 2.294 0.421007 0.214513 0.0684727 103.967 
80 2.295 0.41209 0.207107 0.0647707 103.988 
80 2.295 0.419027 0.212449 0.0672925 102.807 
80 2.295 0.415903 0.20996 0.0660847 103.139 
80 2.295 0.417424 0.210561 0.0662474 101.278 
80 2.295 0.412414 0.206958 0.0645962 102.826 
80 2.296 0.408041 0.203559 0.0630865 103.307 
80 2.296 0.409218 0.20422 0.0632368 102.469 
80 2.296 0.408385 0.203617 0.062947 102.687 
80 2.296 0.407785 0.203761 0.0633998 104.453 
80 2.296 0.408809 0.204216 0.0634566 103.389 
80 2.297 0.402914 0.199222 0.0608896 102.763 
80 2.297 0.399129 0.196491 0.0597535 103.612 
80 2.297 0.405957 0.201913 0.0622418 103.402 
80 2.297 0.403141 0.19898 0.0605984 101.581 
80 2.297 0.395755 0.194234 0.0590089 104.798 
80 2.298 0.396426 0.194306 0.0589128 103.47 
80 2.298 0.396593 0.193608 0.0582245 101.158 
80 2.298 0.395288 0.192468 0.0576356 100.859 
80 2.298 0.396282 0.194189 0.0586899 103.461 
80 2.298 0.393336 0.191385 0.0573123 102.13 
80 2.299 0.386957 0.186842 0.0556369 103.298 
80 2.299 0.386408 0.186389 0.0551338 103.217 
80 2.299 0.387906 0.186712 0.0548354 100.887 
80 2.299 0.387182 0.186946 0.0554168 103.1 
80 2.299 0.392461 0.190429 0.056659 101.341 
80 2.3 0.380708 0.181688 0.0529774 102.259 
80 2.3 0.379257 0.180758 0.0526954 102.74 
80 2.3 0.381399 0.182332 0.0531677 102.587 
80 2.3 0.375914 0.179265 0.0525583 105.61 
80 2.3 0.379876 0.18116 0.0526776 102.553 
80 2.301 0.376804 0.178571 0.0515121 101.77 
80 2.301 0.382055 0.182643 0.0532427 102.012 
80 2.301 0.376464 0.178243 0.0513553 101.57 
80 2.301 0.375591 0.178095 0.0517423 102.985 
80 2.301 0.376555 0.178003 0.0512063 100.712 
80 2.302 0.369051 0.172784 0.049106 101.715 
80 2.302 0.370054 0.173285 0.0492336 101.045 
80 2.302 0.372401 0.174547 0.0493768 99.7103 
80 2.302 0.37081 0.173932 0.0495266 101.288 
80 2.302 0.3664 0.17083 0.0482731 101.702 
80 2.303 0.369397 0.172429 0.048664 99.974 
80 2.303 0.363098 0.168503 0.0473151 101.884 
80 2.303 0.365119 0.169559 0.0476394 100.731 
80 2.303 0.360982 0.166787 0.046428 101.376 
80 2.303 0.36591 0.169857 0.0475615 99.9504 
80 2.304 0.357964 0.163942 0.0449717 99.4567 
80 2.304 0.358411 0.164239 0.0452301 99.3903 
80 2.304 0.359473 0.165212 0.0457256 99.9752 
80 2.304 0.360761 0.166207 0.0461986 100.163 
80 2.304 0.356914 0.163418 0.0450791 100.085 
80 2.305 0.353519 0.159976 0.043242 97.1808 
80 2.305 0.353371 0.160606 0.0437865 99.2199 
80 2.305 0.351096 0.158882 0.042981 98.8855 
80 2.305 0.353301 0.160409 0.04361 98.8101 
80 2.305 0.354965 0.161485 0.0440869 98.5265 
80 2.306 0.344369 0.153829 0.0408962 97.8011 
80 2.306 0.348638 0.156663 0.0419402 97.456 
80 2.306 0.346481 0.155293 0.0413505 97.8143 
80 2.306 0.34414 0.153361 0.0407121 96.9394 
80 2.306 0.346583 0.155778 0.0418089 98.9662 
80 2.307 0.343181 0.153027 0.0405437 97.7999 
80 2.307 0.342541 0.152155 0.0400384 96.5992 
80 2.307 0.342825 0.152776 0.0405089 97.7823 
80 2.307 0.341756 0.151132 0.0394886 95.2508 
80 2.307 0.338731 0.149194 0.0390343 95.5855 
80 2.308 0.337408 0.148431 0.0385944 95.9083 
80 2.308 0.337937 0.148579 0.0385787 95.327 
80 2.308 0.336078 0.147296 0.0382354 95.2451 
80 2.308 0.340627 0.150829 0.039562 96.506 
80 2.308 0.334805 0.147031 0.0381742 96.8792 
80 2.309 0.331778 0.144249 0.0368747 94.7178 
80 2.309 0.330834 0.144144 0.0371387 96.1621 
80 2.309 0.335387 0.14655 0.0374943 94.4225 
80 2.309 0.329241 0.142608 0.0364583 94.8171 
80 2.309 0.332109 0.14424 0.0367238 94.0857 
80 2.31 0.327135 0.140234 0.034985 92.0307 
80 2.31 0.32539 0.13947 0.0349137 93.0652 
80 2.31 0.323658 0.138686 0.034703 94.0105 
80 2.31 0.327333 0.140644 0.0353448 92.806 
80 2.31 0.32678 0.141053 0.0357116 94.9407 
80 2.311 0.320225 0.135289 0.0332396 90.6833 
80 2.311 0.321653 0.136457 0.0336049 91.3769 
80 2.311 0.318998 0.135221 0.033422 92.6673 
80 2.311 0.320486 0.135834 0.0333963 91.7293 
80 2.311 0.319271 0.135577 0.0334899 93.1702 
80 2.312 0.316528 0.133277 0.032633 91.591 
80 2.312 0.313936 0.130959 0.0313617 89.6982 
80 2.312 0.314218 0.131693 0.0319742 91.2393 
80 2.312 0.313801 0.130827 0.0314254 89.5659 
80 2.312 0.316296 0.133113 0.0326071 91.5436 
80 2.313 0.311876 0.129606 0.0308867 89.4829 
80 2.313 0.311055 0.129416 0.0309522 90.3701 
80 2.313 0.313767 0.13036 0.0310987 88.2955 
80 2.313 0.310182 0.129025 0.0310823 90.7892 
80 2.313 0.311571 0.129626 0.031051 90.064 
80 2.314 0.306063 0.125737 0.029503 88.678 
80 2.314 0.306216 0.126218 0.0300265 89.7491 
80 2.314 0.306703 0.12594 0.0296354 88.155 
80 2.314 0.307767 0.127017 0.0300665 89.3254 
80 2.314 0.305623 0.125428 0.0294886 88.5668 
80 2.315 0.302753 0.123672 0.0290267 88.501 
80 2.315 0.30216 0.123121 0.0287726 87.9699 
80 2.315 0.301089 0.122636 0.0286067 88.4141 
80 2.315 0.299092 0.121474 0.0282358 88.5177 
80 2.315 0.298022 0.120263 0.0276921 86.9346 
80 2.316 0.295687 0.118477 0.0268525 85.7923 
80 2.316 0.29501 0.118733 0.0271464 87.6031 
80 2.316 0.29779 0.119521 0.0271547 85.2301 
80 2.316 0.295267 0.118201 0.0268552 85.7142 
80 2.316 0.296885 0.119698 0.0274218 87.2039 
80 2.317 0.294494 0.117582 0.0265818 85.2281 
80 2.317 0.291465 0.115049 0.0254444 83.133 
80 2.317 0.292979 0.116827 0.0263569 85.6015 
80 2.317 0.293422 0.116764 0.026335 84.7098 
80 2.317 0.294386 0.117225 0.0263215 84.4167 
80 2.318 0.286568 0.11238 0.0247227 83.5443 
80 2.318 0.289579 0.114164 0.0252791 83.6802 
80 2.318 0.289386 0.114386 0.0255177 84.6017 
80 2.318 0.287173 0.112922 0.0249729 84.0842 
80 2.318 0.289191 0.113474 0.024875 82.3946 
80 2.319 0.281974 0.109156 0.0237489 81.821 
80 2.319 0.286553 0.111957 0.0245293 82.3638 
80 2.319 0.281285 0.108611 0.0232714 81.3854 
80 2.319 0.283744 0.109898 0.0235571 81.1016 
80 2.319 0.286038 0.1116 0.0243049 82.1943 
80 2.32 0.278329 0.106454 0.0224878 79.964 
80 2.32 0.278208 0.107032 0.02299 81.7457 
80 2.32 0.278147 0.106986 0.023027 81.7123 
80 2.32 0.279886 0.107749 0.023044 81.1393 
80 2.32 0.280206 0.108132 0.023318 81.7009 
80 2.321 0.278317 0.105968 0.0221751 78.6068 
80 2.321 0.277573 0.105534 0.0221478 78.5519 
80 2.321 0.274603 0.104225 0.0218432 79.4624 
80 2.321 0.274411 0.10417 0.0219633 79.605 
80 2.321 0.273598 0.103613 0.0216906 79.297 
80 2.322 0.267889 0.100296 0.0206164 78.6394 
80 2.322 0.268392 0.100804 0.0209445 79.2972 
80 2.322 0.2748 0.104005 0.0216019 78.5252 
80 2.322 0.272765 0.102263 0.0209252 76.7953 
80 2.322 0.267657 0.0992982 0.0200921 76.2316 
80 2.323 0.267398 0.0995457 0.0203032 77.2631 
80 2.323 0.268633 0.100085 0.0204525 76.9249 
80 2.323 0.266252 0.0986091 0.0199785 76.3676 
80 2.323 0.267582 0.0997969 0.0203763 77.6842 
80 2.323 0.26841 0.0999711 0.0203459 76.9404 
80 2.324 0.261306 0.0955557 0.0189035 75.1115 
80 2.324 0.26309 0.0968409 0.0193697 76.0744 
80 2.324 0.264722 0.0972817 0.0194424 74.9164 
80 2.324 0.261907 0.096058 0.0192007 75.6283 
80 2.324 0.262659 0.0966608 0.0193959 76.2031 
80 2.325 0.259696 0.0948255 0.0188891 75.3785 
80 2.325 0.261088 0.0954652 0.018934 75.1429 
80 2.325 0.260046 0.0948211 0.0186179 74.8647 
80 2.325 0.259398 0.095089 0.0190115 76.5292 
80 2.325 0.261179 0.0953229 0.018863 74.6204 
80 2.326 0.255471 0.0922185 0.018036 74.1619 
80 2.326 0.254046 0.0907185 0.0173082 72.0325 
80 2.326 0.25565 0.0921464 0.0179333 73.7119 
80 2.326 0.255662 0.0918275 0.0176744 72.8173 
80 2.326 0.254292 0.0911844 0.017762 72.9693 
80 2.327 0.253987 0.090877 0.0174778 72.519 
80 2.327 0.250626 0.0893996 0.0173008 73.1204 
80 2.327 0.253522 0.0902843 0.0172498 71.5385 
80 2.327 0.252515 0.0896506 0.0171139 71.1973 
80 2.327 0.255062 0.0913041 0.0174901 72.1892 
80 2.328 0.246057 0.0860696 0.0159636 70.1727 
80 2.328 0.249947 0.0883081 0.0166395 71.0233 
80 2.328 0.247027 0.0867006 0.016338 70.5939 
80 2.328 0.250175 0.0880283 0.0164634 69.9397 
80 2.328 0.248957 0.0871337 0.0161627 69.1529 
80 2.329 0.249096 0.0876672 0.016425 70.3983 
80 2.329 0.247722 0.0863615 0.0158379 68.686 
80 2.329 0.244781 0.0852502 0.0157255 69.6126 
80 2.329 0.24655 0.0857781 0.0156099 68.6748 
80 2.329 0.246579 0.0860506 0.0160048 69.3844 
80 2.33 0.24124 0.0827736 0.0149129 67.5074 
80 2.33 0.242618 0.0834623 0.014943 67.5677 
80 2.33 0.24214 0.0833778 0.0151277 67.9712 
80 2.33 0.241401 0.0828496 0.0148203 67.5021 
80 2.33 0.241545 0.0830421 0.0150307 67.8397 
80 2.331 0.238204 0.0809201 0.0143582 66.3857 
80 2.331 0.240902 0.0826131 0.0148378 67.4847 
80 2.331 0.237715 0.0809219 0.0145564 67.0298 
80 2.331 0.239383 0.0817264 0.0145966 67.054 
80 2.331 0.240581 0.0822046 0.0146491 66.7876 
80 2.332 0.237927 0.0801499 0.0139339 64.6052 
80 2.332 0.237971 0.0811203 0.0144097 67.211 
80 2.332 0.23801 0.0802836 0.0139959 64.864 
80 2.332 0.236762 0.0800409 0.0140475 65.8243 
80 2.332 0.233743 0.0785087 0.0136626 65.5177 
80 2.333 0.231801 0.0773628 0.0133995 64.8257 
80 2.333 0.235996 0.0795279 0.0138623 65.3822 
80 2.333 0.232668 0.0771487 0.0131144 63.1345 
80 2.333 0.233475 0.0779901 0.0134842 64.4101 
80 2.333 0.233262 0.0780257 0.013513 64.7801 
80 2.334 0.229058 0.0751858 0.0126111 62.295 
80 2.334 0.2299 0.0761904 0.0130484 63.9906 
80 2.334 0.232406 0.0774495 0.013356 64.2653 
80 2.334 0.231124 0.0765675 0.0130867 63.4766 
80 2.334 0.230377 0.0760553 0.0129225 63.017 
80 2.335 0.225749 0.0735147 0.0122302 61.8126 
80 2.335 0.225974 0.0735383 0.0121335 61.5991 
80 2.335 0.22558 0.0735184 0.0121841 62.032 
80 2.335 0.226378 0.0732566 0.0119475 60.3256 
80 2.335 0.225987 0.0735601 0.0122127 61.6429 
80 2.336 0.223275 0.0720773 0.011808 60.8927 
80 2.336 0.224183 0.0726471 0.0120212 61.3401 
80 2.336 0.224994 0.0729593 0.0119964 61.1971 
80 2.336 0.226625 0.0737205 0.0122034 61.2649 
80 2.336 0.225215 0.0731634 0.0120851 61.4841 
80 2.337 0.221287 0.0710948 0.0115991 60.5951 
80 2.337 0.22088 0.0711023 0.0115467 61.1092 
80 2.337 0.222571 0.071724 0.0116843 60.7579 
80 2.337 0.221886 0.0709276 0.0113277 59.411 
80 2.337 0.222877 0.0718095 0.0116539 60.6181 
80 2.338 0.220676 0.0701763 0.0111277 58.7941 
80 2.338 0.22072 0.0704357 0.0113322 59.4516 
80 2.338 0.217405 0.0685327 0.010725 58.2184 
80 2.338 0.219297 0.0697299 0.0110672 59.234 
80 2.338 0.218563 0.0689752 0.0108394 58.0475 
80 2.339 0.218617 0.0691425 0.0108747 58.4156 
80 2.339 0.21768 0.0685474 0.010785 57.9061 
80 2.339 0.220017 0.0699646 0.0111056 58.9851 
80 2.339 0.215987 0.0680232 0.010679 58.4805 
80 2.339 0.215023 0.0671858 0.0104536 57.3261 
80 2.34 0.214077 0.0662784 0.0100969 55.9306 
80 2.34 0.214946 0.066999 0.0103222 56.8817 
80 2.34 0.214116 0.0665081 0.0101492 56.5122 
80 2.34 0.214939 0.067348 0.0104742 57.8434 
80 2.34 0.213492 0.0664762 0.0102314 57.1553 
80 2.341 0.213114 0.0663589 0.0102871 57.2513 
80 2.341 0.210981 0.0647899 0.00983955 55.4352 
80 2.341 0.210408 0.0647379 0.00981854 55.9529 
80 2.341 0.212061 0.0651661 0.00971995 55.2138 
80 2.341 0.208953 0.0639311 0.0096024 55.4148 
80 2.342 0.20694 0.0627132 0.00925811 54.3503 
80 2.342 0.209023 0.0639816 0.00968797 55.4495 
80 2.342 0.209897 0.0641406 0.00954482 54.8834 
80 2.342 0.210016 0.064223 0.00962913 54.9719 
80 2.342 0.209772 0.0641391 0.00960133 55.0225 
80 2.343 0.206602 0.0626013 0.00923552 54.4037 
80 2.343 0.207519 0.063088 0.00935399 54.6955 
80 2.343 0.206515 0.062464 0.00920063 54.1266 
80 2.343 0.207579 0.0626815 0.00916495 53.5173 
80 2.343 0.206269 0.0624925 0.00932295 54.4827 
80 2.344 0.203583 0.0608944 0.00884142 53.1017 
80 2.344 0.206168 0.0616827 0.00884562 52.362 
80 2.344 0.203134 0.0607251 0.00879401 53.1381 
80 2.344 0.203901 0.0608945 0.00872566 52.748 
80 2.344 0.201736 0.0601743 0.00867285 53.1793 
80 2.345 0.202252 0.0604425 0.00873944 53.3193 
80 2.345 0.201947 0.0600341 0.00859694 52.5419 
80 2.345 0.199998 0.0588086 0.00827985 51.3352 
80 2.345 0.201213 0.0593623 0.00840342 51.5157 
80 2.345 0.203551 0.060494 0.00853544 52.0217 
80 2.346 0.19859 0.0581254 0.00810819 50.9805 
80 2.346 0.199835 0.058999 0.00830039 52.01 
80 2.346 0.199271 0.0588887 0.00832411 52.323 
80 2.346 0.19793 0.0579736 0.00816304 51.28 
80 2.346 0.201222 0.0596713 0.0084852 52.3262 
80 2.347 0.198091 0.0576969 0.00800921 50.3302 
80 2.347 0.196233 0.056847 0.00780034 50.0103 
80 2.347 0.198505 0.0579536 0.00808338 50.5826 
80 2.347 0.199413 0.0586076 0.00814648 51.3805 
80 2.347 0.19923 0.0584641 0.00827282 51.1874 
80 2.348 0.195798 0.0565673 0.00770792 49.6907 
80 2.348 0.195212 0.0564226 0.00770428 49.9211 
80 2.348 0.194372 0.0555731 0.00746764 48.4975 
80 2.348 0.19575 0.0567065 0.00780756 50.1215 
80 2.348 0.19588 0.0566557 0.00778067 49.8447 
80 2.349 0.190166 0.053985 0.00721029 48.5569 
80 2.349 0.192158 0.0548943 0.00739726 48.9592 
80 2.349 0.192666 0.054986 0.00729907 48.6767 
80 2.349 0.19087 0.0540415 0.00711862 47.9796 
80 2.349 0.194777 0.0562098 0.00768896 49.7822 
80 2.35 0.190469 0.0541552 0.00720673 48.6853 
80 2.35 0.190989 0.0541533 0.00720535 48.1406 
80 2.35 0.192742 0.0546653 0.00722963 47.7029 
80 2.35 0.187925 0.0526071 0.0068821 47.0912 
80 2.35 0.190757 0.0539004 0.00706758 47.6927 
80 2.351 0.188044 0.0525419 0.006773 46.7721 
80 2.351 0.18803 0.0524156 0.00668406 46.4424 
80 2.351 0.189028 0.0529952 0.00692147 46.9957 
80 2.351 0.191195 0.0539605 0.00706293 47.3807 
80 2.351 0.19011 0.053737 0.00707125 47.8989 
80 2.352 0.185722 0.0514862 0.00657507 46.2407 
80 2.352 0.186105 0.0515631 0.0065983 46.0627 
80 2.352 0.187495 0.0519735 0.00660081 45.7659 
80 2.352 0.187408 0.0523646 0.00677993 46.9192 
80 2.352 0.189263 0.0531067 0.00687768 47.0372 
80 2.353 0.183914 0.0506186 0.00640649 45.6789 
80 2.353 0.184318 0.050909 0.00649007 46.0646 
80 2.353 0.184855 0.050611 0.00625462 44.7143 
80 2.353 0.184999 0.0511406 0.00649678 46.0102 
80 2.353 0.185299 0.051125 0.00645738 45.6652 
80 2.354 0.183322 0.0504387 0.00639569 45.7615 
80 2.354 0.183211 0.049989 0.00622362 44.6502 
80 2.354 0.18389 0.0500301 0.00604455 44.0842 
80 2.354 0.183073 0.0497327 0.00607413 44.0906 
80 2.354 0.18348 0.0504528 0.00637597 45.6429 
80 2.355 0.179953 0.0483754 0.00587265 43.4611 
80 2.355 0.182164 0.0492679 0.00602272 43.7102 
80 2.355 0.181842 0.0494173 0.00606987 44.4354 
80 2.355 0.182433 0.0496924 0.00616503 44.5973 
80 2.355 0.182509 0.0495068 0.00616404 44.0182 
80 2.356 0.179433 0.0478592 0.00566133 42.5477 
80 2.356 0.17983 0.0482616 0.00579848 43.2536 
80 2.356 0.179479 0.0480177 0.00573763 42.9337 
80 2.356 0.180502 0.0486267 0.00592034 43.5874 
80 2.356 0.177218 0.0469595 0.0055429 42.2505 
80 2.357 0.175937 0.0463007 0.0053665 41.6715 
80 2.357 0.178266 0.0472138 0.00553966 41.9112 
80 2.357 0.17536 0.0463183 0.00544975 42.2701 
80 2.357 0.178881 0.0476452 0.00563689 42.4861 
80 2.357 0.176752 0.04685 0.00556803 42.3827 
80 2.358 0.178392 0.0472853 0.00556545 41.9657 
80 2.358 0.1768 0.0464019 0.0054027 41.1026 
80 2.358 0.177584 0.0471338 0.00555298 42.335 
80 2.358 0.174777 0.0455931 0.00525189 40.8373 
80 2.358 0.175676 0.0462102 0.00534961 41.6574 
80 2.359 0.175736 0.0457468 0.00523086 40.3254 
80 2.359 0.174607 0.0455715 0.00524966 40.9227 
80 2.359 0.173232 0.0449284 0.00514283 40.4756 
80 2.359 0.172443 0.0449051 0.00515239 41.1526 
80 2.359 0.174849 0.0458047 0.00530726 41.3259 
80 2.36 0.171745 0.0444792 0.00506053 40.6315 
80 2.36 0.172393 0.0446028 0.00506388 40.3618 
80 2.36 0.170956 0.0438224 0.00487589 39.5833 
80 2.36 0.171446 0.0442497 0.00499722 40.287 
80 2.36 0.173808 0.0455936 0.0053366 41.7201 
80 2.361 0.171138 0.0436575 0.00481645 38.9514 
80 2.361 0.171219 0.0439671 0.00490002 39.7154 
80 2.361 0.168741 0.0429338 0.00474892 39.1979 
80 2.361 0.170827 0.0440729 0.00502287 40.3652 
80 2.361 0.172165 0.0442114 0.00490747 39.4966 
80 2.362 0.167054 0.0423226 0.00466694 39.0604 
80 2.362 0.171269 0.0437444 0.00481732 39.0485 
80 2.362 0.169969 0.043563 0.00488683 39.7584 
80 2.362 0.169101 0.043161 0.0047548 39.4671 
80 2.362 0.169213 0.0430745 0.00471155 39.1303 
80 2.363 0.166181 0.0416485 0.00441769 38.0053 
80 2.363 0.168401 0.0426485 0.00459847 38.7028 
80 2.363 0.168422 0.0427443 0.00463859 38.9429 
80 2.363 0.165172 0.0411341 0.0043732 37.518 
80 2.363 0.169335 0.0429986 0.00474456 38.7966 
80 2.364 0.16696 0.0419887 0.00451194 38.2082 
80 2.364 0.167292 0.0418815 0.00439273 37.6172 
80 2.364 0.165052 0.0409966 0.00430946 37.2366 
80 2.364 0.167778 0.0423551 0.00459079 38.4587 
80 2.364 0.166347 0.0417956 0.00447983 38.2386 
80 2.365 0.163039 0.0399539 0.00409641 36.1867 
80 2.365 0.164159 0.0407948 0.00431675 37.4709 
80 2.365 0.166657 0.0416721 0.00443997 37.609 
80 2.365 0.164655 0.0410065 0.00440258 37.6019 
80 2.365 0.164401 0.040865 0.00431207 37.4458 
80 2.366 0.165491 0.0412545 0.00435969 37.5103 
80 2.366 0.16314 0.0401535 0.00413851 36.6224 
80 2.366 0.162994 0.040128 0.00421726 36.6824 
80 2.366 0.163636 0.0403234 0.00418791 36.6432 
80 2.366 0.16253 0.0397029 0.00405188 35.9408 
80 2.367 0.163909 0.0403706 0.00419534 36.5136 
80 2.367 0.162795 0.0398684 0.00408544 36.1405 
80 2.367 0.161147 0.0390593 0.00391868 35.3963 
80 2.367 0.16163 0.0396269 0.00408779 36.5086 
80 2.367 0.160067 0.0387952 0.0039276 35.6197 
80 2.368 0.160765 0.0389462 0.00395425 35.408 
80 2.368 0.159352 0.0383095 0.00382271 34.9094 
80 2.368 0.15939 0.0382761 0.00376439 34.7862 
80 2.368 0.16173 0.0394675 0.00404402 35.9753 
80 2.368 0.162274 0.0396943 0.00408064 36.1117 
80 2.369 0.160082 0.0386318 0.00388006 35.1352 
80 2.369 0.159511 0.0384843 0.00388967 35.2296 
80 2.369 0.156611 0.0370706 0.00361737 33.8876 
80 2.369 0.15998 0.0385596 0.00386144 35.0283 
80 2.369 0.159815 0.0386133 0.00386913 35.3161 
80 2.37 0.159077 0.0382095 0.00379077 34.8465 
80 2.37 0.157968 0.0380929 0.00380772 35.4808 
80 2.37 0.157122 0.0377212 0.00377777 35.1971 
80 2.37 0.157032 0.0371634 0.0036177 33.7668 
80 2.37 0.158983 0.0382531 0.00381096 35.0447 
80 2.371 0.156032 0.0368187 0.00351599 33.6677 
80 2.371 0.155572 0.0366921 0.00353519 33.7123 
80 2.371 0.156816 0.037045 0.00356634 33.6165 
80 2.371 0.156749 0.0368926 0.00350519 33.2615 
80 2.371 0.157697 0.0374356 0.00360668 33.9227 
80 2.372 0.15464 0.0363095 0.00349037 33.4459 
80 2.372 0.155785 0.0365398 0.00346857 33.1082 
80 2.372 0.154979 0.0364713 0.00352084 33.5991 
80 2.372 0.153918 0.0361306 0.00344886 33.5645 
80 2.372 0.154756 0.0364831 0.00354473 33.818 
80 2.373 0.1553 0.0365235 0.00350515 33.4573 
80 2.373 0.155633 0.0365935 0.00348228 33.3671 
80 2.373 0.153534 0.0356236 0.00330172 32.5018 
80 2.373 0.152361 0.0350771 0.00321248 31.995 
80 2.373 0.153882 0.036109 0.00347386 33.5225 
80 2.374 0.152832 0.0353592 0.00325684 32.3551 
80 2.374 0.153089 0.0354217 0.00329522 32.3116 
80 2.374 0.152858 0.035577 0.0033596 32.9204 
80 2.374 0.151221 0.0348176 0.00322484 32.2154 
80 2.374 0.153912 0.0359666 0.00339664 33.099 
80 2.375 0.149339 0.0339945 0.00309232 31.508 
80 2.375 0.150276 0.0344129 0.0031496 31.8784 
80 2.375 0.151478 0.0348945 0.00321582 32.199 
80 2.375 0.150777 0.0346005 0.00318746 31.978 
80 2.375 0.152685 0.0353113 0.00326425 32.3328 
80 2.376 0.149276 0.0335374 0.0029402 30.3143 
80 2.376 0.151042 0.0348525 0.00325008 32.4279 
80 2.376 0.148823 0.0336316 0.00299231 30.9317 
80 2.376 0.151732 0.0347232 0.0031431 31.5165 
80 2.376 0.149842 0.0343416 0.0031483 32.0243 
80 2.377 0.148688 0.033763 0.0030419 31.3807 
80 2.377 0.149993 0.0342809 0.00314034 31.7258 
80 2.377 0.149743 0.034173 0.00314013 31.6365 
80 2.377 0.147751 0.0333488 0.00299116 31.0131 
80 2.377 0.148477 0.0337279 0.00304963 31.4549 
80 2.378 0.14795 0.0332633 0.00291401 30.6114 
80 2.378 0.148845 0.0333768 0.00287625 30.2019 
80 2.378 0.147417 0.0329832 0.00289093 30.2816 
80 2.378 0.147439 0.0329873 0.00288213 30.2747 
80 2.378 0.147394 0.033113 0.00291165 30.6492 
80 2.379 0.14652 0.0326861 0.00288176 30.1785 
80 2.379 0.14558 0.032054 0.00271709 29.2174 
80 2.379 0.146112 0.0327516 0.00292738 30.6761 
80 2.379 0.147889 0.033097 0.00287771 30.2002 
80 2.379 0.147896 0.0332687 0.00293006 30.6561 
80 2.38 0.145972 0.0322177 0.00274002 29.3375 
80 2.38 0.146175 0.0326427 0.00291592 30.3213 
80 2.38 0.144088 0.0317572 0.00275138 29.5687 
80 2.38 0.145281 0.0320802 0.00272789 29.509 
80 2.38 0.146757 0.0328893 0.00292508 30.5252 
80 2.381 0.143588 0.031415 0.00264333 29.0232 
80 2.381 0.146801 0.0326956 0.00283298 29.9573 
80 2.381 0.143875 0.0316935 0.00270969 29.5499 
80 2.381 0.142918 0.0312169 0.00260931 29.0068 
80 2.381 0.144168 0.0317299 0.00267702 29.4205 
80 2.382 0.142145 0.031052 0.00262408 29.1434 
80 2.382 0.144503 0.0319349 0.00278092 29.6993 
80 2.382 0.14115 0.0305037 0.00254739 28.4275 
80 2.382 0.143133 0.0312342 0.00265001 28.8755 
80 2.382 0.143844 0.0316306 0.00270485 29.3928 
80 2.383 0.14131 0.0306553 0.00254268 28.7011 
80 2.383 0.142257 0.0308419 0.0025275 28.4816 
80 2.383 0.141335 0.0304292 0.00250329 28.075 
80 2.383 0.141925 0.0308236 0.00257755 28.6855 
80 2.383 0.142184 0.0307621 0.00253102 28.3225 
80 2.384 0.141735 0.0306227 0.00252494 28.2791 
80 2.384 0.140259 0.0301604 0.00246923 28.155 
80 2.384 0.141608 0.030556 0.00249972 28.1967 
80 2.384 0.141952 0.030718 0.00253327 28.3694 
80 2.384 0.140808 0.0303064 0.00247585 28.133 
80 2.385 0.139462 0.0297701 0.00239047 27.6945 
80 2.385 0.13878 0.0297131 0.0024627 28.0502 
80 2.385 0.140199 0.0299042 0.00237649 27.5009 
80 2.385 0.140365 0.0300871 0.00244682 27.8671 
80 2.385 0.141234 0.0306398 0.00254987 28.6933 
80 2.386 0.137953 0.0289452 0.00223353 26.5928 
80 2.386 0.137599 0.0292235 0.00235958 27.6011 
80 2.386 0.139115 0.0295307 0.00236542 27.2999 
80 2.386 0.138988 0.0297964 0.00244831 28.1074 
80 2.386 0.139802 0.0296654 0.00234487 27.1472 
80 2.387 0.138597 0.0292839 0.00229378 27.0121 
80 2.387 0.137219 0.0286722 0.00219956 26.3911 
80 2.387 0.136486 0.0285307 0.00221017 26.5501 
80 2.387 0.13928 0.0295075 0.00233552 27.1031 
80 2.387 0.138518 0.0292276 0.002298 26.9202 
80 2.388 0.136732 0.0286532 0.00223668 26.6872 
80 2.388 0.137111 0.0286735 0.00221048 26.4636 
80 2.388 0.138576 0.0291829 0.00228129 26.746 
80 2.388 0.137408 0.0288061 0.00220596 26.5998 
80 2.388 0.138415 0.0292125 0.00230291 26.9449 
80 2.389 0.136063 0.0283707 0.002176 26.4079 
80 2.389 0.135809 0.028331 0.00221346 26.4866 
80 2.389 0.137373 0.0288572 0.00227916 26.7513 
80 2.389 0.137352 0.0289334 0.00229866 26.9712 
80 2.389 0.135847 0.0281031 0.00212264 25.8484 
80 2.39 0.13518 0.0279994 0.00211221 26.0441 
80 2.39 0.13588 0.0282653 0.00218018 26.2479 
80 2.39 0.134472 0.0277548 0.00207397 25.9003 
80 2.39 0.135228 0.0280227 0.00213575 26.0717 
80 2.39 0.135503 0.0282168 0.0021688 26.392 
80 2.391 0.134722 0.0276662 0.00207145 25.4721 
80 2.391 0.134234 0.0277644 0.00212159 26.0861 
80 2.391 0.134909 0.0277529 0.0020772 25.5689 
80 2.391 0.135226 0.0278527 0.00209318 25.607 
80 2.391 0.132852 0.0271335 0.00203595 25.3855 
80 2.392 0.130941 0.0266115 0.00197905 25.3267 
80 2.392 0.133548 0.0273159 0.00204959 25.3666 
80 2.392 0.133366 0.0273806 0.00207748 25.6697 
80 2.392 0.133171 0.0271905 0.00203833 25.3006 
80 2.392 0.132353 0.0269581 0.00199534 25.2598 
80 2.393 0.13209 0.0265121 0.00190807 24.2424 
80 2.393 0.131536 0.0263927 0.00190255 24.3133 
80 2.393 0.132574 0.026842 0.00195059 24.782 
80 2.393 0.132012 0.0267842 0.00198103 25.0252 
80 2.393 0.132121 0.0269369 0.00200321 25.3567 
80 2.394 0.130981 0.026194 0.00186779 24.1619 
80 2.394 0.131865 0.026768 0.00196808 25.0752 
80 2.394 0.129983 0.0259168 0.00185384 24.1174 
80 2.394 0.131795 0.026673 0.0019798 24.8704 
80 2.394 0.133447 0.0270785 0.00197098 24.7828 
80 2.395 0.132389 0.0268322 0.0019638 24.8662 
80 2.395 0.12977 0.0258932 0.00185241 24.1915 
80 2.395 0.130537 0.0260586 0.00184974 24.1004 
80 2.395 0.130954 0.0263492 0.00192279 24.5853 
80 2.395 0.129025 0.0258344 0.00187096 24.5495 
80 2.396 0.130113 0.0260115 0.00186176 24.259 
80 2.396 0.129718 0.0259857 0.00188292 24.4648 
80 2.396 0.131818 0.0265616 0.00191331 24.5357 
80 2.396 0.1282 0.0253139 0.00176956 23.7158 
80 2.396 0.129482 0.0256689 0.00177742 23.7818 
80 2.397 0.127296 0.0250925 0.00177239 23.7314 
80 2.397 0.128855 0.0252752 0.00173196 23.1531 
80 2.397 0.128857 0.0253292 0.00173011 23.2962 
80 2.397 0.127321 0.0249609 0.00172821 23.3633 
80 2.397 0.129168 0.0256397 0.0018136 23.9107 
80 2.398 0.127917 0.0249764 0.00169212 22.9886 
80 2.398 0.128449 0.0253879 0.00178239 23.7233 
80 2.398 0.128562 0.0253792 0.0017603 23.6223 
80 2.398 0.128801 0.0253951 0.00176222 23.501 
80 2.398 0.128514 0.0251594 0.00170752 23.0688 
80 2.399 0.129334 0.0254714 0.00174386 23.327 
80 2.399 0.126266 0.02444 0.00162334 22.6676 
80 2.399 0.126131 0.0246027 0.0016819 23.1924 
80 2.399 0.126924 0.0247458 0.00166395 23.0394 
80 2.399 0.127655 0.0250393 0.0017235 23.3256 
80 2.4 0.126052 0.0244623 0.00166266 22.862 
80 2.4 0.1255 0.024388 0.00168866 23.0339 
80 2.4 0.126266 0.0246967 0.00169174 23.343 
80 2.4 0.124747 0.0240387 0.00162941 22.605 
80 2.4 0.125866 0.0242943 0.00163335 22.5388 
80 2.401 0.126399 0.0244587 0.00165608 22.6093 
80 2.401 0.125571 0.0243198 0.00162004 22.7953 
80 2.401 0.127843 0.024967 0.00169139 22.9859 
80 2.401 0.126133 0.0243145 0.00161791 22.4036 
80 2.401 0.125329 0.0241165 0.00161425 22.415 
80 2.402 0.126047 0.0241075 0.00156904 21.9006 
80 2.402 0.124995 0.0242202 0.00164443 22.9051 
80 2.402 0.123733 0.0236975 0.00157392 22.3481 
80 2.402 0.124878 0.0240552 0.00160648 22.5429 
80 2.402 0.125746 0.0241924 0.00159965 22.3287 
80 2.403 0.124905 0.0241142 0.00161812 22.6731 
80 2.403 0.125721 0.0243912 0.00163302 22.8662 
80 2.403 0.123356 0.0235958 0.00157211 22.3165 
80 2.403 0.122505 0.0231838 0.00150883 21.7762 
80 2.403 0.122557 0.0231453 0.0015087 21.6399 
80 2.404 0.123041 0.0232872 0.00150245 21.6922 
80 2.404 0.12328 0.02335 0.00149169 21.7026 
80 2.404 0.123577 0.0234596 0.00150989 21.7995 
80 2.404 0.12395 0.0236781 0.00158008 22.1352 
80 2.404 0.122711 0.0234547 0.00157012 22.3541 
80 2.405 0.12293 0.023278 0.00150225 21.7313 
80 2.405 0.12193 0.0229641 0.00147603 21.5472 
80 2.405 0.122957 0.0233525 0.00151891 21.912 
80 2.405 0.123428 0.0235765 0.00156137 22.1993 
80 2.405 0.123782 0.0235159 0.00153979 21.805 
80 2.406 0.122018 0.0228336 0.00144712 21.1341 
80 2.406 0.121132 0.0226683 0.00145293 21.2679 
80 2.406 0.122441 0.0230388 0.0014701 21.4052 
80 2.406 0.121232 0.0227537 0.00146609 21.4306 
80 2.406 0.120012 0.0222358 0.0013814 20.8356 
80 2.407 0.119348 0.0221666 0.00139775 21.0658 
80 2.407 0.121601 0.0229176 0.00147413 21.6189 
80 2.407 0.12216 0.0230098 0.00146391 21.5022 
80 2.407 0.121235 0.0225675 0.0014065 20.9241 
80 2.407 0.120506 0.0223948 0.00139486 20.934 
80 2.408 0.119921 0.0223495 0.0014046 21.1785 
80 2.408 0.120869 0.0224518 0.00138212 20.844 
80 2.408 0.119404 0.0220508 0.00137949 20.7137 
80 2.408 0.121348 0.0228272 0.0014616 21.5331 
80 2.408 0.118941 0.0218514 0.00132488 20.4768 
80 2.409 0.121199 0.0224542 0.0013826 20.6292 
80 2.409 0.118721 0.0215639 0.00127811 19.8437 
80 2.409 0.118578 0.0215835 0.00127116 19.9855 
80 2.409 0.119988 0.0221147 0.00136302 20.5031 
80 2.409 0.120452 0.0223548 0.00138251 20.8449 
80 2.41 0.119239 0.0219195 0.00134044 20.4524 
80 2.41 0.118271 0.0217436 0.001329 20.596 
80 2.41 0.120956 0.0226349 0.00142995 21.2566 
80 2.41 0.117376 0.0212753 0.00125295 19.9123 
80 2.41 0.118597 0.0216922 0.0013203 20.2539 
80 2.411 0.117893 0.0212872 0.00126296 19.6124 
80 2.411 0.117804 0.0215259 0.00130721 20.3018 
80 2.411 0.118574 0.0217622 0.00133486 20.4458 
80 2.411 0.119395 0.0218158 0.00130287 20.0699 
80 2.411 0.118288 0.0215927 0.00130564 20.1758 
80 2.412 0.117222 0.0211348 0.00125133 19.6186 
80 2.412 0.117944 0.0213756 0.0012622 19.807 
80 2.412 0.117792 0.0214534 0.00129666 20.1087 
80 2.412 0.115729 0.0208765 0.0012648 19.8558 
80 2.412 0.117816 0.0212988 0.00125262 19.6836 
80 2.413 0.116449 0.0209022 0.00119792 19.4729 
80 2.413 0.116836 0.0210053 0.0012328 19.5065 
80 2.413 0.11668 0.0208837 0.0011979 19.2808 
80 2.413 0.116554 0.0210033 0.00124884 19.6758 
80 2.413 0.117896 0.0213972 0.00127532 19.8864 
80 2.414 0.116652 0.0211368 0.00126586 19.9612 
80 2.414 0.116959 0.0210354 0.00121196 19.502 
80 2.414 0.115746 0.0207919 0.00123803 19.605 
80 2.414 0.115604 0.0206395 0.00118432 19.288 
80 2.414 0.116011 0.0208232 0.00122526 19.525 
80 2.415 0.113922 0.02009 0.00113611 18.847 
80 2.415 0.114046 0.0202043 0.00116455 19.0749 
80 2.415 0.11502 0.0204757 0.00118077 19.203 
80 2.415 0.115832 0.0205302 0.00116809 18.8504 
80 2.415 0.114754 0.0202923 0.001154 18.8787 
80 2.416 0.115324 0.0205214 0.00116908 19.1304 
80 2.416 0.115184 0.0203215 0.00113613 18.6865 
80 2.416 0.112993 0.0198612 0.00113123 18.7913 
80 2.416 0.11467 0.0203432 0.00113885 19.0572 
80 2.416 0.11412 0.0200009 0.00110265 18.4837 
80 2.417 0.114902 0.0203337 0.00114864 18.8831 
80 2.417 0.112834 0.0195577 0.00104117 18.075 
80 2.417 0.113568 0.0200797 0.00115512 19.0174 
80 2.417 0.114261 0.0202282 0.00116884 18.9928 
80 2.417 0.112671 0.0196118 0.00108534 18.3156 
80 2.418 0.113538 0.0198277 0.00108876 18.3605 
80 2.418 0.114389 0.0201956 0.00115562 18.821 
80 2.418 0.112437 0.0196016 0.00109309 18.4207 
80 2.418 0.114684 0.0201924 0.00113155 18.6335 
80 2.418 0.113267 0.0199205 0.00110634 18.7689 
80 2.419 0.112852 0.019489 0.00105739 17.8678 
80 2.419 0.113039 0.0197757 0.00113189 18.5145 
80 2.419 0.112212 0.0194853 0.00105117 18.2389 
80 2.419 0.113283 0.0198901 0.00112539 18.6707 
80 2.419 0.111117 0.0191828 0.00104801 18.0855 
80 2.42 0.112179 0.0194989 0.00107584 18.2869 
80 2.42 0.112842 0.0195171 0.00102829 17.9407 
80 2.42 0.112038 0.0193167 0.00104991 17.8889 
80 2.42 0.111919 0.019398 0.0010711 18.1744 
80 2.42 0.11218 0.0193337 0.0010342 17.8494 
80 2.421 0.111452 0.0190441 0.00100761 17.5072 
80 2.421 0.111869 0.0191642 0.00102122 17.578 
80 2.421 0.112618 0.0195452 0.00108231 18.1411 
80 2.421 0.110642 0.0189141 0.000994889 17.639 
80 2.421 0.11066 0.018936 0.00102159 17.6865 
80 2.422 0.111579 0.0193222 0.00107574 18.1597 
80 2.422 0.111367 0.0190553 0.00101671 17.5793 
80 2.422 0.108952 0.0184373 0.00097423 17.3521 
80 2.422 0.110561 0.0187475 0.00096941 17.2388 
80 2.422 0.108448 0.0184804 0.00102034 17.7558 
80 2.423 0.111233 0.0191165 0.00102479 17.8126 
80 2.423 0.109868 0.0186491 0.000989332 17.3749 
80 2.423 0.109795 0.0187099 0.000990671 17.5782 
80 2.423 0.110831 0.0189085 0.000997803 17.4991 
80 2.423 0.109247 0.0183572 0.000952 16.9637 
80 2.424 0.109629 0.0186479 0.000993071 17.5036 
80 2.424 0.109673 0.0186608 0.000985459 17.5122 
80 2.424 0.110491 0.0188715 0.00101781 17.5928 
80 2.424 0.109469 0.0185519 0.000980018 17.3422 
80 2.424 0.110152 0.0188407 0.00101474 17.7089 
80 2.425 0.109131 0.0184621 0.000967194 17.2931 
80 2.425 0.109548 0.0186129 0.000987333 17.4509 
80 2.425 0.109032 0.0185376 0.000999854 17.5497 
80 2.425 0.10994 0.0186709 0.000979206 17.3765 
80 2.425 0.108888 0.0182646 0.000920828 16.9119 
80 2.426 0.109265 0.0183912 0.00094026 17.0219 
80 2.426 0.108626 0.018287 0.000963288 17.1142 
80 2.426 0.108258 0.0180734 0.000917067 16.7617 
80 2.426 0.108754 0.0183376 0.000960159 17.1743 
80 2.426 0.109598 0.0185316 0.000968624 17.2003 
80 2.427 0.108346 0.0180999 0.000921772 16.7741 
80 2.427 0.107705 0.017855 0.000880565 16.4938 
80 2.427 0.106782 0.0177239 0.000902772 16.6697 
80 2.427 0.10931 0.0185114 0.00099648 17.3062 
80 2.427 0.107429 0.0179594 0.000922795 16.9252 
80 2.428 0.10757 0.0178856 0.000900304 16.6439 
80 2.428 0.106657 0.0175661 0.000867437 16.3177 
80 2.428 0.106095 0.0175472 0.0008986 16.5827 
80 2.428 0.106517 0.0176065 0.000877192 16.5024 
80 2.428 0.108318 0.0181699 0.000931484 16.9677 
80 2.429 0.105994 0.0176919 0.000911641 17.0137 
80 2.429 0.107745 0.0180112 0.000928364 16.869 
80 2.429 0.106368 0.017519 0.000875586 16.3486 
80 2.429 0.105841 0.0173733 0.000861183 16.2596 
80 2.429 0.107649 0.0179803 0.000917165 16.842 
80 2.43 0.10666 0.0176259 0.000870925 16.4599 
80 2.43 0.106826 0.01766 0.000880632 16.4564 
80 2.43 0.107437 0.0178119 0.000881441 16.5116 
80 2.43 0.104907 0.017238 0.000858551 16.4151 
80 2.43 0.105335 0.0173302 0.000870493 16.4209 
80 2.431 0.105553 0.0172341 0.000834551 16.0398 
80 2.431 0.105645 0.0172852 0.000851768 16.1231 
80 2.431 0.10538 0.0170828 0.000805991 15.7378 
80 2.431 0.104739 0.0169722 0.000817341 15.8009 
80 2.431 0.10513 0.0171756 0.000858215 16.1202 
80 2.432 0.106 0.0173272 0.000848288 16.0296 
80 2.432 0.105865 0.0173807 0.000853133 16.2457 
80 2.432 0.105413 0.0172326 0.000841711 16.107 
80 2.432 0.106262 0.0173357 0.000839228 15.9056 
80 2.432 0.105172 0.0171822 0.000835556 16.1082 
80 2.433 0.103587 0.0167267 0.00080549 15.7737 
80 2.433 0.10446 0.0169285 0.000817996 15.8266 
80 2.433 0.105087 0.0171883 0.000839099 16.1642 
80 2.433 0.105608 0.0172604 0.000832173 16.0651 
80 2.433 0.105583 0.0173497 0.000862714 16.3144 
80 2.434 0.10285 0.0163979 0.000770537 15.3023 
80 2.434 0.103611 0.0166944 0.000801843 15.6689 
80 2.434 0.10417 0.0167152 0.000773723 15.4182 
80 2.434 0.103671 0.0165983 0.00077599 15.3836 
80 2.434 0.104105 0.0168313 0.000811417 15.7595 
80 2.435 0.101864 0.0160914 0.000736007 15.0211 
80 2.435 0.102958 0.0164164 0.000766229 15.2865 
80 2.435 0.104555 0.0168979 0.00080166 15.6813 
80 2.435 0.104075 0.0167378 0.000790494 15.5234 
80 2.435 0.102702 0.0163959 0.000771352 15.3709 
80 2.436 0.103259 0.0164382 0.000752772 15.1743 
80 2.436 0.102489 0.0163647 0.000770507 15.3974 
80 2.436 0.102855 0.0165336 0.000792455 15.6436 
80 2.436 0.101803 0.0162107 0.000762449 15.3611 
80 2.436 0.103415 0.0166953 0.000798414 15.7654 
80 2.437 0.102839 0.0164181 0.000760333 15.3428 
80 2.437 0.103347 0.016567 0.000780205 15.4585 
80 2.437 0.102543 0.0162632 0.000741001 15.0956 
80 2.437 0.103473 0.0166562 0.000805919 15.6243 
80 2.437 0.102618 0.0163206 0.000761236 15.2061 
80 2.438 0.101521 0.0160117 0.000734797 14.9769 
80 2.438 0.102062 0.0162364 0.000765437 15.2777 
80 2.438 0.102105 0.0161206 0.000733936 14.9503 
80 2.438 0.100475 0.0157343 0.000712246 14.8031 
80 2.438 0.101367 0.0158762 0.000697011 14.7029 
80 2.439 0.10245 0.0163146 0.00076093 15.2682 
80 2.439 0.101503 0.0160912 0.000752999 15.1886 
80 2.439 0.100747 0.015795 0.000721454 14.8127 
80 2.439 0.102783 0.0163706 0.000755493 15.2355 
80 2.439 0.101082 0.0157794 0.000710458 14.5942 
80 2.44 0.101726 0.0160907 0.000742397 15.0624 
80 2.44 0.100189 0.0156886 0.000724346 14.8216 
80 2.44 0.102446 0.0161792 0.000738654 14.9087 
80 2.44 0.102043 0.0160768 0.000733291 14.8566 
80 2.44 0.101427 0.0159305 0.000723068 14.8014 
80 2.441 0.100499 0.0156818 0.000697202 14.6347 
80 2.441 0.101856 0.0161166 0.00075564 15.0547 
80 2.441 0.102589 0.0162255 0.000737867 14.9474 
80 2.441 0.100924 0.0155772 0.000673747 14.136 
80 2.441 0.0999411 0.0154024 0.00066807 14.1954 
80 2.442 0.101415 0.0158659 0.00070342 14.6262 
80 2.442 0.100069 0.0155956 0.0007011 14.6287 
80 2.442 0.101628 0.0159642 0.000731152 14.7708 
80 2.442 0.100529 0.0155869 0.000688056 14.364 
80 2.442 0.100356 0.0156172 0.00070813 14.5347 
80 2.443 0.0987659 0.0152287 0.000668785 14.3405 
80 2.443 0.0994083 0.0152951 0.000669246 14.1809 
80 2.443 0.0991121 0.0152953 0.000672673 14.3353 
80 2.443 0.10039 0.0154947 0.00066435 14.1901 
80 2.443 0.100181 0.0156086 0.000698227 14.5983 
80 2.444 0.0998513 0.0153752 0.000671827 14.1535 
80 2.444 0.0996511 0.0153733 0.000679876 14.2532 
80 2.444 0.0992433 0.0152547 0.000661742 14.155 
80 2.444 0.0985335 0.0150784 0.000654731 14.0609 
80 2.444 0.0989747 0.0151561 0.000650031 14.0363 
80 2.445 0.0993849 0.0152988 0.000672454 14.191 
80 2.445 0.099198 0.0151801 0.000653211 13.9774 
80 2.445 0.0980938 0.0148562 0.000628852 13.6998 
80 2.445 0.0998354 0.0153959 0.000666604 14.2103 
80 2.445 0.097589 0.0147262 0.000608016 13.6184 
80 2.446 0.0988545 0.015143 0.00063976 14.0527 
80 2.446 0.0976718 0.0147963 0.000628616 13.7538 
80 2.446 0.0982121 0.0150614 0.000659 14.1706 
80 2.446 0.0989726 0.0151336 0.000645968 13.967 
80 2.446 0.0992258 0.0152424 0.000676705 14.1205 
80 2.447 0.0968813 0.0146875 0.000630863 13.866 
80 2.447 0.0975001 0.014755 0.000622997 13.7278 
80 2.447 0.0969444 0.0147047 0.000634286 13.8789 
80 2.447 0.0974887 0.0147749 0.00062593 13.7855 
80 2.447 0.097882 0.0147318 0.000608084 13.4721 
80 2.448 0.100145 0.0153922 0.000661291 14.0213 
80 2.448 0.097582 0.0148522 0.000641087 13.9346 
80 2.448 0.0970311 0.0145919 0.000599041 13.5343 
80 2.448 0.0977555 0.0149363 0.000654832 14.0659 
80 2.448 0.0961678 0.01449 0.000608986 13.7038 
80 2.449 0.0974244 0.0147536 0.000635908 13.7515 
80 2.449 0.0970239 0.0145663 0.000593989 13.4655 
80 2.449 0.0973123 0.0147176 0.000624933 13.7143 
80 2.449 0.0977315 0.0147945 0.000624316 13.7018 
80 2.449 0.0954707 0.0141219 0.000566105 13.0855 
80 2.45 0.0965763 0.0144126 0.000590359 13.2848 
80 2.45 0.0959122 0.0142957 0.00058892 13.3134 
80 2.45 0.0987036 0.0150392 0.000640298 13.8365 
80 2.45 0.0956544 0.0141659 0.000575618 13.1035 
80 2.45 0.096579 0.0145698 0.000620219 13.6943 
80 2.451 0.0957399 0.0141983 0.000581606 13.14 
80 2.451 0.09835 0.0149455 0.000628053 13.7682 
80 2.451 0.0966581 0.014468 0.000599374 13.3827 
80 2.451 0.0955976 0.0143667 0.000613079 13.6506 
80 2.451 0.0962307 0.014331 0.000583154 13.2404 
80 2.452 0.0969762 0.0146506 0.000612556 13.6932 
80 2.452 0.0957181 0.0142446 0.00058461 13.2663 
80 2.452 0.0949536 0.0140765 0.000576657 13.2081 
80 2.452 0.095338 0.0141954 0.000595166 13.3275 
80 2.452 0.0963406 0.0143167 0.000576573 13.1423 
80 2.453 0.0955485 0.0140732 0.000559636 12.8983 
80 2.453 0.0952406 0.0140339 0.000565832 12.949 
80 2.453 0.0953715 0.0142108 0.000586635 13.3455 
80 2.453 0.0970334 0.0144795 0.000586751 13.2124 
80 2.453 0.0949657 0.014015 0.000570635 13.0361 
80 2.454 0.0951795 0.0140351 0.000559987 12.9774 
80 2.454 0.0939005 0.0137758 0.000555707 12.9318 
80 2.454 0.0952239 0.014134 0.000581614 13.2131 
80 2.454 0.0953796 0.0141761 0.000579907 13.2454 
80 2.454 0.0946355 0.0139173 0.000547418 12.9392 
80 2.455 0.0947279 0.0138549 0.000540754 12.7258 
80 2.455 0.0932734 0.0134872 0.000514766 12.48 
80 2.455 0.0931938 0.0135498 0.000531296 12.682 
80 2.455 0.094079 0.0138029 0.000545407 12.9097 
80 2.455 0.0942602 0.0138298 0.000557132 12.8908 
80 2.456 0.0937214 0.0137668 0.000549186 12.9854 
80 2.456 0.0941395 0.0137852 0.000548711 12.8286 
80 2.456 0.0933481 0.0134436 0.000518396 12.3252 
80 2.456 0.0945816 0.0138049 0.000545177 12.6624 
80 2.456 0.0928759 0.0134602 0.000513254 12.5974 
80 2.457 0.0927369 0.0133539 0.000520681 12.3826 
80 2.457 0.0946856 0.0138458 0.000550599 12.7126 
80 2.457 0.0928433 0.0134786 0.000533759 12.656 
80 2.457 0.093963 0.0136352 0.000522656 12.5191 
80 2.457 0.0951379 0.0139412 0.000550219 12.7375 
80 2.458 0.0934979 0.0136804 0.000554997 12.8587 
80 2.458 0.0935871 0.0136662 0.000545174 12.7783 
80 2.458 0.092764 0.0133201 0.00050905 12.2765 
80 2.458 0.0929437 0.0134322 0.000519767 12.4814 
80 2.458 0.0931898 0.0134937 0.000520785 12.5223 
80 2.459 0.0926751 0.0133141 0.000511365 12.2988 
80 2.459 0.0927127 0.0133335 0.000506796 12.3311 
80 2.459 0.0924205 0.013524 0.000542709 12.9679 
80 2.459 0.0922343 0.0131984 0.000497282 12.2098 
80 2.459 0.0922689 0.013096 0.000487519 11.9268 
80 2.46 0.0932058 0.0134507 0.00051867 12.3925 
80 2.46 0.0914673 0.0129964 0.000485452 12.046 
80 2.46 0.0930641 0.0133761 0.000510018 12.2672 
80 2.46 0.0914646 0.0130568 0.000491553 12.2042 
80 2.46 0.0923418 0.0133485 0.000525203 12.5436 
80 2.461 0.0925004 0.0134004 0.000528601 12.5973 
80 2.461 0.091197 0.012817 0.00046367 11.7029 
80 2.461 0.0932403 0.0134432 0.000516485 12.3514 
80 2.461 0.0921912 0.0132074 0.000500638 12.2439 
80 2.461 0.0918503 0.0132228 0.000514975 12.4471 
80 2.462 0.0923183 0.013255 0.000499741 12.3018 
80 2.462 0.0909919 0.0128203 0.000468645 11.8038 
80 2.462 0.0893411 0.0125265 0.000457689 11.8139 
80 2.462 0.0914308 0.0130284 0.000488199 12.1366 
80 2.462 0.0910592 0.0129253 0.000482943 12.0449 
80 2.463 0.0919166 0.013069 0.000484038 12.0057 
80 2.463 0.0911698 0.0129358 0.000487501 12.0148 
80 2.463 0.0911691 0.0128195 0.000470262 11.713 
80 2.463 0.0906452 0.0128191 0.000484725 11.9595 
80 2.463 0.0915383 0.0130833 0.000494238 12.2232 
80 2.464 0.0906996 0.012751 0.000465101 11.7523 
80 2.464 0.0909252 0.0129405 0.000485414 12.138 
80 2.464 0.0919234 0.0132308 0.000508108 12.4178 
80 2.464 0.0908136 0.0127757 0.000475717 11.7626 
80 2.464 0.0906517 0.0127974 0.000473007 11.8953 
80 2.465 0.0902104 0.0126776 0.000468745 11.7866 
80 2.465 0.0905519 0.0127777 0.000472352 11.8862 
80 2.465 0.0903825 0.0127668 0.000476588 11.9375 
80 2.465 0.091214 0.0129176 0.000483135 11.937 
80 2.465 0.0899721 0.0126061 0.000456784 11.7125 
80 2.466 0.0896463 0.0124006 0.000444627 11.3262 
80 2.466 0.0898147 0.0125395 0.000451663 11.6083 
80 2.466 0.0918461 0.0130516 0.00049313 11.9796 
80 2.466 0.0899592 0.0126531 0.000467591 11.8357 
80 2.466 0.0902608 0.0126988 0.000468777 11.8132 
80 2.467 0.0904856 0.0126607 0.000458851 11.6042 
80 2.467 0.0897293 0.0124786 0.000445651 11.4854 
80 2.467 0.089418 0.0125017 0.000456483 11.69 
80 2.467 0.0898728 0.0125053 0.000446293 11.4877 
80 2.467 0.0891769 0.0123601 0.00043879 11.4342 
80 2.468 0.0882137 0.0122161 0.000447482 11.4993 
80 2.468 0.0897696 0.0125154 0.00045254 11.5573 
80 2.468 0.0896199 0.0124533 0.000440969 11.4661 
80 2.468 0.0896917 0.0125253 0.000453863 11.6193 
80 2.468 0.088927 0.0123563 0.000445261 11.5352 
80 2.469 0.0896826 0.012475 0.000451901 11.4884 
80 2.469 0.0895345 0.012412 0.000446732 11.3939 
80 2.469 0.0890363 0.0122967 0.000433456 11.3256 
80 2.469 0.0890697 0.012365 0.00044062 11.4874 
80 2.469 0.0887298 0.0123225 0.000442183 11.5338 
80 2.47 0.0883947 0.0121856 0.000430957 11.3282 
80 2.47 0.0884349 0.012177 0.000428848 11.2876 
80 2.47 0.0894461 0.0123755 0.000439874 11.3356 
80 2.47 0.0884436 0.0121112 0.000420943 11.113 
80 2.47 0.089138 0.0123875 0.000445613 11.5093 
80 2.471 0.0882498 0.0121244 0.000424688 11.2314 
80 2.471 0.0875838 0.0119495 0.000410309 11.0816 
80 2.471 0.0871024 0.0119014 0.000418645 11.1749 
80 2.471 0.0882329 0.0121102 0.000424131 11.2023 
80 2.471 0.0879281 0.0120986 0.000430501 11.3114 
80 2.472 0.0888018 0.0121924 0.000417088 11.1499 
80 2.472 0.0888435 0.0122304 0.000432215 11.2291 
80 2.472 0.0890682 0.0123844 0.000446118 11.5243 
80 2.472 0.0890954 0.0122547 0.00042241 11.1759 
80 2.472 0.0878309 0.0119954 0.000421633 11.0839 
80 2.473 0.0863431 0.0117159 0.000411599 11.0265 
80 2.473 0.0873785 0.0119388 0.000420657 11.138 
80 2.473 0.0877948 0.0119797 0.000415995 11.0552 
80 2.473 0.0874773 0.0119107 0.000406558 11.0206 
80 2.473 0.0872127 0.0118394 0.000402354 10.9557 
80 2.474 0.0870251 0.0117341 0.000398122 10.7633 
80 2.474 0.0867881 0.011822 0.000403832 11.0974 
80 2.474 0.0869777 0.0116677 0.000387653 10.613 
80 2.474 0.0873363 0.0118851 0.000417639 11.0136 
80 2.474 0.0879207 0.0119983 0.000412907 11.0416 
80 2.475 0.0880487 0.0119934 0.000408737 10.9662 
80 2.475 0.0855675 0.0115113 0.000391546 10.8335 
80 2.475 0.0855665 0.0113691 0.00037221 10.4662 
80 2.475 0.0856773 0.0113765 0.000372498 10.4362 
80 2.475 0.0864532 0.0116393 0.000390374 10.7705 
80 2.476 0.0855742 0.0114148 0.000382625 10.5767 
80 2.476 0.0865546 0.0116936 0.000396379 10.8611 
80 2.476 0.0864378 0.0116717 0.000403544 10.8566 
80 2.476 0.0864248 0.0116336 0.000387689 10.7642 
80 2.476 0.0871058 0.011687 0.000391657 10.5967 
80 2.477 0.0859862 0.0115126 0.000381425 10.6424 
80 2.477 0.0863864 0.0116013 0.000385493 10.6934 
80 2.477 0.0858588 0.0115031 0.00038546 10.6745 
80 2.477 0.0857688 0.0114311 0.000377121 10.5284 
80 2.477 0.0864781 0.0116888 0.000401665 10.8785 
80 2.478 0.0857319 0.0114214 0.000381421 10.5154 
80 2.478 0.0845888 0.0111787 0.000361473 10.3915 
80 2.478 0.0850295 0.011323 0.000384149 10.5712 
80 2.478 0.0864306 0.0116229 0.000398637 10.7253 
80 2.478 0.0851913 0.0113212 0.000380437 10.4953 
80 2.479 0.0850953 0.0112659 0.000371716 10.3906 
80 2.479 0.0857417 0.0115217 0.000389 10.7659 
80 2.479 0.0859567 0.0114148 0.00037266 10.3946 
80 2.479 0.0856217 0.0114377 0.000380106 10.602 
80 2.479 0.0855129 0.0112903 0.000360228 10.2694 
80 2.48 0.08562 0.0113615 0.000367968 10.4017 
80 2.48 0.0846186 0.0111332 0.000358968 10.2526 
80 2.48 0.0846243 0.0111022 0.000356951 10.1701 
80 2.48 0.0860707 0.0115329 0.000385271 10.6444 
80 2.48 0.0852699 0.0112935 0.00036514 10.3808 
80 2.481 0.0865888 0.0116875 0.000395122 10.8082 
80 2.481 0.0844583 0.0111405 0.0003583 10.3372 
80 2.481 0.0844902 0.0111271 0.000361592 10.2888 
80 2.481 0.0843017 0.011069 0.000354248 10.221 
80 2.481 0.0848653 0.0111852 0.000362807 10.2747 
80 2.482 0.0847379 0.0111858 0.000362648 10.3278 
80 2.482 0.0832232 0.01078 0.000337976 9.93751 
80 2.482 0.0854257 0.0113506 0.000380063 10.4511 
80 2.482 0.0834745 0.0109056 0.000349649 10.1533 
80 2.482 0.084671 0.0111997 0.000371737 10.393 
80 2.483 0.0848033 0.0111368 0.000359005 10.1688 
80 2.483 0.0839498 0.0109291 0.000346134 10.0049 
80 2.483 0.084342 0.0110815 0.000356089 10.2275 
80 2.483 0.0838257 0.0110067 0.000357667 10.2584 
80 2.483 0.0839091 0.0109295 0.000347701 10.0235 
80 2.484 0.0837337 0.0108717 0.000340706 9.94625 
80 2.484 0.0825753 0.0106817 0.000327343 9.95303 
80 2.484 0.0835172 0.010777 0.000335838 9.79553 
80 2.484 0.0835315 0.0109447 0.000352027 10.2216 
80 2.484 0.0826342 0.0107022 0.000335276 9.9807 
80 2.485 0.0839007 0.0109627 0.000347539 10.1044 
80 2.485 0.0841462 0.0109466 0.000342369 9.9567 
80 2.485 0.0831934 0.0109045 0.000357044 10.259 
80 2.485 0.0836252 0.0109142 0.000348626 10.0983 
80 2.485 0.0822912 0.0105498 0.000321312 9.72994 
80 2.486 0.0835996 0.0108496 0.000346375 9.9392 
80 2.486 0.084344 0.0110436 0.000350013 10.1166 
80 2.486 0.0835692 0.0108123 0.000331558 9.85609 
80 2.486 0.0823667 0.0106375 0.000334713 9.9199 
80 2.486 0.0831988 0.0107671 0.000329125 9.89878 
80 2.487 0.0832205 0.0107901 0.000337974 9.94483 
80 2.487 0.0831901 0.0108491 0.00034982 10.1096 
80 2.487 0.0833338 0.010814 0.000339928 9.95769 
80 2.487 0.0827694 0.0106494 0.000326765 9.77525 
80 2.487 0.0831268 0.0108086 0.00034852 10.0324 
80 2.488 0.0833153 0.0108521 0.00034631 10.0596 
80 2.488 0.0827857 0.0107107 0.000330366 9.92218 
80 2.488 0.0830968 0.010738 0.000335413 9.85961 
80 2.488 0.0829917 0.0107532 0.000333021 9.94368 
80 2.488 0.0822077 0.0105449 0.000326669 9.74096 
80 2.489 0.0833094 0.0108059 0.000339384 9.93914 
80 2.489 0.0827057 0.0106172 0.000327444 9.71188 
80 2.489 0.0826633 0.0106427 0.000330643 9.7953 
80 2.489 0.0816109 0.0104682 0.000329927 9.7911 
80 2.489 0.0825852 0.0105472 0.000320267 9.58299 
80 2.49 0.0822732 0.0104376 0.000309248 9.42952 
80 2.49 0.0808293 0.0103184 0.000317505 9.72866 
80 2.49 0.0818271 0.0104215 0.00031559 9.5765 
80 2.49 0.0823826 0.0105238 0.000318887 9.60489 
80 2.49 0.0814222 0.010413 0.00032242 9.72436 
80 2.491 0.0817203 0.0104052 0.000316059 9.57548 
80 2.491 0.0812245 0.0102823 0.000310554 9.4675 
80 2.491 0.0816775 0.0103371 0.000310074 9.4186 
80 2.491 0.0821603 0.0105081 0.000326671 9.65474 
80 2.491 0.0823483 0.0105808 0.00032368 9.76192 
80 2.492 0.0812114 0.0103104 0.000308855 9.54116 
80 2.492 0.0810732 0.0103092 0.000314194 9.59563 
80 2.492 0.0815204 0.0103827 0.000320308 9.59764 
80 2.492 0.0802132 0.0100779 0.000303513 9.35804 
80 2.492 0.0811823 0.0102911 0.000311517 9.50388 
80 2.493 0.0819239 0.010383 0.000313522 9.42525 
80 2.493 0.0812588 0.0103096 0.000310656 9.51547 
80 2.493 0.0818198 0.0104396 0.000319856 9.61452 
80 2.493 0.0815011 0.0103492 0.000311226 9.51607 
80 2.493 0.0801671 0.0100573 0.000299939 9.32016 
80 2.494 0.0809795 0.0101953 0.000300879 9.33476 
80 2.494 0.0815117 0.0102983 0.000302152 9.37706 
80 2.494 0.0800481 0.0100432 0.000296976 9.32915 
80 2.494 0.0815222 0.0103381 0.00030913 9.47473 
80 2.494 0.0803748 0.0101083 0.000295266 9.36183 
80 2.495 0.0809939 0.0102022 0.000300499 9.34281 
80 2.495 0.0798989 0.010008 0.000294482 9.29655 
80 2.495 0.0803377 0.0100397 0.000289482 9.19735 
80 2.495 0.0807234 0.0101292 0.000297175 9.2676 
80 2.495 0.0799909 0.00994358 0.000286541 9.09346 
80 2.496 0.0810748 0.0101655 0.000295852 9.21129 
80 2.496 0.0795528 0.00987234 0.000286409 9.08637 
80 2.496 0.0805126 0.0100824 0.000291299 9.23106 
80 2.496 0.0795719 0.00987098 0.00028492 9.0751 
80 2.496 0.079977 0.00991069 0.000282509 9.01123 
80 2.497 0.0797427 0.00986045 0.000280331 8.97473 
80 2.497 0.0805445 0.0100582 0.000291051 9.15216 
80 2.497 0.0797444 0.0098309 0.000275836 8.89831 
80 2.497 0.0800444 0.0100122 0.000294662 9.24018 
80 2.497 0.0812168 0.0102792 0.000311944 9.43982 
80 2.498 0.0791897 0.00979047 0.000280369 9.01704 
80 2.498 0.079988 0.0101043 0.000310489 9.49555 
80 2.498 0.0796354 0.00989812 0.000284628 9.1115 
80 2.498 0.0802407 0.00998231 0.000286704 9.07925 
80 2.498 0.0790948 0.00968564 0.000269484 8.78697 
80 2.499 0.0793939 0.00987266 0.000287118 9.14099 
80 2.499 0.0795298 0.00987431 0.000288175 9.08988 
80 2.499 0.0794959 0.00990355 0.000288647 9.17859 
80 2.499 0.0792384 0.00981738 0.000280109 9.06259 
80 2.499 0.0796697 0.0099091 0.000285056 9.12197 
