s nth step2 temp ene nn nnn nnnn 
32 1 2048 2.493 -1544 -1428 -1316 -1208
32 1 2048 2.493 -1700.8 -1564 -1460 -1384
32 1 2048 2.493 -1596 -1468 -1320 -1184
32 1 2048 2.493 -1772 -1620 -1488 -1488
32 1 2048 2.493 -1772 -1620 -1488 -1488
32 1 2048 2.493 -1746.4 -1596 -1440 -1412
32 1 2048 2.493 -1795.2 -1644 -1508 -1468
32 1 2048 2.493 -1727.2 -1584 -1436 -1376
32 1 2048 2.493 -1614.4 -1484 -1348 -1264
32 1 2048 2.493 -1672 -1540 -1444 -1404
32 1 2048 2.493 -1616.8 -1484 -1368 -1272
32 1 2048 2.493 -1724.8 -1588 -1484 -1448
32 1 2048 2.493 -1628 -1496 -1348 -1300
32 1 2048 2.493 -1798.4 -1648 -1528 -1476
32 1 2048 2.493 -1772 -1624 -1492 -1436
32 1 2048 2.493 -1772 -1624 -1492 -1436
32 1 2048 2.493 -1728 -1584 -1432 -1344
32 1 2048 2.493 -1728 -1584 -1432 -1344
32 1 2048 2.493 -1747.2 -1604 -1492 -1424
32 1 2048 2.493 -1698.4 -1560 -1444 -1384
32 1 2048 2.493 -1688 -1548 -1388 -1376
32 1 2048 2.493 -1692 -1552 -1396 -1380
32 1 2048 2.493 -1692.8 -1552 -1400 -1364
32 1 2048 2.493 -1635.2 -1500 -1332 -1260
32 1 2048 2.493 -1554.4 -1428 -1224 -1124
32 1 2048 2.493 -1567.2 -1440 -1244 -1148
32 1 2048 2.493 -1562.4 -1436 -1240 -1136
32 1 2048 2.493 -1666.4 -1524 -1328 -1240
32 1 2048 2.493 -1666.4 -1524 -1328 -1240
32 1 2048 2.493 -1770.4 -1620 -1488 -1460
32 1 2048 2.493 -1752 -1608 -1496 -1480
32 1 2048 2.493 -1713.6 -1576 -1464 -1416
32 1 2048 2.493 -1491.2 -1376 -1216 -1112
32 1 2048 2.493 -1859.2 -1708 -1652 -1640
32 1 2048 2.493 -1747.2 -1604 -1476 -1392
32 1 2048 2.493 -1734.4 -1592 -1464 -1388
32 1 2048 2.493 -1739.2 -1596 -1468 -1392
32 1 2048 2.493 -1623.2 -1496 -1364 -1332
32 1 2048 2.493 -1702.4 -1564 -1452 -1400
32 1 2048 2.493 -1705.6 -1572 -1476 -1404
32 1 2048 2.493 -1842.4 -1692 -1624 -1564
32 1 2048 2.493 -1552.8 -1432 -1284 -1224
32 1 2048 2.493 -1637.6 -1508 -1376 -1312
32 1 2048 2.493 -1450.4 -1336 -1100 -972
32 1 2048 2.493 -1434.4 -1324 -1136 -1004
32 1 2048 2.493 -1468 -1356 -1184 -1064
32 1 2048 2.493 -1527.2 -1404 -1216 -1044
32 1 2048 2.493 -1691.2 -1552 -1416 -1360
32 1 2048 2.493 -1811.2 -1660 -1596 -1552
32 1 2048 2.493 -1630.4 -1496 -1344 -1252
32 1 2048 2.493 -1494.4 -1376 -1184 -1016
32 1 2048 2.493 -1513.6 -1392 -1224 -1080
32 1 2048 2.493 -1608.8 -1480 -1324 -1228
32 1 2048 2.493 -1516.8 -1400 -1224 -1076
32 1 2048 2.493 -1409.6 -1300 -1068 -916
32 1 2048 2.493 -1593.6 -1468 -1300 -1208
32 1 2048 2.493 -1615.2 -1488 -1324 -1236
32 1 2048 2.493 -1576.8 -1448 -1260 -1132
32 1 2048 2.493 -1696.8 -1556 -1400 -1348
32 1 2048 2.493 -1680.8 -1540 -1376 -1316
32 1 2048 2.493 -1680.8 -1540 -1376 -1316
32 1 2048 2.493 -1571.2 -1444 -1244 -1120
32 1 2048 2.493 -1548.8 -1424 -1216 -1080
32 1 2048 2.493 -1564 -1436 -1248 -1176
32 1 2048 2.493 -1292 -1192 -908 -772
32 1 2048 2.493 -1280 -1180 -884 -724
32 1 2048 2.493 -1328.8 -1228 -968 -820
32 1 2048 2.493 -1552 -1428 -1244 -1152
32 1 2048 2.493 -1587.2 -1460 -1300 -1168
32 1 2048 2.493 -1570.4 -1444 -1280 -1152
32 1 2048 2.493 -1476 -1364 -1200 -1092
32 1 2048 2.493 -1624.8 -1492 -1328 -1240
32 1 2048 2.493 -1623.2 -1492 -1352 -1256
32 1 2048 2.493 -1472 -1360 -1232 -1056
32 1 2048 2.493 -1608 -1484 -1340 -1224
32 1 2048 2.493 -1660 -1528 -1388 -1268
32 1 2048 2.493 -1828.8 -1676 -1588 -1540
32 1 2048 2.493 -1808 -1656 -1552 -1508
32 1 2048 2.493 -1810.4 -1660 -1576 -1512
32 1 2048 2.493 -1460 -1340 -1128 -956
32 1 2048 2.493 -1450.4 -1332 -1120 -948
32 1 2048 2.493 -1396.8 -1284 -1052 -880
32 1 2048 2.493 -1457.6 -1336 -1112 -972
32 1 2048 2.493 -1677.6 -1540 -1400 -1324
32 1 2048 2.493 -1704 -1560 -1472 -1392
32 1 2048 2.493 -1700 -1556 -1464 -1380
32 1 2048 2.493 -1696 -1552 -1456 -1368
32 1 2048 2.493 -1695.2 -1552 -1452 -1372
32 1 2048 2.493 -1695.2 -1552 -1452 -1372
32 1 2048 2.493 -1695.2 -1552 -1452 -1372
32 1 2048 2.493 -1708 -1564 -1464 -1388
32 1 2048 2.493 -1708 -1564 -1464 -1388
32 1 2048 2.493 -1707.2 -1564 -1468 -1388
32 1 2048 2.493 -1720.8 -1576 -1484 -1400
32 1 2048 2.493 -1643.2 -1508 -1380 -1312
32 1 2048 2.493 -1640 -1508 -1364 -1284
32 1 2048 2.493 -1647.2 -1512 -1348 -1248
32 1 2048 2.493 -1567.2 -1444 -1272 -1156
32 1 2048 2.493 -1604 -1476 -1320 -1224
32 1 2048 2.493 -1604 -1476 -1312 -1236
32 1 2048 2.493 -1621.6 -1492 -1336 -1260
32 1 2048 2.493 -1542.4 -1420 -1236 -1144
32 1 2048 2.493 -1542.4 -1420 -1236 -1144
32 1 2048 2.493 -1569.6 -1444 -1236 -1228
32 1 2048 2.493 -1654.4 -1520 -1376 -1300
32 1 2048 2.493 -1698.4 -1560 -1436 -1348
32 1 2048 2.493 -1720 -1580 -1468 -1408
32 1 2048 2.493 -1706.4 -1568 -1428 -1376
32 1 2048 2.493 -1682.4 -1548 -1416 -1372
32 1 2048 2.493 -1676 -1540 -1424 -1368
32 1 2048 2.493 -1608.8 -1476 -1288 -1220
32 1 2048 2.493 -1530.4 -1404 -1192 -1092
32 1 2048 2.493 -1567.2 -1440 -1252 -1172
32 1 2048 2.493 -1557.6 -1432 -1244 -1164
32 1 2048 2.493 -1488 -1372 -1164 -1048
32 1 2048 2.493 -1621.6 -1488 -1348 -1280
32 1 2048 2.493 -1643.2 -1508 -1372 -1308
32 1 2048 2.493 -1638.4 -1504 -1368 -1304
32 1 2048 2.493 -1624 -1492 -1356 -1292
32 1 2048 2.493 -1619.2 -1488 -1352 -1292
32 1 2048 2.493 -1521.6 -1400 -1240 -1120
32 1 2048 2.493 -1517.6 -1396 -1232 -1128
32 1 2048 2.493 -1499.2 -1384 -1248 -1152
32 1 2048 2.493 -1584.8 -1460 -1312 -1244
32 1 2048 2.493 -1684 -1544 -1396 -1332
32 1 2048 2.493 -1714.4 -1572 -1432 -1372
32 1 2048 2.493 -1635.2 -1500 -1316 -1244
32 1 2048 2.493 -1641.6 -1508 -1348 -1236
32 1 2048 2.493 -1664.8 -1536 -1444 -1348
32 1 2048 2.493 -1658.4 -1524 -1400 -1316
32 1 2048 2.493 -1624.8 -1492 -1336 -1224
32 1 2048 2.493 -1522.4 -1400 -1220 -1092
32 1 2048 2.493 -1522.4 -1400 -1220 -1092
32 1 2048 2.493 -1528 -1404 -1220 -1092
32 1 2048 2.493 -1497.6 -1376 -1168 -988
32 1 2048 2.493 -1584.8 -1456 -1284 -1236
32 1 2048 2.493 -1740 -1596 -1472 -1412
32 1 2048 2.493 -1749.6 -1604 -1480 -1420
32 1 2048 2.493 -1748.8 -1604 -1484 -1436
32 1 2048 2.493 -1813.6 -1664 -1572 -1572
32 1 2048 2.493 -1558.4 -1436 -1268 -1160
32 1 2048 2.493 -1625.6 -1496 -1344 -1256
32 1 2048 2.493 -1628 -1500 -1360 -1296
32 1 2048 2.493 -1836 -1688 -1628 -1608
32 1 2048 2.493 -1604.8 -1480 -1360 -1280
32 1 2048 2.493 -1720.8 -1584 -1508 -1448
32 1 2048 2.493 -1536 -1416 -1256 -1156
32 1 2048 2.493 -1578.4 -1456 -1308 -1160
32 1 2048 2.493 -1627.2 -1500 -1380 -1292
32 1 2048 2.493 -1728 -1588 -1508 -1456
32 1 2048 2.493 -1716 -1576 -1492 -1428
32 1 2048 2.493 -1640.8 -1512 -1388 -1332
32 1 2048 2.493 -1576 -1456 -1336 -1244
32 1 2048 2.493 -1616 -1484 -1332 -1260
32 1 2048 2.493 -1650.4 -1520 -1380 -1328
32 1 2048 2.493 -1575.2 -1452 -1304 -1140
32 1 2048 2.493 -1681.6 -1544 -1392 -1324
32 1 2048 2.493 -1644 -1512 -1364 -1272
32 1 2048 2.493 -1644 -1512 -1364 -1272
32 1 2048 2.493 -1644 -1512 -1372 -1276
32 1 2048 2.493 -1616 -1484 -1300 -1200
32 1 2048 2.493 -1628 -1496 -1324 -1236
32 1 2048 2.493 -1769.6 -1624 -1512 -1420
32 1 2048 2.493 -1769.6 -1624 -1512 -1420
32 1 2048 2.493 -1600.8 -1468 -1288 -1196
32 1 2048 2.493 -1620 -1484 -1304 -1224
32 1 2048 2.493 -1700 -1564 -1456 -1416
32 1 2048 2.493 -1814.4 -1668 -1596 -1556
32 1 2048 2.493 -1832.8 -1684 -1600 -1532
32 1 2048 2.493 -1550.4 -1428 -1268 -1200
32 1 2048 2.493 -1661.6 -1528 -1396 -1348
32 1 2048 2.493 -1634.4 -1500 -1352 -1252
32 1 2048 2.493 -1630.4 -1496 -1344 -1248
32 1 2048 2.493 -1573.6 -1444 -1272 -1144
32 1 2048 2.493 -1573.6 -1444 -1272 -1144
32 1 2048 2.493 -1580 -1448 -1260 -1136
32 1 2048 2.493 -1574.4 -1444 -1260 -1136
32 1 2048 2.493 -1604 -1472 -1308 -1184
32 1 2048 2.493 -1489.6 -1364 -1124 -980
32 1 2048 2.493 -1466.4 -1348 -1128 -1036
32 1 2048 2.493 -1517.6 -1396 -1208 -1108
32 1 2048 2.493 -1536.8 -1412 -1232 -1148
32 1 2048 2.493 -1536.8 -1412 -1232 -1148
32 1 2048 2.493 -1653.6 -1520 -1412 -1332
32 1 2048 2.493 -1738.4 -1596 -1504 -1408
32 1 2048 2.493 -1729.6 -1588 -1500 -1400
32 1 2048 2.493 -1657.6 -1520 -1360 -1264
32 1 2048 2.493 -1672 -1532 -1372 -1272
32 1 2048 2.493 -1530.4 -1412 -1264 -1200
32 1 2048 2.493 -1659.2 -1528 -1448 -1336
32 1 2048 2.493 -1666.4 -1536 -1468 -1384
32 1 2048 2.493 -1648 -1516 -1420 -1348
32 1 2048 2.493 -1687.2 -1552 -1428 -1380
32 1 2048 2.493 -1574.4 -1452 -1284 -1200
32 1 2048 2.493 -1578.4 -1456 -1332 -1220
32 1 2048 2.493 -1619.2 -1488 -1344 -1248
32 1 2048 2.493 -1480 -1364 -1164 -1092
32 1 2048 2.493 -1338.4 -1236 -992 -828
32 1 2048 2.493 -1392 -1284 -1092 -924
32 1 2048 2.493 -1611.2 -1484 -1332 -1248
32 1 2048 2.493 -1586.4 -1460 -1272 -1144
32 1 2048 2.493 -1544.8 -1424 -1228 -1156
32 1 2048 2.493 -1620.8 -1492 -1348 -1300
32 1 2048 2.493 -1617.6 -1492 -1356 -1324
32 1 2048 2.493 -1759.2 -1620 -1536 -1488
32 1 2048 2.493 -1496.8 -1376 -1212 -1112
32 1 2048 2.493 -1620.8 -1496 -1384 -1292
32 1 2048 2.493 -1621.6 -1484 -1328 -1192
32 1 2048 2.493 -1662.4 -1520 -1376 -1252
32 1 2048 2.493 -1652.8 -1512 -1368 -1244
32 1 2048 2.493 -1691.2 -1552 -1424 -1380
32 1 2048 2.493 -1675.2 -1536 -1384 -1308
32 1 2048 2.493 -1524 -1408 -1244 -1192
32 1 2048 2.493 -1576.8 -1452 -1304 -1240
32 1 2048 2.493 -1528.8 -1408 -1252 -1164
32 1 2048 2.493 -1748 -1604 -1488 -1472
32 1 2048 2.493 -1810.4 -1656 -1564 -1504
32 1 2048 2.493 -1571.2 -1448 -1280 -1204
32 1 2048 2.493 -1602.4 -1476 -1328 -1232
32 1 2048 2.493 -1520.8 -1400 -1220 -1156
32 1 2048 2.493 -1534.4 -1408 -1216 -1088
32 1 2048 2.493 -1631.2 -1496 -1340 -1268
32 1 2048 2.493 -1652 -1516 -1368 -1280
32 1 2048 2.493 -1590.4 -1464 -1312 -1224
32 1 2048 2.493 -1566.4 -1444 -1284 -1188
32 1 2048 2.493 -1684 -1548 -1440 -1400
32 1 2048 2.493 -1664 -1532 -1396 -1324
32 1 2048 2.493 -1775.2 -1632 -1572 -1544
32 1 2048 2.493 -1478.4 -1360 -1176 -1056
32 1 2048 2.493 -1545.6 -1420 -1268 -1168
32 1 2048 2.493 -1545.6 -1420 -1268 -1168
32 1 2048 2.493 -1545.6 -1420 -1268 -1168
32 1 2048 2.493 -1419.2 -1312 -1136 -964
32 1 2048 2.493 -1460 -1348 -1184 -1024
32 1 2048 2.493 -1557.6 -1432 -1300 -1208
32 1 2048 2.493 -1468 -1352 -1188 -1116
32 1 2048 2.493 -1661.6 -1528 -1404 -1360
32 1 2048 2.493 -1628.8 -1492 -1316 -1268
32 1 2048 2.493 -1628.8 -1492 -1316 -1268
32 1 2048 2.493 -1656 -1516 -1340 -1296
32 1 2048 2.493 -1656 -1516 -1340 -1296
32 1 2048 2.493 -1520.8 -1400 -1204 -1160
32 1 2048 2.493 -1546.4 -1424 -1252 -1132
32 1 2048 2.493 -1600 -1472 -1320 -1176
32 1 2048 2.493 -1704.8 -1572 -1464 -1400
32 1 2048 2.493 -1719.2 -1576 -1436 -1380
32 1 2048 2.493 -1688 -1548 -1388 -1320
32 1 2048 2.493 -1652.8 -1520 -1376 -1324
32 1 2048 2.493 -1742.4 -1600 -1488 -1456
32 1 2048 2.493 -1769.6 -1624 -1512 -1452
32 1 2048 2.493 -1751.2 -1608 -1508 -1432
32 1 2048 2.493 -1842.4 -1692 -1640 -1604
32 1 2048 2.493 -1615.2 -1484 -1344 -1228
32 1 2048 2.493 -1688.8 -1552 -1436 -1364
32 1 2048 2.493 -1538.4 -1412 -1208 -1116
32 1 2048 2.493 -1577.6 -1448 -1248 -1164
32 1 2048 2.493 -1551.2 -1420 -1208 -1156
32 1 2048 2.493 -1551.2 -1420 -1208 -1156
32 1 2048 2.493 -1556.8 -1424 -1208 -1164
32 1 2048 2.493 -1556.8 -1424 -1208 -1164
32 1 2048 2.493 -1592 -1456 -1248 -1200
32 1 2048 2.493 -1616.8 -1480 -1292 -1236
32 1 2048 2.493 -1444 -1332 -1136 -1000
32 1 2048 2.493 -1517.6 -1396 -1216 -1152
32 1 2048 2.493 -1563.2 -1440 -1320 -1256
32 1 2048 2.493 -1504 -1380 -1212 -1092
32 1 2048 2.493 -1503.2 -1380 -1216 -1108
32 1 2048 2.493 -1505.6 -1380 -1204 -1116
32 1 2048 2.493 -1492.8 -1372 -1188 -1008
32 1 2048 2.493 -1406.4 -1296 -1088 -884
32 1 2048 2.493 -1428.8 -1316 -1108 -944
32 1 2048 2.493 -1433.6 -1320 -1112 -948
32 1 2048 2.493 -1505.6 -1380 -1156 -980
32 1 2048 2.493 -1523.2 -1396 -1172 -1012
32 1 2048 2.493 -1504 -1380 -1164 -1012
32 1 2048 2.493 -1670.4 -1532 -1412 -1320
32 1 2048 2.493 -1676.8 -1540 -1428 -1344
32 1 2048 2.493 -1489.6 -1372 -1220 -1132
32 1 2048 2.493 -1499.2 -1380 -1228 -1132
32 1 2048 2.493 -1358.4 -1256 -1032 -932
32 1 2048 2.493 -1484.8 -1372 -1236 -1144
32 1 2048 2.493 -1706.4 -1568 -1444 -1404
32 1 2048 2.493 -1791.2 -1644 -1560 -1512
32 1 2048 2.493 -1648.8 -1516 -1376 -1316
32 1 2048 2.493 -1605.6 -1476 -1360 -1256
32 1 2048 2.493 -1618.4 -1488 -1372 -1264
32 1 2048 2.493 -1609.6 -1484 -1372 -1252
32 1 2048 2.493 -1618.4 -1496 -1388 -1348
32 1 2048 2.493 -1655.2 -1524 -1432 -1372
32 1 2048 2.493 -1735.2 -1592 -1516 -1436
32 1 2048 2.493 -1664.8 -1528 -1396 -1324
32 1 2048 2.493 -1664.8 -1528 -1396 -1324
32 1 2048 2.493 -1664.8 -1528 -1396 -1324
32 1 2048 2.493 -1664.8 -1528 -1396 -1324
32 1 2048 2.493 -1679.2 -1540 -1408 -1336
32 1 2048 2.493 -1623.2 -1496 -1372 -1288
32 1 2048 2.493 -1638.4 -1508 -1380 -1324
32 1 2048 2.493 -1770.4 -1624 -1500 -1464
32 1 2048 2.493 -1772 -1628 -1520 -1472
32 1 2048 2.493 -1770.4 -1624 -1532 -1476
32 1 2048 2.493 -1489.6 -1368 -1160 -1020
32 1 2048 2.493 -1499.2 -1376 -1168 -1024
32 1 2048 2.493 -1486.4 -1364 -1156 -1020
32 1 2048 2.493 -1508 -1384 -1172 -1040
32 1 2048 2.493 -1493.6 -1376 -1180 -1048
32 1 2048 2.493 -1482.4 -1364 -1152 -988
32 1 2048 2.493 -1448 -1332 -1108 -984
32 1 2048 2.493 -1718.4 -1580 -1492 -1428
32 1 2048 2.493 -1699.2 -1560 -1448 -1356
32 1 2048 2.493 -1548 -1424 -1228 -1184
32 1 2048 2.493 -1572.8 -1452 -1364 -1256
32 1 2048 2.493 -1682.4 -1548 -1464 -1384
32 1 2048 2.493 -1672.8 -1540 -1448 -1344
32 1 2048 2.493 -1528.8 -1408 -1236 -1156
32 1 2048 2.493 -1642.4 -1508 -1344 -1292
32 1 2048 2.493 -1659.2 -1528 -1416 -1320
32 1 2048 2.493 -1724.8 -1588 -1492 -1440
32 1 2048 2.493 -1696 -1560 -1448 -1388
32 1 2048 2.493 -1685.6 -1552 -1436 -1384
32 1 2048 2.493 -1738.4 -1600 -1516 -1472
32 1 2048 2.493 -1919.2 -1756 -1680 -1652
32 1 2048 2.493 -1736.8 -1596 -1496 -1464
32 1 2048 2.493 -1660 -1528 -1420 -1384
32 1 2048 2.493 -1748.8 -1608 -1504 -1448
32 1 2048 2.493 -1731.2 -1592 -1496 -1444
32 1 2048 2.493 -1632 -1504 -1368 -1340
32 1 2048 2.493 -1744.8 -1604 -1536 -1508
32 1 2048 2.493 -1446.4 -1332 -1132 -992
32 1 2048 2.493 -1670.4 -1536 -1400 -1280
32 1 2048 2.493 -1716 -1576 -1460 -1408
32 1 2048 2.493 -1649.6 -1516 -1380 -1344
32 1 2048 2.493 -1748 -1604 -1488 -1444
32 1 2048 2.493 -1640.8 -1512 -1372 -1292
32 1 2048 2.493 -1796.8 -1648 -1552 -1468
32 1 2048 2.493 -1696.8 -1556 -1424 -1348
32 1 2048 2.493 -1689.6 -1552 -1416 -1328
32 1 2048 2.493 -1724.8 -1580 -1428 -1332
32 1 2048 2.493 -1716 -1572 -1424 -1328
32 1 2048 2.493 -1711.2 -1568 -1420 -1340
32 1 2048 2.493 -1717.6 -1576 -1428 -1360
32 1 2048 2.493 -1763.2 -1616 -1488 -1404
32 1 2048 2.493 -1758.4 -1612 -1484 -1400
32 1 2048 2.493 -1616.8 -1488 -1340 -1268
32 1 2048 2.493 -1692 -1552 -1404 -1336
32 1 2048 2.493 -1716.8 -1580 -1484 -1472
32 1 2048 2.493 -1524 -1404 -1216 -1060
32 1 2048 2.493 -1621.6 -1496 -1340 -1208
32 1 2048 2.493 -1734.4 -1596 -1492 -1484
32 1 2048 2.493 -1603.2 -1476 -1324 -1200
32 1 2048 2.493 -1498.4 -1380 -1208 -1044
32 1 2048 2.493 -1516.8 -1396 -1228 -1076
32 1 2048 2.493 -1534.4 -1416 -1248 -1180
32 1 2048 2.493 -1481.6 -1364 -1196 -1108
32 1 2048 2.493 -1660.8 -1528 -1392 -1312
32 1 2048 2.493 -1584.8 -1460 -1304 -1208
32 1 2048 2.493 -1731.2 -1588 -1476 -1440
32 1 2048 2.493 -1726.4 -1592 -1496 -1440
32 1 2048 2.493 -1625.6 -1500 -1388 -1320
32 1 2048 2.493 -1468 -1352 -1180 -1028
32 1 2048 2.493 -1448 -1340 -1204 -1056
32 1 2048 2.493 -1755.2 -1612 -1516 -1504
32 1 2048 2.493 -1647.2 -1512 -1364 -1248
32 1 2048 2.493 -1584 -1456 -1264 -1184
32 1 2048 2.493 -1585.6 -1460 -1300 -1236
32 1 2048 2.493 -1586.4 -1460 -1288 -1240
32 1 2048 2.493 -1620.8 -1492 -1340 -1212
32 1 2048 2.493 -1614.4 -1488 -1360 -1300
32 1 2048 2.493 -1716.8 -1580 -1500 -1456
32 1 2048 2.493 -1699.2 -1564 -1476 -1456
32 1 2048 2.493 -1532 -1408 -1260 -1184
32 1 2048 2.493 -1535.2 -1412 -1312 -1256
32 1 2048 2.493 -1728.8 -1596 -1520 -1468
32 1 2048 2.493 -1601.6 -1476 -1340 -1212
32 1 2048 2.493 -1431.2 -1320 -1132 -1008
32 1 2048 2.493 -1556.8 -1432 -1272 -1152
32 1 2048 2.493 -1592 -1460 -1276 -1156
32 1 2048 2.493 -1592 -1460 -1276 -1156
32 1 2048 2.493 -1520 -1396 -1212 -1072
32 1 2048 2.493 -1664 -1528 -1384 -1344
32 1 2048 2.493 -1764 -1624 -1532 -1492
32 1 2048 2.493 -1596 -1472 -1356 -1316
32 1 2048 2.493 -1464.8 -1352 -1132 -1036
32 1 2048 2.493 -1384.8 -1276 -1008 -864
32 1 2048 2.493 -1420.8 -1304 -1032 -944
32 1 2048 2.493 -1537.6 -1412 -1220 -1188
32 1 2048 2.493 -1736 -1592 -1480 -1416
32 1 2048 2.493 -1718.4 -1580 -1460 -1352
32 1 2048 2.493 -1857.6 -1708 -1644 -1604
32 1 2048 2.493 -1880 -1724 -1668 -1632
32 1 2048 2.493 -1769.6 -1624 -1528 -1464
32 1 2048 2.493 -1769.6 -1624 -1528 -1464
32 1 2048 2.493 -1630.4 -1496 -1312 -1236
32 1 2048 2.493 -1553.6 -1424 -1200 -1124
32 1 2048 2.493 -1606.4 -1472 -1272 -1220
32 1 2048 2.493 -1575.2 -1448 -1260 -1212
32 1 2048 2.493 -1646.4 -1508 -1332 -1252
32 1 2048 2.493 -1622.4 -1484 -1284 -1200
32 1 2048 2.493 -1626.4 -1488 -1292 -1212
32 1 2048 2.493 -1626.4 -1488 -1292 -1212
32 1 2048 2.493 -1577.6 -1444 -1228 -1184
32 1 2048 2.493 -1577.6 -1444 -1228 -1184
32 1 2048 2.493 -1544 -1416 -1208 -1152
32 1 2048 2.493 -1752 -1612 -1516 -1500
32 1 2048 2.493 -1688.8 -1552 -1428 -1380
32 1 2048 2.493 -1440 -1328 -1136 -1080
32 1 2048 2.493 -1576 -1448 -1272 -1184
32 1 2048 2.493 -1491.2 -1372 -1172 -1076
32 1 2048 2.493 -1660.8 -1524 -1364 -1276
32 1 2048 2.493 -1747.2 -1608 -1496 -1476
32 1 2048 2.493 -1754.4 -1616 -1532 -1504
32 1 2048 2.493 -1593.6 -1464 -1320 -1260
32 1 2048 2.493 -1802.4 -1652 -1568 -1548
32 1 2048 2.493 -1560 -1432 -1264 -1220
32 1 2048 2.493 -1560 -1432 -1264 -1220
32 1 2048 2.493 -1542.4 -1416 -1232 -1188
32 1 2048 2.493 -1551.2 -1424 -1236 -1188
32 1 2048 2.493 -1532.8 -1408 -1208 -1132
32 1 2048 2.493 -1557.6 -1436 -1296 -1204
32 1 2048 2.493 -1716.8 -1576 -1432 -1340
32 1 2048 2.493 -1720.8 -1580 -1464 -1380
32 1 2048 2.493 -1695.2 -1560 -1444 -1400
32 1 2048 2.493 -1697.6 -1560 -1432 -1400
32 1 2048 2.493 -1729.6 -1588 -1452 -1380
32 1 2048 2.493 -1815.2 -1664 -1556 -1568
32 1 2048 2.493 -1815.2 -1664 -1556 -1568
32 1 2048 2.493 -1795.2 -1644 -1524 -1524
32 1 2048 2.493 -1727.2 -1580 -1440 -1380
32 1 2048 2.493 -1715.2 -1568 -1416 -1356
32 1 2048 2.493 -1715.2 -1568 -1416 -1356
32 1 2048 2.493 -1715.2 -1568 -1416 -1356
32 1 2048 2.493 -1446.4 -1328 -1096 -1004
32 1 2048 2.493 -1432 -1320 -1104 -1012
32 1 2048 2.493 -1372.8 -1264 -984 -904
32 1 2048 2.493 -1391.2 -1280 -1012 -940
32 1 2048 2.493 -1559.2 -1436 -1264 -1196
32 1 2048 2.493 -1453.6 -1340 -1168 -1076
32 1 2048 2.493 -1544.8 -1420 -1248 -1192
32 1 2048 2.493 -1472 -1356 -1180 -1100
32 1 2048 2.493 -1351.2 -1248 -1012 -912
32 1 2048 2.493 -1318.4 -1216 -960 -832
32 1 2048 2.493 -1316 -1212 -952 -832
32 1 2048 2.493 -1345.6 -1240 -1000 -872
32 1 2048 2.493 -1266.4 -1168 -900 -780
32 1 2048 2.493 -1264.8 -1168 -908 -724
32 1 2048 2.493 -1253.6 -1156 -896 -704
32 1 2048 2.493 -1273.6 -1176 -944 -760
32 1 2048 2.493 -1331.2 -1224 -1024 -896
32 1 2048 2.493 -1256.8 -1156 -912 -784
32 1 2048 2.493 -1320.8 -1216 -996 -856
32 1 2048 2.493 -1617.6 -1488 -1344 -1252
32 1 2048 2.493 -1835.2 -1684 -1596 -1552
32 1 2048 2.493 -1631.2 -1500 -1384 -1296
32 1 2048 2.493 -1758.4 -1612 -1484 -1412
32 1 2048 2.493 -1690.4 -1552 -1444 -1420
32 1 2048 2.493 -1640.8 -1508 -1368 -1284
32 1 2048 2.493 -1659.2 -1524 -1396 -1316
32 1 2048 2.493 -1659.2 -1524 -1404 -1312
32 1 2048 2.493 -1654.4 -1520 -1408 -1440
32 1 2048 2.493 -1644 -1512 -1380 -1324
32 1 2048 2.493 -1797.6 -1648 -1564 -1504
32 1 2048 2.493 -1691.2 -1552 -1432 -1396
32 1 2048 2.493 -1824.8 -1672 -1564 -1536
32 1 2048 2.493 -1740.8 -1592 -1448 -1412
32 1 2048 2.493 -1745.6 -1596 -1452 -1432
32 1 2048 2.493 -1757.6 -1608 -1476 -1476
32 1 2048 2.493 -1766.4 -1616 -1480 -1484
32 1 2048 2.493 -1776 -1624 -1488 -1492
32 1 2048 2.493 -1784 -1632 -1504 -1496
32 1 2048 2.493 -1775.2 -1624 -1500 -1492
32 1 2048 2.493 -1578.4 -1448 -1260 -1208
32 1 2048 2.493 -1498.4 -1376 -1164 -1068
32 1 2048 2.493 -1493.6 -1372 -1160 -1064
32 1 2048 2.493 -1421.6 -1308 -1072 -952
32 1 2048 2.493 -1605.6 -1472 -1308 -1212
32 1 2048 2.493 -1605.6 -1472 -1308 -1212
32 1 2048 2.493 -1600 -1468 -1300 -1208
32 1 2048 2.493 -1624.8 -1492 -1352 -1236
32 1 2048 2.493 -1624.8 -1492 -1352 -1236
32 1 2048 2.493 -1623.2 -1492 -1352 -1220
32 1 2048 2.493 -1820 -1672 -1580 -1528
32 1 2048 2.493 -1730.4 -1588 -1456 -1428
32 1 2048 2.493 -1678.4 -1540 -1396 -1316
32 1 2048 2.493 -1691.2 -1552 -1416 -1344
32 1 2048 2.493 -1577.6 -1452 -1276 -1176
32 1 2048 2.493 -1469.6 -1356 -1176 -1040
32 1 2048 2.493 -1572.8 -1452 -1300 -1284
32 1 2048 2.493 -1632 -1504 -1392 -1340
32 1 2048 2.493 -1604 -1476 -1344 -1264
32 1 2048 2.493 -1437.6 -1324 -1096 -1000
32 1 2048 2.493 -1766.4 -1624 -1536 -1508
32 1 2048 2.493 -1728 -1588 -1468 -1428
32 1 2048 2.493 -1853.6 -1700 -1632 -1652
32 1 2048 2.493 -2010.4 -1840 -1804 -1772
32 1 2048 2.493 -1867.2 -1708 -1604 -1532
32 1 2048 2.493 -1876 -1716 -1616 -1548
32 1 2048 2.493 -1889.6 -1728 -1632 -1564
32 1 2048 2.493 -1880 -1720 -1624 -1556
32 1 2048 2.493 -1880 -1720 -1624 -1564
32 1 2048 2.493 -1876.8 -1716 -1612 -1556
32 1 2048 2.493 -1854.4 -1696 -1584 -1532
32 1 2048 2.493 -1708 -1564 -1432 -1384
32 1 2048 2.493 -1727.2 -1584 -1476 -1452
32 1 2048 2.493 -1864 -1708 -1628 -1604
32 1 2048 2.493 -1881.6 -1724 -1652 -1620
32 1 2048 2.493 -1852.8 -1696 -1616 -1584
32 1 2048 2.493 -1840.8 -1684 -1592 -1568
32 1 2048 2.493 -1652.8 -1516 -1380 -1360
32 1 2048 2.493 -1718.4 -1580 -1476 -1428
32 1 2048 2.493 -1742.4 -1600 -1512 -1452
32 1 2048 2.493 -1624.8 -1492 -1360 -1252
32 1 2048 2.493 -1572 -1448 -1316 -1232
32 1 2048 2.493 -1511.2 -1396 -1240 -1168
32 1 2048 2.493 -1624 -1492 -1348 -1256
32 1 2048 2.493 -1804 -1656 -1572 -1504
32 1 2048 2.493 -1622.4 -1492 -1348 -1220
32 1 2048 2.493 -1729.6 -1584 -1456 -1348
32 1 2048 2.493 -1700.8 -1560 -1424 -1344
32 1 2048 2.493 -1567.2 -1440 -1276 -1204
32 1 2048 2.493 -1628.8 -1492 -1324 -1240
32 1 2048 2.493 -1596.8 -1464 -1280 -1196
32 1 2048 2.493 -1618.4 -1484 -1312 -1224
32 1 2048 2.493 -1636.8 -1500 -1340 -1256
32 1 2048 2.493 -1699.2 -1560 -1432 -1392
32 1 2048 2.493 -1621.6 -1492 -1392 -1308
32 1 2048 2.493 -1664.8 -1528 -1396 -1344
32 1 2048 2.493 -1714.4 -1572 -1440 -1360
32 1 2048 2.493 -1800 -1656 -1584 -1544
32 1 2048 2.493 -1846.4 -1696 -1632 -1600
32 1 2048 2.493 -1845.6 -1696 -1628 -1592
32 1 2048 2.493 -1872.8 -1716 -1624 -1584
32 1 2048 2.493 -1702.4 -1564 -1444 -1364
32 1 2048 2.493 -1614.4 -1488 -1336 -1236
32 1 2048 2.493 -1871.2 -1716 -1680 -1640
32 1 2048 2.493 -1680 -1544 -1416 -1324
32 1 2048 2.493 -1908 -1748 -1688 -1672
32 1 2048 2.493 -1908 -1748 -1688 -1672
32 1 2048 2.493 -1908 -1748 -1688 -1672
32 1 2048 2.493 -1774.4 -1628 -1500 -1504
32 1 2048 2.493 -1984.8 -1820 -1792 -1796
32 1 2048 2.493 -1739.2 -1600 -1496 -1480
32 1 2048 2.493 -1670.4 -1544 -1464 -1408
32 1 2048 2.493 -1490.4 -1380 -1240 -1132
32 1 2048 2.493 -1468 -1356 -1208 -1084
32 1 2048 2.493 -1571.2 -1444 -1284 -1208
32 1 2048 2.493 -1529.6 -1404 -1188 -1092
32 1 2048 2.493 -1515.2 -1392 -1176 -1068
32 1 2048 2.493 -1494.4 -1376 -1192 -1056
32 1 2048 2.493 -1697.6 -1556 -1420 -1316
32 1 2048 2.493 -1702.4 -1560 -1424 -1312
32 1 2048 2.493 -1689.6 -1552 -1440 -1348
32 1 2048 2.493 -1768 -1624 -1552 -1504
32 1 2048 2.493 -1788 -1640 -1524 -1476
32 1 2048 2.493 -1728.8 -1584 -1444 -1340
32 1 2048 2.493 -1869.6 -1712 -1620 -1564
32 1 2048 2.493 -1869.6 -1712 -1620 -1564
32 1 2048 2.493 -1901.6 -1740 -1656 -1604
32 1 2048 2.493 -1900.8 -1740 -1660 -1604
32 1 2048 2.493 -1864.8 -1708 -1624 -1584
32 1 2048 2.493 -1768 -1624 -1520 -1484
32 1 2048 2.493 -1863.2 -1704 -1620 -1600
32 1 2048 2.493 -1545.6 -1420 -1260 -1108
32 1 2048 2.493 -1582.4 -1452 -1292 -1216
32 1 2048 2.493 -1608.8 -1476 -1312 -1256
32 1 2048 2.493 -1568.8 -1440 -1260 -1164
32 1 2048 2.493 -1580 -1452 -1280 -1184
32 1 2048 2.493 -1694.4 -1556 -1460 -1408
32 1 2048 2.493 -1690.4 -1552 -1452 -1404
32 1 2048 2.493 -1681.6 -1544 -1408 -1324
32 1 2048 2.493 -1642.4 -1508 -1360 -1316
32 1 2048 2.493 -1647.2 -1512 -1332 -1304
32 1 2048 2.493 -1673.6 -1540 -1412 -1352
32 1 2048 2.493 -1614.4 -1484 -1324 -1304
32 1 2048 2.493 -1573.6 -1444 -1264 -1224
32 1 2048 2.493 -1572 -1440 -1236 -1196
32 1 2048 2.493 -1566.4 -1444 -1284 -1200
32 1 2048 2.493 -1623.2 -1496 -1356 -1268
32 1 2048 2.493 -1641.6 -1508 -1356 -1288
32 1 2048 2.493 -1780.8 -1632 -1536 -1520
32 1 2048 2.493 -1495.2 -1372 -1136 -1028
32 1 2048 2.493 -1492 -1368 -1132 -1024
32 1 2048 2.493 -1497.6 -1376 -1152 -1040
32 1 2048 2.493 -1438.4 -1324 -1076 -960
32 1 2048 2.493 -1586.4 -1460 -1280 -1196
32 1 2048 2.493 -1482.4 -1364 -1176 -1028
32 1 2048 2.493 -1485.6 -1368 -1172 -1040
32 1 2048 2.493 -1351.2 -1244 -952 -768
32 1 2048 2.493 -1340 -1232 -948 -780
32 1 2048 2.493 -1441.6 -1332 -1124 -944
32 1 2048 2.493 -1699.2 -1560 -1448 -1404
32 1 2048 2.493 -1631.2 -1504 -1388 -1308
32 1 2048 2.493 -1764.8 -1620 -1524 -1456
32 1 2048 2.493 -1588.8 -1460 -1308 -1200
32 1 2048 2.493 -1660 -1524 -1384 -1332
32 1 2048 2.493 -1641.6 -1508 -1356 -1292
32 1 2048 2.493 -1769.6 -1624 -1520 -1452
32 1 2048 2.493 -1769.6 -1624 -1520 -1492
32 1 2048 2.493 -1798.4 -1648 -1552 -1504
32 1 2048 2.493 -1797.6 -1648 -1556 -1512
32 1 2048 2.493 -1560 -1432 -1248 -1128
32 1 2048 2.493 -1623.2 -1492 -1352 -1316
32 1 2048 2.493 -1695.2 -1556 -1464 -1364
32 1 2048 2.493 -1604 -1472 -1348 -1244
32 1 2048 2.493 -1601.6 -1472 -1344 -1244
32 1 2048 2.493 -1734.4 -1596 -1540 -1480
32 1 2048 2.493 -1627.2 -1500 -1372 -1268
32 1 2048 2.493 -1512.8 -1396 -1200 -1088
32 1 2048 2.493 -1696 -1560 -1464 -1416
32 1 2048 2.493 -1638.4 -1508 -1380 -1328
32 1 2048 2.493 -1714.4 -1576 -1476 -1440
32 1 2048 2.493 -1793.6 -1644 -1532 -1532
32 1 2048 2.493 -1809.6 -1664 -1584 -1560
32 1 2048 2.493 -1636 -1508 -1384 -1344
32 1 2048 2.493 -1676 -1540 -1400 -1360
32 1 2048 2.493 -1507.2 -1388 -1212 -1112
32 1 2048 2.493 -1499.2 -1380 -1204 -1092
32 1 2048 2.493 -1494.4 -1376 -1200 -1084
32 1 2048 2.493 -1521.6 -1400 -1240 -1128
32 1 2048 2.493 -1656.8 -1516 -1344 -1252
32 1 2048 2.493 -1666.4 -1524 -1352 -1268
32 1 2048 2.493 -1666.4 -1524 -1352 -1268
32 1 2048 2.493 -1666.4 -1524 -1352 -1268
32 1 2048 2.493 -1671.2 -1528 -1356 -1280
32 1 2048 2.493 -1671.2 -1528 -1356 -1280
32 1 2048 2.493 -1668 -1528 -1364 -1288
32 1 2048 2.493 -1616 -1484 -1324 -1276
32 1 2048 2.493 -1570.4 -1440 -1260 -1224
32 1 2048 2.493 -1629.6 -1496 -1332 -1300
32 1 2048 2.493 -1697.6 -1560 -1448 -1432
32 1 2048 2.493 -1668 -1532 -1400 -1360
32 1 2048 2.493 -1647.2 -1512 -1372 -1328
32 1 2048 2.493 -1655.2 -1520 -1388 -1336
32 1 2048 2.493 -1712 -1572 -1460 -1388
32 1 2048 2.493 -1728 -1588 -1476 -1420
32 1 2048 2.493 -1766.4 -1620 -1508 -1476
32 1 2048 2.493 -1847.2 -1692 -1616 -1564
32 1 2048 2.493 -1876.8 -1720 -1664 -1628
32 1 2048 2.493 -1587.2 -1460 -1324 -1272
32 1 2048 2.493 -1592.8 -1468 -1312 -1224
32 1 2048 2.493 -1809.6 -1664 -1600 -1588
32 1 2048 2.493 -1748 -1604 -1464 -1432
32 1 2048 2.493 -1776.8 -1628 -1520 -1468
32 1 2048 2.493 -1776.8 -1628 -1520 -1468
32 1 2048 2.493 -1777.6 -1628 -1524 -1472
32 1 2048 2.493 -1750.4 -1604 -1476 -1388
32 1 2048 2.493 -1760 -1612 -1484 -1396
32 1 2048 2.493 -1789.6 -1636 -1504 -1456
32 1 2048 2.493 -1803.2 -1648 -1520 -1472
32 1 2048 2.493 -1638.4 -1500 -1364 -1280
32 1 2048 2.493 -1650.4 -1512 -1364 -1228
32 1 2048 2.493 -1628 -1492 -1312 -1236
32 1 2048 2.493 -1630.4 -1496 -1320 -1260
32 1 2048 2.493 -1670.4 -1532 -1372 -1316
32 1 2048 2.493 -1672.8 -1536 -1380 -1320
32 1 2048 2.493 -1605.6 -1476 -1320 -1260
32 1 2048 2.493 -1643.2 -1512 -1384 -1268
32 1 2048 2.493 -1685.6 -1548 -1424 -1356
32 1 2048 2.493 -1579.2 -1448 -1280 -1212
32 1 2048 2.493 -1474.4 -1356 -1192 -1068
32 1 2048 2.493 -1704.8 -1568 -1452 -1344
32 1 2048 2.493 -1640 -1508 -1356 -1264
32 1 2048 2.493 -1656 -1524 -1388 -1324
32 1 2048 2.493 -1772 -1628 -1528 -1460
32 1 2048 2.493 -1771.2 -1628 -1532 -1460
32 1 2048 2.493 -1620.8 -1492 -1340 -1264
32 1 2048 2.493 -1826.4 -1676 -1632 -1620
32 1 2048 2.493 -1683.2 -1540 -1380 -1288
32 1 2048 2.493 -1568.8 -1444 -1272 -1176
32 1 2048 2.493 -1711.2 -1572 -1448 -1428
32 1 2048 2.493 -1567.2 -1440 -1324 -1172
32 1 2048 2.493 -1733.6 -1592 -1516 -1472
32 1 2048 2.493 -1794.4 -1648 -1548 -1508
32 1 2048 2.493 -1791.2 -1644 -1536 -1504
32 1 2048 2.493 -1704 -1564 -1420 -1436
32 1 2048 2.493 -1749.6 -1604 -1496 -1432
32 1 2048 2.493 -1732 -1588 -1456 -1360
32 1 2048 2.493 -1724 -1580 -1424 -1316
32 1 2048 2.493 -1724 -1580 -1424 -1316
32 1 2048 2.493 -1724 -1580 -1424 -1316
32 1 2048 2.493 -1750.4 -1604 -1468 -1412
32 1 2048 2.493 -1750.4 -1604 -1468 -1412
32 1 2048 2.493 -1719.2 -1576 -1428 -1348
32 1 2048 2.493 -1708 -1568 -1428 -1356
32 1 2048 2.493 -1755.2 -1612 -1532 -1456
32 1 2048 2.493 -1645.6 -1512 -1356 -1312
32 1 2048 2.493 -1572.8 -1448 -1256 -1208
32 1 2048 2.493 -1720.8 -1584 -1468 -1424
32 1 2048 2.493 -1787.2 -1640 -1560 -1528
32 1 2048 2.493 -1708.8 -1568 -1472 -1436
32 1 2048 2.493 -1631.2 -1504 -1412 -1340
32 1 2048 2.493 -1741.6 -1600 -1524 -1464
32 1 2048 2.493 -1700.8 -1564 -1484 -1428
32 1 2048 2.493 -1688.8 -1552 -1460 -1412
32 1 2048 2.493 -1742.4 -1604 -1516 -1436
32 1 2048 2.493 -1659.2 -1528 -1392 -1364
32 1 2048 2.493 -1659.2 -1524 -1388 -1328
32 1 2048 2.493 -1630.4 -1496 -1344 -1276
32 1 2048 2.493 -1628 -1500 -1360 -1328
32 1 2048 2.493 -1632.8 -1504 -1340 -1264
32 1 2048 2.493 -1643.2 -1508 -1332 -1248
32 1 2048 2.493 -1659.2 -1524 -1372 -1312
32 1 2048 2.493 -1484 -1368 -1172 -1076
32 1 2048 2.493 -1505.6 -1388 -1196 -1112
32 1 2048 2.493 -1677.6 -1544 -1412 -1344
32 1 2048 2.493 -1791.2 -1648 -1572 -1540
32 1 2048 2.493 -1763.2 -1620 -1508 -1448
32 1 2048 2.493 -1639.2 -1504 -1332 -1200
32 1 2048 2.493 -1711.2 -1572 -1464 -1384
32 1 2048 2.493 -1613.6 -1484 -1344 -1284
32 1 2048 2.493 -1580.8 -1452 -1268 -1168
32 1 2048 2.493 -1594.4 -1464 -1284 -1184
32 1 2048 2.493 -1588.8 -1456 -1256 -1148
32 1 2048 2.493 -1814.4 -1664 -1568 -1512
32 1 2048 2.493 -1656 -1524 -1420 -1336
32 1 2048 2.493 -1541.6 -1420 -1288 -1136
32 1 2048 2.493 -1707.2 -1572 -1460 -1472
32 1 2048 2.493 -1836.8 -1680 -1576 -1564
32 1 2048 2.493 -1836.8 -1680 -1576 -1564
32 1 2048 2.493 -1667.2 -1532 -1380 -1312
32 1 2048 2.493 -1804 -1652 -1536 -1508
32 1 2048 2.493 -1804 -1652 -1536 -1508
32 1 2048 2.493 -1735.2 -1592 -1460 -1412
32 1 2048 2.493 -1760.8 -1612 -1472 -1412
32 1 2048 2.493 -1760.8 -1612 -1480 -1420
32 1 2048 2.493 -1750.4 -1608 -1480 -1464
32 1 2048 2.493 -1716 -1580 -1472 -1432
32 1 2048 2.493 -1676 -1544 -1444 -1376
32 1 2048 2.493 -1639.2 -1508 -1376 -1276
32 1 2048 2.493 -1783.2 -1636 -1536 -1528
32 1 2048 2.493 -1812 -1664 -1588 -1540
32 1 2048 2.493 -1780 -1628 -1504 -1428
32 1 2048 2.493 -1784 -1632 -1504 -1428
32 1 2048 2.493 -1784 -1632 -1504 -1428
32 1 2048 2.493 -1624 -1496 -1376 -1272
32 1 2048 2.493 -1624 -1496 -1352 -1276
32 1 2048 2.493 -1847.2 -1692 -1624 -1616
32 1 2048 2.493 -1728 -1588 -1476 -1420
32 1 2048 2.493 -1684.8 -1548 -1436 -1412
32 1 2048 2.493 -1830.4 -1676 -1564 -1528
32 1 2048 2.493 -1830.4 -1676 -1564 -1528
32 1 2048 2.493 -1820.8 -1668 -1556 -1520
32 1 2048 2.493 -1634.4 -1504 -1364 -1284
32 1 2048 2.493 -1705.6 -1568 -1464 -1424
32 1 2048 2.493 -1672 -1536 -1408 -1356
32 1 2048 2.493 -1677.6 -1540 -1408 -1336
32 1 2048 2.493 -1752 -1608 -1512 -1492
32 1 2048 2.493 -1755.2 -1608 -1488 -1440
32 1 2048 2.493 -1799.2 -1648 -1532 -1484
32 1 2048 2.493 -1836.8 -1684 -1588 -1584
32 1 2048 2.493 -1741.6 -1600 -1500 -1444
32 1 2048 2.493 -1612 -1488 -1380 -1280
32 1 2048 2.493 -1706.4 -1568 -1468 -1436
32 1 2048 2.493 -1756.8 -1616 -1520 -1452
32 1 2048 2.493 -1756.8 -1616 -1520 -1452
32 1 2048 2.493 -1862.4 -1704 -1608 -1596
32 1 2048 2.493 -1852.8 -1696 -1600 -1588
32 1 2048 2.493 -1839.2 -1684 -1584 -1572
32 1 2048 2.493 -1634.4 -1500 -1320 -1212
32 1 2048 2.493 -1625.6 -1492 -1308 -1208
32 1 2048 2.493 -1412.8 -1300 -1060 -928
32 1 2048 2.493 -1431.2 -1316 -1080 -940
32 1 2048 2.493 -1511.2 -1388 -1184 -1084
32 1 2048 2.493 -1533.6 -1408 -1212 -1084
32 1 2048 2.493 -1541.6 -1412 -1208 -1080
32 1 2048 2.493 -1516 -1396 -1232 -1088
32 1 2048 2.493 -1577.6 -1448 -1264 -1092
32 1 2048 2.493 -1641.6 -1508 -1364 -1324
32 1 2048 2.493 -1636.8 -1504 -1360 -1304
32 1 2048 2.493 -1612 -1484 -1360 -1284
32 1 2048 2.493 -1747.2 -1604 -1476 -1456
32 1 2048 2.493 -1744 -1600 -1464 -1444
32 1 2048 2.493 -1661.6 -1528 -1380 -1288
32 1 2048 2.493 -1565.6 -1448 -1292 -1216
32 1 2048 2.493 -1550.4 -1428 -1244 -1140
32 1 2048 2.493 -1649.6 -1520 -1416 -1364
32 1 2048 2.493 -1502.4 -1388 -1196 -1132
32 1 2048 2.493 -1632 -1504 -1376 -1304
32 1 2048 2.493 -1711.2 -1572 -1440 -1376
32 1 2048 2.493 -1582.4 -1456 -1328 -1248
32 1 2048 2.493 -1516 -1392 -1196 -1064
32 1 2048 2.493 -1532 -1404 -1208 -1096
32 1 2048 2.493 -1480 -1360 -1120 -1016
32 1 2048 2.493 -1628 -1496 -1364 -1320
32 1 2048 2.493 -1640.8 -1508 -1384 -1356
32 1 2048 2.493 -1776.8 -1628 -1512 -1520
32 1 2048 2.493 -1755.2 -1608 -1480 -1496
32 1 2048 2.493 -1658.4 -1520 -1364 -1392
32 1 2048 2.493 -1597.6 -1472 -1364 -1276
32 1 2048 2.493 -1757.6 -1616 -1540 -1488
32 1 2048 2.493 -1692.8 -1556 -1436 -1344
32 1 2048 2.493 -1780 -1632 -1532 -1428
32 1 2048 2.493 -1667.2 -1528 -1384 -1300
32 1 2048 2.493 -1667.2 -1528 -1384 -1300
32 1 2048 2.493 -1667.2 -1528 -1384 -1300
32 1 2048 2.493 -1548 -1420 -1240 -1108
32 1 2048 2.493 -1532.8 -1408 -1224 -1084
32 1 2048 2.493 -1728 -1584 -1456 -1356
32 1 2048 2.493 -1736.8 -1592 -1468 -1368
32 1 2048 2.493 -1610.4 -1488 -1372 -1364
32 1 2048 2.493 -1774.4 -1632 -1544 -1492
32 1 2048 2.493 -1724 -1584 -1476 -1460
32 1 2048 2.493 -1867.2 -1712 -1648 -1628
32 1 2048 2.493 -1852.8 -1700 -1620 -1616
32 1 2048 2.493 -1666.4 -1532 -1400 -1316
32 1 2048 2.493 -1652 -1520 -1404 -1320
32 1 2048 2.493 -1683.2 -1548 -1436 -1360
32 1 2048 2.493 -1644 -1516 -1416 -1376
32 1 2048 2.493 -1595.2 -1468 -1324 -1260
32 1 2048 2.493 -1584.8 -1456 -1244 -1160
32 1 2048 2.493 -1528.8 -1408 -1228 -1196
32 1 2048 2.493 -1481.6 -1364 -1180 -1088
32 1 2048 2.493 -1451.2 -1336 -1160 -1044
32 1 2048 2.493 -1554.4 -1432 -1316 -1272
32 1 2048 2.493 -1476 -1360 -1164 -1072
32 1 2048 2.493 -1533.6 -1408 -1212 -1144
32 1 2048 2.493 -1633.6 -1496 -1336 -1256
32 1 2048 2.493 -1606.4 -1472 -1304 -1200
32 1 2048 2.493 -1632 -1496 -1344 -1236
32 1 2048 2.493 -1610.4 -1476 -1320 -1200
32 1 2048 2.493 -1580 -1448 -1276 -1144
32 1 2048 2.493 -1520 -1396 -1220 -1036
32 1 2048 2.493 -1502.4 -1380 -1188 -1036
32 1 2048 2.493 -1446.4 -1332 -1124 -1008
32 1 2048 2.493 -1444 -1332 -1128 -1000
32 1 2048 2.493 -1570.4 -1444 -1272 -1160
32 1 2048 2.493 -1688 -1548 -1396 -1336
32 1 2048 2.493 -1642.4 -1508 -1368 -1292
32 1 2048 2.493 -1778.4 -1632 -1508 -1440
32 1 2048 2.493 -1844.8 -1692 -1620 -1596
32 1 2048 2.493 -1685.6 -1552 -1444 -1392
32 1 2048 2.493 -1605.6 -1476 -1288 -1252
32 1 2048 2.493 -1688 -1552 -1408 -1336
32 1 2048 2.493 -1612.8 -1484 -1324 -1224
32 1 2048 2.493 -1610.4 -1484 -1336 -1256
32 1 2048 2.493 -1409.6 -1296 -1040 -888
32 1 2048 2.493 -1498.4 -1376 -1132 -1044
32 1 2048 2.493 -1470.4 -1348 -1084 -976
32 1 2048 2.493 -1468 -1348 -1088 -984
32 1 2048 2.493 -1678.4 -1540 -1404 -1312
32 1 2048 2.493 -1659.2 -1520 -1360 -1276
32 1 2048 2.493 -1700.8 -1564 -1444 -1428
32 1 2048 2.493 -1708.8 -1568 -1416 -1392
32 1 2048 2.493 -1693.6 -1556 -1416 -1380
32 1 2048 2.493 -1639.2 -1508 -1368 -1300
32 1 2048 2.493 -1712 -1572 -1436 -1408
32 1 2048 2.493 -1672.8 -1540 -1416 -1388
32 1 2048 2.493 -1638.4 -1508 -1356 -1316
32 1 2048 2.493 -1624.8 -1496 -1364 -1332
32 1 2048 2.493 -1774.4 -1632 -1552 -1488
32 1 2048 2.493 -1524 -1404 -1224 -1156
32 1 2048 2.493 -1528 -1408 -1232 -1160
32 1 2048 2.493 -1499.2 -1376 -1176 -1068
32 1 2048 2.493 -1517.6 -1392 -1180 -1044
32 1 2048 2.493 -1627.2 -1496 -1360 -1284
32 1 2048 2.493 -1728 -1584 -1464 -1372
32 1 2048 2.493 -1555.2 -1432 -1296 -1248
32 1 2048 2.493 -1516 -1396 -1216 -1128
32 1 2048 2.493 -1705.6 -1568 -1456 -1464
32 1 2048 2.493 -1658.4 -1528 -1412 -1364
32 1 2048 2.493 -1612.8 -1484 -1340 -1296
32 1 2048 2.493 -1808.8 -1660 -1560 -1548
32 1 2048 2.493 -1689.6 -1548 -1436 -1360
32 1 2048 2.493 -1756.8 -1616 -1536 -1492
32 1 2048 2.493 -1616.8 -1488 -1356 -1272
32 1 2048 2.493 -1632.8 -1508 -1384 -1340
32 1 2048 2.493 -1793.6 -1648 -1584 -1528
32 1 2048 2.493 -1796 -1652 -1592 -1572
32 1 2048 2.493 -1848 -1692 -1604 -1600
32 1 2048 2.493 -1848 -1692 -1604 -1600
32 1 2048 2.493 -1844.8 -1688 -1592 -1576
32 1 2048 2.493 -1844.8 -1688 -1592 -1576
32 1 2048 2.493 -1844.8 -1688 -1592 -1576
32 1 2048 2.493 -1839.2 -1684 -1592 -1580
32 1 2048 2.493 -1839.2 -1684 -1592 -1580
32 1 2048 2.493 -1839.2 -1684 -1592 -1580
32 1 2048 2.493 -1839.2 -1684 -1592 -1580
32 1 2048 2.493 -1856 -1700 -1620 -1604
32 1 2048 2.493 -1802.4 -1652 -1552 -1436
32 1 2048 2.493 -1830.4 -1676 -1572 -1532
32 1 2048 2.493 -1830.4 -1676 -1572 -1532
32 1 2048 2.493 -1830.4 -1676 -1572 -1532
32 1 2048 2.493 -1834.4 -1680 -1572 -1524
32 1 2048 2.493 -1586.4 -1460 -1312 -1216
32 1 2048 2.493 -1699.2 -1564 -1460 -1392
32 1 2048 2.493 -1558.4 -1432 -1328 -1240
32 1 2048 2.493 -1567.2 -1440 -1340 -1248
32 1 2048 2.493 -1588 -1456 -1300 -1228
32 1 2048 2.493 -1596 -1464 -1300 -1236
32 1 2048 2.493 -1586.4 -1456 -1292 -1232
32 1 2048 2.493 -1567.2 -1436 -1248 -1144
32 1 2048 2.493 -1677.6 -1540 -1424 -1352
32 1 2048 2.493 -1691.2 -1552 -1440 -1368
32 1 2048 2.493 -1616.8 -1488 -1356 -1216
32 1 2048 2.493 -1673.6 -1540 -1420 -1312
32 1 2048 2.493 -1712.8 -1572 -1440 -1404
32 1 2048 2.493 -1734.4 -1592 -1496 -1440
32 1 2048 2.493 -1725.6 -1584 -1492 -1432
32 1 2048 2.493 -1725.6 -1584 -1492 -1432
32 1 2048 2.493 -1774.4 -1628 -1524 -1496
32 1 2048 2.493 -1729.6 -1588 -1468 -1484
32 1 2048 2.493 -1484.8 -1368 -1208 -1072
32 1 2048 2.493 -1362.4 -1256 -1052 -872
32 1 2048 2.493 -1386.4 -1280 -1068 -908
32 1 2048 2.493 -1621.6 -1492 -1352 -1284
32 1 2048 2.493 -1633.6 -1500 -1340 -1240
32 1 2048 2.493 -1642.4 -1508 -1352 -1256
32 1 2048 2.493 -1664.8 -1528 -1420 -1316
32 1 2048 2.493 -1539.2 -1416 -1296 -1180
32 1 2048 2.493 -1526.4 -1404 -1276 -1164
32 1 2048 2.493 -1374.4 -1264 -1048 -884
32 1 2048 2.493 -1376 -1264 -1040 -908
32 1 2048 2.493 -1404.8 -1292 -1084 -948
32 1 2048 2.493 -1480 -1360 -1192 -1088
32 1 2048 2.493 -1440 -1324 -1132 -1008
32 1 2048 2.493 -1408.8 -1296 -1068 -940
32 1 2048 2.493 -1413.6 -1300 -1072 -952
32 1 2048 2.493 -1413.6 -1300 -1072 -952
32 1 2048 2.493 -1415.2 -1300 -1080 -968
32 1 2048 2.493 -1488.8 -1372 -1176 -1080
32 1 2048 2.493 -1477.6 -1364 -1184 -1072
32 1 2048 2.493 -1408 -1300 -1068 -972
32 1 2048 2.493 -1709.6 -1572 -1448 -1388
32 1 2048 2.493 -1835.2 -1684 -1604 -1576
32 1 2048 2.493 -1826.4 -1676 -1584 -1560
32 1 2048 2.493 -1828 -1676 -1576 -1544
32 1 2048 2.493 -1629.6 -1496 -1348 -1296
32 1 2048 2.493 -1764.8 -1620 -1508 -1448
32 1 2048 2.493 -1612.8 -1480 -1304 -1272
32 1 2048 2.493 -1652 -1516 -1360 -1332
32 1 2048 2.493 -1700 -1560 -1428 -1412
32 1 2048 2.493 -1692 -1552 -1420 -1392
32 1 2048 2.493 -1686.4 -1548 -1420 -1380
32 1 2048 2.493 -1705.6 -1564 -1452 -1412
32 1 2048 2.493 -1724.8 -1584 -1464 -1400
32 1 2048 2.493 -1699.2 -1564 -1460 -1420
32 1 2048 2.493 -1686.4 -1548 -1436 -1368
32 1 2048 2.493 -1681.6 -1544 -1408 -1328
32 1 2048 2.493 -1640.8 -1516 -1408 -1368
32 1 2048 2.493 -1718.4 -1580 -1460 -1424
32 1 2048 2.493 -1789.6 -1648 -1580 -1496
32 1 2048 2.493 -1712.8 -1568 -1404 -1340
32 1 2048 2.493 -1704 -1560 -1392 -1336
32 1 2048 2.493 -1646.4 -1512 -1352 -1252
32 1 2048 2.493 -1628.8 -1496 -1328 -1236
32 1 2048 2.493 -1642.4 -1512 -1372 -1296
32 1 2048 2.493 -1672 -1540 -1420 -1376
32 1 2048 2.493 -1673.6 -1536 -1392 -1360
32 1 2048 2.493 -1856 -1700 -1604 -1568
32 1 2048 2.493 -1660 -1528 -1404 -1372
32 1 2048 2.493 -1821.6 -1672 -1580 -1560
32 1 2048 2.493 -1656.8 -1524 -1424 -1304
32 1 2048 2.493 -1653.6 -1520 -1420 -1308
32 1 2048 2.493 -1648 -1516 -1412 -1316
32 1 2048 2.493 -1598.4 -1468 -1348 -1228
32 1 2048 2.493 -1787.2 -1640 -1536 -1496
32 1 2048 2.493 -1726.4 -1588 -1500 -1424
32 1 2048 2.493 -1741.6 -1600 -1492 -1448
32 1 2048 2.493 -1677.6 -1544 -1428 -1384
32 1 2048 2.493 -1727.2 -1588 -1488 -1432
32 1 2048 2.493 -1465.6 -1352 -1120 -1024
32 1 2048 2.493 -1480.8 -1368 -1164 -1048
32 1 2048 2.493 -1494.4 -1376 -1176 -1056
32 1 2048 2.493 -1428.8 -1312 -1064 -924
32 1 2048 2.493 -1382.4 -1276 -1044 -876
32 1 2048 2.493 -1537.6 -1416 -1248 -1132
32 1 2048 2.493 -1428.8 -1316 -1100 -968
32 1 2048 2.493 -1428 -1316 -1104 -920
32 1 2048 2.493 -1440.8 -1328 -1124 -948
32 1 2048 2.493 -1591.2 -1464 -1324 -1228
32 1 2048 2.493 -1609.6 -1484 -1340 -1232
32 1 2048 2.493 -1684.8 -1548 -1396 -1288
32 1 2048 2.493 -1801.6 -1652 -1540 -1492
32 1 2048 2.493 -1621.6 -1492 -1360 -1324
32 1 2048 2.493 -1648.8 -1520 -1396 -1312
32 1 2048 2.493 -1740.8 -1600 -1496 -1472
32 1 2048 2.493 -1567.2 -1444 -1288 -1216
32 1 2048 2.493 -1614.4 -1484 -1324 -1236
32 1 2048 2.493 -1472.8 -1356 -1128 -1012
32 1 2048 2.493 -1579.2 -1456 -1296 -1200
32 1 2048 2.493 -1641.6 -1508 -1364 -1296
32 1 2048 2.493 -1585.6 -1460 -1316 -1252
32 1 2048 2.493 -1741.6 -1600 -1484 -1436
32 1 2048 2.493 -1695.2 -1560 -1444 -1432
32 1 2048 2.493 -1663.2 -1532 -1392 -1316
32 1 2048 2.493 -1829.6 -1680 -1612 -1568
32 1 2048 2.493 -1789.6 -1644 -1560 -1504
32 1 2048 2.493 -1723.2 -1584 -1472 -1376
32 1 2048 2.493 -1753.6 -1612 -1516 -1500
32 1 2048 2.493 -1736 -1596 -1516 -1444
32 1 2048 2.493 -1736 -1596 -1516 -1444
32 1 2048 2.493 -1672 -1536 -1392 -1324
32 1 2048 2.493 -1684.8 -1548 -1444 -1368
32 1 2048 2.493 -1529.6 -1412 -1252 -1156
32 1 2048 2.493 -1623.2 -1492 -1312 -1240
32 1 2048 2.493 -1572.8 -1448 -1264 -1196
32 1 2048 2.493 -1708.8 -1576 -1488 -1428
32 1 2048 2.493 -1522.4 -1404 -1208 -1140
32 1 2048 2.493 -1464.8 -1352 -1132 -1040
32 1 2048 2.493 -1652.8 -1520 -1408 -1364
32 1 2048 2.493 -1676.8 -1540 -1380 -1308
32 1 2048 2.493 -1736.8 -1596 -1464 -1392
32 1 2048 2.493 -1623.2 -1496 -1332 -1208
32 1 2048 2.493 -1682.4 -1548 -1456 -1388
32 1 2048 2.493 -1596.8 -1472 -1344 -1300
32 1 2048 2.493 -1737.6 -1596 -1468 -1364
32 1 2048 2.493 -1616 -1488 -1344 -1232
32 1 2048 2.493 -1584 -1456 -1296 -1200
32 1 2048 2.493 -1609.6 -1484 -1380 -1300
32 1 2048 2.493 -1688 -1552 -1440 -1352
32 1 2048 2.493 -1739.2 -1596 -1492 -1476
32 1 2048 2.493 -1730.4 -1588 -1464 -1388
32 1 2048 2.493 -1784 -1636 -1548 -1484
32 1 2048 2.493 -1677.6 -1536 -1372 -1300
32 1 2048 2.493 -1620 -1484 -1280 -1188
32 1 2048 2.493 -1516 -1396 -1216 -1088
32 1 2048 2.493 -1561.6 -1436 -1244 -1164
32 1 2048 2.493 -1620 -1492 -1360 -1292
32 1 2048 2.493 -1753.6 -1608 -1512 -1468
32 1 2048 2.493 -1740 -1596 -1496 -1452
32 1 2048 2.493 -1732 -1592 -1484 -1448
32 1 2048 2.493 -1699.2 -1560 -1440 -1384
32 1 2048 2.493 -1652 -1520 -1372 -1252
32 1 2048 2.493 -1537.6 -1416 -1264 -1160
32 1 2048 2.493 -1665.6 -1528 -1392 -1348
32 1 2048 2.493 -1778.4 -1628 -1496 -1444
32 1 2048 2.493 -1778.4 -1628 -1496 -1444
32 1 2048 2.493 -1778.4 -1628 -1496 -1444
32 1 2048 2.493 -1778.4 -1628 -1496 -1444
32 1 2048 2.493 -1546.4 -1420 -1208 -1084
32 1 2048 2.493 -1532.8 -1408 -1200 -1076
32 1 2048 2.493 -1625.6 -1492 -1324 -1216
32 1 2048 2.493 -1625.6 -1492 -1324 -1216
32 1 2048 2.493 -1624 -1492 -1340 -1292
32 1 2048 2.493 -1624 -1492 -1340 -1292
32 1 2048 2.493 -1690.4 -1548 -1392 -1368
32 1 2048 2.493 -1690.4 -1548 -1392 -1368
32 1 2048 2.493 -1690.4 -1548 -1392 -1368
32 1 2048 2.493 -1595.2 -1464 -1296 -1244
32 1 2048 2.493 -1675.2 -1540 -1396 -1368
32 1 2048 2.493 -1597.6 -1472 -1348 -1284
32 1 2048 2.493 -1582.4 -1456 -1304 -1232
32 1 2048 2.493 -1574.4 -1444 -1260 -1216
32 1 2048 2.493 -1465.6 -1348 -1124 -1044
32 1 2048 2.493 -1598.4 -1468 -1324 -1244
32 1 2048 2.493 -1724.8 -1580 -1468 -1376
32 1 2048 2.493 -1688 -1556 -1428 -1348
32 1 2048 2.493 -1683.2 -1548 -1420 -1344
32 1 2048 2.493 -1868 -1708 -1640 -1632
32 1 2048 2.493 -1864.8 -1704 -1628 -1628
32 1 2048 2.493 -1847.2 -1688 -1604 -1596
32 1 2048 2.493 -1847.2 -1688 -1604 -1596
32 1 2048 2.493 -1833.6 -1676 -1588 -1580
32 1 2048 2.493 -1840 -1684 -1596 -1536
32 1 2048 2.493 -1932 -1768 -1692 -1648
32 1 2048 2.493 -1936.8 -1772 -1696 -1652
32 1 2048 2.493 -1726.4 -1584 -1440 -1372
32 1 2048 2.493 -1740 -1596 -1456 -1388
32 1 2048 2.493 -1752 -1608 -1488 -1436
32 1 2048 2.493 -1704.8 -1568 -1444 -1392
32 1 2048 2.493 -1660 -1532 -1432 -1364
32 1 2048 2.493 -1656.8 -1516 -1320 -1224
32 1 2048 2.493 -1656.8 -1516 -1320 -1224
32 1 2048 2.493 -1656.8 -1516 -1320 -1224
32 1 2048 2.493 -1692.8 -1548 -1364 -1280
32 1 2048 2.493 -1696.8 -1552 -1372 -1280
32 1 2048 2.493 -1798.4 -1652 -1556 -1540
32 1 2048 2.493 -1682.4 -1544 -1396 -1348
32 1 2048 2.493 -1642.4 -1508 -1360 -1296
32 1 2048 2.493 -1670.4 -1536 -1408 -1348
32 1 2048 2.493 -1456.8 -1344 -1140 -1004
32 1 2048 2.493 -1585.6 -1456 -1312 -1232
32 1 2048 2.493 -1600 -1468 -1316 -1236
32 1 2048 2.493 -1626.4 -1492 -1344 -1260
32 1 2048 2.493 -1540.8 -1416 -1248 -1164
32 1 2048 2.493 -1719.2 -1576 -1460 -1392
32 1 2048 2.493 -1615.2 -1484 -1344 -1248
32 1 2048 2.493 -1624 -1492 -1332 -1260
32 1 2048 2.493 -1584 -1456 -1272 -1212
32 1 2048 2.493 -1828 -1676 -1568 -1556
32 1 2048 2.493 -1677.6 -1548 -1440 -1368
32 1 2048 2.493 -1761.6 -1620 -1524 -1488
32 1 2048 2.493 -1795.2 -1648 -1552 -1488
32 1 2048 2.493 -1734.4 -1592 -1464 -1396
32 1 2048 2.493 -1825.6 -1676 -1588 -1588
32 1 2048 2.493 -1693.6 -1556 -1424 -1384
32 1 2048 2.493 -1814.4 -1664 -1560 -1516
32 1 2048 2.493 -1700.8 -1564 -1436 -1396
32 1 2048 2.493 -1710.4 -1572 -1444 -1404
32 1 2048 2.493 -1688 -1556 -1460 -1384
32 1 2048 2.493 -1861.6 -1708 -1640 -1620
32 1 2048 2.493 -1796.8 -1648 -1552 -1492
32 1 2048 2.493 -1651.2 -1520 -1400 -1364
32 1 2048 2.493 -1572.8 -1448 -1280 -1260
32 1 2048 2.493 -1604 -1472 -1316 -1228
32 1 2048 2.493 -1622.4 -1488 -1336 -1240
32 1 2048 2.493 -1611.2 -1476 -1316 -1256
32 1 2048 2.493 -1570.4 -1440 -1244 -1136
32 1 2048 2.493 -1621.6 -1488 -1324 -1268
32 1 2048 2.493 -1621.6 -1488 -1324 -1268
32 1 2048 2.493 -1638.4 -1508 -1364 -1296
32 1 2048 2.493 -1770.4 -1628 -1560 -1532
32 1 2048 2.493 -1531.2 -1408 -1216 -1148
32 1 2048 2.493 -1635.2 -1508 -1372 -1300
32 1 2048 2.493 -1680 -1540 -1412 -1324
32 1 2048 2.493 -1564 -1440 -1244 -1152
32 1 2048 2.493 -1486.4 -1368 -1160 -1052
32 1 2048 2.493 -1672.8 -1536 -1428 -1404
32 1 2048 2.493 -1660.8 -1524 -1404 -1372
32 1 2048 2.493 -1536.8 -1412 -1240 -1128
32 1 2048 2.493 -1482.4 -1356 -1136 -1008
32 1 2048 2.493 -1538.4 -1412 -1256 -1224
32 1 2048 2.493 -1484.8 -1364 -1164 -1052
32 1 2048 2.493 -1494.4 -1372 -1172 -1048
32 1 2048 2.493 -1497.6 -1376 -1176 -1088
32 1 2048 2.493 -1572 -1444 -1256 -1188
32 1 2048 2.493 -1686.4 -1548 -1396 -1324
32 1 2048 2.493 -1664 -1528 -1408 -1296
32 1 2048 2.493 -1577.6 -1452 -1292 -1232
32 1 2048 2.493 -1705.6 -1568 -1488 -1412
32 1 2048 2.493 -1700 -1560 -1460 -1380
32 1 2048 2.493 -1704 -1564 -1468 -1388
32 1 2048 2.493 -1716 -1580 -1536 -1472
32 1 2048 2.493 -1712 -1576 -1528 -1464
32 1 2048 2.493 -1669.6 -1536 -1452 -1380
32 1 2048 2.493 -1657.6 -1524 -1428 -1352
32 1 2048 2.493 -1619.2 -1488 -1368 -1308
32 1 2048 2.493 -1414.4 -1304 -1088 -976
32 1 2048 2.493 -1793.6 -1648 -1576 -1544
32 1 2048 2.493 -1723.2 -1584 -1480 -1416
32 1 2048 2.493 -1856 -1704 -1656 -1608
32 1 2048 2.493 -1727.2 -1592 -1500 -1456
32 1 2048 2.493 -1709.6 -1568 -1444 -1380
32 1 2048 2.493 -1762.4 -1616 -1500 -1480
32 1 2048 2.493 -1766.4 -1620 -1508 -1488
32 1 2048 2.493 -1793.6 -1648 -1568 -1508
32 1 2048 2.493 -1798.4 -1652 -1564 -1504
32 1 2048 2.493 -1731.2 -1596 -1516 -1476
32 1 2048 2.493 -1612 -1480 -1300 -1232
32 1 2048 2.493 -1577.6 -1452 -1316 -1252
32 1 2048 2.493 -1603.2 -1476 -1324 -1268
32 1 2048 2.493 -1512 -1392 -1192 -1136
32 1 2048 2.493 -1634.4 -1504 -1372 -1288
32 1 2048 2.493 -1752 -1608 -1568 -1532
32 1 2048 2.493 -1608 -1480 -1360 -1312
32 1 2048 2.493 -1564 -1436 -1272 -1224
32 1 2048 2.493 -1510.4 -1388 -1180 -1092
32 1 2048 2.493 -1527.2 -1404 -1208 -1112
32 1 2048 2.493 -1584.8 -1456 -1284 -1188
32 1 2048 2.493 -1490.4 -1372 -1192 -1028
32 1 2048 2.493 -1479.2 -1364 -1192 -1040
32 1 2048 2.493 -1622.4 -1496 -1368 -1248
32 1 2048 2.493 -1460 -1348 -1176 -1068
32 1 2048 2.493 -1612 -1480 -1348 -1232
32 1 2048 2.493 -1679.2 -1540 -1432 -1356
32 1 2048 2.493 -1671.2 -1532 -1416 -1336
32 1 2048 2.493 -1690.4 -1556 -1424 -1408
32 1 2048 2.493 -1728.8 -1588 -1456 -1428
32 1 2048 2.493 -1346.4 -1244 -1000 -840
32 1 2048 2.493 -1404.8 -1292 -1044 -896
32 1 2048 2.493 -1402.4 -1288 -1028 -876
32 1 2048 2.493 -1452.8 -1336 -1096 -940
32 1 2048 2.493 -1525.6 -1400 -1196 -1052
32 1 2048 2.493 -1529.6 -1404 -1204 -1060
32 1 2048 2.493 -1498.4 -1376 -1172 -1008
32 1 2048 2.493 -1515.2 -1392 -1192 -1036
32 1 2048 2.493 -1634.4 -1504 -1356 -1300
32 1 2048 2.493 -1665.6 -1532 -1404 -1352
32 1 2048 2.493 -1776 -1632 -1520 -1496
32 1 2048 2.493 -1604.8 -1476 -1332 -1280
32 1 2048 2.493 -1538.4 -1416 -1244 -1096
32 1 2048 2.493 -1657.6 -1520 -1344 -1248
32 1 2048 2.493 -1752 -1608 -1488 -1428
32 1 2048 2.493 -1655.2 -1520 -1364 -1248
32 1 2048 2.493 -1784 -1640 -1560 -1536
32 1 2048 2.493 -1716.8 -1580 -1468 -1392
32 1 2048 2.493 -1672 -1540 -1428 -1404
32 1 2048 2.493 -1436 -1328 -1132 -1008
32 1 2048 2.493 -1344 -1244 -988 -932
32 1 2048 2.493 -1424 -1316 -1132 -1092
32 1 2048 2.493 -1441.6 -1328 -1088 -1004
32 1 2048 2.493 -1477.6 -1364 -1152 -1060
32 1 2048 2.493 -1654.4 -1524 -1396 -1364
32 1 2048 2.493 -1708 -1572 -1480 -1432
32 1 2048 2.493 -1654.4 -1524 -1404 -1344
32 1 2048 2.493 -1684 -1548 -1432 -1392
32 1 2048 2.493 -1684 -1548 -1432 -1392
32 1 2048 2.493 -1616 -1488 -1360 -1328
32 1 2048 2.493 -1355.2 -1252 -988 -852
32 1 2048 2.493 -1566.4 -1448 -1296 -1288
32 1 2048 2.493 -1415.2 -1308 -1088 -1008
32 1 2048 2.493 -1453.6 -1344 -1204 -1148
32 1 2048 2.493 -1672 -1536 -1368 -1332
32 1 2048 2.493 -1694.4 -1556 -1436 -1336
32 1 2048 2.493 -1713.6 -1572 -1444 -1356
32 1 2048 2.493 -1713.6 -1572 -1444 -1356
32 1 2048 2.493 -1713.6 -1572 -1452 -1360
32 1 2048 2.493 -1468.8 -1356 -1156 -1088
32 1 2048 2.493 -1494.4 -1380 -1188 -1144
32 1 2048 2.493 -1551.2 -1432 -1276 -1188
32 1 2048 2.493 -1672.8 -1536 -1396 -1356
32 1 2048 2.493 -1650.4 -1516 -1344 -1308
32 1 2048 2.493 -1646.4 -1512 -1336 -1296
32 1 2048 2.493 -1648.8 -1516 -1352 -1308
32 1 2048 2.493 -1737.6 -1600 -1528 -1472
32 1 2048 2.493 -1705.6 -1564 -1404 -1372
32 1 2048 2.493 -1714.4 -1572 -1416 -1384
32 1 2048 2.493 -1676.8 -1536 -1376 -1288
32 1 2048 2.493 -1713.6 -1572 -1444 -1364
32 1 2048 2.493 -1717.6 -1576 -1452 -1404
32 1 2048 2.493 -1585.6 -1460 -1324 -1224
32 1 2048 2.493 -1653.6 -1520 -1372 -1288
32 1 2048 2.493 -1640 -1508 -1356 -1268
32 1 2048 2.493 -1644 -1512 -1364 -1276
32 1 2048 2.493 -1666.4 -1536 -1420 -1392
32 1 2048 2.493 -1404 -1296 -1100 -1000
32 1 2048 2.493 -1405.6 -1296 -1092 -984
32 1 2048 2.493 -1397.6 -1288 -1092 -972
32 1 2048 2.493 -1464 -1348 -1148 -988
32 1 2048 2.493 -1454.4 -1340 -1124 -976
32 1 2048 2.493 -1434.4 -1324 -1104 -980
32 1 2048 2.493 -1535.2 -1412 -1224 -1124
32 1 2048 2.493 -1534.4 -1412 -1220 -1120
32 1 2048 2.493 -1798.4 -1652 -1556 -1548
32 1 2048 2.493 -1769.6 -1628 -1548 -1500
32 1 2048 2.493 -1688 -1552 -1440 -1336
32 1 2048 2.493 -1920 -1760 -1704 -1692
32 1 2048 2.493 -1836 -1680 -1580 -1564
32 1 2048 2.493 -1836 -1680 -1580 -1564
32 1 2048 2.493 -1836 -1680 -1580 -1564
32 1 2048 2.493 -1827.2 -1672 -1576 -1556
32 1 2048 2.493 -1817.6 -1664 -1568 -1548
32 1 2048 2.493 -1839.2 -1688 -1604 -1540
32 1 2048 2.493 -1801.6 -1652 -1556 -1516
32 1 2048 2.493 -1676.8 -1536 -1360 -1300
32 1 2048 2.493 -1696.8 -1560 -1452 -1396
32 1 2048 2.493 -1653.6 -1516 -1344 -1260
32 1 2048 2.493 -1679.2 -1540 -1400 -1308
32 1 2048 2.493 -1681.6 -1548 -1436 -1356
32 1 2048 2.493 -1675.2 -1540 -1420 -1380
32 1 2048 2.493 -1762.4 -1620 -1536 -1504
32 1 2048 2.493 -1703.2 -1568 -1484 -1388
32 1 2048 2.493 -1621.6 -1492 -1336 -1252
32 1 2048 2.493 -1570.4 -1448 -1308 -1208
32 1 2048 2.493 -1463.2 -1348 -1168 -1024
32 1 2048 2.493 -1656.8 -1520 -1356 -1260
32 1 2048 2.493 -1668 -1532 -1376 -1272
32 1 2048 2.493 -1751.2 -1604 -1464 -1420
32 1 2048 2.493 -1751.2 -1604 -1464 -1420
32 1 2048 2.493 -1738.4 -1592 -1452 -1408
32 1 2048 2.493 -1747.2 -1600 -1464 -1416
32 1 2048 2.493 -1747.2 -1600 -1464 -1416
32 1 2048 2.493 -1777.6 -1628 -1524 -1448
32 1 2048 2.493 -1756 -1608 -1500 -1428
32 1 2048 2.493 -1883.2 -1724 -1652 -1648
32 1 2048 2.493 -1834.4 -1680 -1604 -1560
32 1 2048 2.493 -1816 -1664 -1584 -1536
32 1 2048 2.493 -1786.4 -1636 -1544 -1496
32 1 2048 2.493 -1684 -1544 -1396 -1308
32 1 2048 2.493 -1730.4 -1588 -1464 -1396
32 1 2048 2.493 -1710.4 -1572 -1468 -1392
32 1 2048 2.493 -1627.2 -1496 -1376 -1316
32 1 2048 2.493 -1691.2 -1552 -1480 -1412
32 1 2048 2.493 -1721.6 -1580 -1524 -1460
32 1 2048 2.493 -1721.6 -1580 -1524 -1460
32 1 2048 2.493 -1540 -1420 -1280 -1212
32 1 2048 2.493 -1328.8 -1228 -1048 -932
32 1 2048 2.493 -1516.8 -1396 -1244 -1128
32 1 2048 2.493 -1493.6 -1372 -1184 -1056
32 1 2048 2.493 -1651.2 -1516 -1388 -1356
32 1 2048 2.493 -1668.8 -1540 -1436 -1408
32 1 2048 2.493 -1677.6 -1544 -1428 -1340
32 1 2048 2.493 -1701.6 -1564 -1480 -1436
32 1 2048 2.493 -1750.4 -1608 -1488 -1440
32 1 2048 2.493 -1754.4 -1612 -1496 -1448
32 1 2048 2.493 -1792 -1644 -1548 -1496
32 1 2048 2.493 -1799.2 -1648 -1556 -1476
32 1 2048 2.493 -1785.6 -1636 -1540 -1452
32 1 2048 2.493 -1875.2 -1716 -1628 -1588
32 1 2048 2.493 -1875.2 -1716 -1628 -1588
32 1 2048 2.493 -1799.2 -1648 -1548 -1464
32 1 2048 2.493 -1616 -1484 -1324 -1240
32 1 2048 2.493 -1596 -1460 -1280 -1176
32 1 2048 2.493 -1593.6 -1460 -1276 -1172
32 1 2048 2.493 -1662.4 -1528 -1408 -1372
32 1 2048 2.493 -1652.8 -1520 -1392 -1348
32 1 2048 2.493 -1569.6 -1444 -1276 -1152
32 1 2048 2.493 -1543.2 -1420 -1240 -1128
32 1 2048 2.493 -1553.6 -1432 -1280 -1184
32 1 2048 2.493 -1668 -1540 -1448 -1372
32 1 2048 2.493 -1678.4 -1544 -1424 -1340
32 1 2048 2.493 -1872.8 -1720 -1668 -1644
32 1 2048 2.493 -1724.8 -1588 -1492 -1480
32 1 2048 2.493 -1745.6 -1604 -1508 -1456
32 1 2048 2.493 -1699.2 -1560 -1424 -1368
32 1 2048 2.493 -1723.2 -1584 -1464 -1428
32 1 2048 2.493 -1737.6 -1592 -1440 -1380
32 1 2048 2.493 -1711.2 -1568 -1404 -1332
32 1 2048 2.493 -1761.6 -1612 -1468 -1420
32 1 2048 2.493 -1769.6 -1620 -1476 -1416
32 1 2048 2.493 -1784.8 -1636 -1512 -1468
32 1 2048 2.493 -1743.2 -1600 -1468 -1436
32 1 2048 2.493 -1772.8 -1628 -1540 -1492
32 1 2048 2.493 -1631.2 -1500 -1352 -1300
32 1 2048 2.493 -1753.6 -1612 -1524 -1516
32 1 2048 2.493 -1719.2 -1580 -1464 -1476
32 1 2048 2.493 -1660.8 -1524 -1380 -1268
32 1 2048 2.493 -1656.8 -1524 -1384 -1296
32 1 2048 2.493 -1636 -1508 -1368 -1284
32 1 2048 2.493 -1851.2 -1696 -1624 -1588
32 1 2048 2.493 -1851.2 -1696 -1624 -1596
32 1 2048 2.493 -1707.2 -1572 -1460 -1416
32 1 2048 2.493 -1589.6 -1464 -1308 -1264
32 1 2048 2.493 -1620.8 -1484 -1308 -1240
32 1 2048 2.493 -1634.4 -1496 -1324 -1256
32 1 2048 2.493 -1651.2 -1512 -1352 -1292
32 1 2048 2.493 -1594.4 -1468 -1304 -1244
32 1 2048 2.493 -1460.8 -1344 -1136 -1020
32 1 2048 2.493 -1464.8 -1348 -1152 -1052
32 1 2048 2.493 -1553.6 -1424 -1216 -1112
32 1 2048 2.493 -1556 -1428 -1224 -1128
32 1 2048 2.493 -1619.2 -1492 -1364 -1308
32 1 2048 2.493 -1692.8 -1556 -1412 -1344
32 1 2048 2.493 -1660.8 -1528 -1376 -1312
32 1 2048 2.493 -1616.8 -1488 -1308 -1236
32 1 2048 2.493 -1747.2 -1604 -1500 -1448
32 1 2048 2.493 -1772.8 -1628 -1540 -1496
32 1 2048 2.493 -1772 -1628 -1544 -1500
32 1 2048 2.493 -1647.2 -1512 -1348 -1260
32 1 2048 2.493 -1703.2 -1568 -1468 -1404
32 1 2048 2.493 -1672.8 -1536 -1396 -1356
32 1 2048 2.493 -1787.2 -1640 -1552 -1540
32 1 2048 2.493 -1649.6 -1520 -1392 -1304
32 1 2048 2.493 -1647.2 -1516 -1384 -1304
32 1 2048 2.493 -1788.8 -1644 -1548 -1516
32 1 2048 2.493 -1885.6 -1724 -1632 -1608
32 1 2048 2.493 -1885.6 -1724 -1632 -1608
32 1 2048 2.493 -1885.6 -1724 -1632 -1608
32 1 2048 2.493 -1872 -1712 -1616 -1584
32 1 2048 2.493 -1872 -1712 -1616 -1584
32 1 2048 2.493 -1854.4 -1700 -1604 -1532
32 1 2048 2.493 -1742.4 -1600 -1472 -1452
32 1 2048 2.493 -1770.4 -1620 -1488 -1396
32 1 2048 2.493 -1740 -1592 -1452 -1356
32 1 2048 2.493 -1704.8 -1564 -1432 -1380
32 1 2048 2.493 -1704.8 -1564 -1432 -1380
32 1 2048 2.493 -1704.8 -1564 -1432 -1380
32 1 2048 2.493 -1740 -1600 -1508 -1460
32 1 2048 2.493 -1636.8 -1504 -1344 -1276
32 1 2048 2.493 -1642.4 -1508 -1344 -1272
32 1 2048 2.493 -1637.6 -1504 -1340 -1288
32 1 2048 2.493 -1590.4 -1464 -1328 -1244
32 1 2048 2.493 -1659.2 -1528 -1448 -1368
32 1 2048 2.493 -1610.4 -1480 -1292 -1204
32 1 2048 2.493 -1600.8 -1472 -1284 -1200
32 1 2048 2.493 -1671.2 -1536 -1436 -1404
32 1 2048 2.493 -1688.8 -1552 -1428 -1372
32 1 2048 2.493 -1729.6 -1592 -1512 -1488
32 1 2048 2.493 -1592 -1464 -1336 -1272
32 1 2048 2.493 -1506.4 -1388 -1240 -1116
32 1 2048 2.493 -1724 -1588 -1504 -1456
32 1 2048 2.493 -1719.2 -1584 -1500 -1464
32 1 2048 2.493 -1666.4 -1532 -1408 -1336
32 1 2048 2.493 -1616.8 -1488 -1340 -1288
32 1 2048 2.493 -1606.4 -1480 -1328 -1220
32 1 2048 2.493 -1636 -1504 -1380 -1288
32 1 2048 2.493 -1534.4 -1420 -1300 -1148
32 1 2048 2.493 -1702.4 -1564 -1452 -1432
32 1 2048 2.493 -1702.4 -1564 -1452 -1432
32 1 2048 2.493 -1729.6 -1584 -1464 -1384
32 1 2048 2.493 -1919.2 -1756 -1696 -1668
32 1 2048 2.493 -1900.8 -1740 -1676 -1644
32 1 2048 2.493 -1896 -1736 -1672 -1640
32 1 2048 2.493 -1896 -1736 -1672 -1640
32 1 2048 2.493 -1896 -1736 -1672 -1640
32 1 2048 2.493 -1896 -1736 -1672 -1640
32 1 2048 2.493 -1896 -1736 -1672 -1640
32 1 2048 2.493 -1800.8 -1648 -1532 -1476
32 1 2048 2.493 -1738.4 -1592 -1444 -1368
32 1 2048 2.493 -1653.6 -1524 -1416 -1336
32 1 2048 2.493 -1600 -1468 -1300 -1220
32 1 2048 2.493 -1496 -1372 -1140 -996
32 1 2048 2.493 -1454.4 -1336 -1096 -976
32 1 2048 2.493 -1445.6 -1328 -1092 -968
32 1 2048 2.493 -1429.6 -1316 -1096 -932
32 1 2048 2.493 -1440 -1324 -1108 -888
32 1 2048 2.493 -1471.2 -1352 -1156 -976
32 1 2048 2.493 -1528.8 -1408 -1228 -1112
32 1 2048 2.493 -1772 -1628 -1536 -1516
32 1 2048 2.493 -1767.2 -1624 -1532 -1452
32 1 2048 2.493 -1679.2 -1540 -1384 -1324
32 1 2048 2.493 -1617.6 -1484 -1308 -1236
32 1 2048 2.493 -1587.2 -1456 -1280 -1236
32 1 2048 2.493 -1587.2 -1456 -1280 -1236
32 1 2048 2.493 -1577.6 -1448 -1272 -1236
32 1 2048 2.493 -1587.2 -1456 -1280 -1244
32 1 2048 2.493 -1552 -1424 -1224 -1180
32 1 2048 2.493 -1752 -1604 -1492 -1440
32 1 2048 2.493 -1708 -1564 -1440 -1388
32 1 2048 2.493 -1524.8 -1404 -1228 -1152
32 1 2048 2.493 -1554.4 -1432 -1260 -1148
32 1 2048 2.493 -1654.4 -1524 -1388 -1292
32 1 2048 2.493 -1622.4 -1496 -1376 -1296
32 1 2048 2.493 -1793.6 -1648 -1560 -1540
32 1 2048 2.493 -1735.2 -1600 -1508 -1464
32 1 2048 2.493 -1732 -1596 -1544 -1468
32 1 2048 2.493 -1564.8 -1440 -1288 -1208
32 1 2048 2.493 -1661.6 -1524 -1416 -1332
32 1 2048 2.493 -1544 -1420 -1260 -1184
32 1 2048 2.493 -1694.4 -1560 -1464 -1392
32 1 2048 2.493 -1622.4 -1496 -1392 -1292
32 1 2048 2.493 -1634.4 -1504 -1356 -1292
32 1 2048 2.493 -1658.4 -1528 -1388 -1368
32 1 2048 2.493 -1596.8 -1468 -1308 -1232
32 1 2048 2.493 -1465.6 -1356 -1180 -1076
32 1 2048 2.493 -1458.4 -1344 -1156 -1060
32 1 2048 2.493 -1325.6 -1224 -988 -840
32 1 2048 2.493 -1463.2 -1352 -1156 -1032
32 1 2048 2.493 -1614.4 -1488 -1360 -1288
32 1 2048 2.493 -1686.4 -1552 -1424 -1364
32 1 2048 2.493 -1704.8 -1568 -1468 -1456
32 1 2048 2.493 -1812 -1664 -1588 -1588
32 1 2048 2.493 -1697.6 -1560 -1456 -1384
32 1 2048 2.493 -1620 -1492 -1344 -1268
32 1 2048 2.493 -1584 -1460 -1332 -1252
32 1 2048 2.493 -1644 -1516 -1400 -1332
32 1 2048 2.493 -1572 -1444 -1256 -1176
32 1 2048 2.493 -1630.4 -1500 -1356 -1268
32 1 2048 2.493 -1562.4 -1436 -1264 -1204
32 1 2048 2.493 -1612 -1484 -1320 -1232
32 1 2048 2.493 -1829.6 -1680 -1596 -1536
32 1 2048 2.493 -1872 -1708 -1580 -1536
32 1 2048 2.493 -1871.2 -1708 -1592 -1552
32 1 2048 2.493 -1832 -1680 -1584 -1552
32 1 2048 2.493 -1765.6 -1620 -1512 -1448
32 1 2048 2.493 -1564.8 -1440 -1272 -1188
32 1 2048 2.493 -1668.8 -1532 -1388 -1300
32 1 2048 2.493 -1577.6 -1448 -1256 -1128
32 1 2048 2.493 -1568.8 -1440 -1252 -1120
32 1 2048 2.493 -1597.6 -1468 -1296 -1232
32 1 2048 2.493 -1731.2 -1596 -1516 -1516
32 1 2048 2.493 -1655.2 -1524 -1432 -1380
32 1 2048 2.493 -1796 -1652 -1608 -1576
32 1 2048 2.493 -1650.4 -1520 -1396 -1324
32 1 2048 2.493 -1529.6 -1412 -1260 -1096
32 1 2048 2.493 -1718.4 -1580 -1500 -1448
32 1 2048 2.493 -1551.2 -1428 -1280 -1244
32 1 2048 2.493 -1784 -1640 -1560 -1512
32 1 2048 2.493 -1716 -1576 -1460 -1388
32 1 2048 2.493 -1641.6 -1508 -1356 -1252
32 1 2048 2.493 -1641.6 -1508 -1356 -1252
32 1 2048 2.493 -1808 -1660 -1588 -1540
32 1 2048 2.493 -1791.2 -1648 -1580 -1572
32 1 2048 2.493 -1638.4 -1508 -1356 -1224
32 1 2048 2.493 -1762.4 -1620 -1552 -1516
32 1 2048 2.493 -1800 -1648 -1568 -1500
32 1 2048 2.493 -1830.4 -1676 -1596 -1528
32 1 2048 2.493 -1804 -1652 -1560 -1488
32 1 2048 2.493 -1813.6 -1660 -1568 -1492
32 1 2048 2.493 -1836 -1680 -1596 -1532
32 1 2048 2.493 -1836 -1680 -1596 -1532
32 1 2048 2.493 -1813.6 -1660 -1568 -1484
32 1 2048 2.493 -1795.2 -1644 -1548 -1464
32 1 2048 2.493 -1692 -1552 -1428 -1328
32 1 2048 2.493 -1699.2 -1560 -1448 -1268
32 1 2048 2.493 -1660 -1528 -1396 -1288
32 1 2048 2.493 -1636 -1504 -1364 -1336
32 1 2048 2.493 -1547.2 -1424 -1224 -1120
32 1 2048 2.493 -1536 -1412 -1236 -1056
32 1 2048 2.493 -1522.4 -1400 -1220 -1040
32 1 2048 2.493 -1702.4 -1564 -1460 -1352
32 1 2048 2.493 -1711.2 -1572 -1472 -1360
32 1 2048 2.493 -1828 -1680 -1628 -1584
32 1 2048 2.493 -1789.6 -1648 -1572 -1540
32 1 2048 2.493 -1668.8 -1540 -1460 -1380
32 1 2048 2.493 -1628 -1496 -1372 -1272
32 1 2048 2.493 -1658.4 -1524 -1376 -1280
32 1 2048 2.493 -1713.6 -1572 -1444 -1364
32 1 2048 2.493 -1566.4 -1444 -1308 -1188
32 1 2048 2.493 -1595.2 -1472 -1352 -1276
32 1 2048 2.493 -1672 -1536 -1392 -1296
32 1 2048 2.493 -1680.8 -1544 -1412 -1320
32 1 2048 2.493 -1620.8 -1492 -1332 -1236
32 1 2048 2.493 -1663.2 -1532 -1416 -1324
32 1 2048 2.493 -1497.6 -1380 -1220 -1156
32 1 2048 2.493 -1441.6 -1328 -1120 -1020
32 1 2048 2.493 -1466.4 -1352 -1164 -1072
32 1 2048 2.493 -1536 -1412 -1244 -1180
32 1 2048 2.493 -1673.6 -1532 -1364 -1288
32 1 2048 2.493 -1664 -1524 -1372 -1256
32 1 2048 2.493 -1655.2 -1516 -1376 -1268
32 1 2048 2.493 -1585.6 -1460 -1324 -1244
32 1 2048 2.493 -1544.8 -1420 -1264 -1176
32 1 2048 2.493 -1660 -1528 -1404 -1356
32 1 2048 2.493 -1590.4 -1468 -1332 -1236
32 1 2048 2.493 -1618.4 -1488 -1348 -1264
32 1 2048 2.493 -1568.8 -1444 -1272 -1184
32 1 2048 2.493 -1738.4 -1592 -1452 -1408
32 1 2048 2.493 -1636 -1504 -1356 -1256
32 1 2048 2.493 -1641.6 -1508 -1364 -1340
32 1 2048 2.493 -1655.2 -1520 -1380 -1352
32 1 2048 2.493 -1660.8 -1528 -1408 -1376
32 1 2048 2.493 -1692 -1556 -1480 -1428
32 1 2048 2.493 -1555.2 -1424 -1240 -1212
32 1 2048 2.493 -1576.8 -1444 -1248 -1236
32 1 2048 2.493 -1607.2 -1472 -1292 -1300
32 1 2048 2.493 -1620 -1484 -1312 -1316
32 1 2048 2.493 -1592.8 -1460 -1296 -1280
32 1 2048 2.493 -1475.2 -1352 -1152 -1100
32 1 2048 2.493 -1463.2 -1340 -1136 -1072
32 1 2048 2.493 -1576.8 -1448 -1300 -1236
32 1 2048 2.493 -1528.8 -1404 -1232 -1152
32 1 2048 2.493 -1624.8 -1492 -1304 -1196
32 1 2048 2.493 -1679.2 -1540 -1368 -1284
32 1 2048 2.493 -1694.4 -1556 -1420 -1380
32 1 2048 2.493 -1693.6 -1556 -1408 -1392
32 1 2048 2.493 -1376 -1268 -1028 -820
32 1 2048 2.493 -1399.2 -1292 -1088 -944
32 1 2048 2.493 -1404.8 -1296 -1088 -904
32 1 2048 2.493 -1642.4 -1516 -1448 -1352
32 1 2048 2.493 -1584.8 -1460 -1312 -1212
32 1 2048 2.493 -1533.6 -1412 -1280 -1232
32 1 2048 2.493 -1538.4 -1416 -1276 -1236
32 1 2048 2.493 -1656 -1524 -1380 -1308
32 1 2048 2.493 -1628.8 -1500 -1372 -1328
32 1 2048 2.493 -1520.8 -1400 -1220 -1112
32 1 2048 2.493 -1645.6 -1516 -1368 -1284
32 1 2048 2.493 -1624.8 -1496 -1356 -1264
32 1 2048 2.493 -1604.8 -1476 -1300 -1224
32 1 2048 2.493 -1831.2 -1680 -1604 -1568
32 1 2048 2.493 -1720.8 -1584 -1508 -1476
32 1 2048 2.493 -1559.2 -1432 -1252 -1160
32 1 2048 2.493 -1550.4 -1424 -1248 -1152
32 1 2048 2.493 -1580 -1452 -1304 -1192
32 1 2048 2.493 -1549.6 -1428 -1240 -1120
32 1 2048 2.493 -1553.6 -1432 -1256 -1140
32 1 2048 2.493 -1680 -1544 -1416 -1324
32 1 2048 2.493 -1628 -1496 -1356 -1276
32 1 2048 2.493 -1648.8 -1512 -1348 -1288
32 1 2048 2.493 -1648.8 -1512 -1348 -1288
32 1 2048 2.493 -1649.6 -1512 -1352 -1296
32 1 2048 2.493 -1649.6 -1512 -1352 -1296
32 1 2048 2.493 -1634.4 -1500 -1336 -1224
32 1 2048 2.493 -1612 -1480 -1332 -1236
32 1 2048 2.493 -1612 -1480 -1332 -1236
32 1 2048 2.493 -1624.8 -1492 -1344 -1248
32 1 2048 2.493 -1751.2 -1608 -1508 -1476
32 1 2048 2.493 -1806.4 -1660 -1580 -1564
32 1 2048 2.493 -1687.2 -1544 -1388 -1328
32 1 2048 2.493 -1688 -1548 -1388 -1272
32 1 2048 2.493 -1693.6 -1552 -1388 -1276
32 1 2048 2.493 -1585.6 -1460 -1348 -1228
32 1 2048 2.493 -1680 -1540 -1396 -1316
32 1 2048 2.493 -1675.2 -1536 -1392 -1312
32 1 2048 2.493 -1675.2 -1536 -1392 -1312
32 1 2048 2.493 -1656 -1524 -1404 -1308
32 1 2048 2.493 -1652.8 -1520 -1392 -1320
32 1 2048 2.493 -1684.8 -1548 -1396 -1312
32 1 2048 2.493 -1471.2 -1360 -1188 -1044
32 1 2048 2.493 -1719.2 -1580 -1472 -1416
32 1 2048 2.493 -1455.2 -1340 -1128 -1008
32 1 2048 2.493 -1308.8 -1208 -960 -824
32 1 2048 2.493 -1276.8 -1176 -920 -804
32 1 2048 2.493 -1354.4 -1244 -1024 -916
32 1 2048 2.493 -1326.4 -1220 -988 -852
32 1 2048 2.493 -1360 -1252 -1044 -940
32 1 2048 2.493 -1447.2 -1332 -1128 -1000
32 1 2048 2.493 -1772.8 -1628 -1548 -1492
32 1 2048 2.493 -1626.4 -1496 -1332 -1276
32 1 2048 2.493 -1735.2 -1592 -1484 -1432
32 1 2048 2.493 -1764 -1616 -1508 -1456
32 1 2048 2.493 -1752.8 -1608 -1508 -1452
32 1 2048 2.493 -1736 -1592 -1472 -1416
32 1 2048 2.493 -1801.6 -1656 -1576 -1536
32 1 2048 2.493 -1547.2 -1424 -1248 -1120
32 1 2048 2.493 -1560.8 -1436 -1264 -1148
32 1 2048 2.493 -1629.6 -1496 -1324 -1248
32 1 2048 2.493 -1584.8 -1456 -1276 -1188
32 1 2048 2.493 -1637.6 -1500 -1336 -1292
32 1 2048 2.493 -1637.6 -1500 -1336 -1292
32 1 2048 2.493 -1790.4 -1644 -1548 -1484
32 1 2048 2.493 -1664 -1532 -1404 -1364
32 1 2048 2.493 -1740.8 -1600 -1504 -1448
32 1 2048 2.493 -1875.2 -1716 -1612 -1544
32 1 2048 2.493 -1888 -1728 -1632 -1564
32 1 2048 2.493 -1897.6 -1736 -1640 -1572
32 1 2048 2.493 -1665.6 -1532 -1388 -1344
32 1 2048 2.493 -1969.6 -1804 -1764 -1744
32 1 2048 2.493 -1776 -1624 -1496 -1488
32 1 2048 2.493 -1780.8 -1628 -1508 -1484
32 1 2048 2.493 -1780.8 -1628 -1508 -1484
32 1 2048 2.493 -1767.2 -1616 -1492 -1468
32 1 2048 2.493 -1667.2 -1536 -1424 -1356
32 1 2048 2.493 -1829.6 -1680 -1604 -1568
32 1 2048 2.493 -1738.4 -1600 -1492 -1420
32 1 2048 2.493 -1839.2 -1684 -1584 -1568
32 1 2048 2.493 -1860.8 -1704 -1616 -1604
32 1 2048 2.493 -1852.8 -1696 -1600 -1596
32 1 2048 2.493 -1573.6 -1448 -1284 -1164
32 1 2048 2.493 -1528.8 -1408 -1244 -1124
32 1 2048 2.493 -1516.8 -1396 -1212 -1084
32 1 2048 2.493 -1578.4 -1452 -1328 -1216
32 1 2048 2.493 -1659.2 -1524 -1372 -1304
32 1 2048 2.493 -1628 -1496 -1332 -1244
32 1 2048 2.493 -1615.2 -1484 -1312 -1228
32 1 2048 2.493 -1596 -1468 -1296 -1212
32 1 2048 2.493 -1622.4 -1492 -1340 -1252
32 1 2048 2.493 -1584 -1456 -1288 -1120
32 1 2048 2.493 -1636 -1504 -1396 -1328
32 1 2048 2.493 -1579.2 -1452 -1284 -1200
32 1 2048 2.493 -1628.8 -1500 -1364 -1324
32 1 2048 2.493 -1722.4 -1584 -1484 -1388
32 1 2048 2.493 -1608 -1488 -1392 -1280
32 1 2048 2.493 -1508.8 -1392 -1192 -1100
32 1 2048 2.493 -1458.4 -1344 -1116 -1052
32 1 2048 2.493 -1632 -1500 -1340 -1316
32 1 2048 2.493 -1649.6 -1516 -1364 -1332
32 1 2048 2.493 -1779.2 -1632 -1528 -1484
32 1 2048 2.493 -1779.2 -1632 -1528 -1484
32 1 2048 2.493 -1611.2 -1488 -1352 -1268
32 1 2048 2.493 -1693.6 -1556 -1440 -1380
32 1 2048 2.493 -1680.8 -1544 -1404 -1368
32 1 2048 2.493 -1680.8 -1544 -1404 -1368
32 1 2048 2.493 -1684.8 -1548 -1396 -1372
32 1 2048 2.493 -1653.6 -1520 -1356 -1264
32 1 2048 2.493 -1596.8 -1468 -1308 -1220
32 1 2048 2.493 -1668 -1532 -1392 -1340
32 1 2048 2.493 -1689.6 -1552 -1424 -1380
32 1 2048 2.493 -1703.2 -1564 -1440 -1404
32 1 2048 2.493 -1703.2 -1564 -1440 -1404
32 1 2048 2.493 -1703.2 -1564 -1440 -1404
32 1 2048 2.493 -1588 -1452 -1280 -1200
32 1 2048 2.493 -1608.8 -1472 -1308 -1228
32 1 2048 2.493 -1620.8 -1484 -1324 -1240
32 1 2048 2.493 -1620.8 -1484 -1324 -1240
32 1 2048 2.493 -1628.8 -1492 -1332 -1256
32 1 2048 2.493 -1818.4 -1672 -1604 -1568
32 1 2048 2.493 -1759.2 -1616 -1524 -1444
32 1 2048 2.493 -1664.8 -1528 -1372 -1248
32 1 2048 2.493 -1739.2 -1596 -1492 -1452
32 1 2048 2.493 -1652.8 -1516 -1388 -1372
32 1 2048 2.493 -1592 -1464 -1312 -1208
32 1 2048 2.493 -1589.6 -1464 -1332 -1256
32 1 2048 2.493 -1699.2 -1560 -1424 -1364
32 1 2048 2.493 -1369.6 -1264 -1024 -924
32 1 2048 2.493 -1658.4 -1524 -1368 -1328
32 1 2048 2.493 -1622.4 -1496 -1360 -1296
32 1 2048 2.493 -1762.4 -1620 -1512 -1472
32 1 2048 2.493 -1696.8 -1556 -1416 -1348
32 1 2048 2.493 -1723.2 -1580 -1452 -1384
32 1 2048 2.493 -1665.6 -1528 -1376 -1256
32 1 2048 2.493 -1657.6 -1520 -1352 -1248
32 1 2048 2.493 -1684.8 -1544 -1392 -1284
32 1 2048 2.493 -1609.6 -1480 -1336 -1216
32 1 2048 2.493 -1539.2 -1416 -1264 -1148
32 1 2048 2.493 -1510.4 -1392 -1224 -1108
32 1 2048 2.493 -1649.6 -1516 -1420 -1360
32 1 2048 2.493 -1832 -1680 -1608 -1604
32 1 2048 2.493 -1533.6 -1412 -1216 -1132
32 1 2048 2.493 -1690.4 -1552 -1420 -1360
32 1 2048 2.493 -1568 -1444 -1284 -1204
32 1 2048 2.493 -1748.8 -1608 -1496 -1444
32 1 2048 2.493 -1716 -1580 -1480 -1432
32 1 2048 2.493 -1686.4 -1552 -1440 -1396
32 1 2048 2.493 -1730.4 -1588 -1480 -1424
32 1 2048 2.493 -1773.6 -1636 -1568 -1536
32 1 2048 2.493 -1641.6 -1512 -1376 -1344
32 1 2048 2.493 -1740.8 -1600 -1496 -1484
32 1 2048 2.493 -1742.4 -1600 -1488 -1456
32 1 2048 2.493 -1534.4 -1412 -1244 -1136
32 1 2048 2.493 -1618.4 -1488 -1324 -1244
32 1 2048 2.493 -1562.4 -1436 -1232 -1148
32 1 2048 2.493 -1725.6 -1588 -1504 -1440
32 1 2048 2.493 -1694.4 -1560 -1440 -1356
32 1 2048 2.493 -1746.4 -1604 -1496 -1452
32 1 2048 2.493 -1768 -1624 -1528 -1500
32 1 2048 2.493 -1816 -1664 -1552 -1560
32 1 2048 2.493 -1776.8 -1628 -1512 -1504
32 1 2048 2.493 -1807.2 -1656 -1556 -1548
32 1 2048 2.493 -1789.6 -1640 -1532 -1528
32 1 2048 2.493 -1789.6 -1640 -1532 -1528
32 1 2048 2.493 -1701.6 -1568 -1468 -1440
32 1 2048 2.493 -1704.8 -1568 -1484 -1420
32 1 2048 2.493 -1754.4 -1612 -1496 -1420
32 1 2048 2.493 -1738.4 -1592 -1460 -1364
32 1 2048 2.493 -1716.8 -1572 -1436 -1344
32 1 2048 2.493 -1716.8 -1572 -1436 -1344
32 1 2048 2.493 -1794.4 -1648 -1572 -1500
32 1 2048 2.493 -1784.8 -1640 -1564 -1492
32 1 2048 2.493 -1850.4 -1692 -1584 -1564
32 1 2048 2.493 -1759.2 -1616 -1516 -1548
32 1 2048 2.493 -1596.8 -1472 -1344 -1272
32 1 2048 2.493 -1636 -1504 -1396 -1316
32 1 2048 2.493 -1680 -1544 -1416 -1360
32 1 2048 2.493 -1758.4 -1612 -1484 -1408
32 1 2048 2.493 -1793.6 -1644 -1532 -1520
32 1 2048 2.493 -1572.8 -1448 -1272 -1184
32 1 2048 2.493 -1686.4 -1548 -1396 -1356
32 1 2048 2.493 -1820.8 -1672 -1608 -1584
32 1 2048 2.493 -1691.2 -1552 -1424 -1352
32 1 2048 2.493 -1691.2 -1552 -1424 -1352
32 1 2048 2.493 -1745.6 -1604 -1516 -1500
32 1 2048 2.493 -1888.8 -1732 -1672 -1640
32 1 2048 2.493 -1776.8 -1632 -1548 -1500
32 1 2048 2.493 -1746.4 -1604 -1488 -1464
32 1 2048 2.493 -1722.4 -1588 -1504 -1488
32 1 2048 2.493 -1791.2 -1640 -1524 -1524
32 1 2048 2.493 -1791.2 -1640 -1524 -1524
32 1 2048 2.493 -1791.2 -1640 -1524 -1524
32 1 2048 2.493 -1773.6 -1624 -1492 -1492
32 1 2048 2.493 -1777.6 -1628 -1500 -1500
32 1 2048 2.493 -1742.4 -1596 -1452 -1428
32 1 2048 2.493 -1682.4 -1544 -1396 -1320
32 1 2048 2.493 -1670.4 -1536 -1400 -1352
32 1 2048 2.493 -1624.8 -1496 -1348 -1284
32 1 2048 2.493 -1566.4 -1448 -1328 -1228
32 1 2048 2.493 -1580.8 -1448 -1248 -1144
32 1 2048 2.493 -1587.2 -1456 -1240 -1116
32 1 2048 2.493 -1707.2 -1572 -1468 -1364
32 1 2048 2.493 -1756.8 -1616 -1528 -1456
32 1 2048 2.493 -1776.8 -1624 -1484 -1432
32 1 2048 2.493 -1776.8 -1624 -1484 -1432
32 1 2048 2.493 -1781.6 -1628 -1488 -1448
32 1 2048 2.493 -1709.6 -1568 -1452 -1404
32 1 2048 2.493 -1709.6 -1568 -1452 -1404
32 1 2048 2.493 -1677.6 -1540 -1408 -1356
32 1 2048 2.493 -1678.4 -1544 -1432 -1396
32 1 2048 2.493 -1626.4 -1496 -1396 -1344
32 1 2048 2.493 -1596 -1468 -1336 -1272
32 1 2048 2.493 -1485.6 -1368 -1188 -1096
32 1 2048 2.493 -1471.2 -1356 -1168 -1056
32 1 2048 2.493 -1472.8 -1356 -1160 -1032
32 1 2048 2.493 -1504.8 -1384 -1196 -1076
32 1 2048 2.493 -1588 -1460 -1312 -1216
32 1 2048 2.493 -1566.4 -1440 -1280 -1152
32 1 2048 2.493 -1562.4 -1432 -1244 -1116
32 1 2048 2.493 -1552.8 -1424 -1236 -1104
32 1 2048 2.493 -1776 -1632 -1544 -1500
32 1 2048 2.493 -1776.8 -1632 -1540 -1528
32 1 2048 2.493 -1657.6 -1524 -1412 -1340
32 1 2048 2.493 -1708 -1572 -1448 -1404
32 1 2048 2.493 -1682.4 -1552 -1460 -1420
32 1 2048 2.493 -1698.4 -1560 -1484 -1428
32 1 2048 2.493 -1612.8 -1484 -1364 -1252
32 1 2048 2.493 -1644.8 -1512 -1408 -1292
32 1 2048 2.493 -1643.2 -1508 -1388 -1268
32 1 2048 2.493 -1613.6 -1480 -1356 -1220
32 1 2048 2.493 -1552.8 -1424 -1252 -1144
32 1 2048 2.493 -1644.8 -1512 -1376 -1332
32 1 2048 2.493 -1434.4 -1316 -1072 -912
32 1 2048 2.493 -1604 -1472 -1316 -1240
32 1 2048 2.493 -1827.2 -1676 -1588 -1572
32 1 2048 2.493 -1776 -1628 -1500 -1480
32 1 2048 2.493 -1558.4 -1436 -1284 -1216
32 1 2048 2.493 -1681.6 -1552 -1448 -1420
32 1 2048 2.493 -1735.2 -1600 -1516 -1440
32 1 2048 2.493 -1517.6 -1396 -1200 -1084
32 1 2048 2.493 -1668 -1532 -1392 -1304
32 1 2048 2.493 -1560 -1436 -1284 -1232
32 1 2048 2.493 -1439.2 -1324 -1120 -1056
32 1 2048 2.493 -1439.2 -1324 -1112 -1056
32 1 2048 2.493 -1470.4 -1352 -1168 -1132
32 1 2048 2.493 -1496 -1376 -1200 -1188
32 1 2048 2.493 -1415.2 -1304 -1068 -1044
32 1 2048 2.493 -1415.2 -1304 -1068 -1044
32 1 2048 2.493 -1686.4 -1552 -1448 -1424
32 1 2048 2.493 -1587.2 -1464 -1328 -1204
32 1 2048 2.493 -1629.6 -1500 -1352 -1292
32 1 2048 2.493 -1807.2 -1660 -1592 -1540
32 1 2048 2.493 -1760.8 -1616 -1548 -1480
32 1 2048 2.493 -1840.8 -1688 -1612 -1560
32 1 2048 2.493 -1840.8 -1688 -1612 -1560
32 1 2048 2.493 -1854.4 -1700 -1628 -1588
32 1 2048 2.493 -1660.8 -1524 -1356 -1332
32 1 2048 2.493 -1598.4 -1468 -1300 -1208
32 1 2048 2.493 -1561.6 -1440 -1296 -1200
32 1 2048 2.493 -1503.2 -1388 -1248 -1092
32 1 2048 2.493 -1739.2 -1596 -1492 -1424
32 1 2048 2.493 -1589.6 -1460 -1312 -1224
32 1 2048 2.493 -1499.2 -1376 -1152 -1084
32 1 2048 2.493 -1670.4 -1536 -1416 -1376
32 1 2048 2.493 -1578.4 -1452 -1272 -1232
32 1 2048 2.493 -1748 -1608 -1516 -1488
32 1 2048 2.493 -1639.2 -1508 -1376 -1296
32 1 2048 2.493 -1543.2 -1420 -1272 -1144
32 1 2048 2.493 -1612.8 -1484 -1372 -1340
32 1 2048 2.493 -1671.2 -1536 -1412 -1364
32 1 2048 2.493 -1629.6 -1496 -1348 -1320
32 1 2048 2.493 -1643.2 -1512 -1376 -1264
32 1 2048 2.493 -1735.2 -1592 -1460 -1408
32 1 2048 2.493 -1624 -1492 -1340 -1272
32 1 2048 2.493 -1624 -1492 -1340 -1272
32 1 2048 2.493 -1624.8 -1492 -1336 -1272
32 1 2048 2.493 -1700.8 -1568 -1480 -1488
32 1 2048 2.493 -1627.2 -1496 -1360 -1272
32 1 2048 2.493 -1618.4 -1488 -1348 -1260
32 1 2048 2.493 -1621.6 -1492 -1360 -1252
32 1 2048 2.493 -1617.6 -1492 -1388 -1300
32 1 2048 2.493 -1626.4 -1500 -1392 -1316
32 1 2048 2.493 -1803.2 -1656 -1560 -1556
32 1 2048 2.493 -1740.8 -1596 -1468 -1420
32 1 2048 2.493 -1845.6 -1692 -1608 -1544
32 1 2048 2.493 -1845.6 -1692 -1608 -1544
32 1 2048 2.493 -1755.2 -1608 -1488 -1408
32 1 2048 2.493 -1697.6 -1560 -1424 -1380
32 1 2048 2.493 -1707.2 -1568 -1432 -1392
32 1 2048 2.493 -1664.8 -1528 -1364 -1308
32 1 2048 2.493 -1741.6 -1600 -1476 -1404
32 1 2048 2.493 -1752 -1608 -1528 -1496
32 1 2048 2.493 -1510.4 -1392 -1200 -1148
32 1 2048 2.493 -1639.2 -1508 -1392 -1272
32 1 2048 2.493 -1680.8 -1544 -1428 -1368
32 1 2048 2.493 -1698.4 -1556 -1408 -1364
32 1 2048 2.493 -1698.4 -1556 -1408 -1364
32 1 2048 2.493 -1671.2 -1532 -1392 -1356
32 1 2048 2.493 -1671.2 -1532 -1392 -1356
32 1 2048 2.493 -1671.2 -1532 -1392 -1356
32 1 2048 2.493 -1672 -1532 -1388 -1356
32 1 2048 2.493 -1669.6 -1536 -1420 -1360
32 1 2048 2.493 -1713.6 -1572 -1436 -1384
32 1 2048 2.493 -1717.6 -1576 -1444 -1392
32 1 2048 2.493 -1695.2 -1560 -1460 -1396
32 1 2048 2.493 -1736.8 -1596 -1480 -1416
32 1 2048 2.493 -1659.2 -1520 -1344 -1224
32 1 2048 2.493 -1672.8 -1532 -1360 -1248
32 1 2048 2.493 -1681.6 -1540 -1372 -1280
32 1 2048 2.493 -1681.6 -1540 -1372 -1280
32 1 2048 2.493 -1554.4 -1424 -1236 -1144
32 1 2048 2.493 -1489.6 -1368 -1152 -1044
32 1 2048 2.493 -1489.6 -1368 -1152 -1044
32 1 2048 2.493 -1432 -1316 -1084 -952
32 1 2048 2.493 -1439.2 -1320 -1076 -968
32 1 2048 2.493 -1439.2 -1320 -1076 -968
32 1 2048 2.493 -1443.2 -1324 -1084 -956
32 1 2048 2.493 -1522.4 -1400 -1220 -1200
32 1 2048 2.493 -1427.2 -1316 -1116 -1044
32 1 2048 2.493 -1535.2 -1416 -1260 -1232
32 1 2048 2.493 -1504 -1384 -1192 -1092
32 1 2048 2.493 -1503.2 -1380 -1184 -1056
32 1 2048 2.493 -1549.6 -1424 -1220 -1168
32 1 2048 2.493 -1544 -1420 -1220 -1164
32 1 2048 2.493 -1570.4 -1444 -1272 -1204
32 1 2048 2.493 -1734.4 -1592 -1472 -1408
32 1 2048 2.493 -1734.4 -1592 -1472 -1408
32 1 2048 2.493 -1820.8 -1672 -1592 -1572
32 1 2048 2.493 -1528 -1412 -1236 -1180
32 1 2048 2.493 -1488.8 -1372 -1216 -1128
32 1 2048 2.493 -1464.8 -1348 -1160 -1048
32 1 2048 2.493 -1643.2 -1508 -1356 -1268
32 1 2048 2.493 -1687.2 -1548 -1400 -1308
32 1 2048 2.493 -1622.4 -1488 -1360 -1256
32 1 2048 2.493 -1643.2 -1508 -1388 -1312
32 1 2048 2.493 -1514.4 -1396 -1232 -1092
32 1 2048 2.493 -1528.8 -1408 -1244 -1104
32 1 2048 2.493 -1779.2 -1632 -1536 -1496
32 1 2048 2.493 -1696.8 -1560 -1412 -1380
32 1 2048 2.493 -1560.8 -1436 -1248 -1160
32 1 2048 2.493 -1670.4 -1536 -1424 -1336
32 1 2048 2.493 -1654.4 -1524 -1380 -1364
32 1 2048 2.493 -1605.6 -1480 -1340 -1280
32 1 2048 2.493 -1778.4 -1632 -1532 -1452
32 1 2048 2.493 -1772.8 -1628 -1532 -1488
32 1 2048 2.493 -1573.6 -1448 -1300 -1196
32 1 2048 2.493 -1535.2 -1408 -1244 -1164
32 1 2048 2.493 -1535.2 -1408 -1244 -1164
32 1 2048 2.493 -1517.6 -1392 -1212 -1144
32 1 2048 2.493 -1531.2 -1404 -1228 -1160
32 1 2048 2.493 -1544.8 -1416 -1244 -1192
32 1 2048 2.493 -1548.8 -1420 -1252 -1196
32 1 2048 2.493 -1548.8 -1420 -1252 -1196
32 1 2048 2.493 -1536.8 -1408 -1236 -1172
32 1 2048 2.493 -1354.4 -1248 -1044 -888
32 1 2048 2.493 -1424 -1312 -1136 -1044
32 1 2048 2.493 -1391.2 -1284 -1088 -948
32 1 2048 2.493 -1418.4 -1304 -1100 -948
32 1 2048 2.493 -1695.2 -1556 -1448 -1368
32 1 2048 2.493 -1575.2 -1444 -1256 -1180
32 1 2048 2.493 -1610.4 -1480 -1340 -1288
32 1 2048 2.493 -1470.4 -1352 -1184 -1104
32 1 2048 2.493 -1424.8 -1312 -1116 -976
32 1 2048 2.493 -1472.8 -1356 -1184 -1048
32 1 2048 2.493 -1579.2 -1456 -1328 -1244
32 1 2048 2.493 -1550.4 -1428 -1300 -1160
32 1 2048 2.493 -1582.4 -1456 -1304 -1176
32 1 2048 2.493 -1547.2 -1424 -1256 -1124
32 1 2048 2.493 -1538.4 -1416 -1252 -1120
32 1 2048 2.493 -1587.2 -1460 -1300 -1156
32 1 2048 2.493 -1548.8 -1432 -1344 -1268
32 1 2048 2.493 -1685.6 -1552 -1452 -1376
32 1 2048 2.493 -1592 -1464 -1328 -1204
32 1 2048 2.493 -1750.4 -1612 -1532 -1476
32 1 2048 2.493 -1807.2 -1660 -1568 -1544
32 1 2048 2.493 -1757.6 -1616 -1540 -1504
32 1 2048 2.493 -1603.2 -1472 -1304 -1252
32 1 2048 2.493 -1608 -1476 -1308 -1248
32 1 2048 2.493 -1636 -1500 -1336 -1284
32 1 2048 2.493 -1676 -1540 -1432 -1360
32 1 2048 2.493 -1822.4 -1672 -1592 -1540
32 1 2048 2.493 -1812 -1664 -1604 -1572
32 1 2048 2.493 -1819.2 -1668 -1572 -1504
32 1 2048 2.493 -1468.8 -1356 -1148 -1048
32 1 2048 2.493 -1748.8 -1608 -1496 -1488
32 1 2048 2.493 -1642.4 -1512 -1364 -1280
32 1 2048 2.493 -1868 -1716 -1656 -1640
32 1 2048 2.493 -1820 -1668 -1568 -1528
32 1 2048 2.493 -1684 -1548 -1432 -1404
32 1 2048 2.493 -1683.2 -1540 -1388 -1348
32 1 2048 2.493 -1665.6 -1524 -1364 -1332
32 1 2048 2.493 -1671.2 -1528 -1364 -1328
32 1 2048 2.493 -1648 -1508 -1340 -1312
32 1 2048 2.493 -1633.6 -1496 -1336 -1304
32 1 2048 2.493 -1654.4 -1516 -1388 -1312
32 1 2048 2.493 -1684.8 -1544 -1416 -1344
32 1 2048 2.493 -1804 -1656 -1564 -1512
32 1 2048 2.493 -1652 -1524 -1440 -1360
32 1 2048 2.493 -1648.8 -1520 -1436 -1332
32 1 2048 2.493 -1653.6 -1524 -1392 -1376
32 1 2048 2.493 -1693.6 -1560 -1436 -1416
32 1 2048 2.493 -1805.6 -1660 -1576 -1556
32 1 2048 2.493 -1592.8 -1464 -1300 -1168
32 1 2048 2.493 -1644.8 -1508 -1356 -1296
32 1 2048 2.493 -1644.8 -1508 -1356 -1296
32 1 2048 2.493 -1659.2 -1520 -1368 -1328
32 1 2048 2.493 -1659.2 -1520 -1368 -1328
32 1 2048 2.493 -1642.4 -1504 -1340 -1288
32 1 2048 2.493 -1642.4 -1504 -1340 -1288
32 1 2048 2.493 -1642.4 -1504 -1340 -1288
32 1 2048 2.493 -1625.6 -1488 -1312 -1268
32 1 2048 2.493 -1628.8 -1496 -1328 -1240
32 1 2048 2.493 -1602.4 -1480 -1348 -1320
32 1 2048 2.493 -1784.8 -1636 -1536 -1540
32 1 2048 2.493 -1682.4 -1552 -1460 -1464
32 1 2048 2.493 -1636 -1504 -1372 -1284
32 1 2048 2.493 -1634.4 -1500 -1360 -1260
32 1 2048 2.493 -1635.2 -1500 -1364 -1284
32 1 2048 2.493 -1683.2 -1544 -1424 -1340
32 1 2048 2.493 -1678.4 -1540 -1420 -1332
32 1 2048 2.493 -1610.4 -1480 -1348 -1260
32 1 2048 2.493 -1585.6 -1464 -1328 -1228
32 1 2048 2.493 -1623.2 -1496 -1348 -1276
32 1 2048 2.493 -1634.4 -1500 -1328 -1248
32 1 2048 2.493 -1732.8 -1592 -1512 -1468
32 1 2048 2.493 -1623.2 -1500 -1384 -1312
32 1 2048 2.493 -1430.4 -1316 -1100 -988
32 1 2048 2.493 -1455.2 -1340 -1144 -1028
32 1 2048 2.493 -1327.2 -1232 -1028 -892
32 1 2048 2.493 -1407.2 -1296 -1108 -988
32 1 2048 2.493 -1357.6 -1248 -1004 -820
32 1 2048 2.493 -1411.2 -1296 -1080 -984
32 1 2048 2.493 -1400 -1284 -1052 -932
32 1 2048 2.493 -1391.2 -1276 -1048 -936
32 1 2048 2.493 -1540.8 -1416 -1200 -1060
32 1 2048 2.493 -1589.6 -1460 -1312 -1172
32 1 2048 2.493 -1556.8 -1428 -1244 -1124
32 1 2048 2.493 -1563.2 -1432 -1232 -1092
32 1 2048 2.493 -1631.2 -1496 -1356 -1220
32 1 2048 2.493 -1602.4 -1468 -1312 -1180
32 1 2048 2.493 -1558.4 -1428 -1244 -1104
32 1 2048 2.493 -1558.4 -1428 -1244 -1104
32 1 2048 2.493 -1563.2 -1432 -1248 -1112
32 1 2048 2.493 -1550.4 -1420 -1228 -1088
32 1 2048 2.493 -1385.6 -1276 -1028 -872
32 1 2048 2.493 -1353.6 -1244 -972 -812
32 1 2048 2.493 -1417.6 -1304 -1056 -924
32 1 2048 2.493 -1432.8 -1320 -1068 -1016
32 1 2048 2.493 -1579.2 -1448 -1248 -1124
32 1 2048 2.493 -1545.6 -1420 -1236 -1176
32 1 2048 2.493 -1586.4 -1460 -1288 -1208
32 1 2048 2.493 -1630.4 -1500 -1348 -1296
32 1 2048 2.493 -1617.6 -1488 -1360 -1280
32 1 2048 2.493 -1876.8 -1720 -1656 -1628
32 1 2048 2.493 -1849.6 -1696 -1624 -1584
32 1 2048 2.493 -1645.6 -1516 -1416 -1376
32 1 2048 2.493 -1617.6 -1484 -1340 -1276
32 1 2048 2.493 -1627.2 -1492 -1348 -1284
32 1 2048 2.493 -1626.4 -1492 -1352 -1288
32 1 2048 2.493 -1656.8 -1520 -1380 -1320
32 1 2048 2.493 -1646.4 -1512 -1368 -1324
32 1 2048 2.493 -1666.4 -1532 -1408 -1320
32 1 2048 2.493 -1601.6 -1472 -1312 -1196
32 1 2048 2.493 -1737.6 -1596 -1468 -1368
32 1 2048 2.493 -1692.8 -1556 -1436 -1364
32 1 2048 2.493 -1648.8 -1516 -1360 -1264
32 1 2048 2.493 -1718.4 -1580 -1492 -1412
32 1 2048 2.493 -1752 -1612 -1516 -1460
32 1 2048 2.493 -1684.8 -1548 -1396 -1356
32 1 2048 2.493 -1843.2 -1692 -1620 -1612
32 1 2048 2.493 -1843.2 -1692 -1620 -1612
32 1 2048 2.493 -1585.6 -1456 -1248 -1164
32 1 2048 2.493 -1527.2 -1404 -1216 -1064
32 1 2048 2.493 -1446.4 -1332 -1140 -992
32 1 2048 2.493 -1537.6 -1412 -1236 -1132
32 1 2048 2.493 -1516 -1392 -1196 -1084
32 1 2048 2.493 -1571.2 -1444 -1260 -1200
32 1 2048 2.493 -1597.6 -1472 -1356 -1252
32 1 2048 2.493 -1614.4 -1488 -1384 -1284
32 1 2048 2.493 -1766.4 -1624 -1528 -1500
32 1 2048 2.493 -1849.6 -1696 -1616 -1620
32 1 2048 2.493 -1757.6 -1612 -1504 -1464
32 1 2048 2.493 -1696.8 -1556 -1416 -1356
32 1 2048 2.493 -1696.8 -1556 -1416 -1356
32 1 2048 2.493 -1489.6 -1372 -1148 -1092
32 1 2048 2.493 -1589.6 -1460 -1288 -1164
32 1 2048 2.493 -1539.2 -1420 -1268 -1200
32 1 2048 2.493 -1716 -1576 -1476 -1384
32 1 2048 2.493 -1692 -1556 -1448 -1400
32 1 2048 2.493 -1608.8 -1476 -1312 -1248
32 1 2048 2.493 -1586.4 -1456 -1284 -1220
32 1 2048 2.493 -1568 -1440 -1272 -1200
32 1 2048 2.493 -1644.8 -1516 -1404 -1372
32 1 2048 2.493 -1755.2 -1612 -1500 -1480
32 1 2048 2.493 -1779.2 -1628 -1516 -1448
32 1 2048 2.493 -1520.8 -1400 -1220 -1100
32 1 2048 2.493 -1641.6 -1508 -1372 -1284
32 1 2048 2.493 -1641.6 -1508 -1372 -1284
32 1 2048 2.493 -1638.4 -1504 -1360 -1268
32 1 2048 2.493 -1593.6 -1464 -1304 -1192
32 1 2048 2.493 -1580 -1452 -1288 -1176
32 1 2048 2.493 -1779.2 -1636 -1532 -1472
32 1 2048 2.493 -1568.8 -1448 -1284 -1144
32 1 2048 2.493 -1712.8 -1572 -1440 -1324
32 1 2048 2.493 -1692.8 -1552 -1400 -1304
32 1 2048 2.493 -1593.6 -1460 -1292 -1188
32 1 2048 2.493 -1588 -1456 -1292 -1184
32 1 2048 2.493 -1582.4 -1452 -1292 -1180
32 1 2048 2.493 -1692 -1552 -1412 -1316
32 1 2048 2.493 -1678.4 -1540 -1396 -1320
32 1 2048 2.493 -1644 -1508 -1344 -1272
32 1 2048 2.493 -1672 -1532 -1364 -1340
32 1 2048 2.493 -1670.4 -1532 -1380 -1300
32 1 2048 2.493 -1705.6 -1564 -1428 -1352
32 1 2048 2.493 -1644.8 -1512 -1352 -1332
32 1 2048 2.493 -1845.6 -1692 -1608 -1560
32 1 2048 2.493 -1828.8 -1676 -1580 -1536
32 1 2048 2.493 -1837.6 -1684 -1592 -1560
32 1 2048 2.493 -1893.6 -1736 -1692 -1672
32 1 2048 2.493 -1795.2 -1648 -1560 -1480
32 1 2048 2.493 -1698.4 -1564 -1472 -1408
32 1 2048 2.493 -1552 -1428 -1268 -1164
32 1 2048 2.493 -1620 -1488 -1348 -1304
32 1 2048 2.493 -1620 -1488 -1348 -1304
32 1 2048 2.493 -1669.6 -1540 -1440 -1364
32 1 2048 2.493 -1704 -1564 -1420 -1360
32 1 2048 2.493 -1614.4 -1484 -1324 -1280
32 1 2048 2.493 -1588 -1456 -1292 -1220
32 1 2048 2.493 -1643.2 -1508 -1396 -1292
32 1 2048 2.493 -1643.2 -1508 -1388 -1288
32 1 2048 2.493 -1643.2 -1508 -1388 -1288
32 1 2048 2.493 -1804.8 -1652 -1556 -1464
32 1 2048 2.493 -1823.2 -1668 -1576 -1496
