size temperature m m2 m4 mag_sus 
10 1.5 0.995346 0.990848 0.982288 0.00892669 -217.978 0.0965775 
10 1.5 0.99541 0.990966 0.982494 0.00835813 -218.002 0.0919119 
10 1.5 0.995412 0.990968 0.982485 0.00816468 -217.982 0.0922792 
10 1.505 0.995244 0.990648 0.981904 0.00910169 -217.942 0.0964175 
10 1.505 0.995394 0.990944 0.982481 0.00895846 -217.991 0.0966846 
10 1.505 0.995276 0.990712 0.982035 0.00916969 -217.955 0.0966677 
10 1.51 0.995132 0.990436 0.981525 0.00984255 -217.907 0.0990329 
10 1.51 0.99512 0.990405 0.981438 0.00933679 -217.893 0.0981781 
10 1.51 0.994836 0.98985 0.98038 0.0100433 -217.774 0.105241 
10 1.515 0.994914 0.989996 0.980635 0.00940545 -217.798 0.0997018 
10 1.515 0.994866 0.989917 0.980531 0.0104397 -217.796 0.104182 
10 1.515 0.994974 0.99012 0.980893 0.009662 -217.834 0.100458 
10 1.52 0.994782 0.989739 0.980147 0.00972714 -217.725 0.106419 
10 1.52 0.994756 0.989692 0.980067 0.0100224 -217.736 0.103583 
10 1.52 0.995074 0.990309 0.981234 0.00900096 -217.846 0.0978637 
10 1.525 0.99471 0.989608 0.979927 0.010485 -217.744 0.103377 
10 1.525 0.994988 0.99014 0.980906 0.00908065 -217.832 0.0976287 
10 1.525 0.994734 0.989644 0.979957 0.00969372 -217.714 0.103331 
10 1.53 0.99451 0.989211 0.979152 0.0105346 -217.655 0.107012 
10 1.53 0.994612 0.989408 0.979519 0.0101392 -217.684 0.10485 
10 1.53 0.99479 0.98976 0.980206 0.00999842 -217.763 0.1016 
10 1.535 0.994512 0.989218 0.979173 0.0106711 -217.643 0.107876 
10 1.535 0.994568 0.989323 0.979356 0.0102471 -217.647 0.10646 
10 1.535 0.994492 0.989173 0.979066 0.0103337 -217.611 0.108223 
10 1.54 0.994616 0.989425 0.97958 0.0106268 -217.693 0.104855 
10 1.54 0.994298 0.988796 0.978353 0.0108732 -217.55 0.110588 
10 1.54 0.994478 0.989139 0.978977 0.00989789 -217.592 0.10671 
10 1.545 0.99438 0.988955 0.978652 0.0105641 -217.576 0.109514 
10 1.545 0.994126 0.988458 0.9777 0.0111027 -217.473 0.112661 
10 1.545 0.9943 0.988814 0.97843 0.0117223 -217.563 0.112108 
10 1.55 0.993922 0.988065 0.97697 0.0118902 -217.404 0.116895 
10 1.55 0.993958 0.988131 0.97708 0.0115209 -217.415 0.115819 
10 1.55 0.994022 0.988258 0.977331 0.0115241 -217.436 0.115794 
10 1.555 0.994068 0.988337 0.977441 0.0106502 -217.433 0.112166 
10 1.555 0.993934 0.988084 0.976987 0.0115012 -217.398 0.115734 
10 1.555 0.993974 0.988168 0.977174 0.011841 -217.423 0.117892 
10 1.56 0.994072 0.988352 0.977496 0.0110961 -217.44 0.111673 
10 1.56 0.993732 0.987679 0.976177 0.0112508 -217.285 0.116643 
10 1.56 0.993946 0.988116 0.977079 0.0120224 -217.399 0.117933 
10 1.565 0.993686 0.987604 0.976089 0.0122795 -217.292 0.122296 
10 1.565 0.993526 0.987316 0.975611 0.014219 -217.277 0.118568 
10 1.565 0.993644 0.987521 0.975923 0.0123042 -217.274 0.120764 
10 1.57 0.993476 0.987207 0.975373 0.0135387 -217.232 0.124002 
10 1.57 0.993192 0.986658 0.974343 0.0145103 -217.146 0.12629 
10 1.57 0.993454 0.987158 0.975259 0.0131713 -217.231 0.123778 
10 1.575 0.993696 0.987616 0.976083 0.0116838 -217.286 0.117894 
10 1.575 0.993284 0.98682 0.97459 0.0131261 -217.136 0.124944 
10 1.575 0.99355 0.987326 0.975509 0.0116798 -217.236 0.116723 
10 1.58 0.993092 0.986445 0.973876 0.0135012 -217.064 0.128881 
10 1.58 0.993316 0.986884 0.974719 0.0130914 -217.173 0.122661 
10 1.58 0.99305 0.986365 0.973736 0.0137454 -217.052 0.129558 
10 1.585 0.993112 0.986492 0.973993 0.0139051 -217.08 0.129398 
10 1.585 0.993082 0.986412 0.97377 0.012655 -217.033 0.125057 
10 1.585 0.993078 0.986423 0.973844 0.0138426 -217.055 0.126763 
10 1.59 0.992986 0.986233 0.973456 0.0133311 -217.008 0.126933 
10 1.59 0.992786 0.985841 0.972702 0.0136754 -216.933 0.12967 
10 1.59 0.992922 0.986113 0.973246 0.0137875 -216.998 0.13047 
10 1.595 0.992566 0.985419 0.971922 0.0145239 -216.843 0.13534 
10 1.595 0.992614 0.985506 0.972067 0.0140368 -216.856 0.133526 
10 1.595 0.992686 0.985647 0.97234 0.0139176 -216.912 0.130162 
10 1.6 0.992666 0.985609 0.972265 0.0139408 -216.878 0.130733 
10 1.6 0.992366 0.985035 0.971216 0.0153251 -216.795 0.13806 
10 1.6 0.992638 0.985557 0.972176 0.0141651 -216.862 0.133901 
10 1.605 0.992464 0.985225 0.971566 0.0149638 -216.818 0.134404 
10 1.605 0.99246 0.985202 0.971474 0.0140329 -216.798 0.132372 
10 1.605 0.992768 0.985806 0.972638 0.0135687 -216.914 0.132671 
10 1.61 0.99231 0.984906 0.970899 0.0140835 -216.714 0.137799 
10 1.61 0.99259 0.985459 0.971973 0.0139088 -216.828 0.133047 
10 1.61 0.992464 0.985224 0.97156 0.0148279 -216.808 0.133702 
10 1.615 0.992208 0.984713 0.97055 0.0146232 -216.687 0.13705 
10 1.615 0.992216 0.984742 0.970652 0.0154334 -216.714 0.13949 
10 1.615 0.99208 0.984476 0.970145 0.0156974 -216.681 0.139506 
10 1.62 0.991678 0.98369 0.968635 0.0163447 -216.496 0.144771 
10 1.62 0.992114 0.984537 0.97024 0.0152056 -216.682 0.137673 
10 1.62 0.99214 0.984583 0.970316 0.0149074 -216.665 0.140964 
10 1.625 0.991798 0.983926 0.969096 0.0161604 -216.553 0.144579 
10 1.625 0.991706 0.983757 0.968811 0.0170123 -216.54 0.144851 
10 1.625 0.991588 0.983515 0.968307 0.0164848 -216.474 0.148132 
10 1.63 0.991602 0.983554 0.968416 0.0171186 -216.466 0.147237 
10 1.63 0.992012 0.984338 0.969858 0.0153197 -216.606 0.140359 
10 1.63 0.991628 0.983595 0.968467 0.0165 -216.472 0.147259 
10 1.635 0.99143 0.983206 0.967715 0.0166627 -216.406 0.1455 
10 1.635 0.99099 0.982357 0.966132 0.0181076 -216.222 0.158077 
10 1.635 0.99134 0.98303 0.967377 0.0168003 -216.344 0.150421 
10 1.64 0.99105 0.98248 0.96638 0.0182645 -216.258 0.15532 
10 1.64 0.991054 0.982475 0.966331 0.0174835 -216.251 0.153712 
10 1.64 0.99127 0.982903 0.967172 0.0174821 -216.352 0.15189 
10 1.645 0.990848 0.98209 0.965653 0.018845 -216.203 0.156185 
10 1.645 0.990886 0.982163 0.965776 0.0187292 -216.174 0.156911 
10 1.645 0.99103 0.982427 0.96624 0.017448 -216.241 0.153646 
10 1.65 0.99056 0.981549 0.964675 0.0205919 -216.086 0.159978 
10 1.65 0.990744 0.981866 0.965159 0.017741 -216.086 0.159656 
10 1.65 0.990844 0.982084 0.965632 0.018895 -216.188 0.154664 
10 1.655 0.99049 0.98138 0.964258 0.0186828 -216.024 0.158606 
10 1.655 0.99034 0.9811 0.963764 0.0197199 -215.981 0.159712 
10 1.655 0.990304 0.981035 0.963666 0.0201128 -215.974 0.166682 
10 1.66 0.990358 0.981119 0.963752 0.0186573 -215.964 0.161552 
10 1.66 0.990652 0.981678 0.964771 0.0172611 -216.061 0.15515 
10 1.66 0.990236 0.9809 0.9634 0.0200545 -215.97 0.163173 
10 1.665 0.990016 0.980501 0.962731 0.0221597 -215.918 0.169561 
10 1.665 0.990042 0.980512 0.962627 0.0197621 -215.846 0.165645 
10 1.665 0.99011 0.980669 0.963008 0.021078 -215.929 0.16505 
10 1.67 0.990054 0.98054 0.962698 0.0199663 -215.871 0.164893 
10 1.67 0.989932 0.980305 0.962256 0.0203159 -215.803 0.167358 
10 1.67 0.989726 0.979916 0.961561 0.0214805 -215.767 0.171248 
10 1.675 0.989708 0.979873 0.961456 0.0209812 -215.746 0.168482 
10 1.675 0.98969 0.979839 0.961384 0.0210426 -215.733 0.166643 
10 1.675 0.989594 0.979638 0.960957 0.0203746 -215.671 0.168387 
10 1.68 0.9895 0.979466 0.960667 0.0211899 -215.623 0.169968 
10 1.68 0.989384 0.979234 0.960214 0.0210298 -215.592 0.174195 
10 1.68 0.98968 0.979796 0.961231 0.0195891 -215.669 0.170413 
10 1.685 0.989002 0.978507 0.958892 0.0226732 -215.479 0.179748 
10 1.685 0.9894 0.979281 0.96035 0.0218991 -215.63 0.170742 
10 1.685 0.989458 0.979364 0.960413 0.0199992 -215.598 0.169633 
10 1.69 0.989036 0.978567 0.958982 0.0221604 -215.489 0.176552 
10 1.69 0.989012 0.978507 0.958826 0.0214334 -215.431 0.178745 
10 1.69 0.989026 0.97856 0.95901 0.0229166 -215.498 0.179707 
10 1.695 0.98875 0.977996 0.957848 0.0217839 -215.321 0.178396 
10 1.695 0.98852 0.977567 0.957093 0.0232997 -215.274 0.180491 
10 1.695 0.988926 0.978362 0.958619 0.0228464 -215.446 0.176946 
10 1.7 0.988738 0.977971 0.957799 0.0216616 -215.324 0.176722 
10 1.7 0.988852 0.978224 0.958379 0.0232684 -215.394 0.18202 
10 1.7 0.989008 0.978504 0.958839 0.0216174 -215.432 0.179182 
10 1.705 0.988132 0.97681 0.955659 0.0237766 -215.127 0.185011 
10 1.705 0.988738 0.977993 0.957913 0.0228931 -215.36 0.179022 
10 1.705 0.988336 0.977204 0.956397 0.0232323 -215.196 0.183911 
10 1.71 0.98828 0.977103 0.956233 0.0237287 -215.181 0.188294 
10 1.71 0.98836 0.977235 0.956401 0.02221 -215.157 0.181586 
10 1.71 0.988464 0.977439 0.956792 0.022103 -215.203 0.18036 
10 1.715 0.987734 0.976045 0.954239 0.0248854 -214.985 0.191254 
10 1.715 0.987812 0.976197 0.954531 0.0247564 -214.998 0.192248 
10 1.715 0.987906 0.976402 0.95499 0.0258761 -215.072 0.195072 
10 1.72 0.987688 0.975983 0.954213 0.026466 -214.978 0.195243 
10 1.72 0.9877 0.975984 0.954141 0.0251343 -214.96 0.194434 
10 1.72 0.987786 0.976154 0.954472 0.0251801 -214.976 0.195551 
10 1.725 0.98711 0.974871 0.952134 0.0280793 -214.776 0.201882 
10 1.725 0.98714 0.974893 0.952069 0.0259467 -214.755 0.197288 
10 1.725 0.987292 0.975206 0.952704 0.026696 -214.818 0.193808 
10 1.73 0.987048 0.974743 0.95187 0.0277044 -214.72 0.203519 
10 1.73 0.987346 0.97531 0.952908 0.0264507 -214.844 0.19551 
10 1.73 0.987172 0.974965 0.952237 0.0263816 -214.757 0.199492 
10 1.735 0.986634 0.973925 0.950289 0.0275891 -214.566 0.203977 
10 1.735 0.987054 0.974732 0.951777 0.0262848 -214.692 0.200631 
10 1.735 0.986638 0.973937 0.950318 0.0277889 -214.579 0.200868 
10 1.74 0.986834 0.974305 0.950976 0.0266331 -214.624 0.199773 
10 1.74 0.986712 0.974089 0.950627 0.0280453 -214.577 0.204941 
10 1.74 0.986742 0.974156 0.950794 0.0285302 -214.624 0.204834 
10 1.745 0.98648 0.973679 0.949966 0.0307352 -214.536 0.212786 
10 1.745 0.985726 0.972189 0.947097 0.0305864 -214.215 0.218717 
10 1.745 0.986072 0.972858 0.948344 0.0298138 -214.354 0.215134 
10 1.75 0.985954 0.972632 0.947936 0.0300954 -214.311 0.215718 
10 1.75 0.985602 0.971957 0.946693 0.0311964 -214.194 0.219898 
10 1.75 0.98622 0.973152 0.948917 0.0298212 -214.402 0.214467 
10 1.755 0.985918 0.972527 0.947617 0.0280602 -214.264 0.204295 
10 1.755 0.9861 0.9729 0.948394 0.0288815 -214.359 0.210118 
10 1.755 0.985904 0.972527 0.947689 0.0296492 -214.258 0.211717 
10 1.76 0.98495 0.970696 0.944316 0.0323328 -213.923 0.227991 
10 1.76 0.985664 0.972065 0.946844 0.0302136 -214.208 0.211224 
10 1.76 0.985208 0.971215 0.945359 0.0329907 -214.073 0.224278 
10 1.765 0.984934 0.970631 0.944096 0.0303828 -213.871 0.224046 
10 1.765 0.984914 0.970625 0.944175 0.0322477 -213.91 0.221344 
10 1.765 0.985182 0.971143 0.945139 0.0317182 -214.011 0.216272 
10 1.77 0.984676 0.970208 0.943491 0.0351082 -213.877 0.223743 
10 1.77 0.984722 0.970264 0.943539 0.0331651 -213.845 0.230435 
10 1.77 0.985064 0.970912 0.944713 0.0316902 -213.956 0.224609 
10 1.775 0.984064 0.968991 0.941139 0.0343056 -213.599 0.230881 
10 1.775 0.984616 0.97004 0.943061 0.0321832 -213.788 0.227237 
10 1.775 0.985026 0.970839 0.944579 0.0316833 -214.003 0.216972 
10 1.78 0.984038 0.968934 0.941022 0.0338682 -213.593 0.233549 
10 1.78 0.984104 0.969087 0.941369 0.0352066 -213.664 0.230587 
10 1.78 0.984478 0.969775 0.94256 0.0324847 -213.722 0.226417 
10 1.785 0.983916 0.968704 0.940613 0.0343543 -213.537 0.235516 
10 1.785 0.984422 0.96965 0.94228 0.0315477 -213.705 0.223988 
10 1.785 0.98389 0.968653 0.940516 0.0343724 -213.579 0.230235 
10 1.79 0.983592 0.968088 0.939477 0.0354535 -213.446 0.232295 
10 1.79 0.984128 0.969091 0.941265 0.0325497 -213.612 0.226957 
10 1.79 0.98386 0.968581 0.940331 0.0335587 -213.47 0.235081 
10 1.795 0.982988 0.966952 0.937453 0.0382592 -213.207 0.24654 
10 1.795 0.983178 0.967315 0.938122 0.037639 -213.326 0.241499 
10 1.795 0.982904 0.966827 0.937309 0.0405107 -213.211 0.253675 
10 1.8 0.983128 0.967195 0.937835 0.0363453 -213.272 0.242267 
10 1.8 0.98321 0.967363 0.938166 0.0367276 -213.306 0.234606 
10 1.8 0.98269 0.966394 0.936475 0.0397069 -213.139 0.253024 
10 1.805 0.982166 0.965387 0.934597 0.0408104 -212.958 0.25433 
10 1.805 0.982732 0.966434 0.936424 0.0372286 -213.131 0.240854 
10 1.805 0.982196 0.965479 0.934835 0.0426625 -212.971 0.253591 
10 1.81 0.98179 0.964622 0.933049 0.0392639 -212.751 0.255959 
10 1.81 0.981676 0.96443 0.93279 0.0410293 -212.78 0.256432 
10 1.81 0.982428 0.965817 0.93518 0.0360544 -212.972 0.246103 
10 1.815 0.981762 0.964558 0.932895 0.0386323 -212.721 0.254728 
10 1.815 0.98207 0.965161 0.934058 0.0385452 -212.872 0.248811 
10 1.815 0.98237 0.965739 0.935125 0.03789 -212.986 0.244166 
10 1.82 0.981504 0.964097 0.932153 0.0410625 -212.699 0.258151 
10 1.82 0.981354 0.963833 0.931731 0.0426927 -212.692 0.255454 
10 1.82 0.981652 0.96438 0.932662 0.0406457 -212.724 0.255495 
10 1.825 0.981124 0.963343 0.930688 0.0405006 -212.527 0.257391 
10 1.825 0.981178 0.963532 0.931195 0.0450462 -212.581 0.261083 
10 1.825 0.981272 0.963625 0.931198 0.0400034 -212.577 0.25463 
10 1.83 0.98006 0.961371 0.927191 0.046614 -212.17 0.272613 
10 1.83 0.980714 0.962612 0.929493 0.044394 -212.412 0.268359 
10 1.83 0.980496 0.962177 0.928633 0.0439866 -212.328 0.264411 
10 1.835 0.980368 0.96192 0.928147 0.0434934 -212.219 0.27375 
10 1.835 0.980288 0.96177 0.927874 0.0439148 -212.189 0.273985 
10 1.835 0.980414 0.962003 0.928275 0.0431013 -212.248 0.269069 
10 1.84 0.980246 0.961681 0.927689 0.0434293 -212.201 0.270071 
10 1.84 0.979622 0.960511 0.925595 0.0462857 -212.027 0.275089 
10 1.84 0.979878 0.960996 0.926476 0.0453796 -212.094 0.273502 
10 1.845 0.979858 0.960965 0.926463 0.045716 -212.096 0.279436 
10 1.845 0.979554 0.960402 0.925457 0.0474711 -211.976 0.282627 
10 1.845 0.979064 0.95947 0.923739 0.0489975 -211.872 0.278041 
10 1.85 0.979258 0.959813 0.924328 0.0468783 -211.859 0.284316 
10 1.85 0.97917 0.959712 0.924218 0.0507109 -211.874 0.275362 
10 1.85 0.979252 0.959778 0.924188 0.0455698 -211.808 0.285583 
10 1.855 0.978722 0.958837 0.922677 0.0506872 -211.727 0.296423 
10 1.855 0.978962 0.959258 0.923309 0.0480648 -211.765 0.284021 
10 1.855 0.979584 0.960407 0.92531 0.0443249 -211.923 0.271484 
10 1.86 0.978498 0.958363 0.921655 0.0486206 -211.601 0.287122 
10 1.86 0.97809 0.957689 0.92072 0.0552942 -211.609 0.29104 
10 1.86 0.978778 0.958906 0.922686 0.0483735 -211.731 0.281723 
10 1.865 0.978302 0.957999 0.921008 0.0495419 -211.569 0.27641 
10 1.865 0.978508 0.958429 0.921904 0.0510034 -211.638 0.286712 
10 1.865 0.97771 0.956906 0.919131 0.0530185 -211.343 0.301605 
10 1.87 0.978442 0.958324 0.921613 0.0521761 -211.535 0.288715 
10 1.87 0.977002 0.95554 0.916596 0.0538616 -211.132 0.300976 
10 1.87 0.977496 0.956466 0.91821 0.0517545 -211.233 0.297235 
10 1.875 0.976908 0.955349 0.916171 0.0533013 -211.055 0.295164 
10 1.875 0.977122 0.955767 0.916976 0.0533289 -211.085 0.30727 
10 1.875 0.977422 0.956387 0.918176 0.0550887 -211.245 0.295014 
10 1.88 0.976702 0.955011 0.915714 0.0566193 -211.047 0.300869 
10 1.88 0.976704 0.954967 0.915522 0.0540817 -210.965 0.304905 
10 1.88 0.976662 0.954906 0.91547 0.0551882 -210.988 0.305023 
10 1.885 0.976092 0.953821 0.913465 0.0565394 -210.759 0.302728 
10 1.885 0.975704 0.95314 0.912451 0.0605424 -210.698 0.327271 
10 1.885 0.975952 0.953562 0.913036 0.0573036 -210.734 0.311126 
10 1.89 0.976042 0.953689 0.913153 0.0545299 -210.763 0.306705 
10 1.89 0.975478 0.952711 0.911654 0.0610493 -210.563 0.330227 
10 1.89 0.975706 0.95305 0.911974 0.055416 -210.605 0.310059 
10 1.895 0.974972 0.951717 0.909713 0.0605002 -210.385 0.322183 
10 1.895 0.976088 0.95382 0.9135 0.0565898 -210.795 0.305181 
10 1.895 0.975612 0.952899 0.91179 0.0569808 -210.618 0.31266 
10 1.9 0.975336 0.952433 0.911088 0.0606614 -210.537 0.318018 
10 1.9 0.974592 0.95097 0.908315 0.0599976 -210.29 0.320508 
10 1.9 0.974248 0.950303 0.907048 0.0601955 -210.11 0.323204 
10 1.905 0.974364 0.950557 0.907622 0.0615011 -210.169 0.328103 
10 1.905 0.97452 0.950845 0.908057 0.0606514 -210.204 0.32142 
10 1.905 0.974824 0.951351 0.908825 0.0561475 -210.276 0.31215 
10 1.91 0.973446 0.948812 0.904446 0.0635919 -209.907 0.329395 
10 1.91 0.97366 0.949281 0.905447 0.0663604 -209.994 0.335681 
10 1.91 0.974014 0.949897 0.90644 0.0624779 -210.09 0.327726 
10 1.915 0.972648 0.94729 0.90168 0.0650333 -209.618 0.340499 
10 1.915 0.97386 0.949614 0.90591 0.0632011 -209.984 0.326417 
10 1.915 0.97374 0.94945 0.905721 0.0668706 -210.057 0.324573 
10 1.92 0.973148 0.948254 0.903475 0.0644214 -209.761 0.33718 
10 1.92 0.97287 0.947845 0.902875 0.0713043 -209.723 0.333476 
10 1.92 0.972502 0.947053 0.901339 0.0673115 -209.618 0.336808 
10 1.925 0.972222 0.946555 0.900547 0.0695783 -209.493 0.344087 
10 1.925 0.972262 0.946637 0.900721 0.0697851 -209.477 0.351576 
10 1.925 0.972904 0.947834 0.9028 0.0671152 -209.64 0.345092 
10 1.93 0.971726 0.945557 0.898593 0.0676301 -209.331 0.342372 
10 1.93 0.972082 0.946304 0.900082 0.0704821 -209.454 0.341608 
10 1.93 0.97181 0.945764 0.899053 0.0699028 -209.304 0.345548 
10 1.935 0.971156 0.944599 0.897187 0.0752012 -209.218 0.355616 
10 1.935 0.970984 0.944234 0.896447 0.0735996 -209.134 0.3558 
10 1.935 0.971144 0.944402 0.896329 0.0662021 -208.962 0.350246 
10 1.94 0.970128 0.94263 0.893547 0.0763785 -208.746 0.366255 
10 1.94 0.970952 0.944097 0.895967 0.0695409 -209.004 0.352578 
10 1.94 0.970782 0.943845 0.895664 0.0735891 -209.023 0.351392 
10 1.945 0.970302 0.942974 0.894199 0.0765033 -208.833 0.363131 
10 1.945 0.970388 0.943177 0.894626 0.0783676 -208.919 0.364512 
10 1.945 0.970378 0.943178 0.894588 0.0794333 -208.874 0.364697 
10 1.95 0.969814 0.942118 0.892692 0.0809869 -208.681 0.361803 
10 1.95 0.970252 0.942715 0.893295 0.0680049 -208.674 0.350213 
10 1.95 0.969476 0.941545 0.891819 0.0851921 -208.578 0.376299 
10 1.955 0.969158 0.940871 0.890461 0.0820098 -208.503 0.360359 
10 1.955 0.96928 0.94101 0.89061 0.0770354 -208.464 0.370835 
10 1.955 0.969208 0.940844 0.890255 0.0757081 -208.467 0.36615 
10 1.96 0.968732 0.940027 0.888943 0.0808812 -208.304 0.372922 
10 1.96 0.96886 0.940222 0.889134 0.0781704 -208.325 0.36374 
10 1.96 0.969106 0.940772 0.890429 0.0819143 -208.556 0.370088 
10 1.965 0.967348 0.93752 0.884801 0.0894823 -208.038 0.391212 
10 1.965 0.96814 0.938991 0.887279 0.0863094 -208.17 0.376027 
10 1.965 0.968084 0.938739 0.8865 0.0789989 -208.096 0.374446 
10 1.97 0.96743 0.93763 0.884777 0.0867713 -207.883 0.389923 
10 1.97 0.966472 0.93586 0.881791 0.090954 -207.66 0.395903 
10 1.97 0.967252 0.937278 0.884119 0.0863619 -207.824 0.381989 
10 1.975 0.966998 0.936842 0.88342 0.0889614 -207.662 0.39875 
10 1.975 0.967348 0.937461 0.884503 0.0860398 -207.871 0.392317 
10 1.975 0.967066 0.936865 0.88326 0.0834689 -207.758 0.388428 
10 1.98 0.965926 0.934887 0.880061 0.0946446 -207.435 0.395931 
10 1.98 0.966714 0.936334 0.882635 0.090788 -207.674 0.393807 
10 1.98 0.966366 0.935792 0.881802 0.0974179 -207.629 0.39589 
10 1.985 0.965798 0.934601 0.87955 0.0924425 -207.387 0.408057 
10 1.985 0.965494 0.933938 0.878091 0.0886134 -207.248 0.39454 
10 1.985 0.965758 0.934455 0.879079 0.0889917 -207.352 0.396861 
10 1.99 0.963886 0.931227 0.87389 0.108067 -206.842 0.425496 
10 1.99 0.96481 0.932704 0.876056 0.0927449 -207.059 0.40611 
10 1.99 0.964988 0.933285 0.87754 0.104687 -207.196 0.407824 
10 1.995 0.963898 0.931235 0.873911 0.107058 -206.851 0.415196 
10 1.995 0.96477 0.932729 0.876288 0.0976284 -207.078 0.40416 
10 1.995 0.96437 0.93204 0.875056 0.10179 -206.944 0.406781 
10 2 0.963778 0.930826 0.872869 0.0978843 -206.713 0.414071 
10 2 0.962896 0.929257 0.870206 0.104397 -206.494 0.418385 
10 2 0.963792 0.930916 0.873204 0.101049 -206.813 0.419961 
10 2.005 0.963324 0.930038 0.871649 0.101973 -206.662 0.416103 
10 2.005 0.963332 0.929979 0.871371 0.0982752 -206.527 0.422026 
10 2.005 0.963108 0.929628 0.870851 0.102309 -206.501 0.421633 
10 2.01 0.962218 0.928074 0.868265 0.109966 -206.241 0.42985 
10 2.01 0.961562 0.926793 0.866038 0.109047 -206.104 0.432139 
10 2.01 0.962724 0.928775 0.869082 0.0964109 -206.352 0.411627 
10 2.015 0.961986 0.927666 0.867708 0.111604 -206.241 0.436812 
10 2.015 0.960762 0.925346 0.863598 0.113279 -205.868 0.444207 
10 2.015 0.960808 0.925513 0.864099 0.117169 -205.931 0.45223 
10 2.02 0.961242 0.926301 0.865294 0.114571 -205.965 0.450582 
10 2.02 0.960866 0.925534 0.863923 0.1124 -205.845 0.450282 
10 2.02 0.96051 0.924958 0.862895 0.117759 -205.797 0.439971 
10 2.025 0.959428 0.922852 0.859157 0.116053 -205.373 0.451331 
10 2.025 0.960084 0.924146 0.861508 0.117748 -205.587 0.456161 
10 2.025 0.960254 0.924453 0.862005 0.116803 -205.625 0.438768 
10 2.03 0.958824 0.921807 0.85752 0.121355 -205.227 0.462932 
10 2.03 0.95973 0.923414 0.860259 0.114907 -205.556 0.454941 
10 2.03 0.95851 0.921239 0.856593 0.123057 -205.115 0.470282 
10 2.035 0.959854 0.923641 0.860577 0.114092 -205.533 0.443784 
10 2.035 0.958018 0.920327 0.855054 0.124239 -205.026 0.464359 
10 2.035 0.958058 0.920592 0.855703 0.133513 -205.071 0.462279 
10 2.04 0.957466 0.919309 0.853339 0.125887 -204.83 0.482497 
10 2.04 0.958192 0.920696 0.8558 0.125695 -205.007 0.465308 
10 2.04 0.95878 0.921539 0.85667 0.111751 -205.117 0.449739 
10 2.045 0.957502 0.919727 0.854324 0.142633 -204.888 0.4767 
10 2.045 0.957564 0.919419 0.853241 0.121783 -204.763 0.462142 
10 2.045 0.957516 0.919651 0.854175 0.137607 -204.872 0.478857 
10 2.05 0.956958 0.91832 0.851219 0.124448 -204.627 0.451716 
10 2.05 0.955758 0.916356 0.848424 0.140623 -204.326 0.48364 
10 2.05 0.955734 0.916254 0.848133 0.137881 -204.259 0.486363 
10 2.055 0.955526 0.91585 0.847434 0.137235 -204.223 0.481677 
10 2.055 0.95615 0.917048 0.849774 0.137488 -204.492 0.488326 
10 2.055 0.954784 0.914496 0.845336 0.140317 -204.139 0.494767 
10 2.06 0.953602 0.912327 0.841351 0.144182 -203.698 0.48204 
10 2.06 0.955112 0.915112 0.846012 0.139446 -204.141 0.474675 
10 2.06 0.95495 0.914628 0.845079 0.130981 -203.996 0.478395 
10 2.065 0.953642 0.912416 0.841662 0.144462 -203.644 0.497418 
10 2.065 0.953628 0.912439 0.841873 0.146853 -203.622 0.50677 
10 2.065 0.954274 0.913717 0.843981 0.149074 -203.83 0.493732 
10 2.07 0.953716 0.912464 0.841518 0.139603 -203.597 0.493057 
10 2.07 0.952252 0.91 0.837835 0.155384 -203.338 0.51043 
10 2.07 0.953156 0.911241 0.839014 0.132095 -203.305 0.491469 
10 2.075 0.95129 0.908023 0.834014 0.147976 -202.948 0.51445 
10 2.075 0.952104 0.909814 0.837622 0.159629 -203.258 0.512877 
10 2.075 0.952258 0.91021 0.838337 0.164581 -203.352 0.512264 
10 2.08 0.949944 0.905939 0.831216 0.170454 -202.676 0.536526 
10 2.08 0.951968 0.909248 0.836083 0.144475 -203.128 0.505974 
10 2.08 0.952006 0.909475 0.836693 0.151903 -203.196 0.501896 
10 2.085 0.950466 0.906655 0.832003 0.156824 -202.733 0.520487 
10 2.085 0.950792 0.90724 0.832994 0.155151 -202.775 0.526446 
10 2.085 0.95063 0.907021 0.832721 0.159405 -202.746 0.528754 
10 2.09 0.948994 0.904411 0.829066 0.182838 -202.562 0.532565 
10 2.09 0.94876 0.903576 0.826825 0.164125 -202.238 0.527252 
10 2.09 0.949146 0.904555 0.828888 0.175904 -202.521 0.532941 
10 2.095 0.948048 0.902756 0.826242 0.189046 -202.205 0.550667 
10 2.095 0.948988 0.904038 0.827681 0.165167 -202.221 0.545166 
10 2.095 0.949292 0.904828 0.829148 0.175312 -202.393 0.520459 
10 2.1 0.947246 0.901018 0.822852 0.178229 -201.94 0.540134 
10 2.1 0.947458 0.901479 0.823908 0.181045 -201.976 0.552286 
10 2.1 0.947798 0.90215 0.824995 0.182318 -201.997 0.559436 
10 2.105 0.946992 0.900499 0.8219 0.17603 -201.797 0.536388 
10 2.105 0.946888 0.900156 0.821142 0.169079 -201.689 0.545814 
10 2.105 0.946522 0.899608 0.820218 0.175965 -201.57 0.539879 
10 2.11 0.944182 0.895677 0.81424 0.198934 -201.11 0.561652 
10 2.11 0.946028 0.89894 0.819551 0.188185 -201.469 0.552895 
10 2.11 0.94618 0.899011 0.819333 0.177917 -201.541 0.549712 
10 2.115 0.94539 0.897508 0.816686 0.177106 -201.187 0.552412 
10 2.115 0.945024 0.897054 0.816197 0.188363 -201.211 0.563631 
10 2.115 0.94413 0.895749 0.814454 0.206484 -201.062 0.571627 
10 2.12 0.94321 0.893945 0.811315 0.202814 -200.789 0.564935 
10 2.12 0.943238 0.893631 0.810384 0.185522 -200.612 0.573252 
10 2.12 0.943498 0.89451 0.81245 0.20384 -200.721 0.584448 
10 2.125 0.942382 0.892342 0.808536 0.200397 -200.423 0.576355 
10 2.125 0.942792 0.89343 0.810673 0.21523 -200.643 0.572896 
10 2.125 0.94169 0.891573 0.808033 0.225565 -200.431 0.600135 
10 2.13 0.941754 0.891179 0.80662 0.200845 -200.236 0.578067 
10 2.13 0.9405 0.889488 0.804428 0.232308 -200.032 0.593743 
10 2.13 0.94043 0.889323 0.804636 0.230709 -200.099 0.616644 
10 2.135 0.940132 0.888118 0.801162 0.199977 -199.702 0.586 
10 2.135 0.940392 0.888815 0.802831 0.20975 -199.846 0.591157 
10 2.135 0.940128 0.888617 0.802835 0.223733 -199.86 0.603759 
10 2.14 0.938698 0.885957 0.798239 0.22442 -199.461 0.601426 
10 2.14 0.937636 0.884567 0.796894 0.25261 -199.37 0.616342 
10 2.14 0.938862 0.886448 0.799291 0.233014 -199.494 0.605494 
10 2.145 0.939286 0.887153 0.800237 0.228181 -199.651 0.5816 
10 2.145 0.938124 0.885268 0.798016 0.242021 -199.41 0.634473 
10 2.145 0.936758 0.88286 0.793785 0.249157 -199.04 0.625717 
10 2.15 0.937236 0.883728 0.795218 0.247284 -199.146 0.620244 
10 2.15 0.936164 0.881703 0.791793 0.246493 -198.895 0.621463 
10 2.15 0.938338 0.885354 0.797485 0.226791 -199.353 0.605279 
10 2.155 0.93604 0.881386 0.790993 0.241982 -198.686 0.624128 
10 2.155 0.936728 0.883071 0.794322 0.260418 -199.146 0.616074 
10 2.155 0.936668 0.882421 0.792809 0.235457 -198.961 0.613554 
10 2.16 0.936012 0.881107 0.790222 0.230949 -198.685 0.597824 
10 2.16 0.933108 0.876722 0.784339 0.279238 -198.149 0.645968 
10 2.16 0.936102 0.881573 0.791681 0.244732 -198.859 0.625287 
10 2.165 0.932612 0.875858 0.783018 0.28144 -198.051 0.651648 
10 2.165 0.933418 0.877089 0.784839 0.268826 -198.19 0.652347 
10 2.165 0.93325 0.876887 0.784571 0.273962 -198.177 0.653122 
10 2.17 0.931618 0.873882 0.77962 0.275131 -197.704 0.661145 
10 2.17 0.932358 0.875073 0.781314 0.26645 -197.794 0.651494 
10 2.17 0.931634 0.873904 0.77953 0.274749 -197.584 0.656723 
10 2.175 0.930548 0.872539 0.777844 0.304361 -197.449 0.667022 
10 2.175 0.929642 0.870753 0.774983 0.299691 -197.18 0.670343 
10 2.175 0.931862 0.874335 0.780086 0.274386 -197.765 0.633148 
10 2.18 0.929216 0.870088 0.774021 0.304849 -197.227 0.66935 
10 2.18 0.929762 0.871381 0.77638 0.317601 -197.373 0.663378 
10 2.18 0.92893 0.86915 0.771959 0.286212 -196.931 0.682353 
10 2.185 0.928126 0.86804 0.770685 0.303059 -196.89 0.678167 
10 2.185 0.929174 0.86952 0.772457 0.281704 -196.879 0.669759 
10 2.185 0.927496 0.867342 0.770074 0.324645 -196.8 0.672363 
10 2.19 0.92621 0.864826 0.765741 0.317839 -196.302 0.699642 
10 2.19 0.928258 0.868037 0.770205 0.291069 -196.668 0.681386 
10 2.19 0.928118 0.867577 0.768992 0.281917 -196.483 0.671042 
10 2.195 0.924402 0.862086 0.761754 0.344737 -196.018 0.695339 
10 2.195 0.926264 0.864586 0.764853 0.301633 -196.154 0.693292 
10 2.195 0.924978 0.863158 0.763706 0.345063 -196.075 0.713759 
10 2.2 0.924092 0.86079 0.758792 0.311075 -195.592 0.699013 
10 2.2 0.92402 0.861012 0.759768 0.327215 -195.725 0.726703 
10 2.2 0.923292 0.859607 0.757178 0.324515 -195.544 0.692528 
10 2.205 0.922114 0.857633 0.754327 0.332817 -195.231 0.712558 
10 2.205 0.922356 0.858234 0.755448 0.339855 -195.334 0.715671 
10 2.205 0.921396 0.856744 0.753202 0.352518 -195.116 0.721746 
10 2.21 0.9224 0.858166 0.75514 0.3323 -195.293 0.71578 
10 2.21 0.920838 0.855384 0.750629 0.336727 -194.864 0.725156 
10 2.21 0.918854 0.852995 0.748854 0.393749 -194.864 0.757281 
10 2.215 0.9187 0.851562 0.745074 0.340944 -194.311 0.754574 
10 2.215 0.920664 0.855163 0.75077 0.340448 -194.832 0.730376 
10 2.215 0.91867 0.851942 0.745736 0.360623 -194.36 0.742976 
10 2.22 0.917614 0.850124 0.742994 0.365259 -194.082 0.740956 
10 2.22 0.919312 0.852604 0.746128 0.336458 -194.432 0.728665 
10 2.22 0.917866 0.850117 0.742407 0.344085 -193.954 0.745398 
10 2.225 0.91757 0.850068 0.743237 0.365543 -194.197 0.74192 
10 2.225 0.91502 0.846757 0.739692 0.426776 -193.901 0.774159 
10 2.225 0.916588 0.848775 0.741601 0.388392 -194.072 0.753927 
10 2.23 0.914598 0.844605 0.734185 0.363902 -193.311 0.748255 
10 2.23 0.915684 0.847132 0.739022 0.388123 -193.768 0.764336 
10 2.23 0.914298 0.845229 0.736349 0.416495 -193.347 0.779307 
10 2.235 0.913662 0.843961 0.73417 0.410861 -193.331 0.76457 
10 2.235 0.913176 0.842651 0.731752 0.391989 -192.982 0.768434 
10 2.235 0.913782 0.843877 0.733894 0.397288 -193.267 0.787588 
10 2.24 0.91108 0.839734 0.728025 0.431562 -192.753 0.773327 
10 2.24 0.911184 0.840057 0.728632 0.437527 -192.704 0.800119 
10 2.24 0.912454 0.842039 0.731829 0.422624 -192.99 0.798088 
10 2.245 0.908578 0.835402 0.721403 0.440462 -192.088 0.790309 
10 2.245 0.911622 0.840091 0.72792 0.40252 -192.677 0.771085 
10 2.245 0.91049 0.838926 0.726829 0.442477 -192.562 0.784998 
10 2.25 0.907438 0.833446 0.718384 0.444537 -191.698 0.816555 
10 2.25 0.909926 0.837254 0.72368 0.412821 -192.309 0.790823 
10 2.25 0.905222 0.830893 0.715925 0.509616 -191.492 0.840546 
10 2.255 0.905932 0.830796 0.714209 0.447131 -191.357 0.814746 
10 2.255 0.905396 0.830406 0.714308 0.472901 -191.347 0.832149 
10 2.255 0.90977 0.836991 0.723121 0.412844 -192.071 0.784433 
10 2.26 0.905612 0.831275 0.716402 0.493021 -191.476 0.823278 
10 2.26 0.905888 0.831009 0.714887 0.459117 -191.34 0.814123 
10 2.26 0.904856 0.82976 0.713775 0.486553 -191.304 0.820388 
10 2.265 0.903234 0.826938 0.709339 0.490327 -190.702 0.858783 
10 2.265 0.902798 0.825856 0.70728 0.477336 -190.66 0.831145 
10 2.265 0.904022 0.827869 0.710193 0.468586 -190.901 0.808579 
10 2.27 0.900118 0.821927 0.701962 0.51605 -190.106 0.849034 
10 2.27 0.899152 0.820994 0.70142 0.551507 -190.101 0.8556 
10 2.27 0.901044 0.823145 0.703497 0.496248 -190.143 0.844411 
10 2.275 0.897698 0.818769 0.698575 0.567347 -189.816 0.876066 
10 2.275 0.899024 0.820078 0.699063 0.520166 -189.797 0.853232 
10 2.275 0.899838 0.821476 0.701348 0.517254 -189.898 0.861941 
10 2.28 0.8971 0.816687 0.693895 0.521877 -189.28 0.855099 
10 2.28 0.899094 0.820232 0.699557 0.520257 -189.945 0.840709 
10 2.28 0.895362 0.814553 0.691648 0.564928 -189.148 0.86508 
10 2.285 0.894348 0.81293 0.68913 0.572078 -188.971 0.860709 
10 2.285 0.897516 0.817369 0.694962 0.517906 -189.424 0.833472 
10 2.285 0.895644 0.815258 0.693344 0.572435 -189.258 0.902207 
10 2.29 0.894358 0.81241 0.68782 0.547328 -188.685 0.86239 
10 2.29 0.890626 0.806982 0.681001 0.601209 -188.182 0.902324 
10 2.29 0.89202 0.809991 0.68618 0.624084 -188.635 0.889675 
10 2.295 0.89342 0.811188 0.68677 0.565943 -188.601 0.884938 
10 2.295 0.894794 0.812804 0.688367 0.529296 -188.703 0.877534 
10 2.295 0.890752 0.807571 0.682144 0.615787 -188.22 0.895812 
10 2.3 0.88923 0.805174 0.678928 0.627995 -187.898 0.8887 
10 2.3 0.886066 0.800454 0.673015 0.666993 -187.244 0.97496 
10 2.3 0.88912 0.805002 0.67869 0.62902 -187.801 0.919105 
10 2.305 0.886466 0.799982 0.670952 0.614334 -187.141 0.923017 
10 2.305 0.88523 0.799149 0.671266 0.673168 -186.995 0.963747 
10 2.305 0.88473 0.797777 0.668227 0.652064 -186.71 0.938838 
10 2.31 0.885058 0.798431 0.669289 0.653838 -186.982 0.918771 
10 2.31 0.886072 0.799926 0.671399 0.64078 -187.232 0.924198 
10 2.31 0.885174 0.797983 0.667564 0.62553 -186.746 0.913347 
10 2.315 0.881952 0.793969 0.663182 0.696765 -186.213 0.940451 
10 2.315 0.88335 0.796086 0.666659 0.68159 -186.552 0.959372 
10 2.315 0.88499 0.798345 0.669074 0.653907 -186.913 0.911531 
10 2.32 0.878454 0.788126 0.655299 0.708819 -185.582 0.969318 
10 2.32 0.878366 0.788586 0.656291 0.735328 -185.535 0.9939 
10 2.32 0.880894 0.79235 0.661937 0.70586 -186.209 0.97203 
10 2.325 0.87671 0.785571 0.651981 0.72906 -185.192 0.981272 
10 2.325 0.876526 0.78523 0.650989 0.728253 -185.03 0.98024 
10 2.325 0.877908 0.78719 0.654253 0.708302 -185.439 0.97724 
10 2.33 0.877556 0.786329 0.652088 0.696334 -185.241 0.940801 
10 2.33 0.874932 0.78289 0.648699 0.746094 -184.932 0.997642 
10 2.33 0.872342 0.778976 0.643076 0.772355 -184.396 0.993641 
10 2.335 0.872578 0.779462 0.644063 0.773845 -184.354 1.0037 
10 2.335 0.87536 0.783066 0.64756 0.719931 -184.715 0.949084 
10 2.335 0.873018 0.779838 0.644005 0.757075 -184.305 0.987668 
10 2.34 0.87059 0.776891 0.640677 0.810436 -184.171 0.995107 
10 2.34 0.871014 0.776558 0.639138 0.764626 -183.809 0.999833 
10 2.34 0.872424 0.778413 0.641462 0.738867 -184.184 0.992328 
10 2.345 0.86742 0.771703 0.634016 0.82243 -183.224 1.03861 
10 2.345 0.864338 0.766826 0.626936 0.842038 -182.558 1.04246 
10 2.345 0.869212 0.773713 0.635139 0.775421 -183.522 0.985661 
10 2.35 0.864506 0.76654 0.625795 0.815699 -182.567 1.03994 
10 2.35 0.864148 0.767045 0.628273 0.863557 -182.984 1.03823 
10 2.35 0.86913 0.773364 0.634634 0.764999 -183.454 1.00151 
10 2.355 0.862724 0.763886 0.622174 0.831994 -182.228 1.0387 
10 2.355 0.863202 0.765238 0.624901 0.854367 -182.434 1.04774 
10 2.355 0.86461 0.767814 0.629293 0.860429 -182.889 1.05833 
10 2.36 0.858602 0.758832 0.617092 0.916726 -181.745 1.04671 
10 2.36 0.860344 0.760286 0.618029 0.851436 -181.818 1.0444 
10 2.36 0.863136 0.764467 0.622991 0.824695 -182.299 1.02756 
10 2.365 0.859212 0.758362 0.614963 0.850622 -181.31 1.07122 
10 2.365 0.858646 0.758619 0.616025 0.902561 -181.737 1.03666 
10 2.365 0.859522 0.759555 0.61822 0.878531 -181.785 1.07452 
10 2.37 0.855566 0.753241 0.608409 0.896543 -180.883 1.0574 
10 2.37 0.851954 0.748766 0.6037 0.967937 -180.203 1.10768 
10 2.37 0.85157 0.748 0.602626 0.963228 -180.397 1.0723 
10 2.375 0.849552 0.745475 0.59983 0.999429 -179.854 1.13285 
10 2.375 0.853024 0.749772 0.604032 0.931455 -180.243 1.07616 
10 2.375 0.849834 0.745519 0.599815 0.981095 -180.124 1.10519 
10 2.38 0.849442 0.745951 0.601151 1.02516 -179.943 1.11829 
10 2.38 0.847614 0.742174 0.595472 0.99681 -179.463 1.12151 
10 2.38 0.85008 0.744856 0.598203 0.933603 -179.737 1.1228 
10 2.385 0.844846 0.737996 0.589676 1.016 -178.872 1.13171 
10 2.385 0.847748 0.742467 0.596007 0.997496 -179.587 1.11052 
10 2.385 0.843904 0.736433 0.587958 1.01714 -178.674 1.16512 
10 2.39 0.844822 0.738726 0.590883 1.04609 -178.925 1.12502 
10 2.39 0.842674 0.734327 0.584387 1.01369 -178.38 1.13452 
10 2.39 0.839802 0.730847 0.581586 1.0703 -178.208 1.13221 
10 2.395 0.837198 0.727359 0.57732 1.10472 -177.756 1.18052 
10 2.395 0.838356 0.72909 0.579238 1.09599 -177.916 1.15462 
10 2.395 0.83774 0.727618 0.576197 1.07765 -177.643 1.12638 
10 2.4 0.837932 0.728004 0.577218 1.0781 -177.386 1.17329 
10 2.4 0.840586 0.731224 0.580619 1.02662 -177.999 1.12806 
10 2.4 0.83417 0.723447 0.572248 1.15029 -177.132 1.1742 
10 2.405 0.835642 0.72483 0.573424 1.10321 -177.099 1.16442 
10 2.405 0.833598 0.72237 0.571201 1.14279 -177.081 1.18397 
10 2.405 0.835116 0.72387 0.57195 1.09985 -177.348 1.1282 
10 2.41 0.831392 0.719007 0.566183 1.15328 -176.484 1.15888 
10 2.41 0.831 0.718219 0.564788 1.14762 -176.284 1.15866 
10 2.41 0.83111 0.718532 0.56558 1.15305 -176.387 1.16608 
10 2.415 0.824196 0.708213 0.552397 1.19727 -175.286 1.1749 
10 2.415 0.829742 0.71606 0.56188 1.14235 -175.923 1.18204 
10 2.415 0.82621 0.710566 0.555026 1.15707 -175.356 1.17575 
10 2.42 0.824694 0.709652 0.555472 1.22033 -175.361 1.20215 
10 2.42 0.819178 0.701398 0.544862 1.25395 -174.363 1.21314 
10 2.42 0.823486 0.707233 0.551354 1.20264 -174.899 1.1903 
10 2.425 0.820278 0.703318 0.546769 1.25615 -174.51 1.20112 
10 2.425 0.819812 0.703112 0.548141 1.2792 -174.349 1.27134 
10 2.425 0.817072 0.699796 0.544232 1.32738 -174.181 1.23286 
10 2.43 0.81518 0.696044 0.538243 1.29736 -173.538 1.23299 
10 2.43 0.8157 0.696947 0.539747 1.29962 -173.739 1.19987 
10 2.43 0.820736 0.702986 0.546167 1.20898 -174.202 1.24019 
10 2.435 0.813506 0.693472 0.534882 1.30104 -173.149 1.22686 
10 2.435 0.8137 0.69458 0.537125 1.33357 -173.359 1.23785 
10 2.435 0.81361 0.693097 0.534476 1.27866 -173.166 1.23017 
10 2.44 0.805672 0.683891 0.525065 1.42557 -172.385 1.26535 
10 2.44 0.810308 0.689655 0.531099 1.35474 -172.926 1.23795 
10 2.44 0.812882 0.692506 0.533892 1.30036 -172.995 1.22845 
10 2.445 0.811112 0.689472 0.52976 1.29118 -172.595 1.2501 
10 2.445 0.80491 0.682089 0.522572 1.39912 -171.747 1.29806 
10 2.445 0.809044 0.686933 0.527128 1.32436 -172.445 1.22923 
10 2.45 0.799004 0.673188 0.511529 1.41961 -170.908 1.27741 
10 2.45 0.80485 0.680939 0.519439 1.35328 -171.707 1.21764 
10 2.45 0.80403 0.680727 0.520656 1.39847 -171.743 1.27215 
10 2.455 0.797828 0.673459 0.51317 1.50426 -170.711 1.3048 
10 2.455 0.798496 0.672352 0.509389 1.41573 -170.456 1.24475 
10 2.455 0.796736 0.670898 0.509364 1.47085 -170.412 1.32513 
10 2.46 0.796084 0.667982 0.503953 1.39157 -169.925 1.25193 
10 2.46 0.79241 0.664113 0.500236 1.4715 -169.662 1.26421 
10 2.46 0.798176 0.672377 0.51015 1.43463 -170.529 1.26302 
10 2.465 0.792576 0.66438 0.501219 1.46871 -169.662 1.27831 
10 2.465 0.784788 0.655711 0.492533 1.61537 -168.615 1.34373 
10 2.465 0.789368 0.660884 0.497835 1.53275 -169.414 1.30971 
10 2.47 0.787396 0.65837 0.494726 1.55377 -168.922 1.30041 
10 2.47 0.787738 0.657587 0.492917 1.50025 -168.986 1.28956 
10 2.47 0.78879 0.660643 0.49751 1.55683 -168.879 1.34246 
10 2.475 0.78078 0.649376 0.484436 1.60643 -167.771 1.32584 
10 2.475 0.781142 0.648569 0.48205 1.55094 -167.508 1.28569 
10 2.475 0.786082 0.655482 0.490202 1.51744 -168.524 1.27468 
10 2.48 0.780556 0.648522 0.48257 1.58286 -167.464 1.32113 
10 2.48 0.78128 0.648874 0.483242 1.55142 -167.702 1.32646 
10 2.48 0.780406 0.647962 0.481761 1.5697 -167.669 1.2988 
10 2.485 0.774184 0.64026 0.473548 1.64582 -166.456 1.34009 
10 2.485 0.774598 0.640538 0.473235 1.63122 -166.404 1.3287 
10 2.485 0.774 0.640211 0.473568 1.65532 -166.765 1.30514 
10 2.49 0.768626 0.633807 0.46755 1.72777 -165.742 1.3727 
10 2.49 0.772578 0.637342 0.469214 1.62509 -166.257 1.27132 
10 2.49 0.775142 0.640187 0.472007 1.58001 -166.446 1.30998 
10 2.495 0.773216 0.638217 0.47027 1.6174 -165.95 1.3424 
10 2.495 0.770414 0.633673 0.465251 1.60862 -165.462 1.35043 
10 2.495 0.7686 0.633569 0.466942 1.71636 -165.749 1.37031 
10 2.5 0.76253 0.625504 0.457984 1.76208 -164.777 1.36636 
10 2.5 0.76476 0.627344 0.458796 1.69946 -164.996 1.34749 
10 2.5 0.762634 0.62456 0.455441 1.71798 -164.763 1.31969 
10 2.505 0.752532 0.613564 0.445992 1.8866 -163.442 1.38115 
10 2.505 0.7526 0.611613 0.442298 1.80465 -163.085 1.38793 
10 2.505 0.76074 0.622442 0.453768 1.74516 -164.378 1.34478 
10 2.51 0.754568 0.615245 0.446291 1.82757 -163.392 1.35613 
10 2.51 0.753644 0.612386 0.441993 1.76918 -162.983 1.3603 
10 2.51 0.753374 0.613136 0.444453 1.81529 -163.43 1.37048 
10 2.515 0.75249 0.61103 0.440613 1.78085 -162.887 1.3427 
10 2.515 0.752486 0.611852 0.442487 1.81378 -163.158 1.36297 
10 2.515 0.74843 0.606676 0.436463 1.85005 -162.447 1.37632 
10 2.52 0.743292 0.599098 0.428062 1.84979 -161.689 1.37843 
10 2.52 0.749828 0.60806 0.437995 1.81817 -162.541 1.38422 
10 2.52 0.745866 0.602717 0.432435 1.84132 -162.133 1.35949 
10 2.525 0.742996 0.599115 0.42888 1.86425 -161.56 1.3935 
10 2.525 0.743076 0.598754 0.427476 1.84524 -161.442 1.36614 
10 2.525 0.741518 0.596858 0.425625 1.86175 -161.223 1.39328 
10 2.53 0.734822 0.588279 0.41645 1.90969 -159.959 1.39764 
10 2.53 0.7337 0.587424 0.416326 1.94106 -159.951 1.4217 
10 2.53 0.736678 0.590685 0.419257 1.89685 -160.424 1.40075 
10 2.535 0.737092 0.590437 0.417478 1.85928 -160.187 1.35437 
10 2.535 0.735296 0.590007 0.419068 1.94662 -160.37 1.38577 
10 2.535 0.729302 0.582443 0.410665 1.99452 -159.378 1.41147 
10 2.54 0.728772 0.581695 0.410389 1.99158 -159.224 1.4123 
10 2.54 0.725664 0.576845 0.405101 1.97862 -158.709 1.43281 
10 2.54 0.725218 0.576742 0.405151 2.00004 -158.574 1.4302 
10 2.545 0.72443 0.573412 0.398398 1.91014 -158.213 1.34012 
10 2.545 0.725534 0.57725 0.404904 1.99806 -159.056 1.36845 
10 2.545 0.725206 0.575885 0.403228 1.96311 -158.69 1.36959 
10 2.55 0.723424 0.573164 0.399282 1.95378 -158.205 1.36801 
10 2.55 0.717126 0.566427 0.39411 2.04537 -157.486 1.40603 
10 2.55 0.714416 0.562675 0.389993 2.05039 -156.858 1.44107 
10 2.555 0.715374 0.565673 0.394087 2.11011 -157.464 1.41576 
10 2.555 0.712776 0.560849 0.388306 2.0665 -156.915 1.40637 
10 2.555 0.713766 0.561229 0.38804 2.02612 -156.817 1.40195 
10 2.56 0.711222 0.558939 0.385813 2.07431 -156.612 1.39749 
10 2.56 0.710018 0.557972 0.385601 2.10336 -156.519 1.40713 
10 2.56 0.708224 0.556408 0.384847 2.14168 -156.358 1.43382 
10 2.565 0.70535 0.552249 0.379528 2.13375 -155.787 1.37837 
10 2.565 0.70679 0.553576 0.380737 2.10618 -156.026 1.3935 
10 2.565 0.704478 0.550493 0.377636 2.11322 -155.298 1.4328 
10 2.57 0.698068 0.543538 0.37149 2.18828 -154.732 1.41765 
10 2.57 0.70149 0.546186 0.372356 2.10498 -154.877 1.40539 
10 2.57 0.698008 0.542752 0.370677 2.16098 -154.884 1.41766 
10 2.575 0.697918 0.54144 0.367535 2.11071 -154.253 1.42296 
10 2.575 0.689886 0.534915 0.364042 2.29017 -153.758 1.4623 
10 2.575 0.691624 0.534622 0.361975 2.18556 -153.99 1.40891 
10 2.58 0.69517 0.538821 0.364973 2.15348 -154.091 1.3849 
10 2.58 0.68531 0.528069 0.355999 2.26431 -152.736 1.47748 
10 2.58 0.695238 0.539064 0.365555 2.15922 -154.232 1.38142 
10 2.585 0.685258 0.52643 0.352534 2.19929 -152.373 1.43763 
10 2.585 0.689622 0.531074 0.356895 2.14684 -153.109 1.39668 
10 2.585 0.684502 0.52548 0.351853 2.20259 -152.63 1.387 
10 2.59 0.684154 0.525871 0.353187 2.23182 -152.601 1.40364 
10 2.59 0.685326 0.526683 0.352794 2.2012 -152.47 1.39889 
10 2.59 0.682128 0.524019 0.352431 2.26721 -152.258 1.45878 
10 2.595 0.674018 0.513389 0.340697 2.27703 -151.024 1.43453 
10 2.595 0.681454 0.521955 0.347974 2.21872 -151.995 1.37463 
10 2.595 0.675164 0.514715 0.341724 2.26852 -150.886 1.45494 
10 2.6 0.676016 0.515601 0.342254 2.25398 -150.868 1.45494 
10 2.6 0.675248 0.51428 0.34015 2.2431 -151.161 1.38176 
10 2.6 0.680108 0.520457 0.346999 2.22731 -151.74 1.41158 
10 2.605 0.66425 0.502802 0.331208 2.36369 -149.551 1.41785 
10 2.605 0.673256 0.512066 0.338127 2.25692 -150.671 1.38908 
10 2.605 0.664608 0.500614 0.326638 2.26144 -149.116 1.41589 
10 2.61 0.667006 0.50512 0.332483 2.30738 -149.814 1.42974 
10 2.61 0.660706 0.496855 0.323776 2.31119 -148.886 1.42659 
10 2.61 0.667252 0.504134 0.330569 2.25703 -149.46 1.42958 
10 2.615 0.665302 0.502589 0.329856 2.29301 -149.62 1.41349 
10 2.615 0.6602 0.495004 0.320553 2.26156 -148.627 1.37949 
10 2.615 0.657216 0.491743 0.3173 2.2872 -148.132 1.36782 
10 2.62 0.655916 0.491569 0.319253 2.34134 -148.173 1.43139 
10 2.62 0.658198 0.49307 0.319332 2.28418 -148.282 1.39067 
10 2.62 0.64829 0.482305 0.310125 2.36739 -147.353 1.41092 
10 2.625 0.657026 0.492325 0.319589 2.31016 -148.3 1.40145 
10 2.625 0.646802 0.480795 0.309136 2.37877 -147.034 1.43654 
10 2.625 0.649156 0.483135 0.310999 2.35167 -147.153 1.43478 
10 2.63 0.641726 0.474 0.301533 2.36454 -146.032 1.38865 
10 2.63 0.646858 0.480469 0.308349 2.35909 -146.814 1.39425 
10 2.63 0.648318 0.483133 0.311862 2.38848 -146.708 1.45142 
10 2.635 0.641276 0.474212 0.301784 2.39002 -145.875 1.40586 
10 2.635 0.640848 0.473282 0.30151 2.37556 -145.716 1.40703 
10 2.635 0.641482 0.472989 0.29946 2.33357 -145.759 1.35235 
10 2.64 0.629596 0.460194 0.289178 2.41676 -144.57 1.37762 
10 2.64 0.642958 0.476064 0.303494 2.37382 -146.131 1.38 
10 2.64 0.634284 0.466265 0.294883 2.4223 -145.062 1.37922 
10 2.645 0.633972 0.465667 0.294342 2.41008 -145.009 1.36502 
10 2.645 0.638254 0.470249 0.298364 2.37733 -145.507 1.369 
10 2.645 0.626714 0.457902 0.28731 2.46244 -144.09 1.40901 
10 2.65 0.616478 0.446734 0.277693 2.51657 -142.544 1.40625 
10 2.65 0.620674 0.450676 0.280993 2.46941 -143.078 1.38153 
10 2.65 0.633274 0.463645 0.291612 2.3626 -144.566 1.38245 
10 2.655 0.615742 0.444423 0.274408 2.45895 -142.263 1.36718 
10 2.655 0.623726 0.453758 0.283441 2.43782 -143.396 1.39117 
10 2.655 0.63204 0.46206 0.289469 2.35727 -144.572 1.34681 
10 2.66 0.619098 0.447605 0.276635 2.41814 -142.841 1.34039 
10 2.66 0.610558 0.439562 0.271565 2.51056 -142.063 1.38603 
10 2.66 0.61798 0.447123 0.277242 2.45201 -142.883 1.35393 
10 2.665 0.60741 0.434193 0.264135 2.44824 -141.04 1.34872 
10 2.665 0.618462 0.447763 0.277019 2.44908 -142.712 1.35686 
10 2.665 0.617742 0.446948 0.277266 2.45189 -142.53 1.39901 
10 2.67 0.604452 0.43059 0.261256 2.443 -140.165 1.36712 
10 2.67 0.60853 0.436114 0.267117 2.46463 -141.345 1.35641 
10 2.67 0.60607 0.434583 0.266883 2.51919 -141.128 1.40074 
10 2.675 0.601602 0.428887 0.26126 2.50324 -140.481 1.37815 
10 2.675 0.605626 0.43138 0.26187 2.41485 -140.975 1.34192 
10 2.675 0.606736 0.431443 0.259881 2.36691 -140.52 1.30413 
10 2.68 0.602688 0.42914 0.260055 2.45922 -140.227 1.33702 
10 2.68 0.595704 0.421244 0.25318 2.47689 -139.445 1.35077 
10 2.68 0.59457 0.420497 0.253939 2.49937 -139.354 1.38476 
10 2.685 0.594766 0.419536 0.251234 2.45025 -139.023 1.35973 
10 2.685 0.58871 0.41437 0.24815 2.52477 -138.631 1.33429 
10 2.685 0.596958 0.422744 0.255065 2.47244 -139.518 1.35361 
10 2.69 0.587522 0.412758 0.246668 2.51212 -138.596 1.34857 
10 2.69 0.590892 0.415425 0.247518 2.46361 -138.601 1.30397 
10 2.69 0.586578 0.410839 0.243159 2.48199 -138.389 1.27293 
10 2.695 0.585658 0.410482 0.243968 2.50416 -138.761 1.25329 
10 2.695 0.58336 0.40763 0.24115 2.49799 -137.439 1.32455 
10 2.695 0.586662 0.410277 0.243023 2.45286 -137.931 1.33354 
10 2.7 0.579964 0.404122 0.238294 2.50978 -137.076 1.30725 
10 2.7 0.573588 0.396861 0.231813 2.51326 -136.552 1.30445 
10 2.7 0.576012 0.401213 0.23725 2.57124 -136.846 1.33538 
10 2.705 0.575192 0.39746 0.231449 2.46265 -136.312 1.29706 
10 2.705 0.573806 0.39747 0.232104 2.52189 -136.24 1.30437 
10 2.705 0.5711 0.394768 0.230985 2.5365 -136.302 1.33022 
10 2.71 0.571954 0.395134 0.230496 2.50931 -136.092 1.29614 
10 2.71 0.568426 0.390132 0.225811 2.47321 -135.303 1.30661 
10 2.71 0.56858 0.391678 0.227955 2.5238 -135.594 1.30419 
10 2.715 0.57056 0.393502 0.22916 2.50324 -135.811 1.29224 
10 2.715 0.56234 0.384138 0.221373 2.50136 -134.708 1.301 
10 2.715 0.566398 0.388242 0.223951 2.48382 -135.069 1.2825 
10 2.72 0.562928 0.38435 0.220592 2.48022 -134.676 1.27282 
10 2.72 0.558086 0.380483 0.218292 2.5376 -134.226 1.29647 
10 2.72 0.560082 0.381059 0.217528 2.47672 -134.431 1.24703 
10 2.725 0.561884 0.382296 0.218213 2.44337 -134.542 1.26353 
10 2.725 0.559142 0.380022 0.217154 2.47276 -134.134 1.26303 
10 2.725 0.557346 0.378101 0.215322 2.47583 -133.938 1.25097 
10 2.73 0.553102 0.373152 0.210462 2.46265 -133.38 1.23847 
10 2.73 0.553026 0.373851 0.212061 2.49131 -133.371 1.25961 
10 2.73 0.551204 0.370546 0.207592 2.44395 -132.89 1.24489 
10 2.735 0.542274 0.362529 0.20216 2.50341 -131.806 1.24053 
10 2.735 0.552978 0.373056 0.210904 2.45966 -133.309 1.26458 
10 2.735 0.545152 0.366919 0.207193 2.54949 -132.43 1.26324 
10 2.74 0.538292 0.357139 0.197533 2.45914 -130.867 1.24928 
10 2.74 0.542764 0.362912 0.202924 2.49341 -132.163 1.24391 
10 2.74 0.539384 0.359512 0.200525 2.50281 -131.312 1.25534 
10 2.745 0.534748 0.35416 0.194829 2.48467 -131.042 1.18836 
10 2.745 0.534236 0.353818 0.194858 2.49217 -130.601 1.22629 
10 2.745 0.538666 0.358202 0.199262 2.47871 -131.626 1.23159 
10 2.75 0.53715 0.356528 0.196758 2.47266 -131.056 1.20501 
10 2.75 0.53731 0.356611 0.196947 2.46941 -130.847 1.21188 
10 2.75 0.53517 0.355655 0.197579 2.5181 -130.663 1.25747 
10 2.755 0.52789 0.34541 0.187025 2.42258 -129.824 1.1899 
10 2.755 0.534212 0.35315 0.194644 2.4598 -130.292 1.23475 
10 2.755 0.529214 0.34761 0.189791 2.45163 -129.838 1.21737 
10 2.76 0.52584 0.344393 0.186906 2.45961 -129.33 1.19781 
10 2.76 0.52158 0.340054 0.183325 2.46405 -129.075 1.17288 
10 2.76 0.527096 0.346629 0.189852 2.49272 -129.756 1.22101 
10 2.765 0.52417 0.341891 0.184491 2.4281 -128.841 1.19402 
10 2.765 0.519942 0.338037 0.182155 2.44835 -128.482 1.20082 
10 2.765 0.520382 0.338081 0.181618 2.4334 -128.374 1.17938 
10 2.77 0.520914 0.338094 0.181696 2.40946 -128.613 1.17125 
10 2.77 0.512356 0.330155 0.176144 2.44209 -127.623 1.18646 
10 2.77 0.517812 0.336086 0.180222 2.4533 -128.522 1.16874 
10 2.775 0.516046 0.334112 0.178734 2.44353 -127.964 1.17117 
10 2.775 0.508028 0.326025 0.172681 2.44801 -126.946 1.17997 
10 2.775 0.510502 0.328489 0.173994 2.446 -127.31 1.15662 
10 2.78 0.50899 0.32731 0.174075 2.45463 -127.267 1.17248 
10 2.78 0.505486 0.32359 0.170362 2.4487 -126.714 1.14274 
10 2.78 0.508752 0.326646 0.173132 2.43948 -127.005 1.19203 
10 2.785 0.500656 0.317531 0.165274 2.40124 -125.808 1.14644 
10 2.785 0.500854 0.317203 0.16462 2.38235 -125.801 1.12781 
10 2.785 0.49797 0.314917 0.163455 2.4037 -125.361 1.13561 
10 2.79 0.499852 0.316027 0.163788 2.37188 -125.485 1.13055 
10 2.79 0.504856 0.323004 0.17 2.44173 -126.49 1.15743 
10 2.79 0.501154 0.317857 0.165031 2.39072 -125.547 1.14044 
10 2.795 0.490388 0.308219 0.159097 2.42357 -124.963 1.1129 
10 2.795 0.498864 0.316481 0.164593 2.41915 -125.746 1.11756 
10 2.795 0.500292 0.31691 0.164556 2.38348 -125.596 1.115 
10 2.8 0.491138 0.308621 0.158339 2.40731 -124.568 1.10894 
10 2.8 0.494842 0.312257 0.16181 2.40672 -125.113 1.12498 
10 2.8 0.487794 0.304482 0.155246 2.3764 -124.213 1.10862 
10 2.805 0.485972 0.302136 0.153265 2.35178 -123.765 1.10332 
10 2.805 0.489574 0.306737 0.157446 2.39053 -124.145 1.13015 
10 2.805 0.487536 0.304574 0.15572 2.3844 -123.814 1.12746 
10 2.81 0.486974 0.304051 0.154576 2.38105 -123.964 1.08837 
10 2.81 0.484338 0.301558 0.152795 2.38346 -123.242 1.08605 
10 2.81 0.486128 0.302864 0.153824 2.36808 -123.677 1.09514 
10 2.815 0.483644 0.300301 0.152479 2.35841 -123.296 1.09565 
10 2.815 0.482122 0.299945 0.152096 2.39798 -123.29 1.09663 
10 2.815 0.478118 0.295491 0.149177 2.37636 -122.731 1.09675 
10 2.82 0.480494 0.296032 0.148298 2.31055 -122.809 1.06645 
10 2.82 0.47539 0.292553 0.146664 2.36019 -122.484 1.09034 
10 2.82 0.478512 0.29421 0.147192 2.31335 -122.806 1.05551 
10 2.825 0.474836 0.290642 0.14403 2.30701 -121.927 1.07497 
10 2.825 0.474434 0.290275 0.144127 2.30753 -122.053 1.06163 
10 2.825 0.466824 0.283079 0.138575 2.30634 -121.374 1.03873 
10 2.83 0.467444 0.284178 0.139603 2.32062 -121.248 1.03684 
10 2.83 0.47044 0.286527 0.141999 2.30435 -121.73 1.06624 
10 2.83 0.470334 0.287458 0.142363 2.34078 -121.579 1.0623 
10 2.835 0.468234 0.283897 0.138808 2.28057 -121.192 1.02655 
10 2.835 0.46985 0.285423 0.139531 2.28093 -121.218 1.03808 
10 2.835 0.467892 0.284827 0.139938 2.32466 -121.022 1.05586 
10 2.84 0.463 0.280199 0.137204 2.31797 -120.494 1.05266 
10 2.84 0.461588 0.277696 0.134907 2.27578 -120.232 1.03458 
10 2.84 0.462692 0.279293 0.136747 2.29611 -120.238 1.05641 
10 2.845 0.460122 0.275983 0.133192 2.25909 -120.157 1.00688 
10 2.845 0.461438 0.27899 0.136833 2.32213 -120.542 1.0458 
10 2.845 0.456594 0.271909 0.129822 2.22957 -119.454 1.00186 
10 2.85 0.46138 0.277563 0.134275 2.26986 -120.201 1.01436 
10 2.85 0.455278 0.271598 0.129659 2.25685 -119.13 1.01757 
10 2.85 0.454928 0.270497 0.128862 2.2294 -119.195 0.997331 
10 2.855 0.450566 0.267362 0.127715 2.25402 -118.53 1.02473 
10 2.855 0.451436 0.267559 0.127176 2.23344 -118.733 1.00055 
10 2.855 0.453574 0.268939 0.127307 2.21399 -119.16 0.979587 
10 2.86 0.45 0.265884 0.125813 2.21624 -118.495 1.01585 
10 2.86 0.450386 0.26628 0.126029 2.21791 -118.547 1.00004 
10 2.86 0.448852 0.266211 0.127024 2.26374 -118.689 1.01271 
10 2.865 0.445046 0.261769 0.122945 2.22349 -117.81 0.985735 
10 2.865 0.437444 0.255063 0.118726 2.2236 -117.01 0.974024 
10 2.865 0.448682 0.265164 0.125449 2.22857 -118.522 0.987325 
10 2.87 0.443362 0.259245 0.120829 2.1838 -117.013 0.97857 
10 2.87 0.439604 0.257155 0.120463 2.2266 -117.144 0.971117 
10 2.87 0.444868 0.260911 0.122269 2.19525 -117.622 0.97814 
10 2.875 0.43763 0.254391 0.117904 2.1868 -116.737 0.973851 
10 2.875 0.440302 0.256668 0.11896 2.18441 -116.763 0.962808 
10 2.875 0.437046 0.253979 0.117776 2.19025 -116.873 0.967159 
10 2.88 0.432458 0.249079 0.113779 2.15481 -116.254 0.939736 
10 2.88 0.433524 0.250552 0.115041 2.17392 -116.314 0.956626 
10 2.88 0.436592 0.254048 0.118013 2.20264 -116.855 0.967534 
10 2.885 0.43203 0.249344 0.114442 2.17311 -116.121 0.959173 
10 2.885 0.434988 0.251578 0.115741 2.16164 -116.388 0.946384 
10 2.885 0.431868 0.2488 0.113976 2.1591 -115.952 0.955191 
10 2.89 0.428836 0.246646 0.112775 2.17112 -115.76 0.941602 
10 2.89 0.433516 0.250631 0.115233 2.16938 -116.094 0.947058 
10 2.89 0.428702 0.245555 0.111685 2.13736 -115.251 0.95083 
10 2.895 0.424608 0.241028 0.10709 2.09798 -114.897 0.898124 
10 2.895 0.427714 0.244369 0.110292 2.12194 -115.165 0.921838 
10 2.895 0.42617 0.243827 0.110485 2.14873 -115.254 0.933195 
10 2.9 0.42266 0.239352 0.106606 2.09348 -114.401 0.911604 
10 2.9 0.41679 0.235096 0.104683 2.11661 -114.071 0.918743 
10 2.9 0.42434 0.241072 0.108476 2.10372 -114.741 0.928232 
10 2.905 0.414448 0.231754 0.101713 2.06494 -113.487 0.905443 
10 2.905 0.42215 0.239292 0.107378 2.10263 -114.332 0.921949 
10 2.905 0.420262 0.237714 0.10608 2.10307 -113.955 0.911105 
10 2.91 0.420672 0.237382 0.104741 2.07618 -114.091 0.894073 
10 2.91 0.41802 0.235222 0.104143 2.0784 -113.696 0.904892 
10 2.91 0.419394 0.236374 0.10493 2.07845 -113.946 0.915031 
10 2.915 0.411414 0.230306 0.10104 2.09416 -113.099 0.881206 
10 2.915 0.414304 0.231912 0.101976 2.06738 -113.288 0.889184 
10 2.915 0.418434 0.235606 0.104157 2.07612 -113.85 0.885463 
10 2.92 0.407458 0.224872 0.0966372 2.01542 -112.59 0.86192 
10 2.92 0.40961 0.227483 0.098941 2.0446 -112.502 0.857389 
10 2.92 0.409358 0.227068 0.0985693 2.03748 -112.532 0.88466 
10 2.925 0.405512 0.223718 0.0960536 2.0266 -112.326 0.864549 
10 2.925 0.406178 0.224612 0.0973976 2.03867 -112.049 0.882828 
10 2.925 0.408004 0.225552 0.0971929 2.02001 -112.534 0.861291 
10 2.93 0.40708 0.224346 0.0963304 2.0011 -112.092 0.858387 
10 2.93 0.40871 0.224912 0.096259 1.97503 -112.001 0.842481 
10 2.93 0.40199 0.221008 0.0950501 2.02771 -112.002 0.861382 
10 2.935 0.398912 0.21714 0.0913531 1.97646 -110.979 0.830327 
10 2.935 0.404696 0.222739 0.0955912 2.00887 -111.942 0.859339 
10 2.935 0.401912 0.219982 0.0934362 1.99143 -111.873 0.829512 
10 2.94 0.397922 0.216387 0.0910984 1.97433 -110.87 0.843842 
10 2.94 0.398006 0.216072 0.0906246 1.96133 -110.733 0.828304 
10 2.94 0.4028 0.220805 0.0940133 1.99175 -111.389 0.850902 
10 2.945 0.393454 0.212924 0.0894699 1.97344 -110.498 0.831897 
10 2.945 0.39385 0.212672 0.0890128 1.95432 -110.54 0.827588 
10 2.945 0.399498 0.216976 0.0908232 1.9483 -110.734 0.831763 
10 2.95 0.393332 0.212017 0.0884623 1.9426 -110.241 0.838213 
10 2.95 0.395028 0.212827 0.0888005 1.92476 -110.18 0.852003 
10 2.95 0.391142 0.210445 0.0878049 1.94755 -109.826 0.843197 
10 2.955 0.391984 0.210195 0.0866875 1.91349 -110.146 0.799126 
10 2.955 0.390836 0.209772 0.0867142 1.92957 -109.709 0.824715 
10 2.955 0.394728 0.212746 0.0882028 1.92675 -110.381 0.805266 
10 2.96 0.387338 0.206506 0.084857 1.90796 -109.259 0.809133 
10 2.96 0.392382 0.21017 0.0865628 1.89885 -109.691 0.820366 
10 2.96 0.388114 0.207932 0.0860382 1.9358 -109.719 0.811089 
10 2.965 0.38497 0.203946 0.0824917 1.88007 -109.108 0.785734 
10 2.965 0.387394 0.206463 0.0844967 1.90182 -108.948 0.818435 
10 2.965 0.387808 0.206462 0.0845562 1.89095 -109.035 0.816523 
10 2.97 0.386268 0.204991 0.0832973 1.87839 -108.957 0.795329 
10 2.97 0.384142 0.203461 0.0830493 1.88201 -108.807 0.786996 
10 2.97 0.385654 0.20538 0.0841811 1.90744 -109.01 0.805287 
10 2.975 0.375632 0.197353 0.0791979 1.89087 -107.642 0.79497 
10 2.975 0.377918 0.198205 0.07941 1.8616 -107.666 0.798634 
10 2.975 0.377956 0.197363 0.0783645 1.83234 -107.68 0.774885 
10 2.98 0.381466 0.201293 0.0814504 1.87171 -107.949 0.787588 
10 2.98 0.379644 0.199636 0.079979 1.86262 -107.806 0.78724 
10 2.98 0.376702 0.196701 0.0785878 1.83882 -107.698 0.777894 
10 2.985 0.378508 0.198983 0.0804517 1.8665 -108.116 0.792397 
10 2.985 0.374168 0.19464 0.0768524 1.83042 -107.226 0.752655 
10 2.985 0.377 0.195754 0.0771296 1.79649 -107.483 0.771042 
10 2.99 0.375312 0.195069 0.0771996 1.81304 -107.323 0.764655 
10 2.99 0.37629 0.195591 0.0770894 1.8059 -107.551 0.755922 
10 2.99 0.373868 0.193282 0.0754457 1.78947 -107.018 0.763797 
10 2.995 0.376664 0.196375 0.077248 1.81967 -107.371 0.751551 
10 2.995 0.370334 0.190714 0.0742075 1.78854 -106.642 0.746524 
10 2.995 0.36753 0.187929 0.0720997 1.76464 -106.577 0.736768 
10 3 0.369388 0.190621 0.0749379 1.80577 -106.325 0.765262 
10 3 0.368356 0.188592 0.07224 1.76352 -106.161 0.737458 
10 3 0.368586 0.189366 0.0738493 1.78369 -106.075 0.761724 
10 3.005 0.362798 0.183726 0.0697946 1.7339 -105.468 0.735677 
10 3.005 0.363384 0.184262 0.0699662 1.73757 -105.987 0.735083 
10 3.005 0.36264 0.183854 0.0701858 1.74196 -105.643 0.736481 
10 3.01 0.362496 0.183919 0.0698863 1.74471 -105.557 0.733233 
10 3.01 0.364396 0.185995 0.0714458 1.76779 -105.749 0.730274 
10 3.01 0.36153 0.183145 0.0695908 1.74221 -105.42 0.732893 
10 3.015 0.355866 0.179601 0.0689435 1.75658 -104.625 0.748991 
10 3.015 0.361678 0.182961 0.0693903 1.7297 -104.9 0.726211 
10 3.015 0.361306 0.183364 0.0702458 1.75197 -105.33 0.730498 
10 3.02 0.357112 0.179371 0.0674505 1.71661 -105.085 0.707435 
10 3.02 0.361194 0.183081 0.0695368 1.74239 -104.826 0.730815 
10 3.02 0.356446 0.178862 0.0675747 1.7155 -104.608 0.735203 
10 3.025 0.359358 0.180254 0.0673772 1.68979 -104.491 0.711577 
10 3.025 0.358266 0.180516 0.0683039 1.72435 -104.691 0.732638 
10 3.025 0.357998 0.179624 0.0670333 1.70119 -104.301 0.715565 
10 3.03 0.35505 0.178099 0.0670889 1.71744 -104.236 0.721033 
10 3.03 0.355052 0.17791 0.0664645 1.71115 -104.098 0.717568 
10 3.03 0.356524 0.179194 0.0675072 1.71897 -104.553 0.721767 
10 3.035 0.351436 0.174076 0.0641545 1.66618 -103.635 0.694962 
10 3.035 0.352112 0.174923 0.0649427 1.67842 -103.628 0.713807 
10 3.035 0.353248 0.17603 0.065806 1.6885 -103.949 0.713204 
10 3.04 0.349424 0.172522 0.0634127 1.65872 -103.376 0.694888 
10 3.04 0.351418 0.174477 0.0646376 1.67705 -103.174 0.704414 
10 3.04 0.352618 0.174247 0.0639589 1.6417 -103.664 0.696536 
10 3.045 0.343162 0.167557 0.0603998 1.63537 -102.642 0.6805 
10 3.045 0.347026 0.170175 0.0617444 1.63375 -102.492 0.697625 
10 3.045 0.345866 0.170538 0.0629317 1.67208 -103.14 0.694611 
10 3.05 0.347492 0.170636 0.0622399 1.63557 -102.915 0.685828 
10 3.05 0.343654 0.168388 0.0610701 1.64886 -102.102 0.684204 
10 3.05 0.346144 0.169924 0.0618088 1.64289 -102.597 0.68511 
10 3.055 0.343586 0.167307 0.0598996 1.6123 -102.36 0.664487 
10 3.055 0.344656 0.168941 0.0616359 1.64168 -102.515 0.690472 
10 3.055 0.343158 0.167384 0.0601643 1.62445 -102.63 0.679122 
10 3.06 0.341818 0.165539 0.0590784 1.59147 -101.857 0.678912 
10 3.06 0.33924 0.164826 0.0593134 1.62556 -102.142 0.677001 
10 3.06 0.339006 0.163385 0.0579002 1.58364 -101.796 0.65709 
10 3.065 0.340818 0.163981 0.0578431 1.56032 -101.472 0.660756 
10 3.065 0.33894 0.164076 0.0583425 1.60508 -101.709 0.671009 
10 3.065 0.337424 0.162437 0.0573555 1.58506 -101.644 0.663243 
10 3.07 0.339754 0.163932 0.0576195 1.57977 -101.156 0.649774 
10 3.07 0.33676 0.161264 0.0566553 1.55886 -100.976 0.653658 
10 3.07 0.33821 0.162154 0.0567995 1.55595 -101.213 0.664599 
10 3.075 0.337952 0.162997 0.0581201 1.58653 -101.327 0.669473 
10 3.075 0.338582 0.162283 0.0566153 1.54943 -101.193 0.646906 
10 3.075 0.334016 0.160211 0.0568297 1.58194 -100.954 0.683933 
10 3.08 0.333052 0.158847 0.0553096 1.55597 -100.362 0.652304 
10 3.08 0.329782 0.157019 0.0549402 1.56697 -100.52 0.64515 
10 3.08 0.333586 0.159756 0.0560652 1.5739 -101.081 0.658763 
10 3.085 0.33009 0.155303 0.0528118 1.50223 -100.341 0.621008 
10 3.085 0.332422 0.158029 0.055084 1.54051 -100.695 0.638705 
10 3.085 0.328858 0.15571 0.0534608 1.54174 -100.221 0.63261 
10 3.09 0.328016 0.154058 0.0522383 1.50366 -99.9052 0.627729 
10 3.09 0.330172 0.15611 0.0534472 1.52415 -100.239 0.638534 
10 3.09 0.32824 0.15507 0.0535994 1.53166 -100.188 0.626142 
10 3.095 0.32843 0.154629 0.0526702 1.5109 -99.4357 0.623516 
10 3.095 0.328494 0.153708 0.0515546 1.47981 -99.6783 0.618592 
10 3.095 0.331334 0.155089 0.0520065 1.46387 -99.6155 0.626439 
10 3.1 0.332256 0.157201 0.0537682 1.50989 -99.773 0.634037 
10 3.1 0.32806 0.153804 0.0518297 1.48971 -99.3533 0.630621 
10 3.1 0.322994 0.15087 0.0513544 1.50144 -99.3246 0.630551 
10 3.105 0.324182 0.151781 0.051391 1.50359 -99.4058 0.618382 
10 3.105 0.324524 0.151623 0.0515752 1.49137 -99.2289 0.633091 
10 3.105 0.324818 0.151545 0.0512361 1.48272 -98.8533 0.621155 
10 3.11 0.32362 0.150329 0.0505041 1.4662 -99.0731 0.613743 
10 3.11 0.32579 0.151785 0.0510766 1.4677 -98.8584 0.621654 
10 3.11 0.320992 0.148474 0.0494883 1.46105 -98.1393 0.614602 
10 3.115 0.319512 0.146989 0.0484566 1.44145 -98.4685 0.614596 
10 3.115 0.320394 0.147968 0.0490048 1.45477 -98.5142 0.600194 
10 3.115 0.323164 0.150079 0.0505277 1.46529 -98.6046 0.609583 
10 3.12 0.313806 0.143584 0.047259 1.44584 -97.563 0.604893 
10 3.12 0.321914 0.149528 0.0499674 1.47114 -98.2398 0.613148 
10 3.12 0.31639 0.144716 0.0474775 1.4299 -98.3258 0.604114 
10 3.125 0.31867 0.146427 0.0478335 1.43605 -97.9978 0.593801 
10 3.125 0.313166 0.142362 0.0461427 1.41726 -97.6035 0.588324 
10 3.125 0.32017 0.146819 0.0480931 1.41792 -97.7376 0.603767 
10 3.13 0.312304 0.141822 0.0460639 1.41495 -97.3847 0.59327 
10 3.13 0.317262 0.144553 0.0466509 1.40249 -97.484 0.585853 
10 3.13 0.311804 0.140537 0.044963 1.38389 -97.0254 0.582327 
10 3.135 0.314916 0.143008 0.0463095 1.39827 -97.8377 0.584993 
10 3.135 0.31383 0.142303 0.0457804 1.39756 -97.3546 0.582638 
10 3.135 0.314178 0.141975 0.0450237 1.38013 -97.2095 0.591969 
10 3.14 0.314944 0.142427 0.0453264 1.37699 -97.2808 0.578803 
10 3.14 0.310328 0.139586 0.044383 1.37843 -96.5018 0.581041 
10 3.14 0.309806 0.138714 0.0438679 1.36097 -96.5065 0.561648 
10 3.145 0.30946 0.139065 0.0445109 1.37677 -96.6152 0.591611 
10 3.145 0.312868 0.141893 0.0459529 1.39925 -96.8581 0.593626 
10 3.145 0.307076 0.13737 0.0434839 1.36962 -96.5946 0.57735 
10 3.15 0.310764 0.139962 0.0445548 1.3774 -96.6286 0.578128 
10 3.15 0.30548 0.135843 0.04241 1.34999 -96.4651 0.558406 
10 3.15 0.31085 0.139745 0.0440606 1.36881 -96.3664 0.569192 
10 3.155 0.307126 0.138045 0.0441551 1.38568 -96.4045 0.581085 
10 3.155 0.309092 0.138024 0.0433494 1.34662 -95.8948 0.577977 
10 3.155 0.306442 0.136434 0.0429467 1.34794 -95.8051 0.584222 
10 3.16 0.30671 0.136793 0.042927 1.35195 -96.0409 0.567991 
10 3.16 0.305902 0.13556 0.042117 1.32861 -95.808 0.572165 
10 3.16 0.309074 0.138624 0.044023 1.36385 -96.3302 0.572647 
10 3.165 0.30332 0.134082 0.041496 1.3295 -95.2966 0.557943 
10 3.165 0.302312 0.134178 0.0420765 1.35182 -95.717 0.560963 
10 3.165 0.303342 0.133739 0.0414541 1.31824 -95.2364 0.566678 
10 3.17 0.304706 0.134718 0.0414922 1.3209 -95.8554 0.541707 
10 3.17 0.304444 0.134164 0.0411522 1.30843 -95.2807 0.545442 
10 3.17 0.302334 0.133085 0.0409109 1.31481 -95.1158 0.555806 
10 3.175 0.301518 0.13279 0.0410486 1.31895 -95.4454 0.5521 
10 3.175 0.302608 0.1329 0.0406397 1.30167 -94.9212 0.547557 
10 3.175 0.303422 0.134055 0.0415683 1.32254 -95.0686 0.561203 
10 3.18 0.301562 0.132088 0.040108 1.29396 -95.0622 0.551388 
10 3.18 0.299268 0.131048 0.0403834 1.3046 -94.7523 0.551597 
10 3.18 0.30033 0.130553 0.038937 1.26902 -94.8002 0.530068 
10 3.185 0.301144 0.131963 0.0400933 1.29594 -94.8879 0.540048 
10 3.185 0.29612 0.128298 0.0385567 1.27506 -94.4033 0.541639 
10 3.185 0.29728 0.128823 0.0385214 1.26993 -94.5181 0.540009 
10 3.19 0.298504 0.13025 0.039564 1.28982 -94.067 0.546355 
10 3.19 0.299318 0.130434 0.0392165 1.28034 -94.349 0.549763 
10 3.19 0.294908 0.126815 0.0376148 1.24905 -94.067 0.522442 
10 3.195 0.294814 0.126995 0.0376117 1.25444 -93.8545 0.526147 
10 3.195 0.29364 0.127138 0.0384288 1.28055 -94.0831 0.543029 
10 3.195 0.296836 0.12851 0.0383832 1.26443 -93.9244 0.523768 
10 3.2 0.29491 0.126427 0.0370312 1.23298 -93.267 0.531854 
10 3.2 0.294844 0.127362 0.038084 1.26342 -93.4943 0.545553 
10 3.2 0.289956 0.12372 0.0362968 1.23892 -93.4506 0.528665 
10 3.205 0.294106 0.125962 0.0368415 1.23133 -93.7839 0.522635 
10 3.205 0.296228 0.127534 0.0375054 1.24128 -93.5635 0.52541 
10 3.205 0.29261 0.125493 0.0367527 1.24408 -93.3701 0.522003 
10 3.21 0.28608 0.120378 0.0345795 1.20051 -92.8372 0.51083 
10 3.21 0.291832 0.124339 0.0360641 1.22034 -93.1091 0.519047 
10 3.21 0.29434 0.126616 0.0373683 1.2455 -93.2035 0.527699 
10 3.215 0.286986 0.121408 0.0350843 1.21453 -92.986 0.520783 
10 3.215 0.29289 0.125229 0.0366463 1.22689 -93.2073 0.52106 
10 3.215 0.288218 0.121664 0.0352587 1.20044 -92.703 0.513134 
10 3.22 0.289646 0.123444 0.0363727 1.22824 -92.5114 0.526371 
10 3.22 0.28742 0.122047 0.035806 1.22473 -92.5613 0.522087 
10 3.22 0.288778 0.122512 0.0354001 1.21488 -92.4376 0.51107 
10 3.225 0.290414 0.123658 0.0358429 1.21916 -92.4866 0.509141 
10 3.225 0.284552 0.119332 0.0340598 1.18953 -91.9687 0.512574 
10 3.225 0.290418 0.124034 0.0362551 1.23075 -92.6348 0.520642 
10 3.23 0.284586 0.119168 0.0337354 1.18201 -91.8216 0.497542 
10 3.23 0.283358 0.117921 0.0331103 1.16501 -91.8591 0.495129 
10 3.23 0.284652 0.119114 0.0339428 1.17917 -92.0726 0.508026 
10 3.235 0.284454 0.119828 0.0345293 1.2029 -92.064 0.502969 
10 3.235 0.284438 0.119348 0.0344366 1.18835 -91.5835 0.512019 
10 3.235 0.2827 0.117477 0.0330821 1.16099 -91.7913 0.506818 
10 3.24 0.282456 0.117863 0.0335041 1.17536 -91.491 0.511647 
10 3.24 0.284162 0.119108 0.0340583 1.18395 -91.631 0.501323 
10 3.24 0.284846 0.118099 0.0328904 1.14079 -91.7202 0.494616 
10 3.245 0.28201 0.117328 0.0329358 1.16481 -91.543 0.494409 
10 3.245 0.282826 0.117523 0.0330704 1.15661 -91.2375 0.49262 
10 3.245 0.282276 0.116892 0.0323541 1.14676 -91.5278 0.492956 
10 3.25 0.281636 0.117523 0.0333764 1.17551 -91.1898 0.497283 
10 3.25 0.28461 0.119417 0.0338063 1.18198 -91.467 0.494469 
10 3.25 0.282392 0.118163 0.0336521 1.18209 -91.4877 0.503883 
10 3.255 0.279856 0.116186 0.032448 1.16335 -90.6958 0.501546 
10 3.255 0.279616 0.11522 0.0318828 1.1378 -91.1491 0.492811 
10 3.255 0.281118 0.116613 0.0326048 1.15469 -91.1369 0.495888 
10 3.26 0.275108 0.111489 0.029874 1.0983 -90.245 0.47355 
10 3.26 0.275354 0.112353 0.0308849 1.12065 -90.5121 0.477291 
10 3.26 0.277052 0.113941 0.0317238 1.14058 -90.4678 0.492459 
10 3.265 0.279242 0.114765 0.0315243 1.12677 -90.2059 0.483219 
10 3.265 0.274518 0.111382 0.0299117 1.10326 -90.0802 0.481219 
10 3.265 0.277326 0.113682 0.0313285 1.12626 -90.4832 0.477921 
10 3.27 0.278246 0.114677 0.0317869 1.13932 -90.4738 0.480158 
10 3.27 0.276208 0.112959 0.0308024 1.12134 -90.2132 0.483902 
10 3.27 0.276138 0.112479 0.0304095 1.10785 -90.3802 0.472845 
10 3.275 0.278922 0.114312 0.0310492 1.11496 -90.1365 0.476726 
10 3.275 0.27717 0.113653 0.0312539 1.12458 -89.9338 0.479294 
10 3.275 0.27493 0.111305 0.0298775 1.09065 -90.1038 0.461488 
10 3.28 0.275694 0.11216 0.0302825 1.10223 -89.9578 0.467095 
10 3.28 0.272026 0.109697 0.0293887 1.08837 -89.6643 0.476024 
10 3.28 0.274528 0.111589 0.0301744 1.10438 -89.6409 0.47329 
10 3.285 0.270848 0.108859 0.0290932 1.08068 -88.9278 0.48331 
10 3.285 0.273192 0.110324 0.0294872 1.08647 -89.8889 0.470233 
10 3.285 0.271094 0.109429 0.0295242 1.09399 -89.5035 0.476561 
10 3.29 0.269952 0.108534 0.0287717 1.08388 -89.0923 0.462193 
10 3.29 0.27106 0.1089 0.0291707 1.07681 -88.9992 0.479424 
10 3.29 0.270462 0.108913 0.0293182 1.08703 -89.1671 0.479397 
10 3.295 0.272484 0.10968 0.0292724 1.07535 -89.1606 0.481012 
10 3.295 0.272388 0.110635 0.0300708 1.10591 -89.172 0.4724 
10 3.295 0.272572 0.11028 0.0297494 1.0921 -89.318 0.460529 
10 3.3 0.271336 0.109083 0.0289985 1.07454 -89.2124 0.461153 
10 3.3 0.273516 0.11043 0.0296301 1.07937 -89.308 0.468417 
10 3.3 0.26813 0.10696 0.0281374 1.06261 -88.7489 0.454581 
10 3.305 0.269214 0.107078 0.0277709 1.04695 -88.6125 0.452321 
10 3.305 0.269026 0.107746 0.0284596 1.07023 -88.5019 0.4529 
10 3.305 0.268998 0.106907 0.0277122 1.04529 -88.4576 0.457987 
10 3.31 0.264668 0.104963 0.0274986 1.05479 -88.5046 0.44816 
10 3.31 0.265464 0.105534 0.027892 1.05931 -87.949 0.466816 
10 3.31 0.267494 0.106179 0.0278153 1.04609 -88.282 0.463383 
10 3.315 0.266324 0.105193 0.0270482 1.03363 -88.2325 0.443476 
10 3.315 0.265974 0.105343 0.0273042 1.04378 -87.9588 0.453657 
10 3.315 0.267246 0.105622 0.0270559 1.03171 -87.8239 0.45489 
10 3.32 0.265368 0.104018 0.0264412 1.01199 -87.9765 0.440564 
10 3.32 0.266724 0.105906 0.0273549 1.04711 -87.8242 0.448421 
10 3.32 0.266806 0.105118 0.026996 1.02208 -87.5742 0.447433 
10 3.325 0.265862 0.10532 0.0271936 1.04173 -88.0712 0.441139 
10 3.325 0.260458 0.101158 0.0252713 1.0021 -87.3608 0.440483 
10 3.325 0.265992 0.105486 0.0273846 1.04465 -87.584 0.449794 
10 3.33 0.262904 0.102746 0.0261756 1.00985 -87.376 0.447547 
10 3.33 0.261592 0.102706 0.0266192 1.02929 -87.7527 0.43948 
10 3.33 0.263908 0.103359 0.0261048 1.01237 -87.4427 0.43923 
10 3.335 0.26076 0.101722 0.0259499 1.01127 -87.0617 0.45292 
10 3.335 0.260336 0.101295 0.0255379 1.00511 -86.9732 0.434198 
10 3.335 0.25777 0.0994633 0.0248432 0.990043 -86.9846 0.435867 
10 3.34 0.261234 0.101412 0.0252697 0.993072 -86.9097 0.439333 
10 3.34 0.259548 0.100654 0.0252261 0.996681 -86.8846 0.425796 
10 3.34 0.25885 0.100065 0.024933 0.989883 -86.661 0.434427 
10 3.345 0.258448 0.099667 0.0248772 0.982711 -86.6883 0.43025 
10 3.345 0.26009 0.100593 0.0253402 0.984924 -86.849 0.429547 
10 3.345 0.260364 0.101515 0.025601 1.00825 -86.922 0.429605 
10 3.35 0.257952 0.0994046 0.024569 0.981054 -86.4194 0.42452 
10 3.35 0.257232 0.0990953 0.0247429 0.982895 -86.2348 0.43362 
10 3.35 0.257198 0.098466 0.0243107 0.964634 -86.234 0.429291 
10 3.355 0.257102 0.0992808 0.0249395 0.988951 -86.3785 0.434225 
10 3.355 0.258086 0.099094 0.024152 0.968274 -86.428 0.426308 
10 3.355 0.258254 0.0995024 0.0246361 0.977863 -86.2922 0.433288 
10 3.36 0.254578 0.0966795 0.0237439 0.948498 -86.1334 0.426112 
10 3.36 0.256808 0.0978831 0.0237935 0.95038 -86.089 0.421067 
10 3.36 0.25593 0.0979384 0.0241328 0.965425 -85.8048 0.433116 
10 3.365 0.25514 0.0976776 0.0240053 0.968237 -85.8854 0.425183 
10 3.365 0.253786 0.0969009 0.0237782 0.965634 -86.0499 0.42824 
10 3.365 0.254084 0.0962061 0.0229136 0.940487 -85.5092 0.427409 
10 3.37 0.253784 0.0963738 0.0234462 0.948589 -85.6254 0.410718 
10 3.37 0.255818 0.0980164 0.0240073 0.966573 -85.6347 0.424412 
10 3.37 0.255424 0.0981778 0.0243305 0.977339 -86.1764 0.430424 
10 3.375 0.25268 0.0961519 0.0236486 0.957177 -85.6163 0.425999 
10 3.375 0.252834 0.0951236 0.0225175 0.924401 -85.1451 0.411423 
10 3.375 0.251598 0.0951525 0.0229303 0.943732 -85.4915 0.422025 
10 3.38 0.25196 0.0951041 0.0229063 0.93551 -85.0539 0.42187 
10 3.38 0.249474 0.0936896 0.0225245 0.930543 -84.9082 0.414578 
10 3.38 0.254624 0.0968553 0.0234899 0.947393 -85.176 0.414606 
10 3.385 0.253086 0.0962112 0.0233102 0.950036 -85.3632 0.424287 
10 3.385 0.249294 0.0939004 0.0224755 0.938048 -84.7274 0.416257 
10 3.385 0.249616 0.0932686 0.0219811 0.914638 -84.6236 0.409294 
10 3.39 0.248332 0.092116 0.0213417 0.898148 -84.6016 0.409824 
10 3.39 0.249824 0.0933682 0.0218085 0.91316 -84.5946 0.392978 
10 3.39 0.248832 0.0933514 0.0222199 0.927259 -85.1315 0.407216 
10 3.395 0.25138 0.094693 0.0226213 0.927866 -84.7564 0.408855 
10 3.395 0.252646 0.0958624 0.0230227 0.943518 -85.1061 0.410361 
10 3.395 0.249732 0.0935216 0.021916 0.917689 -84.7104 0.404401 
10 3.4 0.24865 0.0931312 0.0219562 0.920718 -84.7268 0.409232 
10 3.4 0.251034 0.0939314 0.0221633 0.909216 -84.6356 0.40481 
10 3.4 0.25145 0.0943376 0.0219884 0.915016 -84.5965 0.398247 
10 3.405 0.246446 0.0916438 0.0215052 0.907729 -84.123 0.401343 
10 3.405 0.248672 0.0930804 0.0221447 0.917552 -84.0362 0.411736 
10 3.405 0.246554 0.0913936 0.0214749 0.898818 -83.9197 0.408304 
10 3.41 0.2464 0.0913974 0.0214327 0.899838 -83.9546 0.399403 
10 3.41 0.246908 0.0916202 0.0213529 0.899021 -83.5252 0.40937 
10 3.41 0.245538 0.0906133 0.0208388 0.889279 -83.6038 0.394626 
10 3.415 0.247122 0.0917487 0.0212417 0.898372 -84.087 0.393337 
10 3.415 0.249544 0.0923732 0.0210563 0.881435 -84.1582 0.390252 
10 3.415 0.246378 0.0914676 0.0215296 0.900891 -83.7671 0.402757 
10 3.42 0.246112 0.0905792 0.020507 0.877429 -83.9168 0.389393 
10 3.42 0.244224 0.0889261 0.0200277 0.856161 -83.3683 0.397149 
10 3.42 0.245926 0.0904287 0.0206848 0.875704 -83.6698 0.39564 
10 3.425 0.243894 0.0898116 0.0207043 0.88547 -83.6279 0.397847 
10 3.425 0.242948 0.088837 0.0201482 0.870459 -83.2082 0.387143 
10 3.425 0.243888 0.0892404 0.020232 0.868877 -83.3198 0.395418 
10 3.43 0.24012 0.0872115 0.0195137 0.86163 -82.767 0.383719 
10 3.43 0.24292 0.0890405 0.0203743 0.875521 -82.97 0.39539 
10 3.43 0.243978 0.0891033 0.0202447 0.862334 -83.2798 0.383775 
10 3.435 0.242734 0.088757 0.0202302 0.868623 -82.9821 0.384666 
10 3.435 0.24162 0.0880725 0.020053 0.864403 -82.9799 0.38634 
10 3.435 0.240562 0.087031 0.019368 0.848935 -82.9622 0.387004 
10 3.44 0.242222 0.0883528 0.0199442 0.86283 -82.6895 0.387175 
10 3.44 0.242132 0.0877329 0.0194632 0.846075 -82.6304 0.391322 
10 3.44 0.24406 0.089539 0.0206254 0.871328 -83.0833 0.382589 
10 3.445 0.240838 0.0874859 0.0196163 0.855818 -82.7236 0.397196 
10 3.445 0.237458 0.0855732 0.0191995 0.847224 -82.799 0.386678 
10 3.445 0.241798 0.0872959 0.0192047 0.836854 -82.691 0.375566 
10 3.45 0.24137 0.0876097 0.0196787 0.850732 -82.4732 0.392334 
10 3.45 0.241828 0.0880814 0.0199589 0.85799 -82.7982 0.392018 
10 3.45 0.238892 0.0855135 0.0185735 0.824468 -82.4064 0.379564 
10 3.455 0.23793 0.0856678 0.019017 0.841016 -82.0733 0.374332 
10 3.455 0.23757 0.0852535 0.0188303 0.833979 -82.074 0.380814 
10 3.455 0.237048 0.0851533 0.0187127 0.83825 -82.037 0.37478 
10 3.46 0.238336 0.0855507 0.0188229 0.830829 -81.9018 0.381023 
10 3.46 0.240566 0.0869336 0.019257 0.839929 -82.1792 0.376843 
10 3.46 0.238308 0.0848341 0.0182506 0.810502 -81.7185 0.370953 
10 3.465 0.239372 0.0862503 0.0190348 0.835537 -81.6112 0.376408 
10 3.465 0.236728 0.0841189 0.0181556 0.810353 -81.5239 0.366883 
10 3.465 0.235994 0.0841092 0.0183638 0.820089 -81.9093 0.379327 
10 3.47 0.236972 0.0843626 0.0183073 0.812879 -81.4942 0.373246 
10 3.47 0.237032 0.0845416 0.0185078 0.817217 -81.5914 0.378226 
10 3.47 0.237948 0.0851714 0.0186887 0.82283 -81.4226 0.375722 
10 3.475 0.237296 0.084745 0.0184816 0.81829 -81.5442 0.376832 
10 3.475 0.23777 0.0847579 0.018334 0.812181 -81.6636 0.37996 
10 3.475 0.239284 0.0859674 0.0188025 0.826202 -82.0066 0.371211 
10 3.48 0.23382 0.0826502 0.0176001 0.803976 -80.8758 0.353087 
10 3.48 0.236378 0.0846731 0.0185844 0.827544 -81.5426 0.372682 
10 3.48 0.2346 0.0831178 0.0179946 0.806914 -81.3678 0.371361 
10 3.485 0.23703 0.0849605 0.0187286 0.825747 -81.4053 0.373881 
10 3.485 0.232592 0.081652 0.0173267 0.790616 -81.1639 0.367216 
10 3.485 0.231156 0.081375 0.0174322 0.801775 -81.0643 0.370737 
10 3.49 0.235592 0.0829126 0.0174903 0.785357 -81.3022 0.362166 
10 3.49 0.233612 0.0826387 0.0178927 0.80413 -81.0194 0.375606 
10 3.49 0.234024 0.0826181 0.0178085 0.798019 -80.8297 0.360012 
10 3.495 0.232184 0.0817224 0.0173929 0.795794 -80.5258 0.360459 
10 3.495 0.233314 0.0828109 0.017944 0.811888 -81.0665 0.360868 
10 3.495 0.235312 0.0837113 0.0181545 0.81086 -81.203 0.370059 
