temp cl_size size: 20 
1 399.396
1.1 398.891
1.2 397.927
1.3 396.134
1.4 393.275
1.5 388.989
1.6 385.16
1.7 377.678
1.8 368.204
1.9 353.786
2 333.918
2.1 304.726
2.2 253.502
2.3 182.122
2.4 101.335
2.5 58.0138
2.6 35.5854
2.7 23.7274
2.8 17.7868
2.9 14.6366
3 11.4692
3.1 9.3144
3.2 8.3816
3.3 7.5646
3.4 6.8182
3.5 6.3606
3.6 5.5982
3.7 5.074
3.8 4.9584
3.9 4.5194
4 4.326
4.1 4.0098
4.2 3.9256
4.3 3.6538
4.4 3.4416
4.5 3.3466
4.6 3.1314
4.7 3.1936
4.8 3.0052
4.9 2.9068
5 2.8412
1 399.394
1.1 398.603
1.2 397.909
1.3 396.066
1.4 392.561
1.5 389.539
1.6 384.386
1.7 377.253
1.8 365.896
1.9 353.066
2 336.702
2.1 306.916
2.2 257.583
2.3 178.113
2.4 106.923
2.5 59.9732
2.6 34.4844
2.7 24.381
2.8 17.4302
2.9 14.641
3 11.4434
3.1 9.8338
3.2 8.4864
3.3 7.5428
3.4 6.8114
3.5 6.1976
3.6 5.7856
3.7 5.2092
3.8 4.8322
3.9 4.4616
4 4.296
4.1 4.0626
4.2 3.8998
4.3 3.6302
4.4 3.5062
4.5 3.305
4.6 3.2458
4.7 3.1684
4.8 3.03
4.9 2.834
5 2.8488
1 399.476
1.1 399.064
1.2 397.896
1.3 395.774
1.4 393.403
1.5 390.029
1.6 383.979
1.7 376.512
1.8 367.144
1.9 354.438
2 333.882
2.1 308.96
2.2 253.797
2.3 181.706
2.4 100.253
2.5 58.9966
2.6 35.3436
2.7 24.797
2.8 17.79
2.9 14.0076
3 11.4114
3.1 9.7694
3.2 8.4384
3.3 7.416
3.4 6.3558
3.5 6.1294
3.6 5.6716
3.7 5.2052
3.8 4.7826
3.9 4.5774
4 4.1736
4.1 4.1326
4.2 3.9094
4.3 3.7996
4.4 3.55
4.5 3.3792
4.6 3.2218
4.7 3.185
4.8 3.0142
4.9 2.9672
5 2.867
1 399.385
1.1 398.895
1.2 398.013
1.3 395.188
1.4 392.924
1.5 389.149
1.6 383.312
1.7 377.257
1.8 363.871
1.9 352.941
2 333.701
2.1 303.788
2.2 255.704
2.3 175.185
2.4 99.6872
2.5 57.6992
2.6 35.7196
2.7 23.9514
2.8 18.818
2.9 13.9194
3 11.2042
3.1 9.8974
3.2 8.5396
3.3 7.6056
3.4 6.936
3.5 5.9914
3.6 5.6604
3.7 5.2392
3.8 4.8256
3.9 4.6582
4 4.34
4.1 3.9776
4.2 3.7796
4.3 3.7808
4.4 3.505
4.5 3.4356
4.6 3.278
4.7 3.0954
4.8 3.0534
4.9 2.9682
5 2.8352
1 399.644
1.1 398.807
1.2 397.726
1.3 396.484
1.4 393.693
1.5 389.61
1.6 383.987
1.7 377.291
1.8 366.572
1.9 353.86
2 332.894
2.1 302.644
2.2 253.487
2.3 176.008
2.4 104.381
2.5 58.0122
2.6 35.7162
2.7 23.1298
2.8 17.9498
2.9 13.796
3 11.4342
3.1 9.4798
3.2 8.3724
3.3 7.4342
3.4 6.8706
3.5 6.0334
3.6 5.7238
3.7 5.114
3.8 4.6076
3.9 4.5472
4 4.2408
4.1 3.9842
4.2 3.8192
4.3 3.7214
4.4 3.5028
4.5 3.4794
4.6 3.2568
4.7 3.1386
4.8 3.061
4.9 2.9004
5 2.8196
1 399.494
1.1 399.267
1.2 398.165
1.3 397.42
1.4 395.356
1.5 392.288
1.6 388.926
1.7 384.682
1.8 376.891
1.9 369.373
2 356.177
2.1 340.129
2.2 319.421
2.3 281.698
2.4 225.769
2.5 145.046
2.6 91.6736
2.7 49.6052
2.8 32.6776
2.9 24.1958
3 17.3922
3.1 14.438
3.2 11.7214
3.3 9.9694
3.4 8.6144
3.5 7.6842
3.6 6.9388
3.7 6.5592
3.8 5.927
3.9 5.4804
4 4.969
4.1 4.666
4.2 4.349
4.3 4.1128
4.4 3.9996
4.5 3.7926
4.6 3.6344
4.7 3.4582
4.8 3.411
4.9 3.2288
5 3.1324
1 399.797
1.1 399.579
1.2 398.718
1.3 398.051
1.4 396.879
1.5 394.493
1.6 392.201
1.7 388.73
1.8 383.467
1.9 376.465
2 368.368
2.1 359.011
2.2 340.257
2.3 323.681
2.4 295.671
2.5 253.871
2.6 192.959
2.7 123.972
2.8 70.246
2.9 44.8634
3 32.0032
3.1 21.6356
3.2 17.6036
3.3 14.2118
3.4 11.4732
3.5 9.7766
3.6 8.8784
3.7 8.0418
3.8 7.1104
3.9 6.4774
4 5.862
4.1 5.4598
4.2 5.1934
4.3 4.9546
4.4 4.6458
4.5 4.1792
4.6 4.141
4.7 3.8858
4.8 3.7416
4.9 3.5602
5 3.4844
1 399.923
1.1 399.332
1.2 399.178
1.3 398.314
1.4 397.944
1.5 396.286
1.6 393.08
1.7 390.357
1.8 387.865
1.9 382.266
2 377.356
2.1 368.151
2.2 357.178
2.3 346.898
2.4 327.53
2.5 306.322
2.6 277.996
2.7 227.221
2.8 165.533
2.9 99.332
3 59.423
3.1 39.8922
3.2 27.5696
3.3 21.7994
3.4 16.6594
3.5 13.7768
3.6 11.9852
3.7 9.7854
3.8 8.8824
3.9 8.097
4 7.1518
4.1 6.6892
4.2 6.192
4.3 5.7064
4.4 5.2068
4.5 4.8892
4.6 4.562
4.7 4.4928
4.8 4.2988
4.9 4.1022
5 3.9882
1 399.937
1.1 399.795
1.2 399.41
1.3 399.148
1.4 397.586
1.5 396.996
1.6 395.985
1.7 393.592
1.8 390.572
1.9 388.072
2 381.97
2.1 376.588
2.2 370.721
2.3 358.933
2.4 348.49
2.5 337.93
2.6 315.632
2.7 288.479
2.8 252.597
2.9 195.04
3 130.1
3.1 83.7528
3.2 50.9812
3.3 37.0802
3.4 25.7808
3.5 19.6006
3.6 16.0168
3.7 13.2472
3.8 11.6598
3.9 9.7556
4 8.924
4.1 8.1008
4.2 7.4862
4.3 6.5796
4.4 6.0456
4.5 5.7668
4.6 5.238
4.7 5.0426
4.8 4.6894
4.9 4.6116
5 4.44
