size temperature m m2 m4 mag_sus 
10 2 0.982204 0.965333 0.934093 0.0303971 
10 2 0.982256 0.965457 0.934392 0.0315295 
10 2 0.982094 0.965166 0.933926 0.0328748 
10 2.005 0.982046 0.965056 0.933632 0.0319927 
10 2.005 0.981944 0.964839 0.93319 0.0311691 
10 2.005 0.982 0.964962 0.933466 0.0318404 
10 2.01 0.981212 0.963472 0.930777 0.0345737 
10 2.01 0.98196 0.964874 0.933266 0.0312596 
10 2.01 0.981462 0.963918 0.931497 0.0323573 
10 2.015 0.981462 0.963936 0.93157 0.0331664 
10 2.015 0.981072 0.963189 0.930211 0.0340789 
10 2.015 0.980914 0.962871 0.929587 0.0336995 
10 2.02 0.980802 0.962683 0.929327 0.0351781 
10 2.02 0.981848 0.964707 0.933093 0.0337398 
10 2.02 0.98017 0.961462 0.927037 0.036056 
10 2.025 0.98067 0.9624 0.928704 0.0339038 
10 2.025 0.979996 0.961122 0.926383 0.0360612 
10 2.025 0.98072 0.962502 0.928915 0.0341117 
10 2.03 0.98066 0.962359 0.928553 0.0327431 
10 2.03 0.980048 0.961265 0.926768 0.0379703 
10 2.03 0.980204 0.961529 0.927165 0.035931 
10 2.035 0.980088 0.961325 0.926847 0.0369647 
10 2.035 0.980274 0.961688 0.92753 0.0368966 
10 2.035 0.980128 0.96138 0.926867 0.0358046 
10 2.04 0.979728 0.96064 0.925533 0.0378709 
10 2.04 0.980226 0.961553 0.927148 0.0347877 
10 2.04 0.979566 0.960318 0.924937 0.0376908 
10 2.045 0.979196 0.95959 0.923572 0.0374256 
10 2.045 0.979606 0.960392 0.925101 0.037342 
10 2.045 0.979646 0.96048 0.925292 0.0378482 
10 2.05 0.978482 0.958282 0.921321 0.0417198 
10 2.05 0.979178 0.959593 0.923649 0.039169 
10 2.05 0.979008 0.959243 0.922973 0.0383403 
10 2.055 0.978692 0.958593 0.921625 0.0367362 
10 2.055 0.978514 0.958342 0.92142 0.0414906 
10 2.055 0.978796 0.958832 0.922192 0.0384657 
10 2.06 0.977928 0.957223 0.919392 0.0427236 
10 2.06 0.978362 0.958027 0.920796 0.0405474 
10 2.06 0.977844 0.957033 0.918961 0.0414443 
10 2.065 0.978236 0.957746 0.920143 0.0387801 
10 2.065 0.977694 0.956739 0.918392 0.0413251 
10 2.065 0.977672 0.956699 0.918336 0.0414925 
10 2.07 0.977622 0.956586 0.918068 0.0406524 
10 2.07 0.977394 0.956151 0.917262 0.0411463 
10 2.07 0.977636 0.956648 0.918277 0.0423078 
10 2.075 0.977182 0.955854 0.916881 0.0467055 
10 2.075 0.977084 0.955604 0.916405 0.0438967 
10 2.075 0.976604 0.954689 0.914734 0.0450037 
10 2.08 0.976888 0.955205 0.915602 0.0430113 
10 2.08 0.977052 0.955578 0.916439 0.0455668 
10 2.08 0.976602 0.954748 0.915 0.0479045 
10 2.085 0.976712 0.954919 0.915088 0.0456858 
10 2.085 0.976286 0.954065 0.913544 0.0446238 
10 2.085 0.975794 0.953163 0.911996 0.0474604 
10 2.09 0.976262 0.953966 0.913191 0.0420166 
10 2.09 0.975968 0.953478 0.912531 0.0461466 
10 2.09 0.976064 0.953637 0.912737 0.044809 
10 2.095 0.9757 0.953008 0.911745 0.0485761 
10 2.095 0.975502 0.952624 0.911034 0.0486591 
10 2.095 0.97524 0.952101 0.909998 0.0480908 
10 2.1 0.974784 0.951258 0.908558 0.0501902 
10 2.1 0.975054 0.951752 0.909416 0.0486351 
10 2.1 0.975098 0.951804 0.909383 0.0470519 
10 2.105 0.974362 0.950409 0.90687 0.0488329 
10 2.105 0.975328 0.952219 0.910116 0.0453365 
10 2.105 0.975326 0.952213 0.910066 0.0452197 
10 2.11 0.97513 0.951848 0.909453 0.0459679 
10 2.11 0.974864 0.951383 0.908724 0.0484712 
10 2.11 0.974536 0.950777 0.90763 0.0500694 
10 2.115 0.973538 0.948856 0.904076 0.0510545 
10 2.115 0.974276 0.95025 0.906618 0.0489814 
10 2.115 0.974062 0.949844 0.905886 0.0495348 
10 2.12 0.973216 0.948323 0.903268 0.0553687 
10 2.12 0.973882 0.949538 0.905452 0.0515193 
10 2.12 0.97292 0.947689 0.90203 0.0526469 
10 2.125 0.97282 0.947488 0.90162 0.0522074 
10 2.125 0.97346 0.948693 0.90378 0.050279 
10 2.125 0.972682 0.947247 0.901249 0.053493 
10 2.13 0.972484 0.94692 0.900792 0.0561084 
10 2.13 0.972436 0.94682 0.900535 0.0557928 
10 2.13 0.972764 0.947351 0.901273 0.0507512 
10 2.135 0.972204 0.946396 0.899856 0.0569116 
10 2.135 0.972496 0.94694 0.90076 0.0558019 
10 2.135 0.972234 0.946369 0.899567 0.0529072 
10 2.14 0.971636 0.94527 0.897683 0.055774 
10 2.14 0.971512 0.945073 0.89732 0.0578446 
10 2.14 0.97191 0.945769 0.898506 0.0542034 
10 2.145 0.970526 0.943225 0.89414 0.0608281 
10 2.145 0.971188 0.944394 0.896024 0.0553636 
10 2.145 0.972094 0.946076 0.89895 0.051693 
10 2.15 0.970454 0.943075 0.893807 0.0601913 
10 2.15 0.97101 0.944066 0.89545 0.0560753 
10 2.15 0.971364 0.944862 0.897139 0.0611339 
10 2.155 0.969922 0.942158 0.892312 0.0654104 
10 2.155 0.970258 0.942749 0.893343 0.0625825 
10 2.155 0.96989 0.942014 0.89189 0.0616124 
10 2.16 0.970814 0.943743 0.894929 0.058499 
10 2.16 0.970458 0.943039 0.893675 0.0579014 
10 2.16 0.970286 0.942712 0.893016 0.0581777 
10 2.165 0.969558 0.941442 0.891032 0.0646155 
10 2.165 0.969496 0.941264 0.890594 0.0619485 
10 2.165 0.969566 0.941389 0.890751 0.0614897 
10 2.17 0.968658 0.939624 0.887484 0.061093 
10 2.17 0.96869 0.9398 0.888092 0.0663467 
10 2.17 0.96824 0.938929 0.8865 0.0663826 
10 2.175 0.968892 0.94015 0.888637 0.0642967 
10 2.175 0.968148 0.938761 0.886229 0.0666929 
10 2.175 0.968824 0.939975 0.888232 0.062318 
10 2.18 0.967514 0.937592 0.884202 0.0691917 
10 2.18 0.968712 0.939826 0.888111 0.0652634 
10 2.18 0.968002 0.938491 0.885609 0.0671086 
10 2.185 0.967752 0.937971 0.884663 0.0653138 
10 2.185 0.96678 0.936286 0.881968 0.0742751 
10 2.185 0.966898 0.93648 0.88216 0.07268 
10 2.19 0.967088 0.936798 0.882774 0.0702758 
10 2.19 0.967224 0.937068 0.883269 0.0705705 
10 2.19 0.966972 0.936544 0.882139 0.0689074 
10 2.195 0.966438 0.935574 0.880561 0.0715896 
10 2.195 0.966396 0.935387 0.879976 0.0667577 
10 2.195 0.967304 0.93719 0.883426 0.0689172 
10 2.2 0.965992 0.934682 0.878896 0.0700662 
10 2.2 0.96667 0.935977 0.881201 0.0693469 
10 2.2 0.966374 0.93549 0.880422 0.0732278 
10 2.205 0.965192 0.933173 0.876169 0.0715212 
10 2.205 0.96488 0.93276 0.875851 0.0801281 
10 2.205 0.96538 0.9335 0.87668 0.0699291 
10 2.21 0.965918 0.934509 0.878414 0.0684116 
10 2.21 0.964324 0.931676 0.873817 0.0794291 
10 2.21 0.964934 0.932771 0.875666 0.0757111 
10 2.215 0.96477 0.932409 0.874826 0.0734811 
10 2.215 0.964004 0.931069 0.872772 0.0796807 
10 2.215 0.964028 0.931097 0.872643 0.0788594 
10 2.22 0.963664 0.93049 0.871777 0.0829376 
10 2.22 0.963644 0.930302 0.871097 0.0762415 
10 2.22 0.962926 0.929081 0.869323 0.0835225 
10 2.225 0.962412 0.928221 0.867838 0.0891875 
10 2.225 0.963216 0.929492 0.869685 0.0767019 
10 2.225 0.963048 0.929317 0.869689 0.0834153 
10 2.23 0.962964 0.929068 0.86896 0.079276 
10 2.23 0.962552 0.928371 0.868 0.0836003 
10 2.23 0.962196 0.927678 0.866637 0.0832528 
10 2.235 0.962208 0.927733 0.866924 0.0845246 
10 2.235 0.962498 0.928173 0.867444 0.0792179 
10 2.235 0.962408 0.928069 0.867366 0.0823392 
10 2.24 0.961316 0.92618 0.864315 0.0915941 
10 2.24 0.961204 0.925917 0.863781 0.0894567 
10 2.24 0.96202 0.927364 0.866118 0.0839893 
10 2.245 0.960416 0.924451 0.861241 0.0914025 
10 2.245 0.960458 0.924498 0.861285 0.0898989 
10 2.245 0.961318 0.925943 0.863424 0.0806335 
10 2.25 0.960194 0.924016 0.860482 0.0908019 
10 2.25 0.959956 0.923584 0.859749 0.0919217 
10 2.25 0.960184 0.923906 0.860086 0.0867683 
10 2.255 0.9604 0.924381 0.861062 0.0892665 
10 2.255 0.958986 0.921709 0.856256 0.0911455 
10 2.255 0.959842 0.923478 0.859548 0.0967528 
10 2.26 0.95834 0.920628 0.854673 0.0978958 
10 2.26 0.959208 0.922231 0.857497 0.0951793 
10 2.26 0.95848 0.92077 0.854567 0.0922907 
10 2.265 0.958966 0.921653 0.856174 0.0899254 
10 2.265 0.958058 0.920086 0.853674 0.0976189 
10 2.265 0.958916 0.92156 0.855981 0.0900709 
10 2.27 0.958314 0.920563 0.854396 0.0967787 
10 2.27 0.957744 0.919485 0.852514 0.0974216 
10 2.27 0.957582 0.919199 0.852019 0.0984896 
10 2.275 0.958264 0.920342 0.853841 0.0910886 
10 2.275 0.956786 0.917758 0.849645 0.101913 
10 2.275 0.9585 0.920883 0.855 0.0949587 
10 2.28 0.957072 0.918198 0.850161 0.0969959 
10 2.28 0.956926 0.918005 0.85004 0.100759 
10 2.28 0.957108 0.918384 0.850755 0.102114 
10 2.285 0.955482 0.915346 0.845505 0.105059 
10 2.285 0.956126 0.916505 0.847374 0.101892 
10 2.285 0.955916 0.916124 0.846834 0.102766 
10 2.29 0.955334 0.915027 0.844757 0.10324 
10 2.29 0.955326 0.915036 0.844982 0.104298 
10 2.29 0.954798 0.913965 0.842881 0.101573 
10 2.295 0.95522 0.914775 0.844373 0.101499 
10 2.295 0.953238 0.911384 0.83894 0.118574 
10 2.295 0.954764 0.913884 0.842696 0.100634 
10 2.3 0.953136 0.911085 0.838228 0.11376 
10 2.3 0.953276 0.911321 0.838785 0.112417 
10 2.3 0.954254 0.91298 0.84112 0.103443 
10 2.305 0.952778 0.910641 0.83786 0.123868 
10 2.305 0.953328 0.911388 0.838751 0.110798 
10 2.305 0.953136 0.911215 0.838732 0.119157 
10 2.31 0.951698 0.908656 0.834472 0.126722 
10 2.31 0.953156 0.910979 0.8378 0.107025 
10 2.31 0.952284 0.909628 0.836033 0.120495 
10 2.315 0.951166 0.907417 0.832008 0.116645 
10 2.315 0.950964 0.907087 0.831354 0.118965 
10 2.315 0.950678 0.907031 0.831966 0.140068 
10 2.32 0.950526 0.906397 0.830433 0.124878 
10 2.32 0.95045 0.906293 0.830464 0.126612 
10 2.32 0.951888 0.908736 0.834098 0.114019 
10 2.325 0.949374 0.904471 0.82757 0.135935 
10 2.325 0.950032 0.905566 0.829131 0.129277 
10 2.325 0.951078 0.907437 0.83208 0.124217 
10 2.33 0.949526 0.904557 0.827297 0.126926 
10 2.33 0.94967 0.904883 0.827923 0.129173 
10 2.33 0.94944 0.904338 0.826852 0.124543 
10 2.335 0.948662 0.902826 0.824202 0.12275 
10 2.335 0.94934 0.904189 0.826611 0.126022 
10 2.335 0.948952 0.903451 0.825309 0.125966 
10 2.34 0.94834 0.9023 0.823442 0.126111 
10 2.34 0.947842 0.90156 0.822458 0.134864 
10 2.34 0.94818 0.902127 0.82308 0.131698 
10 2.345 0.94767 0.901234 0.821906 0.134551 
10 2.345 0.946654 0.899547 0.819266 0.144679 
10 2.345 0.946978 0.899847 0.81913 0.131309 
10 2.35 0.94741 0.900702 0.820881 0.132596 
10 2.35 0.946352 0.899076 0.818475 0.148663 
10 2.35 0.946226 0.898647 0.817394 0.140562 
10 2.355 0.946684 0.899371 0.818466 0.134205 
10 2.355 0.94508 0.896366 0.813345 0.135431 
10 2.355 0.945358 0.89711 0.815006 0.144733 
10 2.36 0.944108 0.894742 0.810772 0.144143 
10 2.36 0.944758 0.89576 0.812342 0.135273 
10 2.36 0.944168 0.895087 0.811907 0.153955 
10 2.365 0.942902 0.892616 0.80756 0.150171 
10 2.365 0.9427 0.89253 0.807838 0.162655 
10 2.365 0.943484 0.893844 0.809724 0.155678 
10 2.37 0.94343 0.893903 0.810022 0.162152 
10 2.37 0.942802 0.892567 0.80739 0.155748 
10 2.37 0.942614 0.892066 0.806482 0.149573 
10 2.375 0.94177 0.890749 0.804779 0.160779 
10 2.375 0.941644 0.890408 0.803803 0.156407 
10 2.375 0.94182 0.890804 0.804724 0.159113 
10 2.38 0.940604 0.888574 0.800967 0.161249 
10 2.38 0.941026 0.889405 0.802299 0.162838 
10 2.38 0.940378 0.888299 0.800676 0.167552 
10 2.385 0.939434 0.886668 0.797857 0.173244 
10 2.385 0.939616 0.886991 0.798652 0.172458 
10 2.385 0.93984 0.887181 0.798569 0.162766 
10 2.39 0.939412 0.886597 0.797906 0.171624 
10 2.39 0.939648 0.887086 0.798817 0.173541 
10 2.39 0.939448 0.886552 0.797719 0.166909 
10 2.395 0.938812 0.885519 0.796034 0.173316 
10 2.395 0.937092 0.882524 0.791372 0.183002 
10 2.395 0.936946 0.882235 0.791015 0.182336 
10 2.4 0.936618 0.882077 0.79108 0.200975 
10 2.4 0.937002 0.882406 0.791378 0.184717 
10 2.4 0.938718 0.885078 0.794954 0.16194 
10 2.405 0.93688 0.882071 0.790517 0.179923 
10 2.405 0.934942 0.878614 0.784592 0.187013 
10 2.405 0.935666 0.880108 0.787796 0.192831 
10 2.41 0.935462 0.87973 0.787023 0.192585 
10 2.41 0.935558 0.879674 0.786585 0.182778 
10 2.41 0.933916 0.876732 0.781865 0.188067 
10 2.415 0.934054 0.877416 0.783672 0.205362 
10 2.415 0.93343 0.875945 0.780466 0.192709 
10 2.415 0.933804 0.876732 0.781972 0.19637 
10 2.42 0.934214 0.877321 0.782704 0.188648 
10 2.42 0.931852 0.873763 0.777934 0.223769 
10 2.42 0.93426 0.877584 0.783334 0.195981 
10 2.425 0.931512 0.872863 0.776025 0.212313 
10 2.425 0.931588 0.872961 0.77619 0.210505 
10 2.425 0.932608 0.874638 0.778502 0.20125 
10 2.43 0.93044 0.870801 0.772376 0.209144 
10 2.43 0.930682 0.871264 0.773397 0.209676 
10 2.43 0.930468 0.871021 0.773177 0.216047 
10 2.435 0.92894 0.868523 0.76939 0.229716 
10 2.435 0.929328 0.869095 0.77007 0.223604 
10 2.435 0.930382 0.871121 0.773434 0.226281 
10 2.44 0.929758 0.86951 0.770367 0.207362 
10 2.44 0.929246 0.868885 0.769868 0.22079 
10 2.44 0.928508 0.867707 0.76783 0.228673 
10 2.445 0.92821 0.867019 0.766695 0.222711 
10 2.445 0.92738 0.865528 0.764206 0.224711 
10 2.445 0.927606 0.865954 0.764793 0.224979 
10 2.45 0.927684 0.866161 0.765402 0.227059 
10 2.45 0.925658 0.862787 0.760108 0.242639 
10 2.45 0.926084 0.863445 0.76108 0.237294 
10 2.455 0.924402 0.86063 0.75703 0.248913 
10 2.455 0.924362 0.860471 0.756495 0.245473 
10 2.455 0.925242 0.861869 0.758416 0.23609 
10 2.46 0.923416 0.858927 0.754381 0.253256 
10 2.46 0.9252 0.861886 0.758772 0.239457 
10 2.46 0.923802 0.859535 0.755199 0.248965 
10 2.465 0.924916 0.861623 0.758509 0.249626 
10 2.465 0.920538 0.854261 0.747153 0.278731 
10 2.465 0.923428 0.858977 0.754288 0.253862 
10 2.47 0.920998 0.855337 0.749294 0.287453 
10 2.47 0.922858 0.858233 0.753516 0.265841 
10 2.47 0.921592 0.85608 0.750085 0.273196 
10 2.475 0.92023 0.853754 0.746453 0.280022 
10 2.475 0.921706 0.856084 0.749936 0.264311 
10 2.475 0.921722 0.855562 0.748254 0.242028 
10 2.48 0.919444 0.852201 0.744066 0.275159 
10 2.48 0.918948 0.851418 0.742738 0.280359 
10 2.48 0.919854 0.852945 0.745116 0.274762 
10 2.485 0.91852 0.851082 0.742953 0.297927 
10 2.485 0.919072 0.85158 0.74259 0.27711 
10 2.485 0.91771 0.849629 0.740362 0.299277 
10 2.49 0.917052 0.847987 0.737344 0.281235 
10 2.49 0.917712 0.849115 0.738919 0.27791 
10 2.49 0.917638 0.849141 0.739457 0.284404 
10 2.495 0.916262 0.846766 0.735567 0.289766 
10 2.495 0.916298 0.846751 0.735437 0.286513 
10 2.495 0.916224 0.846703 0.735421 0.290055 
10 2.5 0.914718 0.844311 0.731912 0.30407 
10 2.5 0.913332 0.842191 0.729093 0.320644 
10 2.5 0.913644 0.842314 0.728636 0.302758 
10 2.505 0.913434 0.841917 0.728063 0.301594 
10 2.505 0.91368 0.842293 0.728543 0.298675 
10 2.505 0.910138 0.837316 0.722432 0.357866 
10 2.51 0.910648 0.837561 0.721816 0.329931 
10 2.51 0.912898 0.841175 0.727235 0.310441 
10 2.51 0.910766 0.837821 0.722282 0.331738 
10 2.515 0.910796 0.837984 0.723085 0.335374 
10 2.515 0.910068 0.836738 0.720827 0.338551 
10 2.515 0.91133 0.838786 0.724188 0.328572 
10 2.52 0.908874 0.834593 0.717352 0.338937 
10 2.52 0.907002 0.831957 0.714377 0.369218 
10 2.52 0.908308 0.833491 0.716137 0.336007 
10 2.525 0.905406 0.829443 0.710524 0.383503 
10 2.525 0.908504 0.833831 0.716182 0.33473 
10 2.525 0.907248 0.831713 0.713114 0.341146 
10 2.53 0.90412 0.82717 0.70713 0.38485 
10 2.53 0.90607 0.829738 0.710191 0.346842 
10 2.53 0.905492 0.829138 0.70954 0.364506 
10 2.535 0.902836 0.824439 0.70232 0.367878 
10 2.535 0.90201 0.823849 0.702153 0.40343 
10 2.535 0.901452 0.823287 0.702343 0.420972 
10 2.54 0.902496 0.824054 0.701903 0.376174 
10 2.54 0.903448 0.826148 0.705541 0.390949 
10 2.54 0.904214 0.826725 0.705411 0.359132 
10 2.545 0.89996 0.819587 0.69498 0.379527 
10 2.545 0.900902 0.821412 0.697999 0.384598 
10 2.545 0.90141 0.822138 0.698824 0.377131 
10 2.55 0.898688 0.818233 0.694217 0.415412 
10 2.55 0.897382 0.816224 0.691013 0.428614 
10 2.55 0.89983 0.819655 0.695414 0.390633 
10 2.555 0.897266 0.816049 0.690682 0.429082 
10 2.555 0.898178 0.816622 0.690444 0.3874 
10 2.555 0.897844 0.816962 0.692329 0.424206 
10 2.56 0.898356 0.817927 0.693262 0.425119 
10 2.56 0.895964 0.813336 0.686524 0.413476 
10 2.56 0.896064 0.813824 0.687451 0.425514 
10 2.565 0.891942 0.807948 0.679941 0.482928 
10 2.565 0.895696 0.812928 0.685694 0.415449 
10 2.565 0.89514 0.812463 0.685511 0.436154 
10 2.57 0.892786 0.808977 0.681249 0.463443 
10 2.57 0.893928 0.810393 0.68229 0.439116 
10 2.57 0.891312 0.80682 0.678187 0.481823 
10 2.575 0.893518 0.809491 0.68058 0.431715 
10 2.575 0.888888 0.801983 0.669767 0.46064 
10 2.575 0.891074 0.805857 0.675838 0.459951 
10 2.58 0.887236 0.800275 0.668794 0.50726 
10 2.58 0.886146 0.798798 0.667486 0.524941 
10 2.58 0.889772 0.803375 0.671818 0.452758 
10 2.585 0.887344 0.800092 0.667991 0.491794 
10 2.585 0.886164 0.798194 0.665648 0.499305 
10 2.585 0.887304 0.800273 0.66894 0.50154 
10 2.59 0.882772 0.793474 0.659369 0.547787 
10 2.59 0.887318 0.799762 0.667055 0.479892 
10 2.59 0.886886 0.798858 0.665842 0.474551 
10 2.595 0.886106 0.797916 0.665132 0.490643 
10 2.595 0.884564 0.795278 0.661101 0.494195 
10 2.595 0.883164 0.79365 0.65922 0.526834 
10 2.6 0.881236 0.789765 0.65299 0.50723 
10 2.6 0.884684 0.795494 0.66125 0.493384 
10 2.6 0.881348 0.790639 0.655473 0.533259 
10 2.605 0.88002 0.788197 0.650906 0.528276 
10 2.605 0.879936 0.788336 0.651528 0.539313 
10 2.605 0.879336 0.787937 0.65177 0.564497 
10 2.61 0.87817 0.7856 0.648248 0.552407 
10 2.61 0.878122 0.785601 0.648344 0.555679 
10 2.61 0.879384 0.787284 0.649796 0.535167 
10 2.615 0.877538 0.784577 0.646543 0.554667 
10 2.615 0.878392 0.785636 0.647583 0.537807 
10 2.615 0.874866 0.78088 0.641756 0.592321 
10 2.62 0.874572 0.779591 0.639401 0.56163 
10 2.62 0.871386 0.775823 0.63546 0.63015 
10 2.62 0.8725 0.777516 0.637907 0.620607 
10 2.625 0.874322 0.780004 0.640907 0.592971 
10 2.625 0.873456 0.778255 0.637788 0.583987 
10 2.625 0.873278 0.778612 0.639304 0.609441 
10 2.63 0.872456 0.776096 0.634195 0.56715 
10 2.63 0.869248 0.772418 0.630824 0.639769 
10 2.63 0.86984 0.772716 0.63049 0.611956 
10 2.635 0.865442 0.766213 0.62263 0.653639 
10 2.635 0.868098 0.769564 0.625878 0.606062 
10 2.635 0.868308 0.769985 0.626347 0.608213 
10 2.64 0.86105 0.760093 0.614306 0.707808 
10 2.64 0.863802 0.764186 0.619776 0.683048 
10 2.64 0.865222 0.766338 0.622402 0.671535 
10 2.645 0.863774 0.763858 0.618977 0.671185 
10 2.645 0.864078 0.763352 0.617386 0.632177 
10 2.645 0.866958 0.767977 0.623603 0.61856 
10 2.65 0.863044 0.762994 0.618523 0.684858 
10 2.65 0.861412 0.76016 0.613823 0.684112 
10 2.65 0.860576 0.759131 0.612933 0.699637 
10 2.655 0.856928 0.753602 0.605725 0.726051 
10 2.655 0.85859 0.755648 0.607822 0.695704 
10 2.655 0.859698 0.75708 0.609338 0.677955 
10 2.66 0.855662 0.752411 0.605223 0.761399 
10 2.66 0.855606 0.752593 0.606029 0.771868 
10 2.66 0.857538 0.75458 0.607032 0.722132 
10 2.665 0.855242 0.750169 0.60013 0.70281 
10 2.665 0.852356 0.746531 0.596403 0.751236 
10 2.665 0.853996 0.748947 0.599325 0.73689 
10 2.67 0.849096 0.74299 0.593249 0.824928 
10 2.67 0.853068 0.748143 0.599239 0.764735 
10 2.67 0.851916 0.745788 0.595476 0.750077 
10 2.675 0.85395 0.748851 0.598923 0.733476 
10 2.675 0.847202 0.738938 0.586937 0.792021 
10 2.675 0.849552 0.742436 0.591213 0.773744 
10 2.68 0.846264 0.738271 0.58628 0.824936 
10 2.68 0.847638 0.738419 0.584412 0.743613 
10 2.68 0.848364 0.740826 0.589814 0.787482 
10 2.685 0.846268 0.737454 0.584796 0.792709 
10 2.685 0.846648 0.737273 0.583725 0.762034 
10 2.685 0.84592 0.736671 0.583536 0.785484 
10 2.69 0.841302 0.731156 0.578009 0.86867 
10 2.69 0.84038 0.728645 0.572941 0.832952 
10 2.69 0.843284 0.733314 0.579481 0.824771 
10 2.695 0.834846 0.722111 0.567029 0.932959 
10 2.695 0.838472 0.726337 0.570728 0.864635 
10 2.695 0.840304 0.729302 0.574742 0.860544 
10 2.7 0.838364 0.726395 0.571053 0.871895 
10 2.7 0.837588 0.725337 0.569832 0.880866 
10 2.7 0.835542 0.723196 0.567992 0.928356 
10 2.705 0.833876 0.720781 0.56521 0.940185 
10 2.705 0.835158 0.722367 0.566873 0.919726 
10 2.705 0.832724 0.718099 0.560878 0.912013 
10 2.71 0.831868 0.717096 0.559649 0.92589 
10 2.71 0.828626 0.712104 0.552739 0.940317 
10 2.71 0.831588 0.715803 0.557058 0.895381 
10 2.715 0.828204 0.711947 0.553427 0.958582 
10 2.715 0.82742 0.710544 0.551926 0.954707 
10 2.715 0.826302 0.709463 0.550674 0.982992 
10 2.72 0.827436 0.710261 0.55085 0.941564 
10 2.72 0.826988 0.710467 0.551603 0.976405 
10 2.72 0.825518 0.707061 0.545923 0.940461 
10 2.725 0.823718 0.706142 0.547228 1.01399 
10 2.725 0.820508 0.701275 0.540898 1.02906 
10 2.725 0.82374 0.705302 0.544452 0.981816 
10 2.73 0.821548 0.70159 0.53976 0.976167 
10 2.73 0.817836 0.697252 0.535227 1.04015 
10 2.73 0.817166 0.697068 0.535655 1.07354 
10 2.735 0.81733 0.696646 0.535135 1.04635 
10 2.735 0.81567 0.694419 0.532714 1.06402 
10 2.735 0.821878 0.703107 0.54243 1.00999 
10 2.74 0.812972 0.691479 0.529484 1.11518 
10 2.74 0.815322 0.693809 0.531359 1.06054 
10 2.74 0.816208 0.694322 0.531441 1.0265 
10 2.745 0.81122 0.68768 0.524075 1.0784 
10 2.745 0.811352 0.68774 0.522858 1.07277 
10 2.745 0.813022 0.690373 0.527197 1.06987 
10 2.75 0.806692 0.680964 0.515936 1.09861 
10 2.75 0.810112 0.68627 0.522329 1.0905 
10 2.75 0.805546 0.679545 0.51373 1.11421 
10 2.755 0.80672 0.68154 0.516107 1.1159 
10 2.755 0.800874 0.674373 0.509327 1.19686 
10 2.755 0.801212 0.673925 0.507437 1.16096 
10 2.76 0.80063 0.673397 0.507159 1.17351 
10 2.76 0.802746 0.676153 0.510601 1.15042 
10 2.76 0.804436 0.677578 0.510816 1.10364 
10 2.765 0.795952 0.666565 0.498093 1.19442 
10 2.765 0.79706 0.667685 0.499786 1.17107 
10 2.765 0.799934 0.67273 0.506671 1.18754 
10 2.77 0.789938 0.658685 0.490805 1.25211 
10 2.77 0.796868 0.668285 0.501775 1.20169 
10 2.77 0.794906 0.664586 0.495864 1.18089 
10 2.775 0.792772 0.662623 0.495205 1.23011 
10 2.775 0.79047 0.65996 0.492403 1.26549 
10 2.775 0.790772 0.659915 0.49202 1.24664 
10 2.78 0.789052 0.657079 0.48766 1.24014 
10 2.78 0.7866 0.654344 0.485722 1.28075 
10 2.78 0.786368 0.653804 0.484422 1.27445 
10 2.785 0.781748 0.647001 0.476645 1.28801 
10 2.785 0.784568 0.651046 0.481479 1.27467 
10 2.785 0.79134 0.659469 0.489284 1.19389 
10 2.79 0.777048 0.641883 0.471963 1.36485 
10 2.79 0.776126 0.640907 0.471126 1.38121 
10 2.79 0.780826 0.645483 0.473709 1.28292 
10 2.795 0.780948 0.646559 0.475947 1.31232 
10 2.795 0.77862 0.644195 0.474994 1.35763 
10 2.795 0.780326 0.644876 0.47343 1.28686 
10 2.8 0.769856 0.631615 0.459427 1.39058 
10 2.8 0.778578 0.642466 0.470817 1.2958 
10 2.8 0.776166 0.640077 0.468549 1.34442 
10 2.805 0.768964 0.631034 0.459121 1.41636 
10 2.805 0.771608 0.634382 0.463687 1.39049 
10 2.805 0.770696 0.633364 0.462371 1.40434 
10 2.81 0.769144 0.630098 0.456949 1.37068 
10 2.81 0.763414 0.623717 0.451661 1.4561 
10 2.81 0.766366 0.626772 0.45342 1.40409 
10 2.815 0.762168 0.620903 0.447606 1.42106 
10 2.815 0.767548 0.626802 0.452224 1.33828 
10 2.815 0.763392 0.622705 0.449618 1.41875 
10 2.82 0.76007 0.618212 0.444084 1.43637 
10 2.82 0.759258 0.618255 0.446053 1.48166 
10 2.82 0.763226 0.623028 0.450696 1.43667 
10 2.825 0.75718 0.615945 0.442931 1.50878 
10 2.825 0.75837 0.616492 0.442812 1.46433 
10 2.825 0.758392 0.616371 0.442747 1.45885 
10 2.83 0.753308 0.610085 0.436548 1.50573 
10 2.83 0.75143 0.608399 0.434812 1.54602 
10 2.83 0.749796 0.605252 0.430811 1.52148 
10 2.835 0.749574 0.605613 0.431951 1.54326 
10 2.835 0.748796 0.604619 0.430434 1.54934 
10 2.835 0.747558 0.602085 0.4276 1.52528 
10 2.84 0.742506 0.595218 0.418561 1.54588 
10 2.84 0.74967 0.603898 0.427907 1.47511 
10 2.84 0.744542 0.598637 0.423705 1.55966 
10 2.845 0.744114 0.599039 0.425391 1.59345 
10 2.845 0.744238 0.598335 0.423241 1.56219 
10 2.845 0.741174 0.594513 0.419702 1.58783 
10 2.85 0.73373 0.585751 0.410637 1.66286 
10 2.85 0.738264 0.590099 0.414246 1.58123 
10 2.85 0.742502 0.595481 0.419613 1.54988 
10 2.855 0.727128 0.576973 0.401927 1.6903 
10 2.855 0.736446 0.587671 0.411701 1.58734 
10 2.855 0.737844 0.591063 0.416523 1.63395 
10 2.86 0.739966 0.592159 0.415476 1.55978 
10 2.86 0.732708 0.583165 0.40695 1.61904 
10 2.86 0.728786 0.578587 0.402834 1.65938 
10 2.865 0.7237 0.571664 0.395294 1.67269 
10 2.865 0.72424 0.573626 0.398733 1.71385 
10 2.865 0.728084 0.578248 0.403187 1.68035 
10 2.87 0.721248 0.570077 0.394693 1.73791 
10 2.87 0.72246 0.571721 0.396673 1.73423 
10 2.87 0.7178 0.564323 0.387782 1.71031 
10 2.875 0.720854 0.568686 0.39174 1.70629 
10 2.875 0.71579 0.562937 0.386829 1.75935 
10 2.875 0.71356 0.559574 0.383171 1.75326 
10 2.88 0.714646 0.559872 0.381816 1.70672 
10 2.88 0.716604 0.562464 0.385178 1.69939 
10 2.88 0.709246 0.553452 0.3758 1.75077 
10 2.885 0.711122 0.556184 0.378447 1.75006 
10 2.885 0.70269 0.546224 0.369673 1.81804 
10 2.885 0.710784 0.555265 0.378268 1.73489 
10 2.89 0.704684 0.548743 0.37177 1.80495 
10 2.89 0.703656 0.546832 0.36946 1.78892 
10 2.89 0.708338 0.552331 0.374888 1.75046 
10 2.895 0.701566 0.544915 0.367912 1.82108 
10 2.895 0.707804 0.551526 0.373357 1.74577 
10 2.895 0.702658 0.545823 0.36826 1.79949 
10 2.9 0.699722 0.541063 0.362752 1.7742 
10 2.9 0.696304 0.5384 0.361934 1.84692 
10 2.9 0.702528 0.544758 0.366806 1.76596 
10 2.905 0.694412 0.534424 0.355591 1.79746 
10 2.905 0.69853 0.541169 0.36478 1.8322 
10 2.905 0.688984 0.528795 0.350943 1.86216 
10 2.91 0.68246 0.522352 0.347051 1.94502 
10 2.91 0.694434 0.535279 0.357779 1.82271 
10 2.91 0.690942 0.531529 0.354124 1.86009 
10 2.915 0.684822 0.523566 0.345714 1.87254 
10 2.915 0.691134 0.531073 0.352961 1.83215 
10 2.915 0.68662 0.524915 0.346958 1.83423 
10 2.92 0.683374 0.52276 0.346243 1.90959 
10 2.92 0.678484 0.516348 0.340011 1.91805 
10 2.92 0.681608 0.520571 0.344125 1.91718 
10 2.925 0.68256 0.520687 0.343017 1.87346 
10 2.925 0.67576 0.513835 0.337973 1.955 
10 2.925 0.674488 0.512652 0.33655 1.97325 
10 2.93 0.676548 0.513668 0.336203 1.90958 
10 2.93 0.6785 0.515647 0.337451 1.88684 
10 2.93 0.676768 0.514223 0.337312 1.91838 
10 2.935 0.671374 0.506534 0.32847 1.90088 
10 2.935 0.67691 0.51263 0.334554 1.85428 
10 2.935 0.664966 0.499409 0.321617 1.94989 
10 2.94 0.668818 0.503927 0.326879 1.92548 
10 2.94 0.666862 0.501073 0.32317 1.91728 
10 2.94 0.6658 0.501773 0.325647 1.98923 
10 2.945 0.667032 0.501547 0.323867 1.92241 
10 2.945 0.659326 0.492059 0.314339 1.94732 
10 2.945 0.655694 0.488621 0.312023 1.99274 
10 2.95 0.659884 0.492081 0.314404 1.91979 
10 2.95 0.65829 0.490452 0.312835 1.93582 
10 2.95 0.662762 0.496625 0.319372 1.94481 
10 2.955 0.649296 0.480932 0.304799 2.00836 
10 2.955 0.658296 0.490079 0.312226 1.91964 
10 2.955 0.654888 0.487812 0.311297 1.99439 
10 2.96 0.646428 0.477124 0.300499 2.00184 
10 2.96 0.652728 0.484362 0.307633 1.96985 
10 2.96 0.648102 0.479287 0.303265 2.00171 
10 2.965 0.642384 0.472595 0.297413 2.02152 
10 2.965 0.642594 0.472355 0.296154 2.0043 
10 2.965 0.639054 0.46845 0.292856 2.02562 
10 2.97 0.64083 0.471638 0.296771 2.05304 
10 2.97 0.64 0.4687 0.29198 1.98988 
10 2.97 0.644476 0.474924 0.298521 2.00587 
10 2.975 0.637184 0.466768 0.291874 2.04252 
10 2.975 0.640078 0.469753 0.293044 2.01859 
10 2.975 0.63366 0.462685 0.287402 2.05581 
10 2.98 0.630004 0.458949 0.284795 2.08202 
10 2.98 0.631572 0.460617 0.286413 2.07161 
10 2.98 0.632982 0.460498 0.284388 2.00778 
10 2.985 0.63876 0.467358 0.291078 1.98806 
10 2.985 0.631202 0.45867 0.282719 2.01857 
10 2.985 0.63035 0.458848 0.284696 2.06054 
10 2.99 0.625332 0.451814 0.277411 2.03256 
10 2.99 0.622082 0.450172 0.277154 2.11325 
10 2.99 0.621964 0.44974 0.276697 2.10372 
10 2.995 0.618366 0.445014 0.27074 2.0914 
10 2.995 0.616908 0.446028 0.275651 2.1854 
10 2.995 0.620136 0.447459 0.274534 2.09985 
10 3 0.615152 0.440193 0.266634 2.05937 
10 3 0.614534 0.440536 0.267473 2.09612 
10 3 0.6199 0.445961 0.27179 2.05615 
10 3.005 0.613472 0.439901 0.266377 2.11491 
10 3.005 0.607018 0.432406 0.260932 2.12762 
10 3.005 0.605246 0.430656 0.259589 2.14088 
10 3.01 0.6096 0.433854 0.261027 2.06782 
10 3.01 0.601584 0.426155 0.254818 2.13461 
10 3.01 0.604232 0.430158 0.259036 2.16152 
10 3.015 0.60132 0.42557 0.254173 2.12221 
10 3.015 0.60627 0.429669 0.256572 2.05988 
10 3.015 0.603594 0.428332 0.256112 2.12293 
10 3.02 0.601708 0.42619 0.254567 2.12374 
10 3.02 0.602692 0.427445 0.255905 2.12608 
10 3.02 0.591354 0.415412 0.246173 2.1759 
10 3.025 0.590598 0.41232 0.242044 2.09965 
10 3.025 0.592858 0.415773 0.244669 2.12537 
10 3.025 0.593884 0.417388 0.246977 2.13851 
10 3.03 0.589304 0.411518 0.241439 2.12009 
10 3.03 0.594192 0.416864 0.246218 2.10561 
10 3.03 0.590804 0.414136 0.244189 2.14806 
10 3.035 0.585054 0.406827 0.236777 2.12648 
10 3.035 0.585028 0.406905 0.23725 2.13005 
10 3.035 0.586536 0.410093 0.241444 2.1769 
10 3.04 0.58794 0.409664 0.239435 2.10496 
10 3.04 0.581634 0.402856 0.233816 2.12361 
10 3.04 0.584566 0.406638 0.237417 2.13554 
10 3.045 0.584252 0.405865 0.23636 2.1187 
10 3.045 0.58231 0.404781 0.236444 2.1575 
10 3.045 0.580244 0.400701 0.231164 2.1024 
10 3.05 0.575562 0.39596 0.22716 2.12092 
10 3.05 0.57316 0.393834 0.225838 2.14168 
10 3.05 0.573048 0.394566 0.227709 2.16991 
10 3.055 0.570808 0.391187 0.223631 2.13962 
10 3.055 0.568174 0.388438 0.221629 2.14784 
10 3.055 0.567572 0.38912 0.223788 2.19253 
10 3.06 0.565898 0.386279 0.219988 2.15812 
10 3.06 0.561898 0.382741 0.21811 2.18994 
10 3.06 0.567154 0.387322 0.220667 2.14571 
10 3.065 0.567116 0.387357 0.220692 2.14475 
10 3.065 0.555034 0.374181 0.209888 2.1572 
10 3.065 0.56071 0.380277 0.214168 2.14946 
10 3.07 0.556294 0.376111 0.21197 2.17094 
10 3.07 0.560632 0.380141 0.214972 2.14439 
10 3.07 0.564422 0.383788 0.217351 2.12429 
10 3.075 0.557766 0.376801 0.211454 2.13651 
10 3.075 0.554648 0.373028 0.208241 2.12663 
10 3.075 0.55587 0.374247 0.208814 2.12213 
10 3.08 0.55344 0.371027 0.205863 2.10166 
10 3.08 0.55304 0.371686 0.206925 2.13744 
10 3.08 0.55392 0.371532 0.206008 2.10081 
10 3.085 0.543568 0.363304 0.201392 2.19895 
10 3.085 0.55104 0.370742 0.207701 2.17494 
10 3.085 0.548792 0.367068 0.20342 2.136 
10 3.09 0.542032 0.359767 0.197316 2.13491 
10 3.09 0.545556 0.363951 0.201153 2.14626 
10 3.09 0.5449 0.362176 0.198426 2.11197 
10 3.095 0.539044 0.355503 0.192964 2.09803 
10 3.095 0.538392 0.35692 0.195964 2.16654 
10 3.095 0.536684 0.355125 0.194535 2.16787 
10 3.1 0.53497 0.352313 0.190828 2.13291 
10 3.1 0.528652 0.347068 0.188545 2.18048 
10 3.1 0.525268 0.342277 0.183 2.141 
10 3.105 0.532182 0.348867 0.188223 2.11431 
10 3.105 0.53201 0.349915 0.189245 2.15396 
10 3.105 0.523526 0.341712 0.184397 2.17818 
10 3.11 0.53101 0.348279 0.187728 2.13206 
10 3.11 0.526328 0.34276 0.183458 2.1138 
10 3.11 0.52454 0.340847 0.181744 2.11271 
10 3.115 0.526542 0.343047 0.183622 2.11237 
10 3.115 0.52921 0.345422 0.185345 2.09821 
10 3.115 0.521174 0.337886 0.179933 2.12723 
10 3.12 0.519498 0.336321 0.178413 2.12957 
10 3.12 0.519008 0.334505 0.176123 2.08767 
10 3.12 0.519832 0.335624 0.177412 2.0961 
10 3.125 0.519042 0.335013 0.176869 2.09947 
10 3.125 0.519044 0.335194 0.177292 2.1052 
10 3.125 0.520206 0.336004 0.177107 2.09247 
10 3.13 0.51435 0.331311 0.175457 2.13274 
10 3.13 0.512934 0.329646 0.173458 2.12604 
10 3.13 0.51501 0.329792 0.171779 2.06252 
10 3.135 0.510092 0.325657 0.169266 2.08814 
10 3.135 0.511254 0.327609 0.170999 2.11256 
10 3.135 0.512064 0.327249 0.170464 2.07462 
10 3.14 0.501668 0.317949 0.16413 2.11077 
10 3.14 0.506036 0.322166 0.167357 2.1049 
10 3.14 0.510904 0.326335 0.169876 2.07999 
10 3.145 0.494658 0.310943 0.159544 2.10671 
10 3.145 0.504494 0.31882 0.163819 2.04469 
10 3.145 0.504928 0.320925 0.166202 2.09769 
10 3.15 0.49405 0.309143 0.156521 2.06532 
10 3.15 0.496208 0.311236 0.158361 2.06391 
10 3.15 0.498816 0.314397 0.161079 2.08188 
10 3.155 0.495732 0.31167 0.158968 2.08939 
10 3.155 0.496374 0.311944 0.158858 2.07786 
10 3.155 0.494606 0.310533 0.158857 2.0887 
10 3.16 0.491176 0.30652 0.154048 2.0654 
10 3.16 0.495426 0.311325 0.159056 2.08474 
10 3.16 0.492476 0.307091 0.154299 2.043 
10 3.165 0.48753 0.303045 0.152044 2.06509 
10 3.165 0.486562 0.302798 0.152707 2.08706 
10 3.165 0.490242 0.305376 0.153768 2.05493 
10 3.17 0.48671 0.302107 0.152045 2.05743 
10 3.17 0.48289 0.298543 0.14939 2.06184 
10 3.17 0.489056 0.303088 0.151404 2.01616 
10 3.175 0.487268 0.300834 0.149852 1.99696 
10 3.175 0.484086 0.298244 0.147478 2.01274 
10 3.175 0.479786 0.294417 0.1453 2.02276 
10 3.18 0.480514 0.296174 0.147549 2.05285 
10 3.18 0.47507 0.290348 0.142717 2.03323 
10 3.18 0.481174 0.296189 0.14699 2.03336 
10 3.185 0.46996 0.285055 0.138199 2.01547 
10 3.185 0.475568 0.28989 0.141807 2.00079 
10 3.185 0.472964 0.28738 0.140138 1.99953 
10 3.19 0.468762 0.283987 0.138575 2.01407 
10 3.19 0.467426 0.283705 0.138314 2.04445 
10 3.19 0.470378 0.28574 0.139432 2.02147 
10 3.195 0.466894 0.280765 0.134737 1.96478 
10 3.195 0.467808 0.282819 0.136871 2.00234 
10 3.195 0.46761 0.283331 0.13847 2.02414 
10 3.2 0.462008 0.277077 0.132847 1.98829 
10 3.2 0.46493 0.280275 0.135694 2.00359 
10 3.2 0.469102 0.283194 0.136397 1.97303 
10 3.205 0.458678 0.27413 0.13042 1.9889 
10 3.205 0.455018 0.269521 0.127338 1.94945 
10 3.205 0.461288 0.276063 0.132016 1.97431 
10 3.21 0.458524 0.27401 0.130553 1.98647 
10 3.21 0.459132 0.273785 0.130417 1.96207 
10 3.21 0.457148 0.272956 0.130458 1.99289 
10 3.215 0.455314 0.269817 0.127358 1.94422 
10 3.215 0.45661 0.27199 0.129155 1.97504 
10 3.215 0.45239 0.268493 0.127268 1.98558 
10 3.22 0.451992 0.268308 0.127156 1.98791 
10 3.22 0.454426 0.268335 0.125867 1.92025 
10 3.22 0.449148 0.264073 0.123099 1.93601 
10 3.225 0.450052 0.26477 0.123637 1.92941 
10 3.225 0.449786 0.264941 0.123678 1.94213 
10 3.225 0.452136 0.267059 0.125776 1.94209 
10 3.23 0.44521 0.260641 0.121032 1.9328 
10 3.23 0.44532 0.260329 0.120584 1.92009 
10 3.23 0.44086 0.257493 0.11961 1.95466 
10 3.235 0.44462 0.259636 0.11985 1.91495 
10 3.235 0.439584 0.256074 0.117851 1.9425 
10 3.235 0.44236 0.256733 0.117262 1.88719 
10 3.24 0.442202 0.257316 0.118385 1.90658 
10 3.24 0.44022 0.256121 0.118128 1.92368 
10 3.24 0.439824 0.25578 0.117634 1.92392 
10 3.245 0.438858 0.25355 0.114941 1.87839 
10 3.245 0.439276 0.254663 0.116436 1.90139 
10 3.245 0.437252 0.252511 0.115206 1.88971 
10 3.25 0.43634 0.250373 0.112449 1.84554 
10 3.25 0.435666 0.251199 0.114022 1.88904 
10 3.25 0.433988 0.248722 0.111602 1.85773 
10 3.255 0.4321 0.248075 0.111701 1.88523 
10 3.255 0.430284 0.244907 0.108608 1.83603 
10 3.255 0.43083 0.246095 0.110653 1.85807 
10 3.26 0.426052 0.241241 0.106183 1.83191 
10 3.26 0.430624 0.246494 0.110695 1.8729 
10 3.26 0.42931 0.245779 0.110556 1.88565 
10 3.265 0.420526 0.236917 0.103984 1.83997 
10 3.265 0.423806 0.23962 0.105548 1.83792 
10 3.265 0.425078 0.239673 0.105084 1.8065 
10 3.27 0.42234 0.237785 0.104082 1.81693 
10 3.27 0.424756 0.24049 0.106612 1.83707 
10 3.27 0.422186 0.237955 0.104748 1.82612 
10 3.275 0.421518 0.23733 0.104098 1.82146 
10 3.275 0.41662 0.233002 0.101513 1.81466 
10 3.275 0.420586 0.237172 0.104563 1.84058 
10 3.28 0.41649 0.23281 0.101502 1.80933 
10 3.28 0.413034 0.22905 0.0982787 1.78211 
10 3.28 0.417864 0.233407 0.101164 1.7926 
10 3.285 0.41455 0.230343 0.0990216 1.78056 
10 3.285 0.411068 0.228009 0.0980099 1.79702 
10 3.285 0.412292 0.22818 0.097774 1.77154 
10 3.29 0.414714 0.230974 0.0996756 1.79289 
10 3.29 0.417268 0.23295 0.101018 1.78838 
10 3.29 0.413214 0.230559 0.100054 1.81802 
10 3.295 0.412192 0.228654 0.0982656 1.78305 
10 3.295 0.414276 0.230718 0.0997675 1.79343 
10 3.295 0.410476 0.225815 0.0949071 1.73973 
10 3.3 0.407442 0.224814 0.0963765 1.78196 
10 3.3 0.407698 0.224094 0.0947976 1.75383 
10 3.3 0.40472 0.222513 0.0948317 1.77923 
10 3.305 0.40299 0.219565 0.0920188 1.72962 
10 3.305 0.405672 0.222344 0.0942035 1.74808 
10 3.305 0.406318 0.223086 0.0944728 1.75466 
10 3.31 0.405504 0.222162 0.0939789 1.74406 
10 3.31 0.400344 0.218223 0.0919599 1.75069 
10 3.31 0.402582 0.219262 0.0919875 1.7278 
10 3.315 0.402906 0.219799 0.0923433 1.73351 
10 3.315 0.397356 0.214882 0.0888377 1.71917 
10 3.315 0.393508 0.211899 0.0873068 1.72099 
10 3.32 0.394922 0.212133 0.0870745 1.69186 
10 3.32 0.395936 0.213813 0.088619 1.7183 
10 3.32 0.396314 0.213428 0.0878958 1.6977 
10 3.325 0.395564 0.213019 0.0882004 1.7007 
10 3.325 0.39489 0.211425 0.0857897 1.66878 
10 3.325 0.396316 0.213138 0.0876186 1.68636 
10 3.33 0.39491 0.212777 0.0878008 1.7064 
10 3.33 0.3884 0.207704 0.0852459 1.70719 
10 3.33 0.393468 0.211315 0.0868847 1.69664 
10 3.335 0.387198 0.206117 0.084208 1.68498 
10 3.335 0.389384 0.2072 0.0836344 1.66658 
10 3.335 0.387898 0.205939 0.0831785 1.66339 
10 3.34 0.38402 0.202806 0.0816846 1.65673 
10 3.34 0.388222 0.206017 0.0832702 1.65572 
10 3.34 0.388632 0.207054 0.0841702 1.67723 
10 3.345 0.387516 0.205772 0.083167 1.66227 
10 3.345 0.389256 0.206485 0.0833843 1.6432 
10 3.345 0.381524 0.200698 0.0800774 1.64835 
10 3.35 0.383954 0.203332 0.0818749 1.66898 
10 3.35 0.38114 0.199224 0.0781497 1.61065 
10 3.35 0.37865 0.197953 0.0781069 1.62918 
10 3.355 0.384502 0.203482 0.0822688 1.65842 
10 3.355 0.380126 0.198465 0.0780461 1.60863 
10 3.355 0.380244 0.199555 0.0797212 1.63845 
10 3.36 0.37843 0.19802 0.0786168 1.63127 
10 3.36 0.377086 0.196189 0.0769171 1.60701 
10 3.36 0.378142 0.19792 0.0787115 1.63477 
10 3.365 0.374118 0.193827 0.0756345 1.60067 
10 3.365 0.376866 0.194388 0.074944 1.55603 
10 3.365 0.377062 0.195602 0.0762323 1.58769 
10 3.37 0.371584 0.191747 0.0748547 1.59266 
10 3.37 0.379008 0.19724 0.0768884 1.59028 
10 3.37 0.37514 0.195378 0.0770437 1.62159 
10 3.375 0.374718 0.193347 0.0747618 1.5684 
10 3.375 0.373728 0.192672 0.0742734 1.57034 
10 3.375 0.370428 0.190553 0.0738227 1.58033 
10 3.38 0.368018 0.189018 0.0729971 1.58523 
10 3.38 0.370184 0.190156 0.0730416 1.5716 
10 3.38 0.371022 0.19175 0.0750441 1.60036 
10 3.385 0.362716 0.183158 0.0691277 1.52424 
10 3.385 0.368834 0.18915 0.0726523 1.56901 
10 3.385 0.368002 0.188056 0.0715929 1.55482 
10 3.39 0.366694 0.185743 0.0697292 1.51263 
10 3.39 0.36386 0.185388 0.0712232 1.56325 
10 3.39 0.365354 0.18572 0.0704019 1.5409 
10 3.395 0.361836 0.1838 0.0703257 1.55743 
10 3.395 0.36414 0.185107 0.0704335 1.54665 
10 3.395 0.360196 0.180781 0.066888 1.50338 
10 3.4 0.361122 0.180489 0.0664795 1.47295 
10 3.4 0.36022 0.181744 0.0683853 1.52899 
10 3.4 0.360038 0.181243 0.0682789 1.51812 
10 3.405 0.36036 0.181206 0.067957 1.50798 
10 3.405 0.355864 0.17677 0.0643239 1.47226 
10 3.405 0.359382 0.181133 0.067859 1.52651 
10 3.41 0.358896 0.180165 0.0672192 1.50613 
10 3.41 0.355804 0.17813 0.0663065 1.51125 
10 3.41 0.360266 0.181712 0.0688406 1.5226 
10 3.415 0.356806 0.177903 0.0651832 1.48147 
10 3.415 0.354396 0.176754 0.0653278 1.49803 
10 3.415 0.35486 0.176304 0.0648604 1.47522 
10 3.42 0.353682 0.175232 0.064306 1.46611 
10 3.42 0.354344 0.175139 0.0635641 1.4497 
10 3.42 0.3535 0.175652 0.0645649 1.48216 
10 3.425 0.351194 0.173011 0.0627376 1.45034 
10 3.425 0.349256 0.171656 0.0619157 1.45041 
10 3.425 0.354412 0.175973 0.064549 1.47052 
10 3.43 0.346862 0.170739 0.062426 1.47014 
10 3.43 0.351308 0.173497 0.0630855 1.46006 
10 3.43 0.348774 0.173362 0.0641975 1.50782 
10 3.435 0.348368 0.171214 0.0619743 1.45134 
10 3.435 0.344308 0.167624 0.0598653 1.42871 
10 3.435 0.346506 0.171006 0.0623353 1.48297 
10 3.44 0.34022 0.164824 0.0584511 1.42658 
10 3.44 0.344094 0.166414 0.0589061 1.39572 
10 3.44 0.344436 0.168255 0.0603186 1.4424 
10 3.445 0.342868 0.166948 0.0595437 1.43366 
10 3.445 0.34009 0.163819 0.0574237 1.39791 
10 3.445 0.346612 0.16905 0.0604102 1.41974 
10 3.45 0.342428 0.16557 0.0581998 1.40037 
10 3.45 0.343802 0.166333 0.0586167 1.39515 
10 3.45 0.341578 0.165331 0.0584691 1.41029 
10 3.455 0.339076 0.162303 0.0560434 1.36992 
10 3.455 0.339506 0.163329 0.0573761 1.39116 
10 3.455 0.339488 0.164062 0.0582811 1.41274 
10 3.46 0.335454 0.159019 0.0542949 1.34364 
10 3.46 0.33902 0.163939 0.0583887 1.4163 
10 3.46 0.336406 0.161033 0.0565786 1.38336 
10 3.465 0.33507 0.159595 0.0549229 1.36573 
10 3.465 0.3354 0.160637 0.0563028 1.38942 
10 3.465 0.335586 0.160097 0.0549151 1.37024 
10 3.47 0.33817 0.162319 0.056371 1.38212 
10 3.47 0.336902 0.160285 0.0549276 1.34817 
10 3.47 0.33606 0.159886 0.0550268 1.35301 
10 3.475 0.33399 0.15827 0.0539218 1.34448 
10 3.475 0.336542 0.160196 0.0552068 1.35066 
10 3.475 0.333636 0.158904 0.0549137 1.36953 
10 3.48 0.33096 0.156558 0.0535522 1.35124 
10 3.48 0.331604 0.156855 0.053573 1.34751 
10 3.48 0.329802 0.155091 0.0524732 1.33108 
10 3.485 0.329598 0.154805 0.0521988 1.32481 
10 3.485 0.326532 0.153019 0.0518659 1.3313 
10 3.485 0.330838 0.156501 0.0534309 1.35 
10 3.49 0.328266 0.153693 0.0517144 1.31617 
10 3.49 0.325506 0.151832 0.0506868 1.31455 
10 3.49 0.329918 0.154464 0.051578 1.30711 
10 3.495 0.32836 0.153981 0.0517502 1.32076 
10 3.495 0.32591 0.151423 0.0504365 1.29345 
10 3.495 0.326514 0.151768 0.05038 1.29203 
