size temperature m m2 m4 mag_sus 
10 1.5 0.9953 0.990753 0.982092 0.008746 
10 1.5 0.995384 0.990929 0.982467 0.0093155 
10 1.5 0.995568 0.991277 0.983095 0.00809316 
10 1.5 0.995298 0.990759 0.982138 0.00940341 
10 1.5 0.995342 0.99084 0.982276 0.00896687 
10 1.505 0.99557 0.991286 0.983131 0.00842625 
10 1.505 0.995306 0.990771 0.982149 0.00912733 
10 1.505 0.995258 0.990678 0.981974 0.00926734 
10 1.505 0.99512 0.990407 0.981449 0.0095326 
10 1.505 0.99556 0.99127 0.983111 0.00867817 
10 1.51 0.995108 0.990376 0.981367 0.00904294 
10 1.51 0.995244 0.990641 0.981868 0.00864241 
10 1.51 0.995186 0.990532 0.981673 0.00903215 
10 1.51 0.995306 0.990765 0.982117 0.00868387 
10 1.51 0.995202 0.990557 0.981701 0.00860789 
10 1.515 0.994904 0.98998 0.980613 0.00960731 
10 1.515 0.99517 0.990498 0.981599 0.00887598 
10 1.515 0.994664 0.989513 0.979728 0.0103081 
10 1.515 0.994902 0.989974 0.980598 0.00951884 
10 1.515 0.995282 0.990723 0.98205 0.00899409 
10 1.52 0.994944 0.990055 0.980748 0.00930243 
10 1.52 0.994806 0.989794 0.980278 0.0102173 
10 1.52 0.994784 0.989758 0.980234 0.0106996 
10 1.52 0.99487 0.989916 0.980502 0.0098502 
10 1.52 0.994892 0.989963 0.980605 0.0100571 
10 1.525 0.994708 0.989596 0.97988 0.00997211 
10 1.525 0.99486 0.989891 0.980435 0.00946757 
10 1.525 0.994906 0.989987 0.980639 0.00977385 
10 1.525 0.994894 0.989962 0.980588 0.00971336 
10 1.525 0.99466 0.989504 0.97971 0.0102114 
10 1.53 0.994314 0.988838 0.978469 0.0116255 
10 1.53 0.99454 0.989259 0.979204 0.00975349 
10 1.53 0.994596 0.989374 0.979442 0.00999195 
10 1.53 0.99469 0.989568 0.979849 0.0104316 
10 1.53 0.994628 0.989448 0.979625 0.010689 
10 1.535 0.994474 0.989132 0.978965 0.00998458 
10 1.535 0.994416 0.989026 0.978788 0.010581 
10 1.535 0.9944 0.988991 0.97871 0.010387 
10 1.535 0.994588 0.989363 0.979439 0.0102769 
10 1.535 0.994408 0.989024 0.978835 0.011529 
10 1.54 0.99429 0.988773 0.978285 0.0104309 
10 1.54 0.994406 0.988998 0.978706 0.0100329 
10 1.54 0.994362 0.988917 0.978572 0.0104943 
10 1.54 0.994526 0.989243 0.979211 0.0104309 
10 1.54 0.994308 0.988827 0.978454 0.0116001 
10 1.545 0.994212 0.988637 0.978076 0.0116155 
10 1.545 0.994452 0.989092 0.9789 0.0101709 
10 1.545 0.994144 0.9885 0.977805 0.0114969 
10 1.545 0.994612 0.989406 0.979507 0.00989576 
10 1.545 0.994402 0.989011 0.9788 0.0113438 
10 1.55 0.994122 0.988458 0.977726 0.0115645 
10 1.55 0.994218 0.988645 0.978079 0.0113373 
10 1.55 0.994282 0.988762 0.978275 0.0106364 
10 1.55 0.994164 0.988536 0.977859 0.0112272 
10 1.55 0.994018 0.988257 0.977354 0.0119804 
10 1.555 0.993816 0.987862 0.976594 0.0123266 
10 1.555 0.993994 0.988195 0.97718 0.0110076 
10 1.555 0.994038 0.98829 0.977395 0.0114942 
10 1.555 0.993992 0.988188 0.977155 0.0107977 
10 1.555 0.993956 0.98813 0.977084 0.0116752 
10 1.56 0.994034 0.98829 0.977415 0.0119261 
10 1.56 0.993808 0.987841 0.976537 0.0119833 
10 1.56 0.993886 0.987995 0.976836 0.0119243 
10 1.56 0.993866 0.987958 0.976771 0.0120932 
10 1.56 0.993642 0.987523 0.975951 0.0127446 
10 1.565 0.993868 0.987962 0.976777 0.0120076 
10 1.565 0.993686 0.987588 0.976 0.0112469 
10 1.565 0.993686 0.987598 0.976056 0.0119063 
10 1.565 0.993598 0.987431 0.975755 0.0124226 
10 1.565 0.993598 0.987433 0.975763 0.0125198 
10 1.57 0.993504 0.987248 0.97541 0.0126243 
10 1.57 0.99366 0.987557 0.976011 0.0125531 
10 1.57 0.993324 0.986901 0.974756 0.0132478 
10 1.57 0.993462 0.987151 0.975169 0.0117512 
10 1.57 0.993578 0.987386 0.975649 0.0120457 
10 1.575 0.993496 0.987234 0.975383 0.0126996 
10 1.575 0.99378 0.987785 0.976415 0.0118115 
10 1.575 0.993224 0.986705 0.974382 0.0134048 
10 1.575 0.99328 0.98681 0.974567 0.0130211 
10 1.575 0.993294 0.986853 0.974701 0.0139752 
10 1.58 0.993292 0.986832 0.974606 0.0128533 
10 1.58 0.992964 0.98619 0.973374 0.013444 
10 1.58 0.993034 0.986337 0.973688 0.013944 
10 1.58 0.99313 0.986519 0.974015 0.0133901 
10 1.58 0.99346 0.987155 0.975203 0.012179 
10 1.585 0.99301 0.986298 0.973631 0.0144391 
10 1.585 0.993156 0.986564 0.974084 0.0129186 
10 1.585 0.993134 0.986518 0.973987 0.012786 
10 1.585 0.992928 0.986116 0.973218 0.0132383 
10 1.585 0.993192 0.986641 0.974257 0.013308 
10 1.59 0.99273 0.985742 0.972549 0.0144344 
10 1.59 0.992932 0.986131 0.973274 0.013653 
10 1.59 0.992962 0.9862 0.97344 0.0142507 
10 1.59 0.992768 0.98582 0.972707 0.0145621 
10 1.59 0.992764 0.985796 0.972609 0.0135573 
10 1.595 0.992754 0.985779 0.972586 0.0136737 
10 1.595 0.992662 0.985612 0.972313 0.014698 
10 1.595 0.99277 0.985811 0.972645 0.0136882 
10 1.595 0.992628 0.985546 0.972186 0.0147996 
10 1.595 0.992726 0.985732 0.972526 0.0142601 
10 1.6 0.992974 0.986208 0.973401 0.0131422 
10 1.6 0.992654 0.985583 0.972209 0.0138298 
10 1.6 0.992868 0.985996 0.97298 0.0130759 
10 1.6 0.992656 0.985591 0.972236 0.0140541 
10 1.6 0.992466 0.98523 0.971581 0.0150899 
10 1.605 0.992342 0.984976 0.971056 0.0145417 
10 1.605 0.992592 0.985479 0.972067 0.0149484 
10 1.605 0.992524 0.985329 0.971722 0.0140081 
10 1.605 0.992612 0.985509 0.972092 0.0143687 
10 1.605 0.992404 0.985109 0.971343 0.0151465 
10 1.61 0.992522 0.985326 0.971722 0.0140497 
10 1.61 0.992192 0.98472 0.970661 0.0170879 
10 1.61 0.992142 0.984578 0.970272 0.0144082 
10 1.61 0.992162 0.984649 0.970494 0.0163507 
10 1.61 0.992222 0.984748 0.97064 0.0151169 
10 1.615 0.991958 0.984246 0.969725 0.0164165 
10 1.615 0.991782 0.983896 0.969039 0.0163829 
10 1.615 0.991858 0.984043 0.969316 0.0161231 
10 1.615 0.99196 0.984257 0.969773 0.0168371 
10 1.615 0.992004 0.984333 0.969886 0.0161823 
10 1.62 0.992076 0.984464 0.970103 0.0153636 
10 1.62 0.992094 0.984493 0.97014 0.0149688 
10 1.62 0.991942 0.984201 0.9696 0.0155697 
10 1.62 0.991964 0.984248 0.969698 0.0157619 
10 1.62 0.991764 0.983864 0.968993 0.0165585 
10 1.625 0.991722 0.983775 0.968795 0.0161277 
10 1.625 0.991774 0.983881 0.969015 0.0163036 
10 1.625 0.991574 0.983481 0.968218 0.0161134 
10 1.625 0.991672 0.983694 0.968702 0.0172901 
10 1.625 0.9915 0.983347 0.967997 0.0168855 
10 1.63 0.991734 0.983798 0.968843 0.0160462 
10 1.63 0.991618 0.983574 0.968422 0.0164431 
10 1.63 0.99143 0.983209 0.967732 0.016915 
10 1.63 0.991522 0.983393 0.968097 0.0170113 
10 1.63 0.991798 0.983924 0.969084 0.0159734 
10 1.635 0.991504 0.983353 0.968005 0.0167032 
10 1.635 0.991422 0.983185 0.967656 0.0163656 
10 1.635 0.991368 0.983085 0.967485 0.0167858 
10 1.635 0.99153 0.983402 0.968089 0.0165076 
10 1.635 0.991586 0.983506 0.96827 0.0160712 
10 1.64 0.991062 0.982498 0.966402 0.0179215 
10 1.64 0.990914 0.982209 0.965843 0.0181686 
10 1.64 0.991482 0.983296 0.967845 0.0158027 
10 1.64 0.991064 0.982506 0.966429 0.018209 
10 1.64 0.99072 0.98184 0.965174 0.0191099 
10 1.645 0.991178 0.982707 0.966741 0.0166257 
10 1.645 0.991054 0.98248 0.966358 0.0177513 
10 1.645 0.990848 0.982079 0.965597 0.0181982 
10 1.645 0.990632 0.98167 0.964857 0.0193411 
10 1.645 0.990852 0.982085 0.965595 0.0180568 
10 1.65 0.990634 0.981662 0.964807 0.0185696 
10 1.65 0.990808 0.982003 0.965456 0.0183604 
10 1.65 0.990946 0.982265 0.965933 0.0176282 
10 1.65 0.990756 0.981908 0.965292 0.0188017 
10 1.65 0.990828 0.982055 0.965601 0.0190906 
10 1.655 0.990774 0.981935 0.965324 0.0182695 
10 1.655 0.990554 0.981503 0.964494 0.0184951 
10 1.655 0.990462 0.981326 0.96416 0.0187811 
10 1.655 0.990584 0.981573 0.964654 0.0191311 
10 1.655 0.990652 0.981698 0.964876 0.0185266 
10 1.66 0.990402 0.981226 0.964029 0.0198987 
10 1.66 0.990276 0.980958 0.963443 0.0187569 
10 1.66 0.990268 0.980971 0.963562 0.0205258 
10 1.66 0.99063 0.981656 0.964797 0.0185689 
10 1.66 0.990234 0.980897 0.963383 0.0200979 
10 1.665 0.990036 0.980498 0.962593 0.0196131 
10 1.665 0.989928 0.980275 0.962128 0.01907 
10 1.665 0.99049 0.981379 0.964259 0.0185465 
10 1.665 0.990486 0.981367 0.964219 0.0182729 
10 1.665 0.990074 0.980575 0.962746 0.0197138 
10 1.67 0.989976 0.980394 0.96244 0.0204646 
10 1.67 0.989838 0.980111 0.961857 0.0198739 
10 1.67 0.990242 0.980896 0.963343 0.0189761 
10 1.67 0.990166 0.980739 0.963012 0.0186091 
10 1.67 0.989596 0.979666 0.961091 0.0219016 
10 1.675 0.989782 0.980009 0.961682 0.0203387 
10 1.675 0.989588 0.979639 0.961008 0.021172 
10 1.675 0.989766 0.97999 0.961687 0.0210976 
10 1.675 0.989504 0.979484 0.960745 0.0218647 
10 1.675 0.989568 0.979607 0.960973 0.0216151 
10 1.68 0.989822 0.9801 0.961896 0.0209648 
10 1.68 0.989556 0.97956 0.960802 0.0201549 
10 1.68 0.9893 0.979086 0.959984 0.0221232 
10 1.68 0.989784 0.98001 0.961679 0.020121 
10 1.68 0.989526 0.979501 0.960691 0.0201962 
10 1.685 0.989214 0.978915 0.959642 0.021993 
10 1.685 0.989082 0.978674 0.959234 0.0231808 
10 1.685 0.989456 0.979385 0.960529 0.0214709 
10 1.685 0.989214 0.978928 0.959712 0.0227574 
10 1.685 0.989188 0.978871 0.959585 0.0224226 
10 1.69 0.989368 0.979196 0.96012 0.0205491 
10 1.69 0.989304 0.979075 0.9599 0.020866 
10 1.69 0.988852 0.978191 0.958211 0.0214747 
10 1.69 0.989066 0.978628 0.959108 0.0222868 
10 1.69 0.989166 0.978833 0.959526 0.0226902 
10 1.695 0.988722 0.977983 0.957961 0.0243001 
10 1.695 0.988876 0.978297 0.958537 0.0248789 
10 1.695 0.988642 0.977826 0.95766 0.0243537 
10 1.695 0.988844 0.978198 0.958291 0.0227365 
10 1.695 0.988778 0.97805 0.957955 0.0217408 
10 1.7 0.988648 0.977804 0.957507 0.0223019 
10 1.7 0.988604 0.977743 0.957475 0.023843 
10 1.7 0.988568 0.977655 0.957252 0.0228582 
10 1.7 0.988586 0.977699 0.957367 0.0233365 
10 1.7 0.988686 0.97791 0.957814 0.0241384 
10 1.705 0.988038 0.976651 0.955432 0.0253555 
10 1.705 0.988248 0.977041 0.956119 0.0238904 
10 1.705 0.988562 0.977648 0.957241 0.0230576 
10 1.705 0.988548 0.977599 0.95708 0.0217931 
10 1.705 0.988356 0.977261 0.956557 0.0242403 
10 1.71 0.987734 0.976085 0.954407 0.02726 
10 1.71 0.98809 0.976736 0.955526 0.0242311 
10 1.71 0.988346 0.977211 0.956368 0.0224178 
10 1.71 0.988058 0.976682 0.955465 0.0247479 
10 1.71 0.988042 0.976643 0.955369 0.0243138 
10 1.715 0.98786 0.976295 0.95473 0.0249551 
10 1.715 0.987896 0.976362 0.95484 0.0246842 
10 1.715 0.987856 0.976299 0.954766 0.0256352 
10 1.715 0.98784 0.97625 0.954616 0.0245956 
10 1.715 0.98772 0.976033 0.954269 0.0257867 
10 1.72 0.987666 0.975951 0.954173 0.0271577 
10 1.72 0.987422 0.975436 0.953075 0.0252043 
10 1.72 0.987162 0.974944 0.952195 0.0264899 
10 1.72 0.987232 0.975112 0.952606 0.0281825 
10 1.72 0.987468 0.975543 0.953334 0.0261808 
10 1.725 0.987142 0.974933 0.952255 0.0280158 
10 1.725 0.987084 0.974819 0.95204 0.0280798 
10 1.725 0.98693 0.974509 0.951413 0.0276925 
10 1.725 0.987716 0.976017 0.954188 0.0251677 
10 1.725 0.987456 0.975527 0.95333 0.0265512 
10 1.73 0.986982 0.974641 0.951761 0.0293093 
10 1.73 0.986998 0.974641 0.951671 0.0275253 
10 1.73 0.987336 0.975273 0.952788 0.025495 
10 1.73 0.987326 0.975274 0.952848 0.0266896 
10 1.73 0.987232 0.9751 0.952543 0.0273675 
10 1.735 0.98654 0.97377 0.950082 0.0293365 
10 1.735 0.987006 0.974644 0.95163 0.0267064 
10 1.735 0.986702 0.97405 0.950488 0.0270572 
10 1.735 0.986654 0.973978 0.950415 0.028376 
10 1.735 0.986832 0.97432 0.951052 0.0277881 
10 1.74 0.986324 0.973346 0.949249 0.0293935 
10 1.74 0.986644 0.973964 0.950427 0.0286217 
10 1.74 0.986356 0.97337 0.949182 0.0271127 
10 1.74 0.986694 0.974037 0.95049 0.0271374 
10 1.74 0.98633 0.973335 0.949174 0.0280765 
10 1.745 0.986054 0.972803 0.948179 0.0286733 
10 1.745 0.985758 0.972241 0.947161 0.0299189 
10 1.745 0.98618 0.973066 0.94873 0.0295271 
10 1.745 0.986722 0.974093 0.950593 0.0270794 
10 1.745 0.9863 0.973275 0.949052 0.0279375 
10 1.75 0.986046 0.972796 0.948202 0.0291272 
10 1.75 0.985844 0.97241 0.94749 0.0297924 
10 1.75 0.98606 0.972788 0.948066 0.0270809 
10 1.75 0.985948 0.972589 0.947751 0.0283189 
10 1.75 0.985992 0.972679 0.947941 0.0285083 
10 1.755 0.985466 0.97169 0.946175 0.031166 
10 1.755 0.98541 0.971602 0.946078 0.0324041 
10 1.755 0.985946 0.972601 0.947815 0.0291672 
10 1.755 0.985738 0.972196 0.947056 0.0294379 
10 1.755 0.985732 0.972219 0.947196 0.0313951 
10 1.76 0.985954 0.972597 0.94775 0.0279244 
10 1.76 0.985304 0.971383 0.945617 0.0317516 
10 1.76 0.985526 0.971798 0.946352 0.0305081 
10 1.76 0.98549 0.971711 0.946128 0.0295443 
10 1.76 0.985106 0.971006 0.944925 0.032521 
10 1.765 0.985226 0.97121 0.945227 0.0306045 
10 1.765 0.985052 0.970881 0.944622 0.0313381 
10 1.765 0.98555 0.971843 0.946413 0.0302797 
10 1.765 0.98529 0.971362 0.945606 0.0320394 
10 1.765 0.985072 0.970924 0.944719 0.0315714 
10 1.77 0.984612 0.970072 0.943238 0.0345271 
10 1.77 0.984876 0.970525 0.943915 0.0307607 
10 1.77 0.984802 0.970419 0.943825 0.0329684 
10 1.77 0.984976 0.970751 0.944441 0.0323954 
10 1.77 0.984666 0.970133 0.943217 0.0319926 
10 1.775 0.98469 0.970194 0.943386 0.032665 
10 1.775 0.984552 0.969917 0.942822 0.032374 
10 1.775 0.984604 0.970043 0.943146 0.0336723 
10 1.775 0.984328 0.969491 0.942055 0.0331937 
10 1.775 0.984556 0.969965 0.943024 0.034639 
10 1.78 0.983978 0.968816 0.940794 0.0339132 
10 1.78 0.983994 0.968858 0.940905 0.0345083 
10 1.78 0.984074 0.969035 0.941321 0.0355822 
10 1.78 0.984312 0.969469 0.942041 0.0336296 
10 1.78 0.983892 0.968674 0.940611 0.0354411 
10 1.785 0.98402 0.968918 0.941045 0.0348594 
10 1.785 0.984254 0.969361 0.941851 0.0338926 
10 1.785 0.983832 0.968571 0.940457 0.0361477 
10 1.785 0.983594 0.968106 0.939569 0.036343 
10 1.785 0.983926 0.96872 0.94063 0.0341729 
10 1.79 0.98365 0.968243 0.9399 0.0377697 
10 1.79 0.983688 0.968279 0.939837 0.0356022 
10 1.79 0.98339 0.967708 0.938785 0.0364328 
10 1.79 0.983686 0.968301 0.939957 0.0370264 
10 1.79 0.983416 0.967739 0.93881 0.0353123 
10 1.795 0.98343 0.96773 0.93868 0.0331919 
10 1.795 0.983332 0.967627 0.93876 0.0381692 
10 1.795 0.982762 0.966526 0.936685 0.0392875 
10 1.795 0.983548 0.968088 0.93958 0.0401722 
10 1.795 0.982636 0.966277 0.936199 0.0391717 
10 1.8 0.983202 0.96736 0.93822 0.0374371 
10 1.8 0.983168 0.967253 0.937883 0.0352202 
10 1.8 0.982648 0.966287 0.936189 0.0383438 
10 1.8 0.982752 0.966443 0.936343 0.0356415 
10 1.8 0.983068 0.967107 0.937733 0.0380282 
10 1.805 0.981798 0.964696 0.933351 0.0425799 
10 1.805 0.982262 0.965534 0.934764 0.0385088 
10 1.805 0.982444 0.96591 0.935522 0.0395405 
10 1.805 0.982268 0.96557 0.934895 0.0398657 
10 1.805 0.982226 0.965477 0.934705 0.0393066 
10 1.81 0.982164 0.965397 0.934658 0.0414739 
10 1.81 0.981794 0.964681 0.933318 0.0420476 
10 1.81 0.982238 0.965512 0.93478 0.0398227 
10 1.81 0.982546 0.966062 0.935683 0.0367402 
10 1.81 0.982322 0.96566 0.93501 0.038869 
10 1.815 0.982204 0.965447 0.934663 0.0397764 
10 1.815 0.981136 0.963401 0.930892 0.0425867 
10 1.815 0.981382 0.963875 0.93177 0.0420876 
10 1.815 0.982134 0.965267 0.934189 0.0374328 
10 1.815 0.981514 0.964099 0.932106 0.0401712 
10 1.82 0.981602 0.964271 0.932427 0.040015 
10 1.82 0.981482 0.964047 0.932034 0.0406639 
10 1.82 0.981174 0.963498 0.931091 0.0437155 
10 1.82 0.981116 0.963374 0.930873 0.0431667 
10 1.82 0.980914 0.963026 0.930238 0.0458068 
10 1.825 0.980898 0.962915 0.929918 0.0413169 
10 1.825 0.981354 0.963785 0.931508 0.0399675 
10 1.825 0.981562 0.964216 0.932387 0.0411923 
10 1.825 0.980902 0.962962 0.930121 0.0434688 
10 1.825 0.980738 0.962658 0.92959 0.0444611 
10 1.83 0.980888 0.962879 0.929792 0.0402892 
10 1.83 0.980836 0.962826 0.92985 0.0429957 
10 1.83 0.980492 0.962193 0.928668 0.0452589 
10 1.83 0.980494 0.962231 0.928878 0.0471058 
10 1.83 0.980694 0.962553 0.929327 0.043272 
10 1.835 0.979988 0.961242 0.92704 0.0471891 
10 1.835 0.980586 0.962476 0.92927 0.050499 
10 1.835 0.979918 0.9611 0.926751 0.0469206 
10 1.835 0.980586 0.962339 0.928908 0.0430832 
10 1.835 0.980334 0.961902 0.928247 0.0461563 
10 1.84 0.979912 0.961067 0.926624 0.0456431 
10 1.84 0.980302 0.961792 0.927899 0.0434885 
10 1.84 0.979828 0.961055 0.926793 0.0539375 
10 1.84 0.979872 0.961039 0.926735 0.0483687 
10 1.84 0.979712 0.96076 0.926238 0.0502259 
10 1.845 0.979432 0.960172 0.925029 0.0479565 
10 1.845 0.978888 0.959129 0.923109 0.0491601 
10 1.845 0.980166 0.96152 0.927354 0.0430923 
10 1.845 0.97965 0.960591 0.925828 0.0475533 
10 1.845 0.979354 0.960049 0.924902 0.0495926 
10 1.85 0.979262 0.959807 0.924258 0.0461306 
10 1.85 0.979084 0.959463 0.923614 0.0463417 
10 1.85 0.979154 0.959612 0.923956 0.0470208 
10 1.85 0.979308 0.959905 0.924466 0.0465255 
10 1.85 0.979284 0.959871 0.92444 0.0472415 
10 1.855 0.978832 0.959052 0.923057 0.0506823 
10 1.855 0.978544 0.958502 0.922033 0.0514092 
10 1.855 0.978532 0.958451 0.921884 0.049941 
10 1.855 0.978432 0.958235 0.921429 0.0488421 
10 1.855 0.979338 0.959957 0.924525 0.0460421 
10 1.86 0.978186 0.957846 0.920915 0.0536575 
10 1.86 0.978178 0.957827 0.92087 0.0534581 
10 1.86 0.978418 0.958252 0.921559 0.0510805 
10 1.86 0.978448 0.958279 0.921539 0.0493759 
10 1.86 0.978272 0.957907 0.92074 0.0478825 
10 1.865 0.977542 0.956573 0.918478 0.0528128 
10 1.865 0.977674 0.956893 0.91922 0.0560895 
10 1.865 0.978498 0.958368 0.92165 0.0487734 
10 1.865 0.978672 0.958714 0.922346 0.0490894 
10 1.865 0.97799 0.95741 0.919975 0.0507067 
10 1.87 0.977982 0.957402 0.919982 0.050963 
10 1.87 0.977694 0.956849 0.918963 0.0515081 
10 1.87 0.977908 0.957205 0.919454 0.0481852 
10 1.87 0.977454 0.956387 0.91809 0.051925 
10 1.87 0.977592 0.95667 0.918673 0.0526054 
10 1.875 0.977134 0.955816 0.917144 0.0546937 
10 1.875 0.977534 0.956478 0.918081 0.0482922 
10 1.875 0.977332 0.956113 0.917475 0.0498988 
10 1.875 0.977548 0.956572 0.918459 0.0518607 
10 1.875 0.977402 0.956292 0.917926 0.0521008 
10 1.88 0.976822 0.955193 0.915953 0.0538351 
10 1.88 0.976374 0.954413 0.914622 0.0588858 
10 1.88 0.976774 0.955066 0.915614 0.0520486 
10 1.88 0.976264 0.954186 0.914227 0.0582363 
10 1.88 0.977382 0.95623 0.917748 0.0507822 
10 1.885 0.97661 0.954804 0.915288 0.0550063 
10 1.885 0.975766 0.953219 0.912456 0.0583657 
10 1.885 0.976254 0.954119 0.914006 0.0555336 
10 1.885 0.976412 0.954417 0.914552 0.0549818 
10 1.885 0.976012 0.953658 0.913137 0.0561664 
10 1.89 0.975884 0.953453 0.912911 0.0583967 
10 1.89 0.97601 0.953678 0.913281 0.0572508 
10 1.89 0.976028 0.953688 0.913214 0.0559441 
10 1.89 0.975588 0.952946 0.91205 0.0621447 
10 1.89 0.976324 0.954261 0.914284 0.0556617 
10 1.895 0.97563 0.952945 0.911918 0.0575991 
10 1.895 0.97597 0.953572 0.912967 0.0556601 
10 1.895 0.975688 0.953137 0.912292 0.0617608 
10 1.895 0.975284 0.952397 0.91109 0.0642997 
10 1.895 0.975046 0.951957 0.910308 0.0655651 
10 1.9 0.974644 0.951067 0.90849 0.0597702 
10 1.9 0.975656 0.953 0.912007 0.0576426 
10 1.9 0.975206 0.952142 0.91044 0.0587167 
10 1.9 0.974834 0.951462 0.909276 0.0610733 
10 1.9 0.974766 0.951302 0.90889 0.0596382 
10 1.905 0.974746 0.951298 0.908994 0.0613226 
10 1.905 0.974736 0.951258 0.908896 0.0602735 
10 1.905 0.97412 0.950184 0.907093 0.0668717 
10 1.905 0.974008 0.949885 0.906427 0.062636 
10 1.905 0.974912 0.951604 0.90953 0.0603943 
10 1.91 0.974302 0.950498 0.907665 0.0645724 
10 1.91 0.974454 0.950691 0.90774 0.0592043 
10 1.91 0.97452 0.95092 0.908335 0.0644424 
10 1.91 0.973552 0.949109 0.905065 0.0683489 
10 1.91 0.973524 0.949005 0.90493 0.0657791 
10 1.915 0.973606 0.949184 0.905284 0.0666004 
10 1.915 0.973252 0.948483 0.903802 0.0659752 
10 1.915 0.973562 0.949062 0.904926 0.0646784 
10 1.915 0.973116 0.948294 0.903785 0.0699306 
10 1.915 0.973348 0.94858 0.903884 0.061305 
10 1.92 0.972472 0.947009 0.90133 0.0680609 
10 1.92 0.973202 0.948327 0.903499 0.062741 
10 1.92 0.973594 0.949112 0.905007 0.0639106 
10 1.92 0.973144 0.94831 0.903757 0.067756 
10 1.92 0.972514 0.947152 0.901781 0.0712792 
10 1.925 0.971806 0.945834 0.899392 0.0741163 
10 1.925 0.972412 0.946888 0.901082 0.0677082 
10 1.925 0.971816 0.945993 0.899754 0.0813871 
10 1.925 0.97242 0.946862 0.900916 0.0655493 
10 1.925 0.972918 0.947814 0.90266 0.0646424 
10 1.93 0.972434 0.946899 0.901024 0.0658443 
10 1.93 0.972378 0.946808 0.90088 0.0667785 
10 1.93 0.971868 0.945864 0.899226 0.0692617 
10 1.93 0.971534 0.945211 0.898022 0.0690594 
10 1.93 0.97215 0.946437 0.900367 0.0705501 
10 1.935 0.971418 0.945079 0.897976 0.0736863 
10 1.935 0.97071 0.943735 0.895543 0.0753187 
10 1.935 0.971072 0.944364 0.89655 0.0714693 
10 1.935 0.971334 0.944908 0.897496 0.0733137 
10 1.935 0.971212 0.944645 0.897033 0.0719654 
10 1.94 0.97007 0.942572 0.893582 0.079208 
10 1.94 0.97071 0.943716 0.89551 0.0741307 
10 1.94 0.970092 0.942567 0.8935 0.0767212 
10 1.94 0.971166 0.944579 0.897001 0.0729815 
10 1.94 0.97088 0.944014 0.89596 0.0725003 
10 1.945 0.970308 0.943073 0.894593 0.0810193 
10 1.945 0.970538 0.943352 0.894701 0.0723841 
10 1.945 0.970168 0.942753 0.89384 0.0785219 
10 1.945 0.969844 0.942062 0.892477 0.0752892 
10 1.945 0.970024 0.942423 0.893174 0.0759198 
10 1.95 0.96951 0.941581 0.89187 0.0836554 
10 1.95 0.969592 0.941611 0.891734 0.0770294 
10 1.95 0.969836 0.9422 0.893148 0.0829607 
10 1.95 0.970404 0.94318 0.894632 0.0767178 
10 1.95 0.969392 0.94139 0.891606 0.0855769 
10 1.955 0.969672 0.941737 0.891849 0.07535 
10 1.955 0.968692 0.939933 0.888753 0.0802399 
10 1.955 0.968446 0.939752 0.888915 0.0953527 
10 1.955 0.969318 0.941128 0.89094 0.0793092 
10 1.955 0.968886 0.940242 0.88917 0.0768347 
10 1.96 0.968788 0.940221 0.889522 0.0852638 
10 1.96 0.968888 0.940297 0.889413 0.0792471 
10 1.96 0.968482 0.939502 0.887836 0.078809 
10 1.96 0.968552 0.939757 0.888545 0.0849216 
10 1.96 0.968858 0.940279 0.889436 0.0812641 
10 1.965 0.968526 0.939592 0.888116 0.0788675 
10 1.965 0.967772 0.938224 0.885805 0.0835092 
10 1.965 0.967416 0.937579 0.884652 0.0857834 
10 1.965 0.967248 0.937239 0.883986 0.0850212 
10 1.965 0.968216 0.93907 0.887303 0.0828385 
10 1.97 0.968148 0.938868 0.886761 0.0790543 
10 1.97 0.967594 0.937861 0.885044 0.082362 
10 1.97 0.967204 0.937224 0.884112 0.0883544 
10 1.97 0.967292 0.937418 0.884476 0.0895404 
10 1.97 0.967546 0.93776 0.884854 0.0819562 
10 1.975 0.966688 0.936202 0.882217 0.086918 
10 1.975 0.966752 0.936317 0.882385 0.086437 
10 1.975 0.966504 0.935844 0.881543 0.0867979 
10 1.975 0.966392 0.935787 0.881729 0.0948508 
10 1.975 0.966088 0.935291 0.880925 0.0994985 
10 1.98 0.965244 0.933721 0.878335 0.102256 
10 1.98 0.96642 0.935652 0.881112 0.0850618 
10 1.98 0.966062 0.93511 0.880379 0.0926511 
10 1.98 0.965378 0.933809 0.878124 0.0936483 
10 1.98 0.966354 0.935651 0.88135 0.0914377 
10 1.985 0.965362 0.933749 0.877875 0.091942 
10 1.985 0.965084 0.933327 0.877417 0.0977165 
10 1.985 0.965292 0.933657 0.877853 0.0941136 
10 1.985 0.965344 0.933746 0.877955 0.0935578 
10 1.985 0.965832 0.934589 0.879286 0.0885636 
10 1.99 0.964184 0.931652 0.874455 0.100588 
10 1.99 0.965064 0.933285 0.877269 0.0973124 
10 1.99 0.964486 0.932164 0.875179 0.0970008 
10 1.99 0.96504 0.933067 0.87649 0.0887014 
10 1.99 0.96497 0.933015 0.876666 0.0928351 
10 1.995 0.964144 0.931492 0.874027 0.0961778 
10 1.995 0.964156 0.931525 0.874081 0.0966741 
10 1.995 0.96417 0.931554 0.874181 0.0967544 
10 1.995 0.964044 0.931337 0.873736 0.0980635 
10 1.995 0.965156 0.933316 0.87701 0.089703 
10 2 0.962992 0.929492 0.870734 0.106928 
10 2 0.96304 0.929691 0.871303 0.11225 
10 2 0.963552 0.930449 0.872315 0.100821 
10 2 0.963606 0.930553 0.872549 0.100808 
10 2 0.96303 0.929583 0.87094 0.107819 
10 2.005 0.962732 0.92895 0.869702 0.104589 
10 2.005 0.963068 0.929567 0.870808 0.103076 
10 2.005 0.962654 0.928831 0.869622 0.106132 
10 2.005 0.96322 0.929787 0.871027 0.0994729 
10 2.005 0.962702 0.928965 0.869746 0.108226 
10 2.01 0.962594 0.928643 0.869059 0.10227 
10 2.01 0.96262 0.928704 0.869108 0.102799 
10 2.01 0.961446 0.9267 0.866058 0.1155 
10 2.01 0.961962 0.927553 0.867351 0.108559 
10 2.01 0.962244 0.928015 0.868013 0.104534 
10 2.015 0.960256 0.924345 0.861694 0.111842 
10 2.015 0.962076 0.927688 0.867411 0.104108 
10 2.015 0.961728 0.927242 0.866877 0.115223 
10 2.015 0.961892 0.927402 0.867004 0.107495 
10 2.015 0.961208 0.926071 0.864632 0.106707 
10 2.02 0.960152 0.924442 0.86232 0.126229 
10 2.02 0.960766 0.925316 0.863333 0.111137 
10 2.02 0.960386 0.924795 0.862746 0.121464 
10 2.02 0.960314 0.924474 0.861962 0.112409 
10 2.02 0.961712 0.927011 0.866285 0.10498 
10 2.025 0.960694 0.92518 0.863203 0.110967 
10 2.025 0.960184 0.924363 0.861754 0.118987 
10 2.025 0.960698 0.925428 0.863927 0.12285 
10 2.025 0.960228 0.924144 0.860999 0.104013 
10 2.025 0.959678 0.923571 0.860885 0.12787 
10 2.03 0.959082 0.922318 0.858412 0.122175 
10 2.03 0.959208 0.922448 0.85857 0.116655 
10 2.03 0.959798 0.923611 0.860643 0.118171 
10 2.03 0.959326 0.922793 0.859288 0.12251 
10 2.03 0.958884 0.921793 0.857242 0.114981 
10 2.035 0.958644 0.921556 0.857178 0.125692 
10 2.035 0.958154 0.920758 0.856033 0.132627 
10 2.035 0.958378 0.920828 0.855472 0.114982 
10 2.035 0.95788 0.920016 0.854372 0.121969 
10 2.035 0.95876 0.921614 0.856965 0.117625 
10 2.04 0.957812 0.919882 0.854136 0.121495 
10 2.04 0.958102 0.920585 0.855576 0.128708 
10 2.04 0.957238 0.91899 0.852829 0.131648 
10 2.04 0.957952 0.920174 0.854564 0.122661 
10 2.04 0.957388 0.919384 0.853809 0.136866 
10 2.045 0.956764 0.918027 0.851061 0.128583 
10 2.045 0.957536 0.919456 0.853336 0.126201 
10 2.045 0.95739 0.919394 0.853781 0.136819 
10 2.045 0.957044 0.918502 0.851616 0.125605 
10 2.045 0.957468 0.919287 0.852935 0.124322 
10 2.05 0.955688 0.916352 0.84867 0.146968 
10 2.05 0.956554 0.917652 0.85029 0.129585 
10 2.05 0.95622 0.917128 0.849686 0.135209 
10 2.05 0.956896 0.918402 0.851959 0.134223 
10 2.05 0.956316 0.917422 0.850263 0.140579 
10 2.055 0.955448 0.915584 0.84684 0.131527 
10 2.055 0.956322 0.917398 0.85023 0.138481 
10 2.055 0.955504 0.91574 0.847035 0.133911 
10 2.055 0.955528 0.915779 0.84709 0.133594 
10 2.055 0.955684 0.916261 0.848468 0.142517 
10 2.06 0.953766 0.912889 0.84287 0.156275 
10 2.06 0.954298 0.913762 0.843978 0.149367 
10 2.06 0.953124 0.911366 0.839761 0.141786 
10 2.06 0.955052 0.914896 0.845699 0.134536 
10 2.06 0.95502 0.914659 0.844904 0.126012 
10 2.065 0.953936 0.912713 0.841703 0.131682 
10 2.065 0.954562 0.913904 0.843656 0.131486 
10 2.065 0.953596 0.912346 0.841488 0.145307 
10 2.065 0.953802 0.912847 0.842574 0.150529 
10 2.065 0.952974 0.911351 0.840121 0.154539 
10 2.07 0.953246 0.911748 0.840486 0.148303 
10 2.07 0.95343 0.912045 0.840861 0.145708 
10 2.07 0.953472 0.912037 0.840856 0.141447 
10 2.07 0.95391 0.912985 0.842749 0.146871 
10 2.07 0.953642 0.912654 0.842162 0.155591 
10 2.075 0.951848 0.909148 0.83604 0.151003 
10 2.075 0.95109 0.907965 0.834497 0.163494 
10 2.075 0.952056 0.909512 0.836762 0.149479 
10 2.075 0.951548 0.908761 0.83572 0.159865 
10 2.075 0.95233 0.910029 0.837554 0.149252 
10 2.08 0.951972 0.909412 0.836754 0.151975 
10 2.08 0.95163 0.909 0.83619 0.163476 
10 2.08 0.950254 0.906527 0.832162 0.170397 
10 2.08 0.950934 0.907849 0.834418 0.1718 
10 2.08 0.951992 0.909456 0.836827 0.152278 
10 2.085 0.950176 0.906268 0.831559 0.164687 
10 2.085 0.950214 0.906179 0.831169 0.156963 
10 2.085 0.950692 0.906975 0.832166 0.15154 
10 2.085 0.949482 0.905362 0.830661 0.18444 
10 2.085 0.950652 0.90708 0.832702 0.160225 
10 2.09 0.948772 0.903967 0.828112 0.181777 
10 2.09 0.950018 0.905947 0.831062 0.163315 
10 2.09 0.949262 0.905058 0.83022 0.189467 
10 2.09 0.94823 0.902959 0.826301 0.182721 
10 2.09 0.949246 0.904355 0.827956 0.157259 
10 2.095 0.948432 0.90351 0.827398 0.190298 
10 2.095 0.947954 0.90221 0.824707 0.171535 
10 2.095 0.948504 0.903297 0.826679 0.173598 
10 2.095 0.948122 0.902679 0.825722 0.178696 
10 2.095 0.948796 0.903753 0.82735 0.168935 
10 2.1 0.94803 0.902218 0.824661 0.164608 
10 2.1 0.947362 0.901208 0.823123 0.176808 
10 2.1 0.947286 0.901329 0.823717 0.189436 
10 2.1 0.947544 0.901565 0.823652 0.177419 
10 2.1 0.946744 0.900147 0.8215 0.182036 
10 2.105 0.946574 0.899978 0.821432 0.188866 
10 2.105 0.946024 0.898851 0.819331 0.184792 
10 2.105 0.946544 0.899749 0.820706 0.180692 
10 2.105 0.945854 0.898691 0.819071 0.192472 
10 2.105 0.94624 0.899261 0.820062 0.184856 
10 2.11 0.946334 0.899457 0.820377 0.185274 
10 2.11 0.945508 0.89808 0.818275 0.194039 
10 2.11 0.946808 0.900253 0.821372 0.180435 
10 2.11 0.946158 0.898858 0.818776 0.172673 
10 2.11 0.946442 0.899561 0.820398 0.180519 
10 2.115 0.944312 0.895873 0.814621 0.196125 
10 2.115 0.945032 0.897105 0.816382 0.190069 
10 2.115 0.944278 0.895765 0.814301 0.194038 
10 2.115 0.944588 0.896743 0.816668 0.212607 
10 2.115 0.944626 0.896316 0.815095 0.189035 
10 2.12 0.94451 0.896024 0.81441 0.185148 
10 2.12 0.943014 0.893575 0.810894 0.202792 
10 2.12 0.944324 0.895532 0.813172 0.178507 
10 2.12 0.944144 0.895708 0.814359 0.202828 
10 2.12 0.94287 0.893408 0.810793 0.207757 
10 2.125 0.94315 0.893588 0.81033 0.19088 
10 2.125 0.94315 0.893638 0.810526 0.193222 
10 2.125 0.943146 0.893577 0.810308 0.190723 
10 2.125 0.943232 0.894037 0.811576 0.204738 
10 2.125 0.943412 0.894258 0.811755 0.199143 
10 2.13 0.94072 0.889571 0.804185 0.216757 
10 2.13 0.940076 0.8887 0.803354 0.23274 
10 2.13 0.941966 0.89157 0.807287 0.200481 
10 2.13 0.941182 0.890378 0.805613 0.213841 
10 2.13 0.94144 0.891126 0.807558 0.226122 
10 2.135 0.940118 0.888687 0.802984 0.227857 
10 2.135 0.939078 0.886801 0.799998 0.231081 
10 2.135 0.938586 0.886255 0.799643 0.248793 
10 2.135 0.940098 0.888569 0.802551 0.224118 
10 2.135 0.940532 0.889025 0.802998 0.20723 
10 2.14 0.93873 0.886339 0.799439 0.239493 
10 2.14 0.93898 0.886715 0.79992 0.235107 
10 2.14 0.938118 0.885433 0.798195 0.250801 
10 2.14 0.940218 0.888631 0.802919 0.215925 
10 2.14 0.938794 0.886345 0.799123 0.234162 
10 2.145 0.938076 0.885234 0.797649 0.244635 
10 2.145 0.938288 0.88539 0.797556 0.23337 
10 2.145 0.938638 0.885829 0.798242 0.223192 
10 2.145 0.937836 0.884857 0.79695 0.248039 
10 2.145 0.938338 0.885104 0.796702 0.215653 
10 2.15 0.937702 0.88426 0.795828 0.231414 
10 2.15 0.937792 0.884327 0.795663 0.226672 
10 2.15 0.937936 0.884807 0.797071 0.236405 
10 2.15 0.93543 0.880783 0.79108 0.267622 
10 2.15 0.936068 0.881395 0.791269 0.240546 
10 2.155 0.935208 0.88053 0.790798 0.274535 
10 2.155 0.935626 0.880551 0.789785 0.239222 
10 2.155 0.935846 0.881109 0.79096 0.246017 
10 2.155 0.93484 0.879343 0.787916 0.251386 
10 2.155 0.936242 0.881607 0.791316 0.234684 
10 2.16 0.934372 0.878508 0.786716 0.252615 
10 2.16 0.933876 0.877777 0.785616 0.261701 
10 2.16 0.933834 0.877916 0.786 0.271782 
10 2.16 0.934168 0.878445 0.787072 0.267374 
10 2.16 0.933756 0.87774 0.786176 0.270343 
10 2.165 0.93246 0.875697 0.782888 0.2871 
10 2.165 0.934002 0.878013 0.786353 0.261128 
10 2.165 0.932696 0.87541 0.781437 0.253499 
10 2.165 0.9337 0.876995 0.783619 0.240144 
10 2.165 0.93296 0.876132 0.782849 0.264072 
10 2.17 0.932002 0.874814 0.781639 0.28508 
10 2.17 0.932858 0.876006 0.782831 0.266451 
10 2.17 0.933366 0.876569 0.783213 0.248713 
10 2.17 0.931672 0.873898 0.779486 0.2712 
10 2.17 0.931708 0.874295 0.780557 0.286424 
10 2.175 0.930746 0.872248 0.776903 0.274001 
10 2.175 0.930988 0.872506 0.776772 0.265158 
10 2.175 0.931014 0.872673 0.777573 0.270636 
10 2.175 0.930344 0.871668 0.776184 0.281727 
10 2.175 0.929574 0.870349 0.773934 0.286965 
10 2.18 0.929412 0.870199 0.773833 0.293228 
10 2.18 0.92902 0.869449 0.77267 0.292239 
10 2.18 0.930054 0.87094 0.774499 0.27244 
10 2.18 0.930964 0.87248 0.77692 0.265396 
10 2.18 0.929346 0.869888 0.773146 0.284593 
10 2.185 0.927112 0.866291 0.76817 0.309103 
10 2.185 0.928966 0.869043 0.77173 0.2776 
10 2.185 0.92714 0.866233 0.767418 0.304072 
10 2.185 0.928444 0.868416 0.771075 0.293257 
10 2.185 0.928528 0.868359 0.770913 0.283518 
10 2.19 0.927486 0.866467 0.767227 0.284767 
10 2.19 0.926444 0.865092 0.76615 0.310206 
10 2.19 0.926436 0.865024 0.766009 0.307756 
10 2.19 0.92616 0.864636 0.765453 0.313409 
10 2.19 0.927136 0.866131 0.767272 0.299078 
10 2.195 0.924286 0.862014 0.761745 0.351216 
10 2.195 0.924052 0.861158 0.760073 0.331917 
10 2.195 0.926678 0.865533 0.766604 0.309821 
10 2.195 0.92542 0.863177 0.762692 0.308664 
10 2.195 0.925592 0.863921 0.764393 0.328059 
10 2.2 0.923792 0.860722 0.759178 0.333212 
10 2.2 0.923194 0.859666 0.757817 0.335385 
10 2.2 0.924634 0.861922 0.760929 0.317011 
10 2.2 0.92198 0.858029 0.755857 0.362829 
10 2.2 0.923992 0.860948 0.759536 0.32665 
10 2.205 0.922616 0.858468 0.755495 0.328709 
10 2.205 0.923092 0.859288 0.756704 0.326024 
10 2.205 0.922502 0.858178 0.754988 0.325088 
10 2.205 0.92122 0.856331 0.752509 0.348493 
10 2.205 0.922342 0.858005 0.754783 0.330645 
10 2.21 0.920674 0.855236 0.750865 0.343703 
10 2.21 0.920752 0.855392 0.750776 0.344242 
10 2.21 0.921826 0.856977 0.752907 0.326403 
10 2.21 0.921074 0.856061 0.75214 0.347656 
10 2.21 0.919932 0.85446 0.750133 0.370378 
10 2.215 0.918916 0.852422 0.74685 0.361879 
10 2.215 0.919196 0.853087 0.747836 0.368643 
10 2.215 0.918848 0.852293 0.746633 0.361688 
10 2.215 0.920318 0.854795 0.750341 0.352568 
10 2.215 0.918866 0.852694 0.74782 0.378317 
10 2.22 0.917444 0.850296 0.743771 0.38705 
10 2.22 0.918662 0.851671 0.745139 0.348267 
10 2.22 0.918854 0.852407 0.746993 0.365525 
10 2.22 0.916288 0.848703 0.741773 0.410781 
10 2.22 0.917788 0.85057 0.743734 0.370958 
10 2.225 0.916546 0.848463 0.740577 0.377828 
10 2.225 0.916386 0.848565 0.741466 0.395596 
10 2.225 0.916898 0.849433 0.742336 0.392396 
10 2.225 0.916514 0.848473 0.740585 0.380914 
10 2.225 0.9167 0.849102 0.742257 0.393844 
10 2.23 0.914138 0.844895 0.736108 0.414637 
10 2.23 0.915278 0.846376 0.737619 0.387562 
10 2.23 0.916094 0.847439 0.738827 0.3682 
10 2.23 0.914732 0.845266 0.735838 0.382558 
10 2.23 0.916322 0.848151 0.740079 0.381383 
10 2.235 0.911792 0.8413 0.731007 0.444513 
10 2.235 0.913692 0.843894 0.734104 0.405393 
10 2.235 0.913982 0.844837 0.736081 0.42387 
10 2.235 0.913718 0.843977 0.734328 0.407009 
10 2.235 0.913852 0.844325 0.734693 0.411596 
10 2.24 0.912532 0.841888 0.73122 0.409507 
10 2.24 0.911072 0.839963 0.728798 0.442452 
10 2.24 0.910124 0.838144 0.725947 0.438306 
10 2.24 0.910756 0.838814 0.725957 0.416832 
10 2.24 0.91188 0.840944 0.729847 0.420485 
10 2.245 0.908166 0.835227 0.721733 0.466006 
10 2.245 0.909636 0.837014 0.723369 0.426567 
10 2.245 0.909272 0.83662 0.723628 0.438505 
10 2.245 0.909664 0.837656 0.725393 0.452909 
10 2.245 0.910396 0.83866 0.726562 0.438254 
10 2.25 0.908838 0.836112 0.723031 0.450031 
10 2.25 0.906478 0.832911 0.718761 0.498154 
10 2.25 0.908432 0.83559 0.722105 0.459628 
10 2.25 0.909332 0.836655 0.723024 0.434231 
10 2.25 0.90806 0.834471 0.719622 0.439925 
10 2.255 0.90758 0.833566 0.718304 0.437445 
10 2.255 0.906844 0.832849 0.717905 0.464867 
10 2.255 0.90569 0.831184 0.715793 0.483795 
10 2.255 0.905678 0.830875 0.714915 0.47104 
10 2.255 0.906256 0.83206 0.71683 0.477147 
10 2.26 0.903262 0.827311 0.710279 0.505687 
10 2.26 0.903196 0.827305 0.710251 0.510706 
10 2.26 0.905526 0.830419 0.713925 0.462017 
10 2.26 0.903278 0.827279 0.710125 0.503017 
10 2.26 0.90447 0.829196 0.712503 0.492488 
10 2.265 0.902522 0.825497 0.707102 0.483507 
10 2.265 0.902986 0.826519 0.708541 0.491638 
10 2.265 0.90208 0.825575 0.708024 0.522151 
10 2.265 0.90165 0.824448 0.705911 0.506622 
10 2.265 0.903906 0.827686 0.709849 0.469753 
10 2.27 0.900118 0.822444 0.703368 0.538845 
10 2.27 0.901324 0.824095 0.705564 0.515866 
10 2.27 0.900084 0.822404 0.703529 0.539792 
10 2.27 0.901912 0.82416 0.70447 0.472008 
10 2.27 0.902122 0.825302 0.707245 0.505615 
10 2.275 0.898756 0.819851 0.699549 0.53135 
10 2.275 0.900096 0.821544 0.701419 0.499822 
10 2.275 0.899808 0.822009 0.702674 0.543059 
10 2.275 0.8986 0.820053 0.69976 0.552568 
10 2.275 0.897556 0.818285 0.697366 0.557286 
10 2.28 0.89666 0.816116 0.693351 0.531458 
10 2.28 0.89638 0.815712 0.692977 0.535741 
10 2.28 0.898296 0.81903 0.698293 0.530473 
10 2.28 0.89667 0.816481 0.694662 0.546652 
10 2.28 0.899278 0.820575 0.700283 0.520772 
10 2.285 0.897842 0.818207 0.696626 0.528967 
10 2.285 0.895046 0.814101 0.691268 0.56864 
10 2.285 0.894872 0.813467 0.690032 0.554525 
10 2.285 0.892844 0.810282 0.68566 0.573829 
10 2.285 0.893548 0.812187 0.689081 0.602127 
10 2.29 0.893008 0.810973 0.687148 0.589925 
10 2.29 0.89388 0.812014 0.68804 0.567371 
10 2.29 0.891754 0.808747 0.683565 0.590451 
10 2.29 0.89152 0.808255 0.683218 0.587228 
10 2.29 0.889966 0.806878 0.682346 0.647958 
10 2.295 0.890666 0.806868 0.680834 0.591831 
10 2.295 0.89238 0.810106 0.685928 0.59975 
10 2.295 0.88657 0.801478 0.674889 0.674126 
10 2.295 0.889742 0.805508 0.678901 0.604225 
10 2.295 0.891322 0.807642 0.68138 0.574603 
10 2.3 0.889692 0.805277 0.678485 0.596747 
10 2.3 0.892072 0.809202 0.684261 0.583013 
10 2.3 0.886306 0.800758 0.673317 0.661741 
10 2.3 0.888574 0.804123 0.677823 0.633032 
10 2.3 0.888046 0.803075 0.675806 0.62821 
10 2.305 0.88807 0.802481 0.674507 0.599252 
10 2.305 0.885028 0.798977 0.671123 0.681222 
10 2.305 0.887264 0.801231 0.672467 0.607096 
10 2.305 0.885404 0.799319 0.670776 0.667186 
10 2.305 0.888502 0.803581 0.676489 0.613692 
10 2.31 0.886598 0.800199 0.671063 0.61223 
10 2.31 0.885204 0.798574 0.669668 0.648836 
10 2.31 0.885086 0.798226 0.668407 0.642799 
10 2.31 0.885566 0.798522 0.668575 0.618827 
10 2.31 0.882798 0.794845 0.664013 0.671562 
10 2.315 0.88236 0.794616 0.664515 0.693593 
10 2.315 0.881482 0.79322 0.66314 0.700206 
10 2.315 0.882408 0.793799 0.662156 0.654633 
10 2.315 0.882682 0.793955 0.662293 0.64051 
10 2.315 0.88157 0.792807 0.661469 0.675648 
10 2.32 0.878644 0.788667 0.656174 0.717748 
10 2.32 0.881016 0.791944 0.660372 0.679097 
10 2.32 0.878166 0.78825 0.656317 0.735964 
10 2.32 0.881964 0.792971 0.660826 0.651306 
10 2.32 0.881064 0.79147 0.65888 0.655027 
10 2.325 0.87547 0.784163 0.650689 0.761961 
10 2.325 0.878678 0.788819 0.65638 0.720185 
10 2.325 0.878332 0.787514 0.653996 0.690186 
10 2.325 0.878226 0.788056 0.655316 0.721515 
10 2.325 0.87524 0.783227 0.648788 0.739013 
10 2.33 0.876192 0.784421 0.649947 0.717115 
10 2.33 0.87417 0.781338 0.645498 0.736696 
10 2.33 0.874694 0.782723 0.6486 0.756812 
10 2.33 0.874962 0.783237 0.649456 0.758748 
10 2.33 0.874802 0.783083 0.648888 0.764161 
10 2.335 0.870806 0.776779 0.640302 0.79128 
10 2.335 0.872606 0.779054 0.642798 0.754289 
10 2.335 0.873202 0.780673 0.645736 0.779086 
10 2.335 0.874106 0.780589 0.643715 0.707842 
10 2.335 0.869362 0.774157 0.636451 0.786597 
10 2.34 0.869668 0.775279 0.638704 0.810122 
10 2.34 0.869246 0.7741 0.636279 0.791104 
10 2.34 0.86972 0.774689 0.637255 0.781046 
10 2.34 0.871538 0.778225 0.642681 0.796849 
10 2.34 0.869448 0.774383 0.636916 0.788182 
10 2.345 0.867794 0.770963 0.630841 0.76318 
10 2.345 0.866104 0.769716 0.631481 0.834979 
10 2.345 0.86569 0.769465 0.631483 0.854812 
10 2.345 0.865354 0.768816 0.629732 0.851951 
10 2.345 0.867248 0.77106 0.631965 0.807732 
10 2.35 0.86494 0.76733 0.627367 0.817402 
10 2.35 0.865324 0.768508 0.629683 0.83926 
10 2.35 0.865182 0.768468 0.629457 0.847986 
10 2.35 0.868654 0.772678 0.634005 0.771007 
10 2.35 0.870352 0.774818 0.63593 0.7364 
10 2.355 0.863534 0.765328 0.62458 0.833829 
10 2.355 0.862568 0.763461 0.621875 0.825385 
10 2.355 0.861344 0.762104 0.621215 0.857357 
10 2.355 0.862854 0.764866 0.624698 0.864057 
10 2.355 0.860536 0.761182 0.619931 0.877294 
10 2.36 0.861426 0.762039 0.619803 0.846777 
10 2.36 0.859748 0.759899 0.617956 0.878485 
10 2.36 0.860352 0.761046 0.619878 0.883066 
10 2.36 0.85937 0.758983 0.616109 0.867219 
10 2.36 0.855726 0.754548 0.611928 0.944116 
10 2.365 0.855582 0.753943 0.610248 0.92694 
10 2.365 0.855892 0.754734 0.61135 0.937979 
10 2.365 0.856468 0.755203 0.611937 0.91608 
10 2.365 0.853688 0.751033 0.606378 0.940783 
10 2.365 0.858236 0.757558 0.61461 0.887479 
10 2.37 0.852632 0.749633 0.604967 0.955755 
10 2.37 0.853534 0.751595 0.607893 0.97363 
10 2.37 0.854296 0.752316 0.608413 0.949135 
10 2.37 0.853858 0.751476 0.607331 0.945252 
10 2.37 0.853802 0.750728 0.605133 0.917733 
10 2.375 0.853476 0.750283 0.605083 0.920505 
10 2.375 0.852706 0.749581 0.604591 0.946265 
10 2.375 0.852116 0.748978 0.60409 0.96322 
10 2.375 0.852372 0.748392 0.601891 0.92015 
10 2.375 0.850004 0.745906 0.600287 0.985246 
10 2.38 0.84744 0.742393 0.596062 1.01842 
10 2.38 0.84852 0.744162 0.598213 1.01578 
10 2.38 0.848284 0.743096 0.596033 0.987812 
10 2.38 0.850752 0.746512 0.600746 0.95517 
10 2.38 0.84964 0.744231 0.5969 0.938764 
10 2.385 0.842156 0.734118 0.584923 1.04365 
10 2.385 0.847034 0.741424 0.594358 1.00451 
10 2.385 0.844602 0.738086 0.590207 1.03704 
10 2.385 0.84591 0.739256 0.591121 0.993372 
10 2.385 0.844044 0.737687 0.590533 1.05984 
10 2.39 0.844328 0.737626 0.589439 1.03499 
10 2.39 0.843768 0.736591 0.588228 1.03123 
10 2.39 0.842302 0.733688 0.583266 1.0132 
10 2.39 0.841752 0.733204 0.583646 1.03168 
10 2.39 0.844284 0.736486 0.586905 0.990412 
10 2.395 0.83928 0.729724 0.579041 1.05777 
10 2.395 0.838312 0.728829 0.578669 1.0882 
10 2.395 0.838138 0.72962 0.580737 1.1334 
10 2.395 0.83594 0.725023 0.573627 1.09508 
10 2.395 0.839528 0.730525 0.580334 1.0738 
10 2.4 0.835468 0.724449 0.57269 1.10175 
10 2.4 0.833374 0.721645 0.569696 1.13055 
10 2.4 0.834564 0.723634 0.572672 1.13071 
10 2.4 0.835626 0.724043 0.572009 1.07385 
10 2.4 0.836298 0.725815 0.574607 1.10085 
10 2.405 0.833946 0.721754 0.568479 1.09308 
10 2.405 0.833258 0.721614 0.569579 1.13493 
10 2.405 0.834444 0.722821 0.570732 1.10288 
10 2.405 0.832198 0.720344 0.568406 1.15554 
10 2.405 0.830806 0.71843 0.565593 1.17218 
10 2.41 0.832274 0.718814 0.564503 1.08439 
10 2.41 0.830086 0.717313 0.564657 1.17304 
10 2.41 0.8313 0.717792 0.563491 1.10921 
10 2.41 0.82743 0.7138 0.560336 1.20996 
10 2.41 0.83138 0.718197 0.564551 1.12052 
10 2.415 0.827658 0.713071 0.55826 1.16161 
10 2.415 0.828952 0.714751 0.560351 1.14242 
10 2.415 0.826456 0.712031 0.558349 1.20091 
10 2.415 0.827584 0.713665 0.559984 1.1913 
10 2.415 0.825492 0.709533 0.554104 1.16341 
10 2.42 0.822454 0.70473 0.547373 1.16939 
10 2.42 0.823504 0.708348 0.554314 1.24747 
10 2.42 0.820848 0.704627 0.549839 1.27419 
10 2.42 0.820894 0.704339 0.549296 1.25919 
10 2.42 0.822584 0.706083 0.54969 1.21645 
10 2.425 0.819196 0.701618 0.544924 1.25921 
10 2.425 0.82333 0.706614 0.549972 1.18524 
10 2.425 0.821318 0.704203 0.548022 1.22224 
10 2.425 0.822738 0.706293 0.550555 1.21219 
10 2.425 0.819646 0.701914 0.545065 1.241 
10 2.43 0.815786 0.697801 0.541461 1.32896 
10 2.43 0.814498 0.696578 0.540713 1.36507 
10 2.43 0.817526 0.699005 0.541851 1.26156 
10 2.43 0.813858 0.694183 0.536677 1.30939 
10 2.43 0.815402 0.696503 0.539311 1.30135 
10 2.435 0.812178 0.691131 0.532116 1.29355 
10 2.435 0.812096 0.691714 0.532993 1.32297 
10 2.435 0.813642 0.693809 0.535453 1.30579 
10 2.435 0.814096 0.693753 0.534075 1.27312 
10 2.435 0.81125 0.691033 0.532902 1.3514 
10 2.44 0.807216 0.685813 0.527791 1.40228 
10 2.44 0.808074 0.686005 0.526581 1.35333 
10 2.44 0.808712 0.686876 0.527799 1.34677 
10 2.44 0.813538 0.692428 0.532639 1.25343 
10 2.44 0.809286 0.68831 0.529517 1.36747 
10 2.445 0.801998 0.678189 0.518004 1.43101 
10 2.445 0.807664 0.685215 0.525419 1.34534 
10 2.445 0.808234 0.68633 0.527091 1.35327 
10 2.445 0.80597 0.683454 0.523998 1.38512 
10 2.445 0.803904 0.680596 0.520404 1.40429 
10 2.45 0.799858 0.674881 0.513311 1.433 
10 2.45 0.798854 0.673803 0.511935 1.4545 
10 2.45 0.803986 0.67956 0.51787 1.35373 
10 2.45 0.8008 0.675826 0.514016 1.41003 
10 2.45 0.80318 0.679703 0.518925 1.41245 
10 2.455 0.799444 0.674241 0.512457 1.43095 
10 2.455 0.799056 0.674725 0.514738 1.47595 
10 2.455 0.800522 0.675775 0.514416 1.42322 
10 2.455 0.801072 0.675273 0.512743 1.36686 
10 2.455 0.798892 0.672741 0.509852 1.40579 
10 2.46 0.796586 0.670161 0.507773 1.44763 
10 2.46 0.797076 0.669632 0.505319 1.3944 
10 2.46 0.79106 0.663034 0.500394 1.51457 
10 2.46 0.791674 0.664306 0.502071 1.52676 
10 2.46 0.79223 0.664653 0.501822 1.50507 
10 2.465 0.792874 0.664794 0.500775 1.46631 
10 2.465 0.78931 0.659791 0.495469 1.49212 
10 2.465 0.788752 0.659736 0.496406 1.52561 
10 2.465 0.791778 0.664749 0.502705 1.53494 
10 2.465 0.791082 0.663641 0.501083 1.5347 
10 2.47 0.786076 0.656386 0.49185 1.5575 
10 2.47 0.786464 0.656539 0.492465 1.539 
10 2.47 0.786368 0.656108 0.491379 1.52765 
10 2.47 0.78565 0.655629 0.491416 1.55396 
10 2.47 0.787486 0.657909 0.493643 1.52935 
10 2.475 0.784292 0.65403 0.489723 1.57235 
10 2.475 0.780302 0.648816 0.483586 1.61391 
10 2.475 0.78536 0.654945 0.490385 1.5416 
10 2.475 0.784714 0.652909 0.486704 1.50031 
10 2.475 0.78347 0.652229 0.487356 1.55167 
10 2.48 0.779726 0.647329 0.481664 1.58694 
10 2.48 0.779098 0.64681 0.481642 1.60549 
10 2.48 0.779046 0.647327 0.482297 1.62962 
10 2.48 0.78013 0.646738 0.479736 1.53772 
10 2.48 0.77969 0.648514 0.48363 1.63699 
10 2.485 0.771594 0.636996 0.469844 1.67562 
10 2.485 0.7757 0.642655 0.476239 1.64765 
10 2.485 0.773284 0.639141 0.47301 1.65684 
10 2.485 0.77655 0.643232 0.476792 1.6178 
10 2.485 0.775066 0.642306 0.477599 1.67319 
10 2.49 0.771838 0.63607 0.468294 1.61991 
10 2.49 0.77195 0.637324 0.47047 1.66333 
10 2.49 0.769192 0.634132 0.467483 1.70585 
10 2.49 0.77098 0.63646 0.469588 1.68874 
10 2.49 0.774678 0.641129 0.474657 1.64669 
10 2.495 0.768006 0.631621 0.463541 1.67486 
10 2.495 0.765624 0.628476 0.460103 1.69523 
10 2.495 0.767098 0.631093 0.464317 1.70955 
10 2.495 0.76687 0.630198 0.462791 1.68772 
10 2.495 0.766752 0.630498 0.462412 1.70697 
10 2.5 0.760732 0.6228 0.454787 1.76346 
10 2.5 0.76131 0.624104 0.457391 1.78046 
10 2.5 0.760762 0.621187 0.450958 1.69711 
10 2.5 0.76688 0.629777 0.461198 1.66688 
10 2.5 0.762176 0.624233 0.456012 1.73282 
10 2.505 0.757226 0.617025 0.447358 1.74185 
10 2.505 0.757768 0.618462 0.449228 1.76647 
10 2.505 0.761284 0.622382 0.453024 1.70974 
10 2.505 0.759656 0.620503 0.45109 1.73356 
10 2.505 0.75742 0.618137 0.44915 1.77452 
10 2.51 0.753534 0.612602 0.442581 1.78442 
10 2.51 0.755032 0.614437 0.444759 1.76747 
10 2.51 0.760084 0.620634 0.450887 1.70943 
10 2.51 0.754916 0.615097 0.446357 1.80077 
10 2.51 0.756946 0.616675 0.446415 1.74136 
10 2.515 0.750626 0.608587 0.437782 1.79514 
10 2.515 0.751316 0.609917 0.439978 1.80683 
10 2.515 0.751992 0.610111 0.4395 1.77411 
10 2.515 0.750112 0.60795 0.437284 1.80048 
10 2.515 0.752936 0.611986 0.44187 1.79219 
10 2.52 0.746194 0.603492 0.433098 1.85266 
10 2.52 0.746112 0.603315 0.433468 1.85048 
10 2.52 0.741948 0.597525 0.426548 1.86659 
10 2.52 0.749604 0.607931 0.437913 1.82637 
10 2.52 0.744568 0.601706 0.431744 1.87796 
10 2.525 0.747234 0.603297 0.431449 1.77974 
10 2.525 0.738682 0.594458 0.424384 1.93293 
10 2.525 0.744368 0.600498 0.429315 1.8382 
10 2.525 0.744956 0.600476 0.428557 1.80263 
10 2.525 0.738836 0.594435 0.424092 1.92302 
10 2.53 0.73807 0.59355 0.423449 1.92897 
10 2.53 0.735684 0.589841 0.417702 1.92134 
10 2.53 0.738976 0.593358 0.421301 1.86849 
10 2.53 0.73454 0.58888 0.417402 1.94984 
10 2.53 0.732798 0.587424 0.417513 1.99333 
10 2.535 0.73152 0.585757 0.415122 1.99744 
10 2.535 0.735368 0.588561 0.415585 1.88541 
10 2.535 0.730924 0.584213 0.413157 1.97092 
10 2.535 0.730796 0.583832 0.4124 1.96326 
10 2.535 0.727636 0.579967 0.408872 1.99263 
10 2.54 0.726756 0.57816 0.40513 1.96796 
10 2.54 0.727936 0.580836 0.409346 2.00573 
10 2.54 0.729252 0.581481 0.408993 1.9556 
10 2.54 0.730044 0.58192 0.409835 1.92741 
10 2.54 0.725842 0.578009 0.406358 2.01426 
10 2.545 0.722714 0.572927 0.400937 1.98864 
10 2.545 0.722984 0.573599 0.401355 1.99973 
10 2.545 0.72258 0.572843 0.400326 1.99295 
10 2.545 0.723938 0.575262 0.403251 2.01082 
10 2.545 0.72447 0.575997 0.404311 2.00945 
10 2.55 0.718612 0.568378 0.396673 2.03824 
10 2.55 0.722866 0.572375 0.399506 1.95449 
10 2.55 0.71854 0.567243 0.393434 1.99778 
10 2.55 0.71944 0.568389 0.395237 1.99196 
10 2.55 0.717268 0.566619 0.394479 2.04493 
10 2.555 0.717024 0.565666 0.392663 2.01732 
10 2.555 0.717934 0.567376 0.394591 2.03314 
10 2.555 0.714926 0.563338 0.39018 2.04378 
10 2.555 0.714454 0.562853 0.389889 2.05122 
10 2.555 0.7143 0.562518 0.389747 2.0467 
10 2.56 0.710594 0.557163 0.383688 2.03982 
10 2.56 0.709886 0.558287 0.386212 2.123 
10 2.56 0.712642 0.560306 0.38721 2.04871 
10 2.56 0.709926 0.557283 0.384672 2.08155 
10 2.56 0.70816 0.555144 0.382249 2.09582 
10 2.565 0.706144 0.55336 0.380696 2.13337 
10 2.565 0.70596 0.552156 0.379026 2.09655 
10 2.565 0.70893 0.556372 0.383395 2.09708 
10 2.565 0.704752 0.551531 0.379302 2.13862 
10 2.565 0.706312 0.552134 0.379156 2.0763 
10 2.57 0.698412 0.54363 0.370972 2.17317 
10 2.57 0.699658 0.545368 0.373137 2.17302 
10 2.57 0.697196 0.541496 0.368172 2.15617 
10 2.57 0.701138 0.546563 0.373655 2.13884 
10 2.57 0.702908 0.54929 0.376407 2.14828 
10 2.575 0.694396 0.538378 0.365481 2.18224 
10 2.575 0.69788 0.542155 0.368694 2.14052 
10 2.575 0.69666 0.541102 0.368165 2.16572 
10 2.575 0.69505 0.539359 0.366675 2.18504 
10 2.575 0.697872 0.542073 0.368096 2.13776 
10 2.58 0.69115 0.533746 0.360602 2.17278 
10 2.58 0.693102 0.535343 0.361304 2.12995 
10 2.58 0.689994 0.533625 0.361268 2.22997 
10 2.58 0.690186 0.532842 0.359594 2.18935 
10 2.58 0.693034 0.535481 0.361195 2.13894 
10 2.585 0.687882 0.530382 0.357427 2.21278 
10 2.585 0.685026 0.5264 0.353262 2.21043 
10 2.585 0.684866 0.526903 0.354114 2.23834 
10 2.585 0.686048 0.52792 0.354565 2.21502 
10 2.585 0.68812 0.529997 0.356406 2.18522 
10 2.59 0.684032 0.525946 0.353375 2.24116 
10 2.59 0.681338 0.52288 0.349805 2.26479 
10 2.59 0.67643 0.517825 0.346133 2.32694 
10 2.59 0.683392 0.525069 0.351734 2.24111 
10 2.59 0.684114 0.523219 0.348542 2.13155 
10 2.595 0.675636 0.51575 0.34259 2.28385 
10 2.595 0.676234 0.516223 0.342965 2.27095 
10 2.595 0.677456 0.516634 0.34233 2.22304 
10 2.595 0.674714 0.514329 0.341937 2.27705 
10 2.595 0.680798 0.521087 0.347534 2.21971 
10 2.6 0.671316 0.509522 0.336267 2.26373 
10 2.6 0.674272 0.513113 0.33926 2.24887 
10 2.6 0.671046 0.510028 0.337014 2.29714 
10 2.6 0.674164 0.512774 0.338742 2.2414 
10 2.6 0.672744 0.511145 0.337761 2.25233 
10 2.605 0.665876 0.503924 0.331341 2.32374 
10 2.605 0.667488 0.50416 0.330853 2.25029 
10 2.605 0.667358 0.505636 0.332642 2.31361 
10 2.605 0.669268 0.507356 0.334627 2.28163 
10 2.605 0.670188 0.507729 0.333915 2.24864 
10 2.61 0.66336 0.499978 0.326731 2.29623 
10 2.61 0.661496 0.498262 0.325426 2.32508 
10 2.61 0.664018 0.500127 0.326595 2.26848 
10 2.61 0.662234 0.498043 0.324394 2.27928 
10 2.61 0.662526 0.49974 0.326601 2.32949 
10 2.615 0.655542 0.491967 0.32027 2.37981 
10 2.615 0.658478 0.493498 0.319992 2.2908 
10 2.615 0.663486 0.499913 0.326498 2.28294 
10 2.615 0.660326 0.496409 0.323046 2.30893 
10 2.615 0.655556 0.491432 0.319148 2.35865 
10 2.62 0.654346 0.488979 0.316116 2.321 
10 2.62 0.65185 0.487192 0.314756 2.37722 
10 2.62 0.653488 0.488268 0.314547 2.33669 
10 2.62 0.651744 0.486628 0.314037 2.36097 
10 2.62 0.654504 0.488906 0.315516 2.31032 
10 2.625 0.648766 0.481907 0.309564 2.32417 
10 2.625 0.64684 0.480902 0.309428 2.38094 
10 2.625 0.650658 0.485156 0.311825 2.35431 
10 2.625 0.648516 0.482445 0.310143 2.35702 
10 2.625 0.650796 0.485602 0.313084 2.36445 
10 2.63 0.647006 0.480481 0.308065 2.35226 
10 2.63 0.643202 0.477109 0.305334 2.41067 
10 2.63 0.646598 0.480615 0.308796 2.37743 
10 2.63 0.645984 0.47891 0.306258 2.34275 
10 2.63 0.641958 0.474562 0.302326 2.37458 
10 2.635 0.642074 0.475111 0.302851 2.38526 
10 2.635 0.640742 0.474043 0.302483 2.40957 
10 2.635 0.640194 0.471587 0.298362 2.34303 
10 2.635 0.641286 0.47552 0.304596 2.43916 
10 2.635 0.640646 0.472743 0.299803 2.36494 
10 2.64 0.63248 0.464557 0.293789 2.44419 
10 2.64 0.633178 0.465249 0.294332 2.4369 
10 2.64 0.635524 0.467415 0.296002 2.40623 
10 2.64 0.633488 0.464914 0.29331 2.40934 
10 2.64 0.636596 0.467616 0.294874 2.36219 
10 2.645 0.632258 0.463549 0.291659 2.41204 
10 2.645 0.628032 0.458841 0.287877 2.43542 
10 2.645 0.630564 0.461293 0.289728 2.40763 
10 2.645 0.627074 0.45633 0.284801 2.38594 
10 2.645 0.62593 0.457221 0.287326 2.47384 
10 2.65 0.623074 0.45452 0.285401 2.50185 
10 2.65 0.624788 0.454007 0.283001 2.40178 
10 2.65 0.625868 0.456592 0.285769 2.44835 
10 2.65 0.624552 0.454818 0.283911 2.44351 
10 2.65 0.62407 0.455125 0.285882 2.47779 
10 2.655 0.621582 0.451818 0.281921 2.46531 
10 2.655 0.618806 0.448605 0.279042 2.47397 
10 2.655 0.620898 0.449702 0.2785 2.41763 
10 2.655 0.621962 0.451763 0.281437 2.44545 
10 2.655 0.618642 0.447553 0.277237 2.44199 
10 2.66 0.61929 0.447907 0.277088 2.42057 
10 2.66 0.614858 0.443476 0.273558 2.45961 
10 2.66 0.61542 0.444001 0.274075 2.45336 
10 2.66 0.61932 0.448029 0.277675 2.42374 
10 2.66 0.615694 0.444235 0.273441 2.44947 
10 2.665 0.610958 0.43874 0.26997 2.45667 
10 2.665 0.612166 0.440147 0.269515 2.45402 
10 2.665 0.614472 0.441954 0.27129 2.41571 
10 2.665 0.6088 0.436205 0.266972 2.46033 
10 2.665 0.61237 0.441146 0.272182 2.48214 
10 2.67 0.60231 0.430208 0.262574 2.52549 
10 2.67 0.606132 0.433968 0.265655 2.49332 
10 2.67 0.60681 0.434984 0.266908 2.50058 
10 2.67 0.604286 0.431075 0.262108 2.46867 
10 2.67 0.607444 0.435565 0.266621 2.49352 
10 2.675 0.597558 0.422964 0.254458 2.46312 
10 2.675 0.596322 0.423008 0.255743 2.51993 
10 2.675 0.602282 0.428923 0.260435 2.47398 
10 2.675 0.598666 0.426088 0.258728 2.53034 
10 2.675 0.60081 0.426729 0.258125 2.45817 
10 2.68 0.595326 0.421453 0.253899 2.50151 
10 2.68 0.595088 0.420563 0.253017 2.47885 
10 2.68 0.596582 0.421832 0.25338 2.45976 
10 2.68 0.601432 0.427989 0.259249 2.47271 
10 2.68 0.594152 0.420434 0.253751 2.51556 
10 2.685 0.58862 0.413541 0.24641 2.49785 
10 2.685 0.593138 0.417575 0.249098 2.44925 
10 2.685 0.590876 0.416768 0.250217 2.51894 
10 2.685 0.592918 0.417541 0.248879 2.45769 
10 2.685 0.593766 0.419114 0.251859 2.47882 
10 2.69 0.589712 0.415228 0.248217 2.50811 
10 2.69 0.583476 0.408008 0.24144 2.51167 
10 2.69 0.58884 0.414011 0.247409 2.50105 
10 2.69 0.589682 0.415158 0.247818 2.50682 
10 2.69 0.58611 0.410778 0.244255 2.50012 
10 2.695 0.5834 0.408598 0.243422 2.53219 
10 2.695 0.582408 0.405868 0.239625 2.47379 
10 2.695 0.577924 0.402686 0.238174 2.54878 
10 2.695 0.586662 0.410773 0.24375 2.47128 
10 2.695 0.585944 0.409836 0.242928 2.46775 
10 2.7 0.579992 0.403849 0.238084 2.49845 
10 2.7 0.576054 0.398792 0.232989 2.47976 
10 2.7 0.571108 0.394082 0.229802 2.51548 
10 2.7 0.57755 0.40117 0.236023 2.50393 
10 2.7 0.576128 0.398879 0.232877 2.47983 
10 2.705 0.569742 0.391635 0.226602 2.47797 
10 2.705 0.576138 0.398615 0.232705 2.46506 
10 2.705 0.57108 0.393672 0.228475 2.49685 
10 2.705 0.572164 0.394867 0.230205 2.49519 
10 2.705 0.567892 0.39185 0.228435 2.56371 
10 2.71 0.573316 0.395839 0.230394 2.47777 
10 2.71 0.57313 0.396609 0.232135 2.51405 
10 2.71 0.570694 0.393051 0.228017 2.4856 
10 2.71 0.567746 0.389961 0.225519 2.49542 
10 2.71 0.56198 0.384401 0.221552 2.53059 
10 2.715 0.5652 0.386926 0.22347 2.48527 
10 2.715 0.561668 0.383678 0.221146 2.51223 
10 2.715 0.563946 0.385442 0.221492 2.48275 
10 2.715 0.562814 0.38506 0.222148 2.51568 
10 2.715 0.567824 0.390552 0.226619 2.50933 
10 2.72 0.561232 0.38308 0.220303 2.50363 
10 2.72 0.556274 0.379086 0.218003 2.5605 
10 2.72 0.556332 0.378271 0.216515 2.52817 
10 2.72 0.558642 0.37982 0.216687 2.49042 
10 2.72 0.557968 0.380547 0.218653 2.54482 
10 2.725 0.554218 0.376173 0.214815 2.53267 
10 2.725 0.552074 0.373159 0.21156 2.50911 
10 2.725 0.55436 0.375423 0.213418 2.49936 
10 2.725 0.557022 0.378027 0.215191 2.48638 
10 2.725 0.551064 0.372663 0.212197 2.5318 
10 2.73 0.546768 0.367805 0.207701 2.52198 
10 2.73 0.555166 0.376047 0.213504 2.4849 
10 2.73 0.551164 0.372238 0.211016 2.50757 
10 2.73 0.5511 0.371776 0.21052 2.49322 
10 2.73 0.551628 0.373128 0.212014 2.52142 
10 2.735 0.547264 0.367983 0.206445 2.50402 
10 2.735 0.549118 0.369597 0.208531 2.48871 
10 2.735 0.547796 0.367316 0.205998 2.45836 
10 2.735 0.550162 0.370149 0.208442 2.46693 
10 2.735 0.545364 0.365351 0.204433 2.48368 
10 2.74 0.542334 0.361755 0.200941 2.46821 
10 2.74 0.543944 0.364467 0.203821 2.50336 
10 2.74 0.545348 0.365443 0.20509 2.48317 
10 2.74 0.54463 0.36464 0.204162 2.4824 
10 2.74 0.538146 0.357895 0.198991 2.49247 
10 2.745 0.53705 0.356453 0.196726 2.47834 
10 2.745 0.536866 0.356474 0.197177 2.48631 
10 2.745 0.540336 0.360628 0.201166 2.50145 
10 2.745 0.53651 0.355452 0.196634 2.46298 
10 2.745 0.543258 0.362744 0.202079 2.46321 
10 2.75 0.534456 0.353868 0.195229 2.48092 
10 2.75 0.535826 0.355552 0.197355 2.48881 
10 2.75 0.536696 0.355453 0.195244 2.4513 
10 2.75 0.534098 0.354053 0.195722 2.50152 
10 2.75 0.533788 0.353328 0.195258 2.48721 
10 2.755 0.530554 0.349203 0.190883 2.45791 
10 2.755 0.531474 0.35029 0.191937 2.46189 
10 2.755 0.530384 0.348543 0.189863 2.44051 
10 2.755 0.528788 0.347542 0.190101 2.46554 
10 2.755 0.532834 0.350534 0.190973 2.41821 
10 2.76 0.525462 0.344109 0.186713 2.46373 
10 2.76 0.526986 0.345718 0.188158 2.46389 
10 2.76 0.52594 0.345175 0.18859 2.48414 
10 2.76 0.523068 0.341213 0.183983 2.44973 
10 2.76 0.527094 0.346204 0.18892 2.47738 
10 2.765 0.52179 0.340081 0.183617 2.45266 
10 2.765 0.519748 0.338884 0.183376 2.48631 
10 2.765 0.521264 0.339085 0.182758 2.43649 
10 2.765 0.52297 0.340739 0.183433 2.43187 
10 2.765 0.521606 0.340209 0.184136 2.46424 
10 2.77 0.519852 0.337662 0.180571 2.43377 
10 2.77 0.517084 0.335961 0.180517 2.476 
10 2.77 0.517428 0.335527 0.179979 2.4475 
10 2.77 0.517 0.335242 0.180179 2.45317 
10 2.77 0.511664 0.329621 0.175461 2.4484 
10 2.775 0.513192 0.330825 0.176653 2.43095 
10 2.775 0.512762 0.331258 0.176535 2.46246 
10 2.775 0.510178 0.327386 0.173558 2.41817 
10 2.775 0.512086 0.330037 0.175392 2.44343 
10 2.775 0.517026 0.333627 0.176985 2.38959 
10 2.78 0.508736 0.326719 0.173115 2.44269 
10 2.78 0.503472 0.321976 0.169854 2.46372 
10 2.78 0.505864 0.324831 0.172321 2.47959 
10 2.78 0.507802 0.325339 0.171617 2.42719 
10 2.78 0.508424 0.326036 0.172658 2.42954 
10 2.785 0.506478 0.323933 0.170154 2.42059 
10 2.785 0.505476 0.322002 0.168734 2.38763 
10 2.785 0.508654 0.326056 0.171774 2.41749 
10 2.785 0.505858 0.323229 0.170487 2.41785 
10 2.785 0.507004 0.324517 0.17131 2.4224 
10 2.79 0.499736 0.318064 0.166563 2.44904 
10 2.79 0.503584 0.321005 0.168893 2.41607 
10 2.79 0.496522 0.313397 0.162311 2.39651 
10 2.79 0.498102 0.315682 0.164389 2.42211 
10 2.79 0.500852 0.318413 0.167052 2.42153 
10 2.795 0.501322 0.31885 0.166527 2.41598 
10 2.795 0.492278 0.308507 0.157974 2.36741 
10 2.795 0.498246 0.314891 0.163551 2.38431 
10 2.795 0.49608 0.312967 0.162073 2.39255 
10 2.795 0.492568 0.309072 0.158493 2.3774 
10 2.8 0.497694 0.314615 0.16388 2.38983 
10 2.8 0.493486 0.310647 0.160203 2.39708 
10 2.8 0.491562 0.309106 0.158948 2.40976 
10 2.8 0.48687 0.303899 0.154716 2.38775 
10 2.8 0.492174 0.310278 0.160462 2.4301 
10 2.805 0.491908 0.308417 0.157826 2.36876 
10 2.805 0.489098 0.306339 0.156719 2.39295 
10 2.805 0.486992 0.304896 0.156526 2.41479 
10 2.805 0.496406 0.312862 0.160915 2.36875 
10 2.805 0.48049 0.297995 0.151197 2.39303 
10 2.81 0.48344 0.300673 0.152903 2.38287 
10 2.81 0.48383 0.301046 0.153441 2.38272 
10 2.81 0.485264 0.302309 0.153969 2.37823 
10 2.81 0.478852 0.296265 0.149836 2.38311 
10 2.81 0.483066 0.301307 0.154173 2.4183 
10 2.815 0.480666 0.296249 0.148059 2.31648 
10 2.815 0.474818 0.291093 0.14433 2.33183 
10 2.815 0.485628 0.302287 0.153278 2.36066 
10 2.815 0.47983 0.296325 0.149439 2.3477 
10 2.815 0.47959 0.296321 0.149388 2.35577 
10 2.82 0.478828 0.295218 0.147713 2.33837 
10 2.82 0.47472 0.290443 0.143289 2.30794 
10 2.82 0.477244 0.293774 0.147301 2.34086 
10 2.82 0.479624 0.295786 0.148193 2.33144 
10 2.82 0.473822 0.290409 0.144586 2.33694 
10 2.825 0.47024 0.286994 0.142185 2.33161 
10 2.825 0.469642 0.285599 0.140454 2.30215 
10 2.825 0.472776 0.290667 0.145805 2.37699 
10 2.825 0.47534 0.292622 0.147386 2.36015 
10 2.825 0.47602 0.293698 0.147681 2.37531 
10 2.83 0.469388 0.28591 0.141037 2.3175 
10 2.83 0.464366 0.281324 0.138201 2.32114 
10 2.83 0.473082 0.28883 0.14289 2.29763 
10 2.83 0.47532 0.290862 0.144167 2.29446 
10 2.83 0.471516 0.28738 0.14166 2.29869 
10 2.835 0.465518 0.282724 0.139471 2.32865 
10 2.835 0.466822 0.283259 0.138917 2.30464 
10 2.835 0.468236 0.283787 0.138901 2.2766 
10 2.835 0.466976 0.283374 0.138968 2.30361 
10 2.835 0.45812 0.274795 0.133409 2.28999 
10 2.84 0.465974 0.28252 0.138383 2.30241 
10 2.84 0.463708 0.280763 0.137574 2.31473 
10 2.84 0.459578 0.276129 0.133892 2.28581 
10 2.84 0.45787 0.275027 0.133626 2.30217 
10 2.84 0.466566 0.28346 0.139523 2.31606 
10 2.845 0.464402 0.282141 0.138715 2.33644 
10 2.845 0.456538 0.273717 0.13231 2.29492 
10 2.845 0.459044 0.275263 0.132748 2.2686 
10 2.845 0.460924 0.277083 0.133719 2.27179 
10 2.845 0.460072 0.276471 0.134246 2.27785 
10 2.85 0.458062 0.272601 0.129164 2.20281 
10 2.85 0.45966 0.275162 0.132243 2.24123 
10 2.85 0.45057 0.267667 0.127832 2.26856 
10 2.85 0.457102 0.272853 0.130792 2.2425 
10 2.85 0.460208 0.276096 0.133033 2.25629 
10 2.855 0.45177 0.268611 0.12862 2.25972 
10 2.855 0.45297 0.269972 0.129393 2.26934 
10 2.855 0.452026 0.268128 0.12746 2.23471 
10 2.855 0.45202 0.268918 0.128886 2.26254 
10 2.855 0.453306 0.267758 0.125902 2.18114 
10 2.86 0.446732 0.262879 0.123824 2.21363 
10 2.86 0.45059 0.26594 0.124884 2.1996 
10 2.86 0.450042 0.26621 0.126433 2.2263 
10 2.86 0.451516 0.267972 0.127894 2.24144 
10 2.86 0.449132 0.266511 0.127353 2.26544 
10 2.865 0.442602 0.260057 0.122515 2.23946 
10 2.865 0.444032 0.261393 0.123546 2.24185 
10 2.865 0.446082 0.261772 0.122496 2.19139 
10 2.865 0.44199 0.258268 0.119736 2.19592 
10 2.865 0.446012 0.261455 0.121643 2.1825 
10 2.87 0.439884 0.256533 0.119458 2.19633 
10 2.87 0.4424 0.259841 0.122436 2.23427 
10 2.87 0.442388 0.259659 0.122307 2.22829 
10 2.87 0.44078 0.257027 0.11924 2.18606 
10 2.87 0.439548 0.256493 0.119024 2.20524 
10 2.875 0.439928 0.256365 0.119142 2.18532 
10 2.875 0.43959 0.256613 0.119395 2.20429 
10 2.875 0.43758 0.25525 0.118863 2.21821 
10 2.875 0.43947 0.256961 0.119959 2.22006 
10 2.875 0.436514 0.251474 0.114957 2.11929 
10 2.88 0.430088 0.247425 0.113209 2.16837 
10 2.88 0.432638 0.250904 0.116035 2.2128 
10 2.88 0.442314 0.258081 0.120127 2.16802 
10 2.88 0.432814 0.250717 0.116197 2.20101 
10 2.88 0.435658 0.251386 0.11489 2.13846 
10 2.885 0.430182 0.247913 0.113526 2.17873 
10 2.885 0.4361 0.253436 0.118008 2.19248 
10 2.885 0.434046 0.25034 0.114417 2.14712 
10 2.885 0.430676 0.247645 0.112885 2.15471 
10 2.885 0.432492 0.248906 0.113718 2.14406 
10 2.89 0.426964 0.244097 0.110735 2.13838 
10 2.89 0.43103 0.247086 0.112381 2.12109 
10 2.89 0.424138 0.241863 0.109176 2.14429 
10 2.89 0.430906 0.24704 0.11223 2.12319 
10 2.89 0.432916 0.248638 0.113289 2.1184 
10 2.895 0.423382 0.241828 0.109933 2.16151 
10 2.895 0.423768 0.242755 0.11058 2.18223 
10 2.895 0.420178 0.238791 0.107658 2.14995 
10 2.895 0.428338 0.244601 0.110368 2.11148 
10 2.895 0.424392 0.24262 0.110174 2.15929 
10 2.9 0.42284 0.239459 0.107335 2.0919 
10 2.9 0.422794 0.239815 0.107313 2.10551 
10 2.9 0.419598 0.235821 0.103802 2.06063 
10 2.9 0.422668 0.240089 0.10794 2.11866 
10 2.9 0.416534 0.233985 0.103399 2.08566 
10 2.905 0.422714 0.238498 0.105657 2.0589 
10 2.905 0.422138 0.238865 0.106652 2.08829 
10 2.905 0.422092 0.239453 0.10716 2.10987 
10 2.905 0.415318 0.232862 0.102715 2.07826 
10 2.905 0.415926 0.234189 0.103877 2.10651 
10 2.91 0.41493 0.231789 0.10167 2.04889 
10 2.91 0.419636 0.236187 0.103683 2.06504 
10 2.91 0.41447 0.231456 0.101342 2.05055 
10 2.91 0.41585 0.234076 0.10387 2.10119 
10 2.91 0.415696 0.233086 0.102591 2.07157 
10 2.915 0.41289 0.230098 0.100282 2.04527 
10 2.915 0.413474 0.230761 0.100682 2.05148 
10 2.915 0.417078 0.233292 0.102585 2.03562 
10 2.915 0.415564 0.232302 0.10131 2.0449 
10 2.915 0.415318 0.233578 0.10344 2.09567 
10 2.92 0.408066 0.22555 0.0974898 2.02166 
10 2.92 0.412882 0.230095 0.100093 2.04188 
10 2.92 0.409048 0.226958 0.098334 2.0424 
10 2.92 0.414946 0.232534 0.102209 2.0669 
10 2.92 0.40837 0.227306 0.0993034 2.07328 
10 2.925 0.405698 0.223676 0.0965151 2.02002 
10 2.925 0.404848 0.22252 0.09488 2.00405 
10 2.925 0.403364 0.221815 0.095263 2.02094 
10 2.925 0.406898 0.224793 0.0971236 2.02487 
10 2.925 0.407076 0.22483 0.096949 2.02116 
10 2.93 0.403906 0.221969 0.0951256 2.00782 
10 2.93 0.407866 0.225347 0.0970716 2.01338 
10 2.93 0.410058 0.227712 0.0988536 2.03293 
10 2.93 0.405658 0.224131 0.0966116 2.03321 
10 2.93 0.40581 0.223703 0.0962317 2.01439 
10 2.935 0.40434 0.221984 0.0944123 1.99297 
10 2.935 0.405134 0.22262 0.0950214 1.99274 
10 2.935 0.402858 0.221026 0.0941876 2.00106 
10 2.935 0.403708 0.222079 0.0949096 2.0136 
10 2.935 0.40095 0.220015 0.0941234 2.01889 
10 2.94 0.39616 0.214921 0.0902449 1.97204 
10 2.94 0.397146 0.215467 0.0909554 1.96401 
10 2.94 0.405824 0.222928 0.0948804 1.98078 
10 2.94 0.401456 0.219495 0.0934857 1.98394 
10 2.94 0.398998 0.215783 0.0898195 1.92462 
10 2.945 0.39118 0.209986 0.0870566 1.93428 
10 2.945 0.397936 0.216295 0.0912205 1.96748 
10 2.945 0.394274 0.211243 0.0868268 1.89442 
10 2.945 0.395776 0.214977 0.090973 1.98094 
10 2.945 0.396414 0.214765 0.0899646 1.95658 
10 2.95 0.395812 0.213613 0.0888052 1.93038 
10 2.95 0.396394 0.214865 0.090467 1.9572 
10 2.95 0.393572 0.211561 0.0878357 1.92076 
10 2.95 0.396628 0.215629 0.0908012 1.9768 
10 2.95 0.39373 0.212721 0.0894149 1.95587 
10 2.955 0.390608 0.209779 0.0868706 1.93584 
10 2.955 0.391854 0.211196 0.087691 1.9508 
10 2.955 0.391382 0.210196 0.0870304 1.92948 
10 2.955 0.390612 0.209182 0.0867165 1.91556 
10 2.955 0.389684 0.208478 0.0858628 1.91622 
10 2.96 0.392904 0.211008 0.0875531 1.91334 
10 2.96 0.385484 0.205528 0.0842404 1.92331 
10 2.96 0.389124 0.207478 0.0845116 1.89395 
10 2.96 0.388066 0.207459 0.0860078 1.92109 
10 2.96 0.38866 0.208234 0.0862297 1.93167 
10 2.965 0.387986 0.207248 0.0854198 1.91283 
10 2.965 0.385196 0.204264 0.0831684 1.88493 
10 2.965 0.387262 0.20671 0.0847822 1.9136 
10 2.965 0.384588 0.2045 0.0839572 1.90866 
10 2.965 0.385648 0.205608 0.0846825 1.91851 
10 2.97 0.379952 0.200247 0.0814285 1.8816 
10 2.97 0.379106 0.19888 0.0800733 1.85719 
10 2.97 0.384414 0.20359 0.0826601 1.87933 
10 2.97 0.382682 0.202813 0.0823333 1.89789 
10 2.97 0.383746 0.202495 0.0813763 1.85973 
10 2.975 0.377844 0.198088 0.0793768 1.85956 
10 2.975 0.381524 0.201885 0.0820488 1.89326 
10 2.975 0.378268 0.196614 0.0773658 1.79922 
10 2.975 0.381818 0.201576 0.0816289 1.87533 
10 2.975 0.377106 0.197669 0.0792095 1.86421 
10 2.98 0.382322 0.199641 0.079175 1.79434 
10 2.98 0.378672 0.198432 0.079246 1.84697 
10 2.98 0.378878 0.197356 0.0778512 1.80563 
10 2.98 0.378038 0.197402 0.0780423 1.82849 
10 2.98 0.374706 0.195323 0.0774194 1.8429 
10 2.985 0.371754 0.19168 0.0751197 1.7916 
10 2.985 0.380838 0.201007 0.0815864 1.87502 
10 2.985 0.372122 0.193865 0.0776773 1.85563 
10 2.985 0.375178 0.195604 0.0778842 1.83736 
10 2.985 0.374774 0.196037 0.078249 1.86204 
10 2.99 0.37616 0.195151 0.076323 1.79448 
10 2.99 0.372312 0.192709 0.075457 1.80912 
10 2.99 0.374558 0.194919 0.0777508 1.82695 
10 2.99 0.36792 0.188879 0.0732181 1.78977 
10 2.99 0.372648 0.19268 0.0749843 1.79977 
10 2.995 0.37345 0.193152 0.0754466 1.79257 
10 2.995 0.374564 0.194346 0.0764472 1.80461 
10 2.995 0.368304 0.189318 0.073811 1.792 
10 2.995 0.371088 0.190994 0.0746564 1.77921 
10 2.995 0.371486 0.192134 0.0754643 1.80741 
10 3 0.368226 0.189838 0.0739268 1.80824 
10 3 0.366996 0.188104 0.0729218 1.78059 
10 3 0.370346 0.190196 0.0736418 1.768 
10 3 0.368708 0.188588 0.0724329 1.75474 
10 3 0.367066 0.188619 0.0736 1.79604 
10 3.005 0.365584 0.186886 0.0721397 1.77154 
10 3.005 0.36395 0.185767 0.0713544 1.77395 
10 3.005 0.365682 0.186939 0.072129 1.77092 
10 3.005 0.366352 0.18667 0.0713156 1.74564 
10 3.005 0.366942 0.187362 0.0725615 1.75426 
10 3.01 0.362372 0.184012 0.0704056 1.75079 
10 3.01 0.365312 0.186458 0.0718028 1.76097 
10 3.01 0.36299 0.183933 0.0699293 1.73327 
10 3.01 0.361068 0.182781 0.0697153 1.74121 
10 3.01 0.367604 0.187589 0.0716529 1.74274 
10 3.015 0.357954 0.179644 0.0673717 1.70855 
10 3.015 0.35906 0.180458 0.0676283 1.70926 
10 3.015 0.36083 0.181856 0.0685446 1.71336 
10 3.015 0.35815 0.180732 0.0686949 1.73998 
10 3.015 0.361112 0.182788 0.0696962 1.73753 
10 3.02 0.360476 0.181129 0.0678768 1.69489 
10 3.02 0.359248 0.181233 0.0686859 1.72762 
10 3.02 0.356842 0.178448 0.0662118 1.69244 
10 3.02 0.357432 0.179281 0.0670352 1.70608 
10 3.02 0.358074 0.180298 0.068078 1.72454 
10 3.025 0.353716 0.176529 0.0659721 1.69963 
10 3.025 0.358236 0.180263 0.0680762 1.71668 
10 3.025 0.358688 0.180281 0.0675025 1.70659 
10 3.025 0.357834 0.180011 0.0680651 1.71788 
10 3.025 0.355946 0.178767 0.0675142 1.72129 
10 3.03 0.356334 0.17896 0.0676486 1.71573 
10 3.03 0.355196 0.17779 0.0666377 1.70382 
10 3.03 0.355932 0.177536 0.0659417 1.67817 
10 3.03 0.353778 0.176756 0.0660247 1.70287 
10 3.03 0.357532 0.179738 0.0678706 1.71315 
10 3.035 0.354234 0.176261 0.0651281 1.67313 
10 3.035 0.353524 0.176159 0.065633 1.68632 
10 3.035 0.352626 0.175402 0.0648837 1.68227 
10 3.035 0.354058 0.175916 0.0649896 1.66585 
10 3.035 0.357728 0.178751 0.0661912 1.67322 
10 3.04 0.347494 0.171215 0.0624472 1.65998 
10 3.04 0.346586 0.170712 0.0624907 1.66415 
10 3.04 0.349708 0.172754 0.0632597 1.65981 
10 3.04 0.349644 0.17304 0.0634008 1.67069 
10 3.04 0.349682 0.172658 0.0636875 1.65727 
10 3.045 0.344172 0.169006 0.0618404 1.66015 
10 3.045 0.34697 0.170756 0.0622144 1.6541 
10 3.045 0.348546 0.170693 0.0617498 1.61605 
10 3.045 0.34793 0.171326 0.062357 1.65093 
10 3.045 0.348106 0.170641 0.061682 1.62439 
10 3.05 0.34238 0.167081 0.0599046 1.63466 
10 3.05 0.347866 0.171423 0.0629176 1.65286 
10 3.05 0.346322 0.170047 0.0619561 1.64288 
10 3.05 0.346968 0.170733 0.0620263 1.65069 
10 3.05 0.348018 0.171028 0.0618601 1.63645 
10 3.055 0.340558 0.164986 0.058979 1.60414 
10 3.055 0.345928 0.169353 0.0613103 1.62641 
10 3.055 0.338402 0.163747 0.0586462 1.61151 
10 3.055 0.347034 0.170573 0.0621951 1.64124 
10 3.055 0.34505 0.169627 0.0618156 1.65524 
10 3.06 0.34354 0.167024 0.059952 1.60144 
10 3.06 0.336802 0.162117 0.0575124 1.59089 
10 3.06 0.342402 0.166579 0.0593627 1.61243 
10 3.06 0.340774 0.165453 0.059256 1.61196 
10 3.06 0.34081 0.165407 0.0591655 1.60965 
10 3.065 0.339364 0.163944 0.0580457 1.5914 
10 3.065 0.340894 0.164907 0.0588401 1.58885 
10 3.065 0.341104 0.163995 0.0573071 1.55441 
10 3.065 0.340804 0.164723 0.0585217 1.58484 
10 3.065 0.343628 0.166769 0.059624 1.58855 
10 3.07 0.335894 0.161307 0.0571089 1.57923 
10 3.07 0.336676 0.161759 0.057249 1.57682 
10 3.07 0.335494 0.16171 0.0574198 1.6011 
10 3.07 0.339044 0.163139 0.0575583 1.56964 
10 3.07 0.336602 0.162287 0.0575127 1.59564 
10 3.075 0.335822 0.161848 0.0576196 1.59582 
10 3.075 0.337278 0.161902 0.0571272 1.5657 
10 3.075 0.333422 0.158611 0.0548601 1.54278 
10 3.075 0.336276 0.16003 0.0552936 1.52677 
10 3.075 0.335766 0.160865 0.0561635 1.56508 
10 3.08 0.332228 0.15733 0.0539223 1.52451 
10 3.08 0.333116 0.157602 0.0538405 1.51415 
10 3.08 0.33159 0.157076 0.0542237 1.53001 
10 3.08 0.332022 0.156889 0.0537228 1.51463 
10 3.08 0.336898 0.161474 0.0566325 1.55758 
10 3.085 0.332322 0.157593 0.0545616 1.52853 
10 3.085 0.333944 0.158659 0.0547615 1.52804 
10 3.085 0.33348 0.159058 0.0555813 1.55102 
10 3.085 0.332162 0.158006 0.0549506 1.54535 
10 3.085 0.334462 0.159191 0.055094 1.53407 
10 3.09 0.329234 0.155075 0.0530327 1.51069 
10 3.09 0.327886 0.153675 0.0519859 1.49405 
10 3.09 0.327756 0.15405 0.0525787 1.50892 
10 3.09 0.328784 0.154813 0.0528548 1.51177 
10 3.09 0.32672 0.153168 0.0522137 1.50232 
10 3.095 0.330424 0.155662 0.0532234 1.50184 
10 3.095 0.328962 0.15474 0.0525097 1.50319 
10 3.095 0.330944 0.156523 0.0535415 1.51855 
10 3.095 0.328456 0.155162 0.0535321 1.52757 
10 3.095 0.325518 0.151945 0.0511393 1.48573 
10 3.1 0.328186 0.154534 0.0527381 1.51058 
10 3.1 0.328302 0.153529 0.0514886 1.4757 
10 3.1 0.327256 0.153616 0.0520951 1.50064 
10 3.1 0.328258 0.153599 0.0519075 1.47888 
10 3.1 0.328878 0.154924 0.0529366 1.50848 
10 3.105 0.326484 0.153662 0.0524426 1.51595 
10 3.105 0.325864 0.151846 0.0510118 1.47049 
10 3.105 0.326216 0.152644 0.0513271 1.4888 
10 3.105 0.327168 0.153082 0.0517504 1.48287 
10 3.105 0.322212 0.149657 0.049924 1.47622 
10 3.11 0.32095 0.14897 0.0498892 1.47784 
10 3.11 0.318108 0.145685 0.0477548 1.43063 
10 3.11 0.322836 0.150391 0.0506662 1.4845 
10 3.11 0.325048 0.152331 0.0516142 1.5008 
10 3.11 0.32445 0.150805 0.0504079 1.46422 
10 3.115 0.322078 0.149187 0.0499841 1.45917 
10 3.115 0.318318 0.146584 0.0485897 1.4529 
10 3.115 0.32062 0.148238 0.0495217 1.45877 
10 3.115 0.321784 0.149785 0.0503808 1.48442 
10 3.115 0.32197 0.149103 0.0498836 1.4587 
10 3.12 0.319036 0.145289 0.0464879 1.39438 
10 3.12 0.315002 0.144393 0.0475439 1.44767 
10 3.12 0.31928 0.146707 0.0479619 1.43485 
10 3.12 0.321288 0.148322 0.0489558 1.44538 
10 3.12 0.31873 0.146584 0.0480975 1.44216 
10 3.125 0.314898 0.143123 0.0466515 1.40679 
10 3.125 0.318282 0.146054 0.0482044 1.43201 
10 3.125 0.32087 0.148459 0.0495991 1.45605 
10 3.125 0.318864 0.146242 0.0477225 1.42616 
10 3.125 0.315874 0.14433 0.0472589 1.42571 
10 3.13 0.31553 0.1431 0.0459801 1.39107 
10 3.13 0.31328 0.142124 0.0460693 1.40509 
10 3.13 0.315184 0.143615 0.0465357 1.4145 
10 3.13 0.31798 0.144867 0.0467782 1.39796 
10 3.13 0.315956 0.144437 0.0471723 1.42519 
10 3.135 0.312422 0.142145 0.0463767 1.42065 
10 3.135 0.314052 0.142809 0.0464697 1.40926 
10 3.135 0.316086 0.143958 0.0466769 1.40503 
10 3.135 0.314254 0.14313 0.0466443 1.41544 
10 3.135 0.314508 0.142904 0.0460825 1.40315 
10 3.14 0.314782 0.142895 0.0458168 1.39514 
10 3.14 0.310322 0.13964 0.0444302 1.38026 
10 3.14 0.314214 0.142989 0.0464562 1.40951 
10 3.14 0.312994 0.142654 0.0465205 1.4232 
10 3.14 0.313882 0.142911 0.0466751 1.41366 
10 3.145 0.308516 0.138338 0.0438258 1.3722 
10 3.145 0.31127 0.139997 0.044402 1.37068 
10 3.145 0.309986 0.139151 0.0441727 1.36914 
10 3.145 0.308654 0.139065 0.044315 1.39262 
10 3.145 0.310788 0.140122 0.0447875 1.38419 
10 3.15 0.309686 0.139132 0.0440819 1.37228 
10 3.15 0.306712 0.137666 0.0440392 1.38394 
10 3.15 0.311394 0.140658 0.0449881 1.38705 
10 3.15 0.307676 0.137147 0.0429701 1.34866 
10 3.15 0.30842 0.138282 0.0436844 1.37014 
10 3.155 0.310152 0.138703 0.0437237 1.34736 
10 3.155 0.308482 0.138026 0.0437463 1.35862 
10 3.155 0.306706 0.136412 0.0425218 1.34211 
10 3.155 0.308694 0.138198 0.0436237 1.35993 
10 3.155 0.306732 0.136646 0.0428502 1.34901 
10 3.16 0.306054 0.135887 0.0417713 1.336 
10 3.16 0.3039 0.135506 0.0427269 1.36554 
10 3.16 0.30688 0.136613 0.0426858 1.34297 
10 3.16 0.305808 0.135751 0.04235 1.33646 
10 3.16 0.304932 0.134275 0.0411476 1.3067 
10 3.165 0.30394 0.134162 0.0414161 1.32013 
10 3.165 0.305982 0.136443 0.0432773 1.35285 
10 3.165 0.30563 0.135899 0.0423236 1.34246 
10 3.165 0.303846 0.134921 0.0422911 1.34592 
10 3.165 0.30651 0.136018 0.041828 1.3292 
10 3.17 0.302724 0.132953 0.0407269 1.30318 
10 3.17 0.304188 0.134246 0.0413348 1.31595 
10 3.17 0.30327 0.13472 0.0425177 1.34851 
10 3.17 0.301832 0.132205 0.0402861 1.2966 
10 3.17 0.301442 0.132462 0.0405238 1.31214 
10 3.175 0.302288 0.132703 0.0408981 1.30158 
10 3.175 0.30147 0.132341 0.0405239 1.30573 
10 3.175 0.300132 0.132097 0.041272 1.3234 
10 3.175 0.304434 0.134249 0.0413629 1.30927 
10 3.175 0.299944 0.130834 0.040052 1.28716 
10 3.18 0.302058 0.133047 0.0407453 1.3147 
10 3.18 0.2977 0.130188 0.0397388 1.30701 
10 3.18 0.297996 0.130438 0.0398729 1.30932 
10 3.18 0.297978 0.129829 0.0392993 1.29052 
10 3.18 0.297566 0.129291 0.0388721 1.2813 
10 3.185 0.297772 0.129309 0.0386671 1.27599 
10 3.185 0.296468 0.128056 0.0381437 1.26099 
10 3.185 0.296426 0.128999 0.0392442 1.29139 
10 3.185 0.294984 0.128189 0.0387448 1.29273 
10 3.185 0.297822 0.128674 0.03806 1.25515 
10 3.19 0.295988 0.128231 0.0385279 1.27342 
10 3.19 0.298422 0.12896 0.038427 1.25092 
10 3.19 0.29466 0.127183 0.0378597 1.26516 
10 3.19 0.297158 0.129328 0.0387857 1.28605 
10 3.19 0.298462 0.130288 0.0395754 1.2918 
10 3.195 0.294592 0.126798 0.0381235 1.25238 
10 3.195 0.293328 0.126202 0.0373185 1.257 
10 3.195 0.29529 0.127605 0.038133 1.26476 
10 3.195 0.297102 0.128947 0.0386986 1.27316 
10 3.195 0.294742 0.127635 0.0386216 1.2758 
10 3.2 0.295604 0.127832 0.0382783 1.26408 
10 3.2 0.29268 0.126123 0.0377776 1.26441 
10 3.2 0.294296 0.127136 0.038213 1.26645 
10 3.2 0.293038 0.125351 0.0367411 1.23375 
10 3.2 0.29233 0.126108 0.0382311 1.27035 
10 3.205 0.29074 0.124304 0.0364792 1.24099 
10 3.205 0.291078 0.124915 0.0370539 1.25393 
10 3.205 0.294774 0.1275 0.0383068 1.26703 
10 3.205 0.292698 0.125513 0.0367016 1.24307 
10 3.205 0.291828 0.124877 0.0368088 1.2391 
10 3.21 0.290768 0.12447 0.036354 1.24375 
10 3.21 0.292196 0.125114 0.0368621 1.23787 
10 3.21 0.28845 0.12212 0.0354277 1.21234 
10 3.21 0.291924 0.124963 0.0366253 1.23813 
10 3.21 0.289054 0.122392 0.0352574 1.20996 
10 3.215 0.288094 0.122518 0.0356427 1.22922 
10 3.215 0.288354 0.122639 0.0362275 1.22833 
10 3.215 0.287246 0.120676 0.0345132 1.18711 
10 3.215 0.294424 0.126192 0.037113 1.22881 
10 3.215 0.290062 0.12387 0.0360393 1.23589 
10 3.22 0.286344 0.120974 0.0349185 1.21059 
10 3.22 0.292174 0.124202 0.0357347 1.20608 
10 3.22 0.288038 0.121618 0.0347687 1.20037 
10 3.22 0.29072 0.124139 0.0363683 1.23046 
10 3.22 0.287974 0.121989 0.0352029 1.21306 
10 3.225 0.289054 0.121612 0.0344623 1.18014 
10 3.225 0.287514 0.120776 0.034291 1.18177 
10 3.225 0.287718 0.121745 0.0353635 1.20817 
10 3.225 0.290576 0.123239 0.0355314 1.20325 
10 3.225 0.28945 0.123431 0.0359885 1.22944 
10 3.23 0.284434 0.118368 0.0330132 1.15992 
10 3.23 0.279816 0.115183 0.0318789 1.142 
10 3.23 0.286422 0.12005 0.0342585 1.17686 
10 3.23 0.288138 0.122489 0.0357268 1.22184 
10 3.23 0.282688 0.11861 0.0340831 1.19806 
10 3.235 0.283988 0.118222 0.0329371 1.16143 
10 3.235 0.283252 0.118429 0.0337388 1.18076 
10 3.235 0.286714 0.121035 0.0349651 1.20032 
10 3.235 0.281432 0.117071 0.033471 1.17053 
10 3.235 0.286444 0.12092 0.0349106 1.20153 
10 3.24 0.286 0.121459 0.0354752 1.22418 
10 3.24 0.28077 0.117261 0.0333352 1.18609 
10 3.24 0.281584 0.1168 0.0325854 1.15774 
10 3.24 0.280658 0.116721 0.0327063 1.17136 
10 3.24 0.28593 0.120238 0.0342964 1.18771 
10 3.245 0.281364 0.117904 0.0338676 1.19379 
10 3.245 0.279786 0.115796 0.0325024 1.15611 
10 3.245 0.280028 0.115803 0.0322286 1.15215 
10 3.245 0.278762 0.115648 0.0324922 1.16916 
10 3.245 0.28153 0.116357 0.0320526 1.14323 
10 3.25 0.2801 0.11609 0.0325223 1.15797 
10 3.25 0.282336 0.116467 0.0319677 1.13087 
10 3.25 0.280776 0.116183 0.0321856 1.14916 
10 3.25 0.282564 0.117397 0.0329083 1.15553 
10 3.25 0.278518 0.115114 0.0325414 1.15514 
10 3.255 0.28002 0.115761 0.0323462 1.14747 
10 3.255 0.28044 0.115643 0.0320037 1.13662 
10 3.255 0.27888 0.115189 0.0319506 1.14945 
10 3.255 0.280182 0.115199 0.0315344 1.12742 
10 3.255 0.28238 0.116795 0.0325149 1.13845 
10 3.26 0.276344 0.112946 0.0308532 1.1221 
10 3.26 0.277488 0.114409 0.0319322 1.14752 
10 3.26 0.277952 0.114115 0.031523 1.1306 
10 3.26 0.276432 0.1131 0.0307752 1.12532 
10 3.26 0.27765 0.114125 0.0316498 1.13606 
10 3.265 0.277694 0.113609 0.0309572 1.11776 
10 3.265 0.277916 0.114945 0.0322241 1.1549 
10 3.265 0.27554 0.111928 0.0301839 1.10277 
10 3.265 0.27797 0.114681 0.0319443 1.14591 
10 3.265 0.275774 0.112628 0.030728 1.12027 
10 3.27 0.275712 0.112746 0.0309692 1.12321 
10 3.27 0.279498 0.115452 0.0321602 1.14168 
10 3.27 0.279094 0.114656 0.0313172 1.12423 
10 3.27 0.27482 0.111998 0.0305469 1.11535 
10 3.27 0.275972 0.112399 0.0304026 1.1082 
10 3.275 0.275198 0.11178 0.0299524 1.10065 
10 3.275 0.273978 0.111103 0.0298352 1.10041 
10 3.275 0.271594 0.109154 0.0288967 1.08064 
10 3.275 0.27574 0.111804 0.0298361 1.09226 
10 3.275 0.270394 0.10851 0.0289135 1.08083 
10 3.28 0.274474 0.111672 0.030459 1.1078 
10 3.28 0.274972 0.111961 0.0302485 1.10827 
10 3.28 0.269162 0.107316 0.0279984 1.06303 
10 3.28 0.273962 0.112012 0.0306938 1.12673 
10 3.28 0.271704 0.108981 0.0290333 1.0719 
10 3.285 0.273202 0.110495 0.0296571 1.09151 
10 3.285 0.270996 0.109346 0.0292241 1.09306 
10 3.285 0.273732 0.110645 0.0297477 1.08725 
10 3.285 0.272354 0.109903 0.0294652 1.08755 
10 3.285 0.272944 0.110977 0.0301507 1.11046 
10 3.29 0.268282 0.106844 0.0280145 1.05985 
10 3.29 0.272506 0.109992 0.0297933 1.08609 
10 3.29 0.26726 0.106596 0.0283696 1.06894 
10 3.29 0.268586 0.107464 0.0286684 1.07373 
10 3.29 0.273326 0.111069 0.0302641 1.10524 
10 3.295 0.26778 0.106821 0.0283236 1.06571 
10 3.295 0.268176 0.107125 0.0284934 1.06848 
10 3.295 0.270072 0.108372 0.0286384 1.07535 
10 3.295 0.26847 0.107008 0.0281225 1.06016 
10 3.295 0.269044 0.107823 0.0285227 1.07551 
10 3.3 0.268968 0.107032 0.0279843 1.05116 
10 3.3 0.272298 0.109564 0.0291623 1.07326 
10 3.3 0.267948 0.106394 0.0277556 1.04843 
10 3.3 0.270796 0.108858 0.0291014 1.07659 
10 3.3 0.270756 0.10805 0.0283824 1.05275 
10 3.305 0.266086 0.105369 0.0272818 1.04591 
10 3.305 0.26858 0.107147 0.0280233 1.05936 
10 3.305 0.268278 0.107213 0.0282462 1.06627 
10 3.305 0.266734 0.105903 0.0275629 1.05161 
10 3.305 0.267822 0.105975 0.0274872 1.0362 
10 3.31 0.267672 0.106417 0.0279222 1.05042 
10 3.31 0.268092 0.106752 0.028163 1.05372 
10 3.31 0.266934 0.105621 0.0274738 1.03829 
10 3.31 0.26594 0.105878 0.0278509 1.06207 
10 3.31 0.268732 0.106555 0.0276925 1.03741 
10 3.315 0.262174 0.102133 0.0254957 1.00748 
10 3.315 0.26571 0.105561 0.0275318 1.05456 
10 3.315 0.265436 0.104789 0.0268883 1.03568 
10 3.315 0.264824 0.104836 0.0272733 1.04688 
10 3.315 0.264132 0.104144 0.0269177 1.03705 
10 3.32 0.268348 0.106732 0.0280284 1.04582 
10 3.32 0.263804 0.10409 0.0270246 1.03907 
10 3.32 0.266772 0.106189 0.0275519 1.05486 
10 3.32 0.266178 0.105829 0.0279145 1.05356 
10 3.32 0.26697 0.105958 0.0275936 1.04472 
10 3.325 0.260834 0.102061 0.0260748 1.02336 
10 3.325 0.263182 0.103301 0.0262756 1.02366 
10 3.325 0.263366 0.103389 0.0263109 1.02338 
10 3.325 0.261992 0.102699 0.0262366 1.02434 
10 3.325 0.26381 0.103257 0.0262705 1.01238 
10 3.33 0.265104 0.104807 0.0275021 1.03683 
10 3.33 0.26483 0.104531 0.0269503 1.03292 
10 3.33 0.261328 0.10222 0.0261021 1.01884 
10 3.33 0.258518 0.0998656 0.0248522 0.992015 
10 3.33 0.2609 0.101289 0.0254961 0.997605 
10 3.335 0.25844 0.0997502 0.0248819 0.988274 
10 3.335 0.260264 0.102106 0.026592 1.03053 
10 3.335 0.260592 0.101143 0.0254853 0.996552 
10 3.335 0.262068 0.101892 0.0254707 0.995885 
10 3.335 0.258396 0.0998387 0.0250008 0.991611 
10 3.34 0.256892 0.0987106 0.024571 0.979553 
10 3.34 0.2575 0.0996946 0.0250679 0.99965 
10 3.34 0.259776 0.100922 0.0254166 1.00114 
10 3.34 0.257966 0.0996409 0.0249139 0.990852 
10 3.34 0.258602 0.0996672 0.0248016 0.981801 
10 3.345 0.259746 0.100835 0.0253489 0.997529 
10 3.345 0.258116 0.0995846 0.0247518 0.985374 
10 3.345 0.25789 0.0989679 0.0243124 0.970422 
10 3.345 0.260778 0.100867 0.0248888 0.982412 
10 3.345 0.257858 0.0991016 0.024498 0.974912 
10 3.35 0.256936 0.0988178 0.0245369 0.979156 
10 3.35 0.257394 0.099243 0.0245635 0.984816 
10 3.35 0.259614 0.099946 0.0243337 0.971538 
10 3.35 0.258298 0.0998067 0.0249539 0.987726 
10 3.35 0.256598 0.0981425 0.0237991 0.964179 
10 3.355 0.254824 0.0967325 0.0232026 0.947756 
10 3.355 0.25687 0.0981826 0.0239708 0.959774 
10 3.355 0.259428 0.0997498 0.0243559 0.96712 
10 3.355 0.258434 0.0994631 0.0245804 0.973918 
10 3.355 0.25577 0.0975384 0.0236677 0.957381 
10 3.36 0.256298 0.0984196 0.0242079 0.974134 
10 3.36 0.260828 0.1012 0.0253714 0.987172 
10 3.36 0.2565 0.0985336 0.0245144 0.974445 
10 3.36 0.25599 0.097472 0.0236077 0.95063 
10 3.36 0.254374 0.0967429 0.0234425 0.953476 
10 3.365 0.25656 0.0985013 0.0243927 0.971122 
10 3.365 0.255386 0.0970555 0.0231455 0.946017 
10 3.365 0.256376 0.0980438 0.023867 0.960332 
10 3.365 0.252704 0.0943626 0.0218624 0.906488 
10 3.365 0.25644 0.0978126 0.0236379 0.952484 
10 3.37 0.25415 0.096363 0.0232499 0.942753 
10 3.37 0.251826 0.0950287 0.0228266 0.938052 
10 3.37 0.254564 0.0965917 0.0232259 0.943289 
10 3.37 0.252672 0.0961186 0.0233415 0.95773 
10 3.37 0.257156 0.0992615 0.0246458 0.983155 
10 3.375 0.256494 0.0982864 0.0241719 0.962882 
10 3.375 0.254112 0.096993 0.0237863 0.960594 
10 3.375 0.254004 0.0964893 0.0232685 0.947296 
10 3.375 0.250564 0.0941797 0.0223201 0.930292 
10 3.375 0.254508 0.0974054 0.0238186 0.966848 
10 3.38 0.253952 0.0958068 0.022696 0.926485 
10 3.38 0.253218 0.0959475 0.0230019 0.94166 
10 3.38 0.253378 0.0962502 0.0233646 0.948219 
10 3.38 0.254582 0.0972287 0.0238415 0.959074 
10 3.38 0.25323 0.0953372 0.0226261 0.923424 
10 3.385 0.251364 0.0950049 0.0229364 0.94006 
10 3.385 0.253918 0.0965909 0.023493 0.948791 
10 3.385 0.250272 0.0937991 0.0224263 0.920622 
10 3.385 0.253192 0.0955912 0.022916 0.930133 
10 3.385 0.251138 0.095306 0.0231766 0.952309 
10 3.39 0.251646 0.0944249 0.0222314 0.917381 
10 3.39 0.251384 0.0947316 0.0224511 0.930315 
10 3.39 0.24933 0.0934959 0.0221845 0.924202 
10 3.39 0.248522 0.092907 0.0218264 0.918697 
10 3.39 0.248938 0.0935039 0.022703 0.930199 
10 3.395 0.249712 0.093597 0.022023 0.920203 
10 3.395 0.249468 0.0933867 0.0218348 0.917598 
10 3.395 0.249212 0.0931731 0.0220056 0.915066 
10 3.395 0.251154 0.0943952 0.0223828 0.92244 
10 3.395 0.2502 0.0938791 0.0223934 0.921328 
10 3.4 0.24825 0.0924504 0.0216398 0.906538 
10 3.4 0.24864 0.0929301 0.0221837 0.914948 
10 3.4 0.251758 0.094287 0.0221571 0.908968 
10 3.4 0.243858 0.0896629 0.0207181 0.888123 
10 3.4 0.245212 0.091155 0.0212518 0.912533 
10 3.405 0.246176 0.091657 0.0213259 0.912024 
10 3.405 0.249688 0.0931975 0.0217139 0.906121 
10 3.405 0.250216 0.0941671 0.022515 0.926845 
10 3.405 0.249002 0.0932567 0.0221703 0.917906 
10 3.405 0.250578 0.0934191 0.0218905 0.899552 
10 3.41 0.24795 0.0923852 0.0216913 0.906335 
10 3.41 0.248448 0.0923526 0.0215196 0.89813 
10 3.41 0.248294 0.09264 0.0217529 0.908799 
10 3.41 0.245898 0.0912752 0.0214092 0.9035 
10 3.41 0.246036 0.0911174 0.0210734 0.896883 
10 3.415 0.242626 0.0884989 0.0200058 0.867688 
10 3.415 0.245776 0.0903731 0.0205247 0.877519 
10 3.415 0.245408 0.090455 0.0208195 0.885209 
10 3.415 0.243782 0.0890339 0.0201717 0.866888 
10 3.415 0.248134 0.0920264 0.0214026 0.891827 
10 3.42 0.244084 0.090017 0.0208304 0.890057 
10 3.42 0.248 0.0917891 0.0212468 0.88553 
10 3.42 0.248162 0.0923165 0.02139 0.898601 
10 3.42 0.244518 0.0904503 0.0210056 0.896527 
10 3.42 0.244514 0.0899376 0.0206729 0.881593 
10 3.425 0.244758 0.0896764 0.0202485 0.869196 
10 3.425 0.24433 0.0894441 0.0203509 0.868525 
10 3.425 0.244928 0.0903133 0.0207007 0.885359 
10 3.425 0.242082 0.0881957 0.0198336 0.864001 
10 3.425 0.247204 0.091351 0.0212618 0.882953 
10 3.43 0.246106 0.0908063 0.020875 0.881578 
10 3.43 0.246814 0.0909539 0.0209575 0.875706 
10 3.43 0.24389 0.0895772 0.0206685 0.877403 
10 3.43 0.243754 0.0897868 0.0206184 0.885447 
10 3.43 0.242388 0.0884962 0.0198437 0.867181 
10 3.435 0.241816 0.0875471 0.0193652 0.846351 
10 3.435 0.244474 0.0906582 0.0214232 0.899292 
10 3.435 0.244814 0.0903376 0.0207783 0.885114 
10 3.435 0.242556 0.088722 0.0201473 0.870119 
10 3.435 0.245434 0.090011 0.0206035 0.866758 
10 3.44 0.24061 0.0873091 0.0194597 0.855114 
10 3.44 0.241108 0.0880514 0.0199005 0.869718 
10 3.44 0.24211 0.0879012 0.0196491 0.851279 
10 3.44 0.24064 0.0874802 0.0195676 0.859667 
10 3.44 0.23912 0.08613 0.0191971 0.841617 
10 3.445 0.239818 0.0866113 0.019205 0.844663 
10 3.445 0.24035 0.0872997 0.0196818 0.857231 
10 3.445 0.238948 0.0862061 0.019324 0.844991 
10 3.445 0.242298 0.0887829 0.0204794 0.872993 
10 3.445 0.24091 0.0872753 0.0195254 0.848699 
10 3.45 0.242122 0.0880504 0.0196875 0.852967 
10 3.45 0.237138 0.0854278 0.0190401 0.846185 
10 3.45 0.240762 0.0872185 0.0195828 0.847889 
10 3.45 0.242728 0.0884182 0.0200764 0.855112 
10 3.45 0.238768 0.0865274 0.0195448 0.855571 
10 3.455 0.241264 0.0879139 0.0197329 0.859786 
10 3.455 0.239296 0.0856634 0.0185286 0.82202 
10 3.455 0.237298 0.0856547 0.0192251 0.84933 
10 3.455 0.238116 0.0860365 0.0193486 0.849124 
10 3.455 0.242032 0.0884038 0.0200144 0.863221 
10 3.46 0.237034 0.0848398 0.0185316 0.82817 
10 3.46 0.2376 0.0855361 0.0190171 0.840529 
10 3.46 0.240056 0.0870633 0.0196326 0.850763 
10 3.46 0.239768 0.0869102 0.019597 0.850331 
10 3.46 0.235926 0.0837809 0.0181422 0.812712 
10 3.465 0.238548 0.0855612 0.0187567 0.827014 
10 3.465 0.237648 0.0851059 0.0188051 0.826244 
10 3.465 0.237258 0.0849764 0.0185307 0.827852 
10 3.465 0.237664 0.0850614 0.0185171 0.824741 
10 3.465 0.23881 0.0858572 0.0187915 0.831946 
10 3.47 0.237276 0.0844183 0.018271 0.810329 
10 3.47 0.235096 0.0834857 0.0178933 0.813128 
10 3.47 0.234746 0.0832369 0.0178968 0.810698 
10 3.47 0.238268 0.0850238 0.0185506 0.814184 
10 3.47 0.236784 0.0850107 0.0186354 0.834123 
10 3.475 0.236798 0.0841652 0.0182101 0.808401 
10 3.475 0.234036 0.0828103 0.0179094 0.806834 
10 3.475 0.239962 0.0866302 0.0191897 0.835926 
10 3.475 0.238224 0.0856705 0.0188565 0.832225 
10 3.475 0.2391 0.086006 0.019008 0.829847 
10 3.48 0.236648 0.0843529 0.0183796 0.814673 
10 3.48 0.235558 0.0837355 0.0182269 0.811722 
10 3.48 0.239262 0.0857344 0.0188582 0.818625 
10 3.48 0.235434 0.084146 0.0186063 0.825197 
10 3.48 0.235528 0.0838762 0.0182652 0.816172 
10 3.485 0.235624 0.0837894 0.0179432 0.811211 
10 3.485 0.234394 0.0831972 0.0180521 0.810809 
10 3.485 0.232954 0.0820593 0.0174579 0.797468 
10 3.485 0.234856 0.0835875 0.0182369 0.815787 
10 3.485 0.234738 0.0830212 0.0176341 0.801128 
10 3.49 0.23338 0.0829519 0.0181937 0.816209 
10 3.49 0.233536 0.081825 0.0170868 0.781831 
10 3.49 0.232038 0.0819772 0.0175523 0.806176 
10 3.49 0.234222 0.0824568 0.01757 0.790742 
10 3.49 0.236222 0.0835276 0.0177674 0.794462 
10 3.495 0.233242 0.0824504 0.0176333 0.802533 
10 3.495 0.231288 0.0815198 0.0173567 0.80188 
10 3.495 0.23358 0.0821659 0.0175281 0.78988 
10 3.495 0.228396 0.0794117 0.0166697 0.779598 
10 3.495 0.231704 0.0814586 0.017302 0.794618 
