J2 temperature m m2 m4 ms e sp_h 
0.1  1.5 0.993424 0.987055 0.974903 0.0109197 -217.239 0.117388 
0.1  1.5 0.993122 0.986463 0.973763 0.0114249 -217.123 0.121245 
0.1  1.5 0.993018 0.986258 0.973368 0.0115688 -217.083 0.123159 
0.1  1.505 0.992998 0.986222 0.973308 0.011735 -217.074 0.125429 
0.1  1.505 0.992904 0.986038 0.972954 0.011926 -217.032 0.125315 
0.1  1.505 0.993268 0.986743 0.97428 0.0107243 -217.17 0.116781 
0.1  1.51 0.992794 0.985823 0.972543 0.0121029 -216.99 0.126598 
0.1  1.51 0.992904 0.986035 0.972938 0.0116746 -217.024 0.125543 
0.1  1.51 0.99286 0.985948 0.972772 0.0117444 -217.011 0.124714 
0.1  1.515 0.992866 0.985957 0.972776 0.0114763 -217.008 0.122242 
0.1  1.515 0.992808 0.98585 0.972598 0.0120578 -216.988 0.127463 
0.1  1.515 0.992606 0.985455 0.971838 0.0124257 -216.905 0.130174 
0.1  1.52 0.992658 0.985557 0.972035 0.0123036 -216.932 0.128198 
0.1  1.52 0.99256 0.985361 0.971646 0.0122215 -216.886 0.129012 
0.1  1.52 0.9926 0.985444 0.971817 0.0124237 -216.916 0.12681 
0.1  1.525 0.99236 0.984975 0.970925 0.0129017 -216.814 0.132628 
0.1  1.525 0.9924 0.985053 0.971071 0.0127843 -216.838 0.131414 
0.1  1.525 0.992596 0.985429 0.971766 0.0119437 -216.894 0.126932 
0.1  1.53 0.992326 0.984896 0.970731 0.0121222 -216.782 0.1285 
0.1  1.53 0.992274 0.984802 0.970574 0.0126764 -216.765 0.132978 
0.1  1.53 0.992108 0.984472 0.969926 0.0126821 -216.702 0.131642 
0.1  1.535 0.992238 0.984725 0.970403 0.0122809 -216.746 0.129369 
0.1  1.535 0.991826 0.983923 0.968883 0.0133176 -216.597 0.13596 
0.1  1.535 0.992112 0.984489 0.96999 0.013213 -216.71 0.136696 
0.1  1.54 0.992152 0.984561 0.970108 0.0127123 -216.714 0.133259 
0.1  1.54 0.99194 0.984162 0.969397 0.0141244 -216.654 0.139313 
0.1  1.54 0.992002 0.984268 0.969549 0.0130073 -216.67 0.133911 
0.1  1.545 0.99171 0.983701 0.968476 0.0137551 -216.536 0.141621 
0.1  1.545 0.991644 0.983566 0.968196 0.0134639 -216.528 0.137136 
0.1  1.545 0.991594 0.983474 0.96804 0.0139352 -216.516 0.139112 
0.1  1.55 0.991472 0.983237 0.967593 0.0142241 -216.467 0.140958 
0.1  1.55 0.991492 0.983273 0.967648 0.0139467 -216.461 0.141819 
0.1  1.55 0.991592 0.983466 0.968008 0.0136016 -216.502 0.138346 
0.1  1.555 0.99146 0.983211 0.967532 0.0140057 -216.445 0.141317 
0.1  1.555 0.991658 0.983596 0.96826 0.0135132 -216.525 0.136024 
0.1  1.555 0.99142 0.983134 0.967392 0.014188 -216.433 0.141818 
0.1  1.56 0.991428 0.983149 0.967416 0.014059 -216.424 0.14389 
0.1  1.56 0.991236 0.982768 0.966667 0.0140559 -216.343 0.141581 
0.1  1.56 0.991478 0.983244 0.967591 0.0138292 -216.456 0.139646 
0.1  1.565 0.990934 0.982192 0.965618 0.0154586 -216.23 0.153837 
0.1  1.565 0.991046 0.982403 0.965994 0.0147697 -216.286 0.145953 
0.1  1.565 0.990854 0.982032 0.965297 0.0153604 -216.216 0.14911 
0.1  1.57 0.990904 0.982128 0.965474 0.015097 -216.232 0.148228 
0.1  1.57 0.990648 0.981628 0.964519 0.015586 -216.123 0.151225 
0.1  1.57 0.990798 0.98193 0.965124 0.0158524 -216.204 0.150234 
0.1  1.575 0.990524 0.981387 0.964062 0.0157946 -216.079 0.152952 
0.1  1.575 0.990732 0.981799 0.96487 0.0157984 -216.169 0.152441 
0.1  1.575 0.990464 0.981275 0.963865 0.0162454 -216.057 0.154178 
0.1  1.58 0.990482 0.981307 0.963916 0.0159499 -216.051 0.155857 
0.1  1.58 0.9902 0.980757 0.962876 0.0165443 -215.96 0.159449 
0.1  1.58 0.990618 0.981576 0.964435 0.0159252 -216.119 0.149907 
0.1  1.585 0.990338 0.98102 0.963352 0.0158414 -215.991 0.154683 
0.1  1.585 0.990494 0.981316 0.963883 0.0149953 -216.045 0.147398 
0.1  1.585 0.990212 0.980775 0.962886 0.0161133 -215.953 0.153966 
0.1  1.59 0.99015 0.980652 0.962645 0.0160439 -215.927 0.1534 
0.1  1.59 0.990194 0.980732 0.962775 0.01557 -215.918 0.153669 
0.1  1.59 0.990086 0.980535 0.962449 0.0166737 -215.902 0.157676 
0.1  1.595 0.990106 0.980562 0.962461 0.0158338 -215.907 0.15243 
0.1  1.595 0.989986 0.980327 0.962006 0.015995 -215.841 0.153306 
0.1  1.595 0.989966 0.980297 0.961976 0.0165517 -215.845 0.155238 
0.1  1.6 0.98974 0.979849 0.961105 0.0165008 -215.751 0.158659 
0.1  1.6 0.989434 0.979263 0.960022 0.01771 -215.629 0.16643 
0.1  1.6 0.989676 0.97974 0.960949 0.0175584 -215.755 0.163907 
0.1  1.605 0.989576 0.979533 0.96051 0.0169408 -215.685 0.158631 
0.1  1.605 0.989252 0.978904 0.95933 0.0177545 -215.566 0.167359 
0.1  1.605 0.989536 0.979457 0.960379 0.0171629 -215.68 0.164054 
0.1  1.61 0.989366 0.979139 0.959818 0.0182607 -215.615 0.170965 
0.1  1.61 0.989326 0.97904 0.959559 0.01705 -215.589 0.161309 
0.1  1.61 0.989534 0.979463 0.960424 0.0177455 -215.67 0.166702 
0.1  1.615 0.989092 0.978598 0.958766 0.0182969 -215.504 0.168648 
0.1  1.615 0.989044 0.978505 0.958587 0.0183657 -215.502 0.167512 
0.1  1.615 0.988554 0.977555 0.956804 0.0195956 -215.308 0.179002 
0.1  1.62 0.989022 0.978461 0.958499 0.0182817 -215.476 0.167125 
0.1  1.62 0.988978 0.978369 0.958304 0.0179701 -215.453 0.167557 
0.1  1.62 0.988796 0.978014 0.957632 0.0183155 -215.398 0.16883 
0.1  1.625 0.98869 0.977809 0.957246 0.0185381 -215.335 0.172738 
0.1  1.625 0.988626 0.977691 0.957043 0.0190444 -215.326 0.17406 
0.1  1.625 0.988276 0.977028 0.955841 0.020814 -215.204 0.181715 
0.1  1.63 0.988272 0.976991 0.955677 0.0189972 -215.156 0.17757 
0.1  1.63 0.988372 0.977198 0.956116 0.0195822 -215.224 0.177504 
0.1  1.63 0.988594 0.977632 0.956941 0.0192456 -215.325 0.172029 
0.1  1.635 0.98829 0.977021 0.955716 0.0185612 -215.18 0.172079 
0.1  1.635 0.987866 0.976196 0.954155 0.0193961 -214.994 0.180692 
0.1  1.635 0.988222 0.976896 0.955508 0.0191779 -215.169 0.174003 
0.1  1.64 0.988076 0.97661 0.954957 0.0192718 -215.092 0.176483 
0.1  1.64 0.987992 0.976448 0.954658 0.0195249 -215.069 0.178079 
0.1  1.64 0.987774 0.976043 0.953954 0.0210832 -215.015 0.183277 
0.1  1.645 0.987574 0.975636 0.953118 0.0202526 -214.908 0.181609 
0.1  1.645 0.987712 0.975911 0.953666 0.0204283 -214.966 0.183975 
0.1  1.645 0.987774 0.976018 0.953818 0.0194775 -214.966 0.177172 
0.1  1.65 0.987388 0.975278 0.952457 0.0208132 -214.83 0.185417 
0.1  1.65 0.987454 0.975416 0.952744 0.0212411 -214.866 0.18423 
0.1  1.65 0.987252 0.975029 0.952033 0.0219472 -214.795 0.191522 
0.1  1.655 0.987558 0.975614 0.953111 0.0207442 -214.912 0.182739 
0.1  1.655 0.986786 0.974133 0.95036 0.0233468 -214.628 0.194664 
0.1  1.655 0.98695 0.974432 0.950871 0.0218573 -214.641 0.194609 
0.1  1.66 0.987388 0.975281 0.952466 0.0208517 -214.828 0.183423 
0.1  1.66 0.986412 0.973398 0.948956 0.0234558 -214.472 0.201418 
0.1  1.66 0.987322 0.975157 0.952242 0.0212065 -214.804 0.182733 
0.1  1.665 0.98701 0.974549 0.951092 0.0216613 -214.688 0.186056 
0.1  1.665 0.98647 0.973526 0.949237 0.0241933 -214.512 0.197699 
0.1  1.665 0.986578 0.973723 0.949583 0.0232486 -214.543 0.199735 
0.1  1.67 0.98635 0.973268 0.948676 0.0228813 -214.425 0.198167 
0.1  1.67 0.986262 0.973107 0.948411 0.0236136 -214.4 0.204926 
0.1  1.67 0.98681 0.974167 0.95039 0.0223368 -214.618 0.190608 
0.1  1.675 0.985938 0.972472 0.947189 0.0237934 -214.281 0.202023 
0.1  1.675 0.986258 0.97309 0.948345 0.0230112 -214.383 0.200687 
0.1  1.675 0.985996 0.972571 0.947326 0.022847 -214.294 0.196798 
0.1  1.68 0.985894 0.972395 0.947062 0.0242727 -214.258 0.202665 
0.1  1.68 0.986064 0.972711 0.94762 0.0231683 -214.309 0.198569 
0.1  1.68 0.986026 0.972649 0.947536 0.0238981 -214.292 0.20272 
0.1  1.685 0.98564 0.97189 0.946071 0.0239353 -214.162 0.201408 
0.1  1.685 0.985514 0.971652 0.945646 0.0245529 -214.12 0.204517 
0.1  1.685 0.985544 0.971717 0.945792 0.0249486 -214.126 0.207078 
0.1  1.69 0.985512 0.971638 0.945592 0.0239348 -214.1 0.203235 
0.1  1.69 0.985634 0.971891 0.946124 0.0246709 -214.169 0.206496 
0.1  1.69 0.985268 0.971189 0.944827 0.0257851 -214.044 0.212844 
0.1  1.695 0.98518 0.971034 0.94458 0.0267827 -214.015 0.216385 
0.1  1.695 0.985038 0.970739 0.943957 0.0259315 -213.928 0.211719 
0.1  1.695 0.985116 0.970882 0.944205 0.0252641 -213.958 0.211384 
0.1  1.7 0.984944 0.970541 0.94353 0.0250657 -213.865 0.210072 
0.1  1.7 0.984924 0.970525 0.943565 0.0264279 -213.877 0.215508 
0.1  1.7 0.985236 0.971123 0.944682 0.0254744 -214.016 0.205562 
0.1  1.705 0.984856 0.970374 0.943231 0.0253759 -213.852 0.208458 
0.1  1.705 0.98469 0.970056 0.942651 0.0259216 -213.787 0.215926 
0.1  1.705 0.984834 0.970318 0.943082 0.0246166 -213.811 0.208988 
0.1  1.71 0.984118 0.968952 0.940591 0.0271463 -213.59 0.218694 
0.1  1.71 0.984596 0.969879 0.942337 0.026325 -213.764 0.214666 
0.1  1.71 0.98429 0.969289 0.941232 0.0270337 -213.648 0.218435 
0.1  1.715 0.983532 0.967826 0.938501 0.0286464 -213.358 0.229055 
0.1  1.715 0.984152 0.968996 0.940589 0.0256863 -213.565 0.211396 
0.1  1.715 0.983834 0.968401 0.93955 0.0275021 -213.483 0.220956 
0.1  1.72 0.98369 0.968135 0.939088 0.0284433 -213.405 0.228212 
0.1  1.72 0.983932 0.968605 0.939973 0.0280453 -213.529 0.220918 
0.1  1.72 0.983602 0.967942 0.938657 0.0272899 -213.373 0.222743 
0.1  1.725 0.983402 0.967573 0.938021 0.0286183 -213.33 0.224834 
0.1  1.725 0.983534 0.967816 0.938425 0.0276285 -213.327 0.223332 
0.1  1.725 0.983402 0.967549 0.937893 0.0272131 -213.297 0.219457 
0.1  1.73 0.983418 0.967617 0.938139 0.0292646 -213.322 0.224251 
0.1  1.73 0.98341 0.967586 0.938034 0.0283753 -213.285 0.226789 
0.1  1.73 0.983276 0.96732 0.937514 0.0282536 -213.247 0.224555 
0.1  1.735 0.983094 0.966964 0.936828 0.0282552 -213.171 0.221815 
0.1  1.735 0.983074 0.966932 0.936794 0.0286542 -213.191 0.227411 
0.1  1.735 0.982446 0.965745 0.934659 0.0313993 -212.966 0.241309 
0.1  1.74 0.982678 0.966195 0.935502 0.0310016 -213.056 0.233629 
0.1  1.74 0.982926 0.966653 0.936291 0.0292804 -213.116 0.227417 
0.1  1.74 0.982648 0.966103 0.935223 0.0290591 -213.01 0.229224 
0.1  1.745 0.982136 0.96515 0.933545 0.0320549 -212.864 0.233712 
0.1  1.745 0.982104 0.965067 0.933339 0.0308753 -212.823 0.239269 
0.1  1.745 0.982094 0.965046 0.933286 0.0307699 -212.798 0.237801 
0.1  1.75 0.981496 0.963904 0.931198 0.0325213 -212.584 0.249109 
0.1  1.75 0.98157 0.964046 0.931468 0.0323689 -212.634 0.247505 
0.1  1.75 0.981736 0.96436 0.932031 0.0316906 -212.684 0.242113 
0.1  1.755 0.981888 0.964638 0.932494 0.0304339 -212.711 0.237085 
0.1  1.755 0.981624 0.96415 0.931659 0.0321643 -212.646 0.24479 
0.1  1.755 0.98145 0.963817 0.931036 0.0326483 -212.56 0.246189 
0.1  1.76 0.981608 0.964092 0.931456 0.0305395 -212.596 0.237078 
0.1  1.76 0.98167 0.964235 0.931801 0.0317574 -212.664 0.242137 
0.1  1.76 0.981136 0.963202 0.929851 0.0326085 -212.439 0.246251 
0.1  1.765 0.980858 0.962685 0.92896 0.0341317 -212.383 0.249116 
0.1  1.765 0.981224 0.963365 0.930139 0.0320012 -212.45 0.243252 
0.1  1.765 0.980904 0.962758 0.929043 0.0331458 -212.368 0.247897 
0.1  1.77 0.981048 0.963014 0.92944 0.0315718 -212.379 0.238229 
0.1  1.77 0.980632 0.962217 0.927988 0.0326418 -212.239 0.249096 
0.1  1.77 0.980712 0.962395 0.928393 0.0338425 -212.287 0.251476 
0.1  1.775 0.98053 0.962013 0.927583 0.032329 -212.179 0.249137 
0.1  1.775 0.980302 0.961602 0.926903 0.0343453 -212.125 0.254616 
0.1  1.775 0.980606 0.962198 0.928046 0.0343658 -212.258 0.251331 
0.1  1.78 0.979558 0.960179 0.924292 0.0362385 -211.868 0.263739 
0.1  1.78 0.980076 0.961168 0.926108 0.0348042 -212.064 0.255933 
0.1  1.78 0.979516 0.960078 0.924035 0.0351689 -211.83 0.258975 
0.1  1.785 0.980522 0.962003 0.927568 0.032462 -212.176 0.245536 
0.1  1.785 0.97961 0.96025 0.924316 0.034387 -211.842 0.250436 
0.1  1.785 0.97993 0.960878 0.925533 0.0344894 -211.983 0.254668 
0.1  1.79 0.979136 0.959369 0.922794 0.0369415 -211.715 0.26356 
0.1  1.79 0.979542 0.960122 0.924106 0.0346229 -211.828 0.259339 
0.1  1.79 0.979568 0.960198 0.924327 0.0360343 -211.871 0.258259 
0.1  1.795 0.979358 0.959769 0.923453 0.0349074 -211.775 0.257593 
0.1  1.795 0.978898 0.958923 0.922009 0.0379825 -211.626 0.2706 
0.1  1.795 0.979424 0.959892 0.923663 0.0345665 -211.781 0.255449 
0.1  1.8 0.978514 0.958173 0.920573 0.0379418 -211.487 0.269227 
0.1  1.8 0.979012 0.95913 0.922334 0.0369547 -211.655 0.262726 
0.1  1.8 0.978298 0.957773 0.919882 0.0392502 -211.391 0.277639 
0.1  1.805 0.978334 0.957806 0.919812 0.0370252 -211.367 0.267003 
0.1  1.805 0.978266 0.95768 0.919617 0.0374113 -211.365 0.27363 
0.1  1.805 0.978278 0.957689 0.919573 0.0366468 -211.344 0.263602 
0.1  1.81 0.977542 0.956324 0.917203 0.0406629 -211.118 0.281667 
0.1  1.81 0.977688 0.956618 0.917791 0.0411014 -211.191 0.279426 
0.1  1.81 0.978692 0.958479 0.921027 0.0353884 -211.517 0.257809 
0.1  1.815 0.977492 0.956208 0.916934 0.0395124 -211.088 0.279377 
0.1  1.815 0.97793 0.957039 0.918436 0.0381176 -211.245 0.269515 
0.1  1.815 0.97697 0.955221 0.915157 0.0413741 -210.891 0.285837 
0.1  1.82 0.97739 0.955984 0.916432 0.0380763 -211.01 0.274628 
0.1  1.82 0.977198 0.955647 0.915907 0.040151 -210.996 0.277725 
0.1  1.82 0.977276 0.955815 0.916276 0.0409989 -211.034 0.282165 
0.1  1.825 0.976582 0.954474 0.913773 0.0417292 -210.758 0.287608 
0.1  1.825 0.97726 0.955746 0.916024 0.038861 -210.96 0.275371 
0.1  1.825 0.97625 0.953855 0.912681 0.0433566 -210.635 0.292355 
0.1  1.83 0.975932 0.953222 0.911435 0.042558 -210.509 0.288558 
0.1  1.83 0.976338 0.954009 0.912905 0.0422421 -210.64 0.287915 
0.1  1.83 0.97598 0.953346 0.911763 0.0442011 -210.563 0.29344 
0.1  1.835 0.97648 0.954295 0.913491 0.0425902 -210.733 0.288183 
0.1  1.835 0.976214 0.953774 0.912481 0.0425344 -210.642 0.277708 
0.1  1.835 0.975916 0.953193 0.911407 0.0425526 -210.5 0.296596 
0.1  1.84 0.975692 0.952792 0.910742 0.0444348 -210.459 0.292637 
0.1  1.84 0.975226 0.951904 0.90912 0.0455679 -210.319 0.296714 
0.1  1.84 0.975412 0.952217 0.909566 0.0428473 -210.301 0.294519 
0.1  1.845 0.975592 0.952568 0.910223 0.0427279 -210.4 0.284393 
0.1  1.845 0.975244 0.951912 0.90905 0.0439903 -210.255 0.29421 
0.1  1.845 0.975206 0.951872 0.909064 0.0458286 -210.283 0.295994 
0.1  1.85 0.974668 0.950829 0.907123 0.0460394 -210.046 0.306215 
0.1  1.85 0.974938 0.951328 0.907976 0.0445414 -210.123 0.297241 
0.1  1.85 0.97525 0.951926 0.909087 0.0439761 -210.278 0.290012 
0.1  1.855 0.974328 0.950232 0.906195 0.0494484 -210.003 0.313206 
0.1  1.855 0.974592 0.950666 0.906759 0.0450864 -210.041 0.293954 
0.1  1.855 0.974066 0.949701 0.905127 0.0483034 -209.882 0.311421 
0.1  1.86 0.974224 0.949969 0.905509 0.0460515 -209.876 0.304069 
0.1  1.86 0.974 0.94954 0.904724 0.0464602 -209.795 0.305646 
0.1  1.86 0.973956 0.949443 0.904491 0.0458554 -209.758 0.303983 
0.1  1.865 0.973072 0.947796 0.901619 0.0497031 -209.494 0.318079 
0.1  1.865 0.973162 0.947964 0.901918 0.0493213 -209.516 0.317635 
0.1  1.865 0.97306 0.94784 0.9018 0.0532888 -209.546 0.31842 
0.1  1.87 0.973048 0.947754 0.901543 0.0498048 -209.511 0.311501 
0.1  1.87 0.973252 0.948099 0.90204 0.0470109 -209.543 0.306339 
0.1  1.87 0.973096 0.947828 0.901621 0.0487837 -209.485 0.308163 
0.1  1.875 0.972538 0.946801 0.899843 0.0517994 -209.324 0.317078 
0.1  1.875 0.973146 0.948008 0.902071 0.0530487 -209.566 0.311406 
0.1  1.875 0.972548 0.946784 0.899719 0.0498297 -209.297 0.312961 
0.1  1.88 0.972076 0.945878 0.898053 0.0503197 -209.134 0.316777 
0.1  1.88 0.971952 0.94572 0.897994 0.0547675 -209.177 0.328565 
0.1  1.88 0.97175 0.945272 0.89698 0.0518243 -209.011 0.323783 
0.1  1.885 0.971848 0.945535 0.897679 0.0555387 -209.071 0.332969 
0.1  1.885 0.971682 0.945198 0.897019 0.0547762 -209.046 0.323292 
0.1  1.885 0.971604 0.944993 0.896491 0.0519166 -208.957 0.326765 
0.1  1.89 0.97086 0.943663 0.894234 0.0578529 -208.739 0.330351 
0.1  1.89 0.971698 0.945177 0.896801 0.0518305 -209.007 0.313122 
0.1  1.89 0.971464 0.944731 0.896024 0.0523268 -208.918 0.326068 
0.1  1.895 0.970684 0.943236 0.893265 0.0532481 -208.626 0.326026 
0.1  1.895 0.970612 0.943105 0.893052 0.0536626 -208.578 0.333972 
0.1  1.895 0.970626 0.943122 0.893052 0.0531424 -208.597 0.330602 
0.1  1.9 0.970202 0.942332 0.891666 0.0547557 -208.437 0.332357 
0.1  1.9 0.96992 0.941812 0.890776 0.0561555 -208.382 0.339646 
0.1  1.9 0.970504 0.942899 0.892654 0.0537214 -208.535 0.325403 
0.1  1.905 0.96975 0.941509 0.890257 0.0574119 -208.344 0.333435 
0.1  1.905 0.970164 0.942256 0.891508 0.0544658 -208.401 0.336086 
0.1  1.905 0.970084 0.942152 0.891419 0.0571587 -208.462 0.327529 
0.1  1.91 0.969618 0.941275 0.889855 0.0584049 -208.243 0.341274 
0.1  1.91 0.969328 0.940665 0.888633 0.0559428 -208.17 0.339328 
0.1  1.91 0.96937 0.940774 0.88892 0.057374 -208.156 0.34891 
0.1  1.915 0.969256 0.940541 0.888448 0.0565935 -208.127 0.344975 
0.1  1.915 0.969016 0.940103 0.887701 0.0580173 -208.096 0.340974 
0.1  1.915 0.968244 0.938651 0.885078 0.060309 -207.795 0.34659 
0.1  1.92 0.968542 0.939177 0.885914 0.0574434 -207.816 0.342526 
0.1  1.92 0.968832 0.939769 0.887111 0.0590498 -207.999 0.341819 
0.1  1.92 0.967896 0.937963 0.883782 0.0594111 -207.682 0.347392 
0.1  1.925 0.967848 0.937923 0.883829 0.0619973 -207.647 0.353635 
0.1  1.925 0.968106 0.938362 0.884501 0.0588225 -207.725 0.345919 
0.1  1.925 0.968456 0.939089 0.885952 0.0614034 -207.83 0.346624 
0.1  1.93 0.967776 0.93777 0.88351 0.0611157 -207.61 0.351482 
0.1  1.93 0.967074 0.936433 0.881091 0.0622341 -207.345 0.358869 
0.1  1.93 0.96714 0.936609 0.88154 0.0647285 -207.413 0.363487 
0.1  1.935 0.9665 0.935371 0.879219 0.0645245 -207.175 0.359653 
0.1  1.935 0.966574 0.935528 0.879587 0.0652621 -207.218 0.367196 
0.1  1.935 0.967212 0.936757 0.881842 0.065004 -207.49 0.356225 
0.1  1.94 0.966288 0.935038 0.878836 0.0683001 -207.12 0.375065 
0.1  1.94 0.966628 0.93566 0.879813 0.0665067 -207.213 0.362648 
0.1  1.94 0.967012 0.936352 0.881058 0.0639315 -207.381 0.356403 
0.1  1.945 0.966234 0.934935 0.878663 0.0682394 -207.153 0.36518 
0.1  1.945 0.965586 0.933729 0.876485 0.0705746 -206.862 0.379923 
0.1  1.945 0.965194 0.932979 0.875148 0.0709359 -206.761 0.382404 
0.1  1.95 0.965436 0.933347 0.875558 0.0656559 -206.811 0.361548 
0.1  1.95 0.965248 0.933052 0.875185 0.0691558 -206.69 0.377072 
0.1  1.95 0.965036 0.932628 0.874423 0.0683692 -206.656 0.383457 
0.1  1.955 0.96455 0.931744 0.872908 0.0709717 -206.506 0.384267 
0.1  1.955 0.965052 0.93268 0.874422 0.069295 -206.677 0.367044 
0.1  1.955 0.964798 0.932166 0.873504 0.0680746 -206.585 0.369076 
0.1  1.96 0.963716 0.930197 0.87011 0.0738955 -206.207 0.386801 
0.1  1.96 0.964044 0.930754 0.871028 0.0700391 -206.288 0.385529 
0.1  1.96 0.96362 0.929954 0.869605 0.0709273 -206.171 0.386921 
0.1  1.965 0.963488 0.929745 0.869321 0.0730786 -206.163 0.388214 
0.1  1.965 0.963606 0.930042 0.869992 0.0766085 -206.233 0.380662 
0.1  1.965 0.963374 0.929516 0.868891 0.0726115 -206.14 0.382015 
0.1  1.97 0.962628 0.928117 0.866396 0.0743377 -205.844 0.389347 
0.1  1.97 0.963712 0.930162 0.870046 0.0721615 -206.214 0.380177 
0.1  1.97 0.962862 0.928561 0.867198 0.0739944 -205.922 0.389764 
0.1  1.975 0.962774 0.928414 0.866999 0.0749582 -205.9 0.394209 
0.1  1.975 0.961784 0.926598 0.863714 0.0794621 -205.521 0.394917 
0.1  1.975 0.962062 0.927126 0.864822 0.0791062 -205.668 0.403845 
0.1  1.98 0.9622 0.927283 0.864831 0.0734323 -205.669 0.390674 
0.1  1.98 0.961458 0.925931 0.862584 0.0772724 -205.409 0.410564 
0.1  1.98 0.961884 0.926695 0.863798 0.0744551 -205.513 0.393809 
0.1  1.985 0.960784 0.924661 0.860282 0.078361 -205.222 0.405098 
0.1  1.985 0.961268 0.925556 0.861831 0.0765417 -205.331 0.403786 
0.1  1.985 0.96172 0.926396 0.863318 0.0750711 -205.491 0.399749 
0.1  1.99 0.960928 0.924912 0.860675 0.0768331 -205.263 0.39916 
0.1  1.99 0.960432 0.923942 0.85886 0.0760067 -205.051 0.3988 
0.1  1.99 0.961492 0.925966 0.862547 0.0753414 -205.48 0.390478 
0.1  1.995 0.959654 0.922622 0.856858 0.0845153 -204.886 0.41737 
0.1  1.995 0.960446 0.924117 0.859572 0.0832522 -205.109 0.417492 
0.1  1.995 0.96005 0.923293 0.857889 0.080054 -204.953 0.414145 
0.1  2 0.959504 0.922359 0.856437 0.0855717 -204.822 0.413169 
0.1  2 0.959406 0.922191 0.85604 0.0865764 -204.814 0.406129 
0.1  2 0.959576 0.922387 0.856251 0.080027 -204.794 0.411665 
0.1  2.005 0.95906 0.921542 0.855079 0.0870781 -204.682 0.429312 
0.1  2.005 0.959604 0.922524 0.856646 0.0839862 -204.839 0.403151 
0.1  2.005 0.959226 0.921711 0.854964 0.079633 -204.682 0.403562 
0.1  2.01 0.95873 0.920822 0.853496 0.0825486 -204.482 0.412829 
0.1  2.01 0.957916 0.919393 0.851217 0.0890655 -204.269 0.430319 
0.1  2.01 0.957688 0.919033 0.850774 0.0928803 -204.287 0.430345 
0.1  2.015 0.957766 0.919087 0.850664 0.0879131 -204.215 0.426597 
0.1  2.015 0.957704 0.91899 0.850482 0.0889731 -204.224 0.426082 
0.1  2.015 0.957718 0.919112 0.850887 0.0937187 -204.283 0.432139 
0.1  2.02 0.95745 0.918489 0.849487 0.0880207 -204.117 0.411619 
0.1  2.02 0.956756 0.917154 0.847094 0.0877365 -203.82 0.431862 
0.1  2.02 0.957276 0.918074 0.848566 0.0839772 -203.94 0.422014 
0.1  2.025 0.955148 0.914226 0.842138 0.0947426 -203.337 0.439657 
0.1  2.025 0.956336 0.916447 0.846066 0.0922635 -203.72 0.442713 
0.1  2.025 0.956198 0.916278 0.845687 0.0969632 -203.682 0.426897 
0.1  2.03 0.955418 0.914915 0.843654 0.103011 -203.557 0.435715 
0.1  2.03 0.95647 0.916725 0.84661 0.0930985 -203.814 0.434239 
0.1  2.03 0.955794 0.915402 0.844164 0.091631 -203.582 0.435029 
0.1  2.035 0.955054 0.914055 0.841895 0.0947055 -203.31 0.444181 
0.1  2.035 0.95446 0.913123 0.840559 0.104638 -203.202 0.448263 
0.1  2.035 0.954378 0.912978 0.840245 0.105189 -203.165 0.448693 
0.1  2.04 0.953656 0.911527 0.837557 0.101333 -202.885 0.455589 
0.1  2.04 0.954356 0.912814 0.839818 0.0989561 -203.083 0.449136 
0.1  2.04 0.953394 0.911091 0.836996 0.104471 -202.817 0.462042 
0.1  2.045 0.95362 0.911491 0.83764 0.102663 -202.823 0.468683 
0.1  2.045 0.953944 0.912117 0.838799 0.103055 -202.972 0.454184 
0.1  2.045 0.953758 0.911789 0.838215 0.104409 -202.996 0.447312 
0.1  2.05 0.952738 0.909897 0.834959 0.106713 -202.624 0.463258 
0.1  2.05 0.952708 0.909767 0.83459 0.103147 -202.648 0.455865 
0.1  2.05 0.952272 0.90898 0.833317 0.105247 -202.43 0.472454 
0.1  2.055 0.951982 0.90843 0.832251 0.105125 -202.311 0.464432 
0.1  2.055 0.952902 0.910112 0.835145 0.10169 -202.663 0.45542 
0.1  2.055 0.95237 0.909196 0.833625 0.106436 -202.43 0.463498 
0.1  2.06 0.951618 0.907813 0.831243 0.108541 -202.254 0.465467 
0.1  2.06 0.951668 0.907898 0.831508 0.108047 -202.261 0.470372 
0.1  2.06 0.951888 0.90831 0.832157 0.107749 -202.322 0.466042 
0.1  2.065 0.95085 0.906384 0.82886 0.109842 -202.013 0.471768 
0.1  2.065 0.949754 0.904492 0.825722 0.119087 -201.703 0.475716 
0.1  2.065 0.9511 0.9067 0.829068 0.10214 -201.975 0.461508 
0.1  2.07 0.949722 0.904288 0.825238 0.111892 -201.623 0.478223 
0.1  2.07 0.949394 0.903689 0.824221 0.11303 -201.535 0.482858 
0.1  2.07 0.948742 0.902567 0.822378 0.11864 -201.312 0.490645 
0.1  2.075 0.94892 0.902926 0.823041 0.119365 -201.363 0.492357 
0.1  2.075 0.949698 0.90426 0.82511 0.11247 -201.567 0.476215 
0.1  2.075 0.949168 0.903291 0.823498 0.114257 -201.411 0.48533 
0.1  2.08 0.94838 0.901905 0.821273 0.119255 -201.235 0.482442 
0.1  2.08 0.949718 0.904213 0.824892 0.108119 -201.52 0.47164 
0.1  2.08 0.947834 0.900972 0.81983 0.124171 -201.047 0.499521 
0.1  2.085 0.947794 0.900715 0.818968 0.115162 -200.91 0.489468 
0.1  2.085 0.94775 0.900565 0.818593 0.11198 -200.884 0.484659 
0.1  2.085 0.947992 0.90121 0.820014 0.120919 -201.051 0.482768 
0.1  2.09 0.946038 0.897927 0.814954 0.140635 -200.551 0.517848 
0.1  2.09 0.94714 0.89953 0.817045 0.117492 -200.718 0.492616 
0.1  2.09 0.946992 0.899544 0.817632 0.131571 -200.896 0.506699 
0.1  2.095 0.946476 0.898447 0.815484 0.125525 -200.599 0.508711 
0.1  2.095 0.94494 0.895715 0.811017 0.133796 -200.212 0.51855 
0.1  2.095 0.946814 0.899115 0.816687 0.126878 -200.748 0.505784 
0.1  2.1 0.946026 0.897522 0.813674 0.121751 -200.401 0.491584 
0.1  2.1 0.94495 0.895771 0.811262 0.13525 -200.287 0.521317 
0.1  2.1 0.944888 0.895639 0.81077 0.134577 -200.17 0.503228 
0.1  2.105 0.94383 0.89365 0.807499 0.134682 -199.847 0.52255 
0.1  2.105 0.944016 0.893916 0.807666 0.130609 -199.876 0.504225 
0.1  2.105 0.944296 0.89441 0.808434 0.128985 -199.885 0.507004 
0.1  2.11 0.944602 0.89497 0.809538 0.12781 -200.037 0.511762 
0.1  2.11 0.943528 0.89316 0.806614 0.138159 -199.709 0.515525 
0.1  2.11 0.943052 0.892222 0.804871 0.136245 -199.509 0.513059 
0.1  2.115 0.942794 0.891715 0.804076 0.134971 -199.434 0.52483 
0.1  2.115 0.942348 0.891005 0.80292 0.141133 -199.293 0.529677 
0.1  2.115 0.9418 0.889944 0.801184 0.139807 -199.179 0.52922 
0.1  2.12 0.941298 0.889199 0.80027 0.148938 -199.111 0.540052 
0.1  2.12 0.941754 0.889764 0.80067 0.135079 -198.996 0.527134 
0.1  2.12 0.94267 0.891396 0.803398 0.130617 -199.354 0.519626 
0.1  2.125 0.940462 0.887708 0.797772 0.152447 -198.772 0.545297 
0.1  2.125 0.941442 0.88937 0.80031 0.143859 -199.066 0.52652 
0.1  2.125 0.940222 0.887016 0.796157 0.141127 -198.641 0.538082 
0.1  2.13 0.939296 0.885766 0.794705 0.163781 -198.507 0.547432 
0.1  2.13 0.939248 0.885356 0.793481 0.148785 -198.377 0.544357 
0.1  2.13 0.939568 0.88591 0.794395 0.146572 -198.544 0.536741 
0.1  2.135 0.939226 0.885187 0.792977 0.142467 -198.269 0.543957 
0.1  2.135 0.93922 0.885466 0.793976 0.156063 -198.381 0.551202 
0.1  2.135 0.939872 0.886338 0.794833 0.139521 -198.48 0.529314 
0.1  2.14 0.938578 0.884245 0.791918 0.154965 -198.268 0.54231 
0.1  2.14 0.937864 0.883321 0.790682 0.174419 -198.031 0.554287 
0.1  2.14 0.93827 0.883641 0.790824 0.153761 -198.059 0.548934 
0.1  2.145 0.937424 0.882004 0.787913 0.151053 -197.767 0.548183 
0.1  2.145 0.936512 0.881001 0.787432 0.183981 -197.827 0.582549 
0.1  2.145 0.935962 0.879514 0.783952 0.162665 -197.464 0.552365 
0.1  2.15 0.936476 0.880546 0.785866 0.165517 -197.543 0.560081 
0.1  2.15 0.936564 0.880695 0.786319 0.164787 -197.625 0.575074 
0.1  2.15 0.936402 0.880225 0.78502 0.15703 -197.523 0.550759 
0.1  2.155 0.935814 0.879386 0.784101 0.168811 -197.381 0.578628 
0.1  2.155 0.934952 0.877757 0.781158 0.168065 -197.094 0.566699 
0.1  2.155 0.93523 0.878392 0.782392 0.173405 -197.259 0.561411 
0.1  2.16 0.933748 0.875695 0.778126 0.176372 -196.884 0.577707 
0.1  2.16 0.934266 0.876729 0.779852 0.179428 -196.941 0.579842 
0.1  2.16 0.934634 0.877266 0.780553 0.172473 -197.033 0.577627 
0.1  2.165 0.931556 0.871852 0.772026 0.187336 -196.288 0.601342 
0.1  2.165 0.932718 0.874071 0.775729 0.189752 -196.481 0.598608 
0.1  2.165 0.933144 0.874453 0.77578 0.170699 -196.563 0.577207 
0.1  2.17 0.932986 0.874369 0.775889 0.180006 -196.606 0.580606 
0.1  2.17 0.933274 0.874828 0.776654 0.176398 -196.653 0.580905 
0.1  2.17 0.932676 0.874184 0.776207 0.198118 -196.603 0.602251 
0.1  2.175 0.930632 0.87034 0.769523 0.196035 -195.932 0.600314 
0.1  2.175 0.930786 0.870432 0.769557 0.187113 -195.945 0.596355 
0.1  2.175 0.931586 0.871886 0.77182 0.185448 -196.136 0.595813 
0.1  2.18 0.929718 0.868772 0.766904 0.201688 -195.716 0.593627 
0.1  2.18 0.928692 0.866805 0.763734 0.198909 -195.341 0.609893 
0.1  2.18 0.929864 0.868819 0.766939 0.19139 -195.626 0.604204 
0.1  2.185 0.929154 0.867519 0.764614 0.191861 -195.395 0.606343 
0.1  2.185 0.929096 0.867558 0.764866 0.198542 -195.402 0.601872 
0.1  2.185 0.92879 0.866874 0.763656 0.193266 -195.242 0.614379 
0.1  2.19 0.927342 0.864877 0.761425 0.224386 -195.001 0.649244 
0.1  2.19 0.928416 0.866305 0.762874 0.198556 -195.163 0.616201 
0.1  2.19 0.928102 0.865661 0.761594 0.19577 -195.07 0.605019 
0.1  2.195 0.926076 0.862384 0.757133 0.217179 -194.724 0.62093 
0.1  2.195 0.925664 0.861485 0.755076 0.211007 -194.472 0.620854 
0.1  2.195 0.927012 0.864128 0.759851 0.21762 -194.89 0.624768 
0.1  2.2 0.9263 0.862602 0.757097 0.207734 -194.66 0.617044 
0.1  2.2 0.925668 0.861712 0.755644 0.220478 -194.374 0.62528 
0.1  2.2 0.925452 0.861219 0.755111 0.216267 -194.443 0.642159 
0.1  2.205 0.92456 0.860001 0.753501 0.235367 -194.278 0.644521 
0.1  2.205 0.925174 0.86059 0.753731 0.21055 -194.229 0.624985 
0.1  2.205 0.92483 0.860141 0.753205 0.219062 -194.216 0.638973 
0.1  2.21 0.923 0.857412 0.749894 0.248081 -193.969 0.663635 
0.1  2.21 0.923456 0.857903 0.749805 0.232202 -193.913 0.63829 
0.1  2.21 0.922786 0.85639 0.747162 0.219741 -193.647 0.646498 
0.1  2.215 0.92121 0.854379 0.74511 0.259663 -193.396 0.678331 
0.1  2.215 0.922066 0.855199 0.745346 0.225424 -193.451 0.656453 
0.1  2.215 0.92162 0.854514 0.744393 0.231643 -193.306 0.656858 
0.1  2.22 0.921556 0.854617 0.744933 0.241055 -193.432 0.65459 
0.1  2.22 0.920452 0.852776 0.742257 0.249721 -193.176 0.66849 
0.1  2.22 0.920112 0.852226 0.740873 0.25316 -192.949 0.656692 
0.1  2.225 0.920316 0.852396 0.74121 0.243339 -192.953 0.663556 
0.1  2.225 0.919092 0.850603 0.739047 0.263952 -192.854 0.674691 
0.1  2.225 0.920478 0.852983 0.742711 0.256319 -193.147 0.670739 
0.1  2.23 0.918986 0.850614 0.739276 0.272587 -192.833 0.676019 
0.1  2.23 0.917794 0.84855 0.735776 0.278202 -192.445 0.687781 
0.1  2.23 0.917934 0.848281 0.734942 0.254627 -192.477 0.66937 
0.1  2.235 0.91844 0.849002 0.735648 0.244738 -192.384 0.666171 
0.1  2.235 0.917628 0.84789 0.734444 0.261687 -192.246 0.684252 
0.1  2.235 0.917226 0.847498 0.7344 0.277138 -192.273 0.693864 
0.1  2.24 0.915824 0.844685 0.729272 0.265668 -191.77 0.689735 
0.1  2.24 0.91586 0.845035 0.730279 0.278363 -191.907 0.687592 
0.1  2.24 0.91666 0.84665 0.733066 0.285006 -192.243 0.674527 
0.1  2.245 0.914788 0.843122 0.727063 0.279937 -191.547 0.696126 
0.1  2.245 0.914542 0.842691 0.726609 0.280784 -191.431 0.710619 
0.1  2.245 0.91369 0.841238 0.724377 0.285441 -191.376 0.68992 
0.1  2.25 0.912486 0.839063 0.720815 0.285887 -190.943 0.710989 
0.1  2.25 0.915124 0.843617 0.727926 0.274015 -191.679 0.69281 
0.1  2.25 0.912648 0.839345 0.721261 0.285288 -191.019 0.700011 
0.1  2.255 0.914024 0.841507 0.7242 0.269033 -191.297 0.682848 
0.1  2.255 0.912028 0.838586 0.720538 0.301139 -190.878 0.713666 
0.1  2.255 0.911936 0.838211 0.719383 0.291946 -190.816 0.690504 
0.1  2.26 0.910426 0.835392 0.715284 0.288353 -190.417 0.718859 
0.1  2.26 0.9107 0.836139 0.716488 0.299309 -190.465 0.721475 
0.1  2.26 0.911656 0.837818 0.719212 0.296502 -190.806 0.713868 
0.1  2.265 0.909364 0.833919 0.712996 0.30798 -190.089 0.705745 
0.1  2.265 0.909924 0.834662 0.713839 0.295805 -190.218 0.701547 
0.1  2.265 0.90944 0.833987 0.713339 0.304901 -190.183 0.730006 
0.1  2.27 0.90575 0.827937 0.704151 0.33278 -189.266 0.749147 
0.1  2.27 0.908216 0.832113 0.710676 0.319662 -189.932 0.732092 
0.1  2.27 0.90792 0.831991 0.71074 0.337998 -189.802 0.73422 
0.1  2.275 0.907172 0.829995 0.707149 0.309197 -189.603 0.72855 
0.1  2.275 0.90474 0.826385 0.702043 0.344187 -189.039 0.745773 
0.1  2.275 0.907428 0.830383 0.707628 0.305805 -189.439 0.755791 
0.1  2.28 0.903684 0.82485 0.700065 0.359871 -188.758 0.752809 
0.1  2.28 0.905298 0.827471 0.704027 0.346788 -189.137 0.74429 
0.1  2.28 0.904332 0.825624 0.700642 0.342444 -188.861 0.732204 
0.1  2.285 0.905418 0.827648 0.704313 0.344275 -189.147 0.74958 
0.1  2.285 0.903052 0.823397 0.697493 0.345493 -188.418 0.758634 
0.1  2.285 0.905036 0.826518 0.701811 0.325059 -188.852 0.741353 
0.1  2.29 0.902834 0.823446 0.698163 0.364053 -188.559 0.756967 
0.1  2.29 0.902206 0.821723 0.694696 0.338332 -188.212 0.75892 
0.1  2.29 0.901768 0.821673 0.695111 0.370651 -188.267 0.755685 
0.1  2.295 0.902154 0.821598 0.69429 0.336197 -188.12 0.7507 
0.1  2.295 0.90034 0.819262 0.692231 0.376898 -187.958 0.787554 
0.1  2.295 0.900724 0.819682 0.69201 0.365084 -187.901 0.764229 
0.1  2.3 0.900016 0.818629 0.690682 0.373941 -187.729 0.77392 
0.1  2.3 0.899026 0.816699 0.68758 0.367449 -187.493 0.77078 
0.1  2.3 0.899592 0.817442 0.688213 0.355495 -187.612 0.754798 
0.1  2.305 0.89731 0.814281 0.684523 0.395464 -187.134 0.794431 
0.1  2.305 0.895678 0.811037 0.679083 0.381709 -186.698 0.778024 
0.1  2.305 0.896864 0.813355 0.683016 0.390008 -187.022 0.790662 
0.1  2.31 0.896374 0.812789 0.682423 0.402719 -187.051 0.789539 
0.1  2.31 0.894734 0.8096 0.677196 0.391816 -186.359 0.802498 
0.1  2.31 0.896762 0.813142 0.682731 0.387873 -186.986 0.795329 
0.1  2.315 0.894938 0.810259 0.678417 0.40365 -186.497 0.788972 
0.1  2.315 0.893882 0.808566 0.67604 0.412118 -186.445 0.799809 
0.1  2.315 0.89392 0.808399 0.675405 0.401997 -186.15 0.794045 
0.1  2.32 0.891858 0.804926 0.670677 0.410155 -185.699 0.823489 
0.1  2.32 0.891658 0.80517 0.671393 0.436016 -185.87 0.809527 
0.1  2.32 0.890274 0.803088 0.668856 0.45259 -185.496 0.84008 
0.1  2.325 0.891038 0.804686 0.671197 0.4618 -185.736 0.818741 
0.1  2.325 0.890736 0.803328 0.668278 0.426571 -185.439 0.803857 
0.1  2.325 0.890718 0.803127 0.667845 0.419288 -185.425 0.811681 
0.1  2.33 0.89137 0.804452 0.670288 0.425399 -185.819 0.811282 
0.1  2.33 0.88826 0.79934 0.662898 0.44354 -184.892 0.836539 
0.1  2.33 0.890138 0.802335 0.666774 0.42872 -185.389 0.803189 
0.1  2.335 0.887638 0.798553 0.661843 0.456186 -184.891 0.829505 
0.1  2.335 0.888486 0.79978 0.663402 0.444215 -184.879 0.826263 
0.1  2.335 0.886174 0.79615 0.658575 0.46449 -184.43 0.851857 
0.1  2.34 0.884384 0.793884 0.655978 0.502105 -184.169 0.867553 
0.1  2.34 0.886344 0.796245 0.658201 0.454656 -184.403 0.828729 
0.1  2.34 0.884098 0.792728 0.653393 0.47432 -183.953 0.839801 
0.1  2.345 0.883392 0.791747 0.652051 0.484678 -183.778 0.840434 
0.1  2.345 0.882898 0.791028 0.650992 0.491209 -183.7 0.841423 
0.1  2.345 0.884118 0.792659 0.653402 0.46885 -183.925 0.849125 
0.1  2.35 0.881424 0.788849 0.648531 0.508125 -183.325 0.883337 
0.1  2.35 0.882674 0.79047 0.650608 0.483272 -183.55 0.871112 
0.1  2.35 0.882584 0.790512 0.650487 0.491801 -183.644 0.8586 
0.1  2.355 0.87981 0.786282 0.644976 0.518726 -183.111 0.870361 
0.1  2.355 0.879742 0.786211 0.644904 0.520811 -183.046 0.867601 
0.1  2.355 0.88038 0.786339 0.643975 0.47855 -182.971 0.869304 
0.1  2.36 0.878138 0.783179 0.640074 0.510726 -182.532 0.872013 
0.1  2.36 0.878772 0.784076 0.641257 0.501533 -182.714 0.860805 
0.1  2.36 0.879088 0.785014 0.64301 0.517727 -182.766 0.891827 
0.1  2.365 0.87494 0.778424 0.633785 0.545644 -181.829 0.885189 
0.1  2.365 0.878904 0.784387 0.641519 0.503787 -182.603 0.870016 
0.1  2.365 0.875542 0.778812 0.633904 0.517467 -182.057 0.873261 
0.1  2.37 0.87186 0.774342 0.629115 0.599243 -181.425 0.921825 
0.1  2.37 0.875194 0.77931 0.635573 0.563098 -182.166 0.887355 
0.1  2.37 0.874786 0.778217 0.633395 0.547121 -181.877 0.876149 
0.1  2.375 0.872132 0.774387 0.62882 0.579891 -181.198 0.936397 
0.1  2.375 0.87171 0.773785 0.627987 0.585548 -181.351 0.911803 
0.1  2.375 0.86903 0.769874 0.623172 0.617281 -180.825 0.939478 
0.1  2.38 0.869612 0.770139 0.622113 0.584636 -180.601 0.902785 
0.1  2.38 0.869454 0.770459 0.623568 0.609621 -180.742 0.919779 
0.1  2.38 0.868784 0.768975 0.620965 0.596187 -180.426 0.926728 
0.1  2.385 0.868648 0.769202 0.621831 0.614357 -180.459 0.940458 
0.1  2.385 0.867616 0.767024 0.618786 0.598195 -180.322 0.939987 
0.1  2.385 0.866976 0.766136 0.61677 0.607469 -180.131 0.915803 
0.1  2.39 0.866316 0.765386 0.616415 0.622686 -180.023 0.925539 
0.1  2.39 0.865638 0.763909 0.614057 0.610046 -179.729 0.938867 
0.1  2.39 0.865644 0.764085 0.614504 0.616953 -179.686 0.942437 
0.1  2.395 0.86404 0.762031 0.612125 0.645745 -179.58 0.943073 
0.1  2.395 0.863374 0.760487 0.609726 0.629318 -179.295 0.946798 
0.1  2.395 0.862954 0.760788 0.610853 0.672175 -179.422 0.945379 
0.1  2.4 0.861984 0.757971 0.606081 0.623123 -178.862 0.948847 
0.1  2.4 0.862956 0.759992 0.6094 0.637443 -179.27 0.951477 
0.1  2.4 0.861576 0.757676 0.605731 0.640133 -178.927 0.939774 
0.1  2.405 0.86098 0.756795 0.604439 0.64485 -178.781 0.942437 
0.1  2.405 0.858004 0.752486 0.599093 0.678401 -178.266 0.943396 
0.1  2.405 0.860246 0.755678 0.602953 0.65093 -178.522 0.948399 
0.1  2.41 0.858292 0.752936 0.599827 0.675149 -178.18 0.978427 
0.1  2.41 0.855596 0.749058 0.595091 0.705964 -177.595 1.00816 
0.1  2.41 0.858752 0.753276 0.600086 0.656483 -178.291 0.970676 
0.1  2.415 0.855392 0.748369 0.593098 0.690414 -177.546 0.949956 
0.1  2.415 0.854008 0.746452 0.591262 0.708993 -177.334 0.989721 
0.1  2.415 0.854316 0.74675 0.59166 0.699555 -177.371 0.990186 
0.1  2.42 0.851916 0.743703 0.587956 0.741422 -177.012 0.975714 
0.1  2.42 0.853028 0.745208 0.589611 0.725254 -177.079 0.980728 
0.1  2.42 0.852636 0.744495 0.58883 0.723419 -177.064 0.99032 
0.1  2.425 0.848432 0.738457 0.581769 0.767839 -176.321 1.02901 
0.1  2.425 0.849772 0.740348 0.583123 0.751968 -176.362 0.996007 
0.1  2.425 0.852626 0.744779 0.589181 0.734333 -177.103 0.966121 
0.1  2.43 0.846932 0.736223 0.578611 0.778987 -175.857 1.03663 
0.1  2.43 0.847626 0.735774 0.576136 0.712107 -175.683 1.00806 
0.1  2.43 0.848148 0.737783 0.580249 0.758371 -176.086 1.01561 
0.1  2.435 0.844038 0.731885 0.57304 0.800186 -175.292 1.0465 
0.1  2.435 0.84721 0.736026 0.577233 0.749942 -175.767 0.996144 
0.1  2.435 0.844896 0.73289 0.57387 0.781974 -175.48 1.0059 
0.1  2.44 0.841886 0.729043 0.569569 0.830777 -174.933 1.02699 
0.1  2.44 0.841768 0.728702 0.56869 0.824954 -174.948 1.02263 
0.1  2.44 0.841738 0.729326 0.570427 0.852602 -175.07 1.03017 
0.1  2.445 0.838844 0.723663 0.561591 0.818144 -174.231 1.01536 
0.1  2.445 0.841902 0.727893 0.566702 0.780942 -174.61 1.02254 
0.1  2.445 0.839058 0.724002 0.56246 0.81731 -174.116 1.05345 
0.1  2.45 0.837494 0.722049 0.560524 0.842962 -174 1.05152 
0.1  2.45 0.839774 0.725445 0.565003 0.825492 -174.416 1.04901 
0.1  2.45 0.835738 0.719789 0.557635 0.870653 -173.746 1.05152 
0.1  2.455 0.834562 0.718236 0.55594 0.885647 -173.358 1.07639 
0.1  2.455 0.833224 0.716693 0.554846 0.913688 -173.439 1.07416 
0.1  2.455 0.834468 0.717727 0.554932 0.871288 -173.226 1.06341 
0.1  2.46 0.83023 0.712121 0.548593 0.928408 -172.621 1.08698 
0.1  2.46 0.832442 0.715816 0.553676 0.929114 -173.11 1.0918 
0.1  2.46 0.828678 0.709981 0.546109 0.946098 -172.386 1.09237 
0.1  2.465 0.827128 0.708244 0.544196 0.97784 -172.181 1.09405 
0.1  2.465 0.830718 0.712204 0.547325 0.897005 -172.552 1.03199 
0.1  2.465 0.827768 0.707978 0.542953 0.924056 -172.028 1.08472 
0.1  2.47 0.823846 0.703553 0.53903 1.00528 -171.556 1.1152 
0.1  2.47 0.824322 0.703261 0.537163 0.961717 -171.515 1.08259 
0.1  2.47 0.824972 0.704291 0.538513 0.959993 -171.512 1.10446 
0.1  2.475 0.823104 0.701565 0.535326 0.972304 -171.268 1.08433 
0.1  2.475 0.824026 0.703532 0.538133 0.990435 -171.471 1.09797 
0.1  2.475 0.822276 0.701166 0.53558 1.01123 -171.296 1.09658 
0.1  2.48 0.821154 0.698477 0.530704 0.975129 -170.591 1.07829 
0.1  2.48 0.821762 0.699541 0.533163 0.977754 -170.855 1.1289 
0.1  2.48 0.818162 0.694998 0.527961 1.03262 -170.224 1.14123 
0.1  2.485 0.818214 0.695192 0.528401 1.03491 -170.374 1.12313 
0.1  2.485 0.816622 0.691737 0.522358 1.00062 -169.713 1.10528 
0.1  2.485 0.818388 0.695419 0.528865 1.0326 -170.376 1.14927 
0.1  2.49 0.812644 0.687014 0.518217 1.06921 -169.268 1.14491 
0.1  2.49 0.81148 0.685502 0.516571 1.08443 -169.243 1.13151 
0.1  2.49 0.814196 0.689246 0.520373 1.05748 -169.478 1.12887 
0.1  2.495 0.813384 0.687258 0.517816 1.02862 -169.267 1.12914 
0.1  2.495 0.814016 0.688179 0.518661 1.02434 -169.329 1.11653 
0.1  2.495 0.812878 0.68638 0.516223 1.02641 -168.907 1.14688 
0.1  2.5 0.806864 0.679218 0.508994 1.12756 -168.358 1.13762 
0.1  2.5 0.812358 0.687081 0.518246 1.08623 -169.202 1.13729 
0.1  2.5 0.809286 0.682535 0.512584 1.10366 -168.449 1.13657 
0.1  2.505 0.80483 0.675413 0.503287 1.10426 -167.597 1.13527 
0.1  2.505 0.804996 0.675791 0.503463 1.10869 -167.603 1.1327 
0.1  2.505 0.806844 0.678402 0.507359 1.094 -168.063 1.14786 
0.1  2.51 0.801862 0.671003 0.497798 1.11637 -166.9 1.15096 
0.1  2.51 0.804278 0.674258 0.501647 1.09143 -167.184 1.15346 
0.1  2.51 0.802596 0.673092 0.501584 1.15265 -167.363 1.16691 
0.1  2.515 0.796252 0.6644 0.491562 1.20807 -166.167 1.19501 
0.1  2.515 0.797616 0.665614 0.49188 1.16989 -166.373 1.15074 
0.1  2.515 0.799308 0.66812 0.495654 1.16208 -166.531 1.1867 
0.1  2.52 0.794676 0.662579 0.489768 1.23288 -166.004 1.19629 
0.1  2.52 0.798786 0.667161 0.493649 1.15483 -166.495 1.15641 
0.1  2.52 0.792954 0.659271 0.484719 1.21011 -165.645 1.16586 
0.1  2.525 0.791108 0.657033 0.483082 1.23491 -165.207 1.20251 
0.1  2.525 0.791664 0.657113 0.482326 1.20319 -165.207 1.19928 
0.1  2.525 0.791836 0.65807 0.484043 1.23034 -165.373 1.18712 
0.1  2.53 0.787756 0.652108 0.476474 1.24697 -164.571 1.18608 
0.1  2.53 0.78869 0.653748 0.478778 1.2536 -164.876 1.18276 
0.1  2.53 0.791828 0.658204 0.483677 1.23368 -165.191 1.17479 
0.1  2.535 0.782664 0.64573 0.470136 1.30837 -163.799 1.20589 
0.1  2.535 0.784968 0.648724 0.473977 1.284 -164.177 1.23032 
0.1  2.535 0.785346 0.648952 0.473361 1.26958 -164.103 1.21682 
0.1  2.54 0.780754 0.642796 0.465738 1.30783 -163.061 1.20989 
0.1  2.54 0.780926 0.642883 0.466664 1.30069 -163.378 1.22178 
0.1  2.54 0.77919 0.640527 0.464302 1.31456 -163.143 1.2327 
0.1  2.545 0.78306 0.644942 0.468145 1.24789 -163.533 1.19501 
0.1  2.545 0.776646 0.637685 0.461158 1.35583 -162.887 1.21324 
0.1  2.545 0.778726 0.640041 0.463529 1.32128 -162.913 1.23244 
0.1  2.55 0.773912 0.634024 0.456508 1.37585 -162.207 1.23233 
0.1  2.55 0.774848 0.634787 0.457339 1.34893 -162.581 1.19462 
0.1  2.55 0.77374 0.633665 0.456868 1.37222 -162.266 1.23228 
0.1  2.555 0.771066 0.630402 0.453113 1.4035 -161.95 1.22515 
0.1  2.555 0.771786 0.631789 0.455189 1.41428 -162.069 1.2372 
0.1  2.555 0.77247 0.631665 0.453829 1.3681 -162.053 1.2061 
0.1  2.56 0.76711 0.6246 0.446143 1.4118 -161.003 1.23939 
0.1  2.56 0.768418 0.626538 0.448217 1.40904 -161.116 1.2526 
0.1  2.56 0.765906 0.623416 0.445258 1.43766 -160.918 1.24301 
0.1  2.565 0.767398 0.625669 0.448112 1.43349 -161.234 1.23589 
0.1  2.565 0.7666 0.623204 0.443613 1.38513 -160.774 1.21764 
0.1  2.565 0.766574 0.623068 0.443624 1.38137 -160.667 1.21995 
0.1  2.57 0.762228 0.618213 0.438865 1.4483 -160.296 1.22762 
0.1  2.57 0.760652 0.6155 0.435479 1.43613 -159.609 1.24692 
0.1  2.57 0.762104 0.617442 0.437686 1.42568 -159.982 1.22423 
0.1  2.575 0.756556 0.610652 0.431287 1.48642 -159.293 1.25597 
0.1  2.575 0.756058 0.610787 0.431757 1.52092 -159.197 1.27284 
0.1  2.575 0.76023 0.615861 0.437506 1.47229 -159.733 1.26682 
0.1  2.58 0.75253 0.606459 0.427253 1.55648 -158.677 1.26241 
0.1  2.58 0.754668 0.607948 0.428083 1.48932 -158.82 1.26316 
0.1  2.58 0.752988 0.60603 0.42613 1.51315 -158.821 1.24179 
0.1  2.585 0.749934 0.601135 0.41984 1.49843 -157.761 1.25808 
0.1  2.585 0.749964 0.602214 0.422022 1.5384 -158.071 1.26136 
0.1  2.585 0.749926 0.602239 0.422316 1.5416 -157.936 1.29837 
0.1  2.59 0.747568 0.598882 0.417849 1.54534 -157.481 1.2689 
0.1  2.59 0.747324 0.598902 0.418899 1.56019 -157.628 1.29816 
0.1  2.59 0.749136 0.601199 0.421168 1.54418 -158.017 1.28031 
0.1  2.595 0.745058 0.595449 0.41428 1.55444 -157.158 1.24992 
0.1  2.595 0.741372 0.590452 0.408524 1.57302 -156.394 1.2785 
0.1  2.595 0.744856 0.595152 0.41401 1.55461 -156.934 1.29005 
0.1  2.6 0.741698 0.591719 0.410809 1.60012 -156.473 1.28845 
0.1  2.6 0.736998 0.585339 0.404026 1.62203 -156.057 1.26911 
0.1  2.6 0.739326 0.588972 0.408359 1.62958 -156.309 1.27595 
0.1  2.605 0.73451 0.582668 0.401799 1.65694 -155.555 1.29968 
0.1  2.605 0.730818 0.578438 0.398001 1.70222 -155.205 1.30142 
0.1  2.605 0.736378 0.58415 0.402655 1.60833 -155.686 1.28259 
0.1  2.61 0.726172 0.573169 0.393061 1.75644 -154.516 1.31328 
0.1  2.61 0.733386 0.580035 0.397525 1.6161 -155.012 1.27151 
0.1  2.61 0.732006 0.578918 0.397248 1.65078 -154.972 1.29785 
0.1  2.615 0.725348 0.571455 0.390211 1.73328 -154.078 1.2997 
0.1  2.615 0.726012 0.572277 0.391157 1.72787 -154.166 1.31828 
0.1  2.615 0.725916 0.571935 0.390153 1.72011 -154.045 1.28984 
0.1  2.62 0.726346 0.572281 0.389522 1.70621 -154.048 1.26871 
0.1  2.62 0.725312 0.569502 0.386667 1.65744 -153.761 1.28153 
0.1  2.62 0.723556 0.568249 0.386129 1.70671 -153.508 1.29328 
0.1  2.625 0.72026 0.56427 0.381503 1.73315 -153.162 1.26643 
0.1  2.625 0.719128 0.563366 0.381608 1.76079 -152.9 1.32714 
0.1  2.625 0.718738 0.562199 0.379445 1.73769 -152.744 1.28017 
0.1  2.63 0.717904 0.561343 0.379148 1.74742 -152.733 1.29067 
0.1  2.63 0.707964 0.550187 0.369484 1.86215 -151.549 1.34219 
0.1  2.63 0.713828 0.556706 0.375199 1.79301 -152.146 1.32974 
0.1  2.635 0.713182 0.555364 0.372679 1.77363 -151.958 1.28826 
0.1  2.635 0.70989 0.552511 0.371018 1.84316 -151.589 1.33492 
0.1  2.635 0.711854 0.553473 0.370511 1.77368 -151.784 1.27375 
0.1  2.64 0.708588 0.550203 0.3685 1.82219 -151.263 1.31901 
0.1  2.64 0.713152 0.554444 0.371041 1.73706 -151.662 1.27666 
0.1  2.64 0.708722 0.550183 0.368017 1.81426 -151.529 1.30668 
0.1  2.645 0.703672 0.544535 0.36268 1.86696 -150.513 1.31127 
0.1  2.645 0.703438 0.543682 0.361184 1.84713 -150.386 1.31926 
0.1  2.645 0.70264 0.542702 0.360361 1.85251 -150.277 1.30135 
0.1  2.65 0.696618 0.535064 0.353042 1.87878 -149.323 1.33379 
0.1  2.65 0.696616 0.535096 0.352651 1.88008 -149.47 1.32148 
0.1  2.65 0.699156 0.538275 0.355926 1.86628 -149.724 1.31781 
0.1  2.655 0.693546 0.531774 0.349857 1.91216 -149.04 1.32299 
0.1  2.655 0.694668 0.53273 0.350434 1.88952 -149.031 1.32121 
0.1  2.655 0.692168 0.530666 0.348902 1.94234 -148.904 1.31674 
0.1  2.66 0.685768 0.522513 0.341508 1.96372 -147.864 1.33156 
0.1  2.66 0.687006 0.522792 0.340575 1.91031 -148.122 1.30441 
0.1  2.66 0.69201 0.530669 0.349578 1.94705 -148.99 1.30258 
0.1  2.665 0.6867 0.522384 0.339729 1.90722 -147.651 1.31576 
0.1  2.665 0.687086 0.523186 0.341128 1.91741 -147.894 1.32044 
0.1  2.665 0.687894 0.524196 0.341609 1.9136 -147.818 1.30023 
0.1  2.67 0.687974 0.523804 0.341005 1.89124 -147.67 1.30543 
0.1  2.67 0.684014 0.519405 0.337367 1.92996 -147.204 1.31096 
0.1  2.67 0.682584 0.517762 0.33567 1.94161 -147.148 1.31186 
0.1  2.675 0.679364 0.513808 0.331757 1.95411 -146.539 1.31322 
0.1  2.675 0.679858 0.513888 0.331172 1.932 -146.663 1.27859 
0.1  2.675 0.680958 0.515741 0.333984 1.94532 -146.856 1.30192 
0.1  2.68 0.673636 0.508322 0.327208 2.03493 -145.744 1.31361 
0.1  2.68 0.67512 0.509446 0.328556 2.0022 -146.175 1.33042 
0.1  2.68 0.673444 0.507011 0.325461 1.99566 -145.616 1.33675 
0.1  2.685 0.664344 0.496879 0.316482 2.06801 -144.616 1.31703 
0.1  2.685 0.667404 0.500049 0.31949 2.0343 -144.854 1.33767 
0.1  2.685 0.666618 0.499767 0.319586 2.06284 -145.096 1.33151 
0.1  2.69 0.666032 0.497139 0.314565 1.99034 -144.549 1.28372 
0.1  2.69 0.662894 0.493825 0.31192 2.02217 -144.116 1.29519 
0.1  2.69 0.667838 0.500499 0.318957 2.0257 -144.839 1.30179 
0.1  2.695 0.663004 0.494466 0.313411 2.0368 -144.206 1.30825 
0.1  2.695 0.658854 0.489078 0.308352 2.04044 -143.492 1.29476 
0.1  2.695 0.665878 0.4966 0.314287 1.97426 -144.186 1.29153 
0.1  2.7 0.654936 0.484133 0.303116 2.04413 -142.753 1.30383 
0.1  2.7 0.66093 0.490636 0.308211 1.99286 -143.594 1.27688 
0.1  2.7 0.658616 0.488591 0.306692 2.03023 -143.424 1.28478 
0.1  2.705 0.651772 0.480693 0.299991 2.06603 -142.41 1.28482 
0.1  2.705 0.650846 0.481049 0.302167 2.12377 -142.594 1.3239 
0.1  2.705 0.65293 0.481913 0.300744 2.05529 -142.409 1.3132 
0.1  2.71 0.652998 0.481367 0.299544 2.02806 -142.045 1.28942 
0.1  2.71 0.653736 0.483432 0.30305 2.06867 -142.649 1.29964 
0.1  2.71 0.644482 0.472137 0.291666 2.0952 -141.177 1.29647 
0.1  2.715 0.645404 0.473055 0.292872 2.08136 -141.281 1.28429 
0.1  2.715 0.64011 0.46756 0.288129 2.1296 -140.819 1.30037 
0.1  2.715 0.643474 0.47198 0.293172 2.13336 -141.2 1.31766 
0.1  2.72 0.639706 0.467036 0.287938 2.12544 -140.567 1.30785 
0.1  2.72 0.641762 0.469352 0.28971 2.11373 -140.903 1.29299 
0.1  2.72 0.641014 0.468186 0.288558 2.10615 -140.674 1.29768 
0.1  2.725 0.633508 0.459779 0.281154 2.14481 -139.503 1.30519 
0.1  2.725 0.6342 0.461017 0.282996 2.15808 -140.104 1.30533 
0.1  2.725 0.63856 0.464017 0.283971 2.06452 -140.235 1.27908 
0.1  2.73 0.630526 0.456333 0.277695 2.15275 -139.139 1.28522 
0.1  2.73 0.627554 0.453168 0.274967 2.17379 -138.924 1.27263 
0.1  2.73 0.626958 0.452367 0.27469 2.17183 -138.522 1.30134 
0.1  2.735 0.62535 0.449669 0.271312 2.14282 -138.394 1.27939 
0.1  2.735 0.62564 0.450037 0.271282 2.14302 -138.25 1.25806 
0.1  2.735 0.625152 0.450688 0.273324 2.18915 -138.664 1.27532 
0.1  2.74 0.622274 0.445844 0.267102 2.13939 -137.827 1.23815 
0.1  2.74 0.61668 0.441177 0.264236 2.22199 -137.201 1.26241 
0.1  2.74 0.627134 0.451637 0.272566 2.1292 -138.398 1.26467 
0.1  2.745 0.616206 0.439665 0.26268 2.18414 -137.07 1.26646 
0.1  2.745 0.61932 0.443256 0.266241 2.17483 -137.412 1.29705 
0.1  2.745 0.617272 0.441452 0.264912 2.20136 -137.353 1.2874 
0.1  2.75 0.619094 0.442386 0.264837 2.14939 -137.258 1.27004 
0.1  2.75 0.614744 0.437844 0.260893 2.17942 -136.672 1.27097 
0.1  2.75 0.614586 0.438485 0.262302 2.20978 -136.758 1.2798 
0.1  2.755 0.608718 0.431831 0.256361 2.2248 -136.113 1.28056 
0.1  2.755 0.6066 0.42809 0.25213 2.18244 -135.598 1.24733 
0.1  2.755 0.607116 0.429252 0.252854 2.2019 -135.643 1.25216 
0.1  2.76 0.601454 0.423845 0.249683 2.24993 -135.175 1.26979 
0.1  2.76 0.60479 0.427129 0.252342 2.22312 -135.387 1.27801 
0.1  2.76 0.605426 0.428449 0.253339 2.24307 -135.61 1.2527 
0.1  2.765 0.605094 0.427414 0.252207 2.2161 -135.44 1.25482 
0.1  2.765 0.60072 0.421615 0.246308 2.19714 -134.772 1.24011 
0.1  2.765 0.602438 0.424112 0.249085 2.21269 -134.878 1.26596 
0.1  2.77 0.59563 0.416728 0.242925 2.23657 -134.185 1.25096 
0.1  2.77 0.596338 0.417886 0.242988 2.24791 -134.008 1.22522 
0.1  2.77 0.595382 0.415482 0.241189 2.20224 -133.851 1.24056 
0.1  2.775 0.595908 0.41696 0.242687 2.22897 -133.841 1.24665 
0.1  2.775 0.5957 0.416845 0.242833 2.23375 -133.869 1.24121 
0.1  2.775 0.593082 0.412783 0.238233 2.19952 -133.604 1.23072 
0.1  2.78 0.590262 0.408984 0.234294 2.17894 -132.924 1.21075 
0.1  2.78 0.588066 0.407354 0.234029 2.21339 -132.832 1.21542 
0.1  2.78 0.588798 0.408674 0.235273 2.22989 -133.016 1.22467 
0.1  2.785 0.585654 0.403755 0.229923 2.18183 -132.143 1.20185 
0.1  2.785 0.581382 0.400625 0.22851 2.24849 -132.071 1.20682 
0.1  2.785 0.585378 0.404722 0.231874 2.22816 -132.482 1.22973 
0.1  2.79 0.577666 0.39647 0.224858 2.2499 -131.273 1.21924 
0.1  2.79 0.581476 0.401245 0.229575 2.26276 -131.97 1.23866 
0.1  2.79 0.575592 0.39413 0.222734 2.25177 -131.097 1.20854 
0.1  2.795 0.576238 0.395604 0.225226 2.27384 -131.089 1.24233 
0.1  2.795 0.57527 0.393906 0.22282 2.25295 -131.001 1.21198 
0.1  2.795 0.577812 0.397457 0.226728 2.27513 -131.469 1.23462 
0.1  2.8 0.573306 0.392207 0.221963 2.26884 -130.823 1.20836 
0.1  2.8 0.573148 0.391316 0.220283 2.24346 -130.757 1.17898 
0.1  2.8 0.574354 0.391736 0.22005 2.20905 -130.358 1.20704 
0.1  2.805 0.56491 0.382549 0.213069 2.26116 -129.605 1.19138 
0.1  2.805 0.56769 0.385215 0.21533 2.24396 -129.732 1.20434 
0.1  2.805 0.565874 0.383463 0.214347 2.25488 -129.84 1.19192 
0.1  2.81 0.56377 0.382163 0.214272 2.28918 -129.491 1.2243 
0.1  2.81 0.561326 0.378925 0.210742 2.27182 -129.071 1.1963 
0.1  2.81 0.563186 0.379939 0.210448 2.23347 -129.225 1.17803 
0.1  2.815 0.560812 0.377286 0.208098 2.23007 -128.653 1.1699 
0.1  2.815 0.555672 0.372304 0.204188 2.25693 -128.116 1.16269 
0.1  2.815 0.562092 0.379529 0.211203 2.25867 -128.931 1.223 
0.1  2.82 0.555078 0.372119 0.20523 2.26975 -128.336 1.1705 
0.1  2.82 0.55406 0.37053 0.202955 2.25346 -127.955 1.16059 
0.1  2.82 0.555614 0.371924 0.203776 2.24173 -128.039 1.15369 
0.1  2.825 0.553658 0.369199 0.20104 2.21811 -127.699 1.1464 
0.1  2.825 0.550594 0.366786 0.199926 2.25248 -127.507 1.15167 
0.1  2.825 0.55675 0.373352 0.205261 2.2436 -128.033 1.17865 
0.1  2.83 0.546854 0.363733 0.198653 2.28564 -126.91 1.17751 
0.1  2.83 0.547476 0.363967 0.197854 2.26986 -127.211 1.14879 
0.1  2.83 0.545902 0.362202 0.196807 2.26829 -126.537 1.1835 
0.1  2.835 0.546374 0.362211 0.196422 2.24644 -126.741 1.14164 
0.1  2.835 0.54281 0.359896 0.195317 2.30171 -126.232 1.18101 
0.1  2.835 0.544286 0.359724 0.19466 2.23903 -126.53 1.15341 
0.1  2.84 0.537086 0.351943 0.187745 2.23527 -125.224 1.15238 
0.1  2.84 0.539652 0.354235 0.189227 2.21869 -125.614 1.13061 
0.1  2.84 0.536422 0.351471 0.187401 2.24376 -125.244 1.14136 
0.1  2.845 0.537202 0.352221 0.188627 2.23671 -125.251 1.13983 
0.1  2.845 0.536694 0.352224 0.188109 2.25601 -125.294 1.11911 
0.1  2.845 0.533556 0.349155 0.185892 2.26618 -125.164 1.12065 
0.1  2.85 0.531452 0.346095 0.182924 2.23347 -124.399 1.12144 
0.1  2.85 0.533236 0.348174 0.18437 2.23977 -124.653 1.1062 
0.1  2.85 0.529162 0.344126 0.182247 2.24959 -124.576 1.11653 
0.1  2.855 0.529708 0.346089 0.184639 2.29415 -124.686 1.12896 
0.1  2.855 0.526216 0.34072 0.178279 2.23527 -123.827 1.09877 
0.1  2.855 0.52576 0.341108 0.180035 2.26567 -124.017 1.11093 
0.1  2.86 0.526094 0.339526 0.177045 2.1941 -123.482 1.0918 
0.1  2.86 0.529206 0.344081 0.181609 2.23854 -123.937 1.12598 
0.1  2.86 0.530144 0.345134 0.182522 2.2406 -124.181 1.11229 
0.1  2.865 0.51747 0.331554 0.171649 2.22615 -122.463 1.10564 
0.1  2.865 0.523268 0.33663 0.174973 2.19268 -123.201 1.0896 
0.1  2.865 0.521244 0.335085 0.174191 2.21257 -122.906 1.1071 
0.1  2.87 0.520788 0.334128 0.173299 2.19191 -122.787 1.0811 
0.1  2.87 0.518768 0.333578 0.17342 2.24591 -122.733 1.08698 
0.1  2.87 0.5184 0.331688 0.170945 2.19337 -122.354 1.07492 
0.1  2.875 0.510096 0.325096 0.167104 2.25731 -121.784 1.08442 
0.1  2.875 0.51423 0.328171 0.168857 2.21699 -122.036 1.07029 
0.1  2.875 0.510916 0.324054 0.165169 2.19196 -121.594 1.06531 
0.1  2.88 0.512236 0.326012 0.167644 2.20926 -121.658 1.08124 
0.1  2.88 0.509104 0.322962 0.165562 2.21442 -121.445 1.07881 
0.1  2.88 0.511384 0.325832 0.167213 2.23327 -121.694 1.07267 
0.1  2.885 0.506284 0.319564 0.162221 2.19206 -120.885 1.05723 
0.1  2.885 0.5048 0.318101 0.160898 2.19335 -120.341 1.07244 
0.1  2.885 0.507634 0.322115 0.164763 2.23301 -120.998 1.07359 
0.1  2.89 0.503316 0.317658 0.161302 2.226 -120.844 1.045 
0.1  2.89 0.503016 0.31694 0.160418 2.21158 -120.492 1.06184 
0.1  2.89 0.500934 0.315772 0.16 2.24351 -120.526 1.05412 
0.1  2.895 0.498782 0.311763 0.155872 2.17546 -119.533 1.03196 
0.1  2.895 0.497022 0.309987 0.154834 2.17464 -119.456 1.03464 
0.1  2.895 0.497676 0.311762 0.156878 2.21349 -119.839 1.06148 
0.1  2.9 0.492408 0.306544 0.152722 2.2096 -118.907 1.03363 
0.1  2.9 0.491276 0.305055 0.151874 2.19665 -119.078 1.0539 
0.1  2.9 0.495124 0.308595 0.154026 2.18785 -119.111 1.03819 
0.1  2.905 0.492572 0.305809 0.151335 2.17494 -118.971 1.01138 
0.1  2.905 0.490188 0.303658 0.149888 2.18153 -118.523 1.03277 
0.1  2.905 0.484458 0.298584 0.147096 2.19911 -118.276 1.0256 
0.1  2.91 0.488464 0.301385 0.148184 2.15766 -118.374 1.00628 
0.1  2.91 0.484512 0.297238 0.144685 2.14727 -117.764 0.995218 
0.1  2.91 0.487614 0.300325 0.148027 2.14973 -118.309 1.02795 
0.1  2.915 0.48402 0.296801 0.144561 2.14496 -117.657 0.998209 
0.1  2.915 0.483072 0.297228 0.146049 2.19106 -117.414 1.02966 
0.1  2.915 0.486406 0.2996 0.147352 2.16154 -117.753 1.01861 
0.1  2.92 0.480708 0.294983 0.144502 2.18846 -117.436 1.01315 
0.1  2.92 0.481718 0.294959 0.143241 2.15433 -117.319 1.00842 
0.1  2.92 0.484286 0.297014 0.144892 2.13976 -117.45 1.00135 
0.1  2.925 0.480692 0.292786 0.1416 2.11013 -117.118 0.986075 
0.1  2.925 0.478458 0.291171 0.140512 2.12816 -116.607 1.00644 
0.1  2.925 0.475308 0.289201 0.139969 2.16354 -116.547 0.986259 
0.1  2.93 0.471318 0.284956 0.136769 2.14388 -115.82 0.981727 
0.1  2.93 0.474078 0.286771 0.136832 2.11676 -116.216 0.965998 
0.1  2.93 0.475556 0.288257 0.138108 2.11957 -116.453 0.966572 
0.1  2.935 0.470488 0.284205 0.136355 2.14127 -115.757 0.98387 
0.1  2.935 0.465394 0.279776 0.133109 2.15279 -115.174 0.979299 
0.1  2.935 0.472376 0.284246 0.134874 2.082 -115.649 0.958771 
0.1  2.94 0.470582 0.284084 0.135992 2.1305 -115.69 0.967067 
0.1  2.94 0.470148 0.282924 0.134797 2.10493 -115.383 0.977065 
0.1  2.94 0.464982 0.278795 0.132022 2.1288 -115.092 0.958493 
0.1  2.945 0.465664 0.279695 0.132778 2.1342 -115.14 0.978897 
0.1  2.945 0.464662 0.277786 0.131073 2.10104 -114.731 0.968469 
0.1  2.945 0.464192 0.276769 0.129551 2.08133 -114.591 0.93787 
0.1  2.95 0.461608 0.274456 0.128716 2.08049 -114.628 0.951469 
0.1  2.95 0.459626 0.272925 0.127504 2.09048 -114.244 0.948283 
0.1  2.95 0.462978 0.276669 0.130538 2.11255 -114.71 0.948973 
0.1  2.955 0.45778 0.27206 0.127521 2.11496 -114.017 0.955609 
0.1  2.955 0.457246 0.270508 0.125486 2.07899 -114.087 0.910486 
0.1  2.955 0.458518 0.273151 0.128544 2.12903 -114.138 0.957544 
0.1  2.96 0.453156 0.266977 0.123311 2.08198 -113.14 0.92156 
0.1  2.96 0.454166 0.268273 0.124889 2.09479 -113.691 0.937359 
0.1  2.96 0.45499 0.268858 0.124668 2.08927 -113.436 0.922146 
0.1  2.965 0.454332 0.267925 0.124676 2.07445 -113.219 0.965664 
0.1  2.965 0.449912 0.264448 0.12234 2.09199 -112.662 0.937655 
0.1  2.965 0.449952 0.26338 0.120663 2.05473 -112.847 0.932166 
0.1  2.97 0.45102 0.264412 0.121215 2.05364 -112.446 0.925522 
0.1  2.97 0.447766 0.261574 0.119824 2.05655 -112.611 0.918838 
0.1  2.97 0.4493 0.263611 0.121879 2.07881 -112.782 0.938877 
0.1  2.975 0.445144 0.258293 0.116507 2.0215 -111.831 0.893815 
0.1  2.975 0.443266 0.257759 0.117193 2.05965 -112.053 0.907014 
0.1  2.975 0.444676 0.259058 0.118427 2.06121 -112.075 0.914506 
0.1  2.98 0.44146 0.255966 0.116705 2.04964 -111.601 0.93226 
0.1  2.98 0.440386 0.254196 0.114181 2.02202 -111.449 0.895283 
0.1  2.98 0.442336 0.25562 0.114985 2.01204 -111.453 0.898267 
0.1  2.985 0.443042 0.255922 0.115161 1.99786 -111.541 0.898908 
0.1  2.985 0.4405 0.25335 0.113036 1.98693 -110.994 0.885746 
0.1  2.985 0.443094 0.256813 0.116269 2.02616 -111.472 0.900938 
0.1  2.99 0.433622 0.247215 0.109034 1.97951 -110.132 0.881087 
0.1  2.99 0.438468 0.251546 0.111977 1.98299 -110.775 0.888478 
0.1  2.99 0.439864 0.252936 0.112663 1.98847 -111.114 0.868963 
0.1  2.995 0.433038 0.248036 0.11066 2.0205 -110.634 0.878592 
0.1  2.995 0.43238 0.247171 0.109938 2.01062 -110.17 0.874845 
0.1  2.995 0.43161 0.246561 0.109674 2.01248 -110.271 0.875945 
0.1  3 0.432796 0.247594 0.10997 2.0094 -110.256 0.874374 
0.1  3 0.429154 0.243654 0.107092 1.9827 -109.696 0.860372 
0.1  3 0.42976 0.244135 0.10756 1.98137 -109.942 0.856367 
0.1  3.005 0.426028 0.240263 0.104269 1.95553 -108.912 0.84944 
0.1  3.005 0.425678 0.240184 0.104542 1.96279 -109.263 0.828052 
0.1  3.005 0.424912 0.239028 0.103466 1.94602 -108.792 0.85511 
0.1  3.01 0.42668 0.241474 0.105656 1.97402 -109.086 0.857723 
0.1  3.01 0.429894 0.242679 0.105033 1.92259 -109.656 0.821991 
0.1  3.01 0.418984 0.234123 0.101303 1.94604 -108.707 0.83696 
0.1  3.015 0.425638 0.238784 0.102819 1.91097 -108.876 0.840526 
0.1  3.015 0.424292 0.239108 0.103941 1.95969 -108.8 0.849323 
0.1  3.015 0.416032 0.232252 0.100128 1.96249 -107.993 0.848702 
0.1  3.02 0.417598 0.232716 0.0997254 1.93139 -108.061 0.832388 
0.1  3.02 0.420988 0.236003 0.10194 1.94609 -108.538 0.848185 
0.1  3.02 0.4199 0.234598 0.101035 1.92986 -108.16 0.842807 
0.1  3.025 0.413432 0.228175 0.0965079 1.89253 -107.497 0.815978 
0.1  3.025 0.41208 0.226534 0.0948501 1.87519 -107.239 0.801813 
0.1  3.025 0.416938 0.232077 0.0993971 1.92528 -107.722 0.832766 
0.1  3.03 0.414128 0.229148 0.0970942 1.90251 -107.707 0.807848 
0.1  3.03 0.413522 0.230408 0.0992221 1.96065 -107.437 0.83537 
0.1  3.03 0.41154 0.226714 0.0955492 1.8927 -107.327 0.811036 
0.1  3.035 0.41325 0.229277 0.0979466 1.92756 -107.151 0.829149 
0.1  3.035 0.409038 0.223852 0.0931377 1.86294 -106.538 0.7995 
0.1  3.035 0.41082 0.226406 0.095717 1.89895 -107.125 0.823394 
0.1  3.04 0.402992 0.220063 0.0917904 1.89671 -106.505 0.795266 
0.1  3.04 0.40547 0.221591 0.0922157 1.88108 -106.357 0.786669 
0.1  3.04 0.408704 0.2231 0.0924887 1.84413 -106.541 0.797931 
0.1  3.045 0.403228 0.219677 0.0914402 1.87468 -105.893 0.800721 
0.1  3.045 0.407194 0.222699 0.092799 1.86837 -106.09 0.804632 
0.1  3.045 0.404056 0.220101 0.0914768 1.86666 -106.139 0.788718 
0.1  3.05 0.401918 0.217792 0.0895885 1.8444 -105.546 0.792037 
0.1  3.05 0.403108 0.218693 0.0900699 1.84252 -105.5 0.786761 
0.1  3.05 0.40092 0.216955 0.0893949 1.8432 -105.623 0.783955 
0.1  3.055 0.39936 0.214877 0.0873243 1.81306 -105.16 0.77828 
0.1  3.055 0.401698 0.217117 0.0890527 1.82506 -105.444 0.767126 
0.1  3.055 0.395832 0.211976 0.0859309 1.80993 -105.066 0.770096 
0.1  3.06 0.396314 0.212718 0.0863795 1.81873 -104.749 0.772916 
0.1  3.06 0.400794 0.216435 0.0889667 1.82349 -105.147 0.779642 
0.1  3.06 0.394924 0.211258 0.0849986 1.80695 -104.688 0.745566 
0.1  3.065 0.39361 0.210386 0.08478 1.80937 -104.233 0.75538 
0.1  3.065 0.397984 0.214036 0.0867982 1.81549 -104.605 0.768615 
0.1  3.065 0.391556 0.209366 0.0851728 1.82871 -104.478 0.770686 
0.1  3.07 0.388206 0.206167 0.0828993 1.80663 -104.178 0.74524 
0.1  3.07 0.394536 0.210573 0.0845192 1.78875 -104.404 0.754828 
0.1  3.07 0.392942 0.210333 0.0854597 1.82181 -104.696 0.77178 
0.1  3.075 0.389766 0.20662 0.0827572 1.77894 -103.991 0.749676 
0.1  3.075 0.390174 0.206015 0.0814291 1.74891 -103.472 0.74473 
0.1  3.075 0.386548 0.204485 0.0816325 1.79075 -103.556 0.754497 
0.1  3.08 0.385368 0.202727 0.080038 1.76035 -103.298 0.740563 
0.1  3.08 0.38405 0.201547 0.0788546 1.75496 -102.836 0.727998 
0.1  3.08 0.385958 0.203097 0.0802612 1.75759 -103.309 0.734802 
0.1  3.085 0.388328 0.20439 0.0804822 1.73717 -102.846 0.739044 
0.1  3.085 0.387656 0.204205 0.0808358 1.74807 -103.292 0.744006 
0.1  3.085 0.382378 0.200041 0.0784816 1.74484 -102.986 0.738898 
0.1  3.09 0.37952 0.198293 0.077739 1.7559 -102.621 0.724625 
0.1  3.09 0.38102 0.199106 0.0785447 1.7453 -102.63 0.735561 
0.1  3.09 0.378434 0.197064 0.0770001 1.74279 -102.389 0.730619 
0.1  3.095 0.379068 0.197716 0.0774357 1.74549 -102.524 0.715777 
0.1  3.095 0.38162 0.198852 0.0773055 1.71949 -102.655 0.715817 
0.1  3.095 0.382706 0.200585 0.0789999 1.74867 -102.342 0.737941 
0.1  3.1 0.375396 0.193387 0.073853 1.69242 -101.501 0.716845 
0.1  3.1 0.379694 0.197612 0.076996 1.72401 -102.284 0.730158 
0.1  3.1 0.380564 0.197284 0.0759913 1.69211 -102.106 0.708874 
0.1  3.105 0.378272 0.196833 0.0768033 1.73085 -102.27 0.73128 
0.1  3.105 0.374924 0.192427 0.0729468 1.67019 -101.453 0.70363 
0.1  3.105 0.376982 0.195498 0.0763905 1.71924 -101.685 0.726602 
0.1  3.11 0.374612 0.192439 0.0734685 1.67541 -101.411 0.699421 
0.1  3.11 0.368174 0.187333 0.0703118 1.66497 -100.638 0.684711 
0.1  3.11 0.37241 0.191815 0.0735772 1.70822 -101.44 0.700678 
0.1  3.115 0.370232 0.188921 0.07149 1.66451 -100.728 0.693431 
0.1  3.115 0.3704 0.189385 0.0723011 1.67539 -100.909 0.705454 
0.1  3.115 0.372046 0.190362 0.0723383 1.66755 -100.98 0.696253 
0.1  3.12 0.367158 0.187361 0.0709824 1.68447 -100.593 0.690379 
0.1  3.12 0.36505 0.18483 0.0696723 1.65284 -100.204 0.689202 
0.1  3.12 0.370092 0.189406 0.072128 1.68072 -100.526 0.704831 
0.1  3.125 0.363934 0.183475 0.0681287 1.63287 -99.9675 0.666131 
0.1  3.125 0.36666 0.185887 0.0695521 1.64631 -100.339 0.671832 
0.1  3.125 0.367572 0.186532 0.0702919 1.64553 -100.338 0.676839 
0.1  3.13 0.363466 0.183023 0.0676303 1.6267 -99.5982 0.662709 
0.1  3.13 0.361574 0.182487 0.0678278 1.65341 -99.7033 0.681367 
0.1  3.13 0.364808 0.184232 0.0683398 1.63408 -99.6452 0.662889 
0.1  3.135 0.364184 0.183908 0.0685125 1.63567 -99.485 0.679395 
0.1  3.135 0.361146 0.181512 0.0670656 1.62951 -99.1901 0.671167 
0.1  3.135 0.360482 0.180395 0.0666467 1.60918 -99.5206 0.672847 
0.1  3.14 0.35767 0.178425 0.0653193 1.60821 -99.1436 0.667728 
0.1  3.14 0.358466 0.178949 0.0657232 1.60673 -98.9678 0.668043 
0.1  3.14 0.360904 0.180755 0.0665542 1.60838 -99.2921 0.666446 
0.1  3.145 0.354256 0.175381 0.0634467 1.58612 -98.4982 0.645166 
0.1  3.145 0.352624 0.173851 0.0624981 1.57415 -98.4432 0.645776 
0.1  3.145 0.356108 0.176849 0.0642794 1.59097 -98.6497 0.654065 
0.1  3.15 0.35304 0.174175 0.0629686 1.57263 -98.3082 0.663996 
0.1  3.15 0.356862 0.176671 0.0637213 1.56572 -98.451 0.644956 
0.1  3.15 0.35754 0.178012 0.0650279 1.59293 -98.4494 0.651134 
0.1  3.155 0.35498 0.1759 0.0635394 1.58126 -98.1453 0.654017 
0.1  3.155 0.354214 0.17487 0.0633925 1.56583 -98.6335 0.654569 
0.1  3.155 0.35303 0.174109 0.062607 1.56828 -97.9838 0.642576 
0.1  3.16 0.350108 0.171784 0.0614824 1.55721 -97.7346 0.640212 
0.1  3.16 0.352732 0.173743 0.0622881 1.56085 -97.9774 0.632974 
0.1  3.16 0.353306 0.174746 0.0634463 1.57977 -98.124 0.650696 
0.1  3.165 0.34574 0.168521 0.0601255 1.54772 -97.0968 0.649035 
0.1  3.165 0.349888 0.17112 0.0610361 1.53865 -97.6714 0.643194 
0.1  3.165 0.348066 0.171244 0.0619053 1.58275 -97.5974 0.649523 
0.1  3.17 0.34923 0.169824 0.0595251 1.50985 -97.1279 0.621725 
0.1  3.17 0.3492 0.170191 0.0598275 1.52211 -97.5214 0.621262 
0.1  3.17 0.34713 0.16982 0.0606581 1.55587 -97.3845 0.64437 
0.1  3.175 0.343896 0.1667 0.0585821 1.52552 -96.9795 0.614124 
0.1  3.175 0.342794 0.16595 0.0582209 1.52575 -96.864 0.626519 
0.1  3.175 0.347238 0.168261 0.058812 1.50193 -97.1218 0.612986 
0.1  3.18 0.343956 0.165702 0.057403 1.49045 -96.3391 0.607096 
0.1  3.18 0.34612 0.166955 0.057791 1.4829 -96.5846 0.602323 
0.1  3.18 0.339322 0.162695 0.056163 1.49545 -96.2787 0.610108 
0.1  3.185 0.342786 0.164929 0.0569528 1.48907 -96.31 0.614317 
0.1  3.185 0.340004 0.163733 0.0573055 1.51116 -96.4085 0.608957 
0.1  3.185 0.338148 0.160594 0.0544117 1.45211 -95.8679 0.59148 
0.1  3.19 0.341786 0.164975 0.0576479 1.50964 -96.1656 0.616114 
0.1  3.19 0.339646 0.162259 0.0554635 1.4702 -95.8048 0.602415 
0.1  3.19 0.34152 0.164328 0.0570181 1.49506 -95.9212 0.606537 
0.1  3.195 0.337324 0.160692 0.0546771 1.46805 -95.673 0.592113 
0.1  3.195 0.335074 0.159065 0.0537811 1.4645 -95.4071 0.589428 
0.1  3.195 0.341128 0.16324 0.0560568 1.46703 -96.0734 0.603096 
0.1  3.2 0.339748 0.162055 0.0554787 1.45706 -95.6467 0.605238 
0.1  3.2 0.33756 0.161219 0.0552575 1.47725 -95.5848 0.592099 
0.1  3.2 0.337152 0.159663 0.0538259 1.43724 -95.8005 0.581676 
0.1  3.205 0.33316 0.157012 0.0528735 1.43576 -95.0764 0.594188 
0.1  3.205 0.333876 0.15783 0.0535043 1.44639 -95.2638 0.589525 
0.1  3.205 0.338814 0.161574 0.0548905 1.45957 -95.4576 0.588578 
0.1  3.21 0.334966 0.158233 0.0531262 1.43397 -94.9044 0.587361 
0.1  3.21 0.331894 0.156453 0.0528675 1.44234 -94.7752 0.59621 
0.1  3.21 0.331976 0.15543 0.0514528 1.40879 -94.7702 0.575886 
0.1  3.215 0.333186 0.156644 0.0522747 1.41931 -94.6021 0.584705 
0.1  3.215 0.329778 0.154036 0.0510366 1.40846 -94.2459 0.574289 
0.1  3.215 0.334218 0.157552 0.0525634 1.42614 -94.5025 0.575287 
0.1  3.22 0.326894 0.152048 0.050151 1.40337 -94.0148 0.563182 
0.1  3.22 0.327268 0.153271 0.0511951 1.43374 -94.2145 0.573845 
0.1  3.22 0.328274 0.153136 0.0509471 1.40908 -94.1959 0.574954 
0.1  3.225 0.325152 0.150954 0.0497452 1.40248 -93.927 0.554889 
0.1  3.225 0.324886 0.150917 0.0497725 1.40669 -94.0686 0.569244 
0.1  3.225 0.327876 0.153882 0.0515247 1.43811 -93.7612 0.592 
0.1  3.23 0.326522 0.151974 0.0502262 1.40426 -93.6743 0.574899 
0.1  3.23 0.32401 0.150283 0.0495719 1.4025 -93.597 0.568151 
0.1  3.23 0.32701 0.151589 0.04946 1.38246 -93.4588 0.56721 
0.1  3.235 0.317634 0.14478 0.0465242 1.35669 -92.9226 0.556058 
0.1  3.235 0.326716 0.150976 0.0490809 1.36731 -93.6156 0.572068 
0.1  3.235 0.32386 0.149595 0.0486 1.38206 -93.3714 0.551426 
0.1  3.24 0.322588 0.148496 0.0482148 1.3714 -92.8999 0.560513 
0.1  3.24 0.323358 0.148707 0.0479866 1.36254 -92.9181 0.549379 
0.1  3.24 0.321304 0.146822 0.0469699 1.34525 -92.8288 0.553105 
0.1  3.245 0.321922 0.148513 0.0481626 1.38303 -92.7727 0.553695 
0.1  3.245 0.320594 0.146608 0.0468997 1.35062 -92.794 0.552586 
0.1  3.245 0.326128 0.150491 0.0485666 1.35997 -92.7858 0.550879 
0.1  3.25 0.31661 0.143837 0.0458873 1.34138 -92.2703 0.546688 
0.1  3.25 0.322552 0.148009 0.0473575 1.35291 -92.75 0.562121 
0.1  3.25 0.316726 0.143959 0.0456885 1.34287 -92.3812 0.538756 
0.1  3.255 0.320454 0.146308 0.0467369 1.34002 -92.9471 0.540495 
0.1  3.255 0.316936 0.144232 0.0459863 1.34511 -92.2167 0.533818 
0.1  3.255 0.320536 0.146867 0.0471714 1.35558 -92.472 0.54408 
0.1  3.26 0.31808 0.144187 0.0457548 1.31938 -92.1265 0.548947 
0.1  3.26 0.315956 0.14356 0.0456468 1.34148 -92.1096 0.535158 
0.1  3.26 0.312068 0.140897 0.0447397 1.33468 -91.6809 0.546278 
0.1  3.265 0.316976 0.143122 0.0445135 1.30621 -91.948 0.529756 
0.1  3.265 0.311884 0.140155 0.0439555 1.31342 -91.5847 0.523798 
0.1  3.265 0.315118 0.143156 0.0454834 1.34323 -91.8737 0.532941 
0.1  3.27 0.315674 0.142105 0.0440193 1.29832 -91.6023 0.519608 
0.1  3.27 0.311916 0.140252 0.0439834 1.31378 -91.1857 0.52492 
0.1  3.27 0.312242 0.140757 0.0445773 1.32299 -91.597 0.552593 
0.1  3.275 0.311338 0.139146 0.0428847 1.28899 -91.1098 0.511483 
0.1  3.275 0.30897 0.137304 0.0422951 1.2776 -91.0572 0.517273 
0.1  3.275 0.309954 0.138378 0.043103 1.2918 -90.9776 0.52413 
0.1  3.28 0.31 0.13854 0.0431023 1.29391 -91.2376 0.524158 
0.1  3.28 0.315078 0.141155 0.0433701 1.27685 -91.2978 0.51842 
0.1  3.28 0.31195 0.139991 0.0437114 1.30117 -90.9887 0.523858 
0.1  3.285 0.311524 0.139187 0.0428323 1.28281 -90.7488 0.511178 
0.1  3.285 0.308538 0.137168 0.0423372 1.2777 -90.8926 0.516485 
0.1  3.285 0.310602 0.138904 0.0431451 1.29164 -90.9281 0.517826 
0.1  3.29 0.305214 0.13401 0.0405499 1.24177 -90.3248 0.503318 
0.1  3.29 0.308096 0.136666 0.0417277 1.26879 -90.6599 0.517829 
0.1  3.29 0.308188 0.136352 0.0412491 1.2575 -90.1093 0.509148 
0.1  3.295 0.304812 0.135351 0.0417261 1.28802 -90.0032 0.516738 
0.1  3.295 0.305308 0.134726 0.0409475 1.25989 -90.174 0.515527 
0.1  3.295 0.307156 0.136115 0.0418184 1.2677 -90.3543 0.514023 
0.1  3.3 0.303488 0.132563 0.0396088 1.22601 -89.8387 0.491991 
0.1  3.3 0.30315 0.133671 0.0410676 1.26578 -89.7426 0.518245 
0.1  3.3 0.301578 0.131494 0.0392904 1.22862 -89.5499 0.499571 
0.1  3.305 0.303926 0.132963 0.0396853 1.22821 -89.6942 0.499628 
0.1  3.305 0.30086 0.131365 0.0393831 1.23596 -89.5947 0.50706 
0.1  3.305 0.302072 0.132263 0.0397399 1.24102 -89.4308 0.505268 
0.1  3.31 0.30111 0.130663 0.0389377 1.20834 -89.4366 0.501104 
0.1  3.31 0.30079 0.131439 0.0391535 1.23758 -89.1429 0.502695 
0.1  3.31 0.301124 0.131306 0.0391622 1.22749 -89.5314 0.496877 
0.1  3.315 0.303202 0.131552 0.0387855 1.19518 -89.3954 0.489759 
0.1  3.315 0.302262 0.131797 0.0391594 1.21974 -89.4123 0.492247 
0.1  3.315 0.301834 0.131468 0.0390365 1.21762 -89.0444 0.496607 
0.1  3.32 0.294414 0.125767 0.0364239 1.17734 -88.3101 0.472337 
0.1  3.32 0.299534 0.12995 0.0384173 1.21172 -88.758 0.482391 
0.1  3.32 0.29774 0.128635 0.0378911 1.20441 -89.0112 0.491789 
0.1  3.325 0.297258 0.12834 0.0378636 1.20233 -88.6572 0.492624 
0.1  3.325 0.29613 0.127408 0.0373747 1.19442 -88.7798 0.484903 
0.1  3.325 0.300592 0.129869 0.0377271 1.18836 -88.6884 0.486362 
0.1  3.33 0.296234 0.128033 0.0378958 1.20957 -88.5502 0.483885 
0.1  3.33 0.297314 0.127913 0.0374216 1.18671 -88.3985 0.475665 
0.1  3.33 0.29777 0.129286 0.0382764 1.21979 -88.6105 0.484735 
0.1  3.335 0.29557 0.126916 0.037143 1.18604 -88.3886 0.487264 
0.1  3.335 0.29369 0.125877 0.0367221 1.18809 -88.288 0.475637 
0.1  3.335 0.296314 0.127414 0.0371827 1.18775 -88.2755 0.478238 
0.1  3.34 0.293118 0.12502 0.0359092 1.17071 -87.7288 0.482674 
0.1  3.34 0.295304 0.127029 0.0374819 1.19234 -88.0948 0.489582 
0.1  3.34 0.293476 0.125191 0.036163 1.16954 -87.6834 0.474554 
0.1  3.345 0.293304 0.124825 0.0356123 1.15986 -87.9899 0.46527 
0.1  3.345 0.291316 0.123321 0.0351236 1.14966 -87.6873 0.470852 
0.1  3.345 0.293924 0.125977 0.0365856 1.18344 -88.0591 0.47041 
0.1  3.35 0.293164 0.124504 0.0355819 1.15102 -87.5012 0.474164 
0.1  3.35 0.290956 0.123664 0.0357169 1.16445 -87.7327 0.467097 
0.1  3.35 0.29522 0.125661 0.0358825 1.14944 -87.663 0.474601 
0.1  3.355 0.287134 0.120902 0.0342104 1.14624 -86.9813 0.463783 
0.1  3.355 0.290022 0.121821 0.0339563 1.12395 -86.9886 0.45987 
0.1  3.355 0.291062 0.122755 0.0344978 1.13377 -87.2485 0.460242 
0.1  3.36 0.286524 0.120399 0.0341158 1.13997 -86.7695 0.469149 
0.1  3.36 0.285742 0.119789 0.0336579 1.13514 -86.9634 0.466238 
0.1  3.36 0.289492 0.122066 0.0345061 1.1387 -86.9027 0.460907 
0.1  3.365 0.288788 0.121402 0.0341301 1.12938 -87.0296 0.458057 
0.1  3.365 0.29132 0.122605 0.0343696 1.12148 -86.9926 0.461276 
0.1  3.365 0.28898 0.121617 0.0344212 1.13247 -87.0912 0.468893 
0.1  3.37 0.286404 0.119621 0.0334224 1.11553 -86.3044 0.457039 
0.1  3.37 0.284954 0.11861 0.0330448 1.11012 -86.5448 0.456457 
0.1  3.37 0.284974 0.118881 0.0332969 1.11783 -86.4251 0.462291 
0.1  3.375 0.284484 0.118172 0.0327895 1.10344 -86.5447 0.452134 
0.1  3.375 0.286958 0.121033 0.0344521 1.14632 -86.4817 0.472004 
0.1  3.375 0.284396 0.118629 0.0334849 1.11847 -86.6038 0.45391 
0.1  3.38 0.287132 0.120558 0.0339836 1.12761 -86.5074 0.471063 
0.1  3.38 0.28249 0.117212 0.0326195 1.10685 -85.9508 0.465499 
0.1  3.38 0.285128 0.119495 0.0336815 1.1301 -86.6149 0.455309 
0.1  3.385 0.28278 0.117301 0.0323865 1.103 -85.8865 0.444528 
0.1  3.385 0.282888 0.117026 0.0320344 1.09308 -86.0464 0.450157 
0.1  3.385 0.28129 0.115707 0.0313516 1.08073 -85.5147 0.439231 
0.1  3.39 0.282242 0.115891 0.03119 1.06874 -85.5654 0.433551 
0.1  3.39 0.280052 0.11496 0.031319 1.07761 -85.8666 0.439746 
0.1  3.39 0.279526 0.114834 0.0311794 1.08258 -85.5632 0.451532 
0.1  3.395 0.282704 0.117371 0.0326082 1.10309 -85.9006 0.446877 
0.1  3.395 0.27831 0.114256 0.0311365 1.08393 -85.55 0.439459 
0.1  3.395 0.28198 0.116173 0.0317657 1.07983 -85.5713 0.440097 
0.1  3.4 0.278186 0.113594 0.0304847 1.06489 -85.142 0.436521 
0.1  3.4 0.279418 0.114334 0.0310523 1.06645 -85.4275 0.442504 
0.1  3.4 0.277912 0.113452 0.0304095 1.06519 -84.9222 0.436138 
0.1  3.405 0.27822 0.11376 0.0306125 1.06766 -84.9814 0.452762 
0.1  3.405 0.27734 0.113297 0.0307759 1.06842 -84.8746 0.454395 
0.1  3.405 0.279734 0.115111 0.0313953 1.08251 -84.9759 0.436037 
0.1  3.41 0.27957 0.114372 0.0311002 1.06196 -84.9031 0.440739 
0.1  3.41 0.276468 0.112062 0.0296406 1.0448 -84.6779 0.42953 
0.1  3.41 0.275636 0.112103 0.0299656 1.05946 -84.8047 0.432912 
0.1  3.415 0.27473 0.11114 0.0294634 1.04432 -84.3779 0.424991 
0.1  3.415 0.277252 0.112512 0.0298351 1.04374 -84.5391 0.426932 
0.1  3.415 0.274558 0.110035 0.028397 1.01472 -84.1086 0.429107 
0.1  3.42 0.273644 0.1104 0.0291965 1.03857 -84.6259 0.424494 
0.1  3.42 0.274618 0.1109 0.0290238 1.03757 -84.4318 0.426366 
0.1  3.42 0.27183 0.10945 0.0288917 1.03973 -84.1183 0.41339 
0.1  3.425 0.274012 0.11125 0.0300319 1.056 -84.5264 0.432147 
0.1  3.425 0.272644 0.110079 0.0292013 1.04362 -84.0936 0.430951 
0.1  3.425 0.273366 0.109787 0.0289806 1.0236 -84.0112 0.429757 
0.1  3.43 0.270544 0.108189 0.0279964 1.02025 -83.9523 0.41613 
0.1  3.43 0.269502 0.107766 0.0282601 1.02432 -83.9511 0.419003 
0.1  3.43 0.271544 0.109304 0.0290749 1.03697 -83.9621 0.429733 
0.1  3.435 0.270926 0.108622 0.0284804 1.02536 -83.7501 0.422333 
0.1  3.435 0.271836 0.108538 0.0280006 1.00855 -83.9604 0.406571 
0.1  3.435 0.271234 0.107896 0.0278303 0.999373 -83.7845 0.420026 
0.1  3.44 0.26652 0.105133 0.0268781 0.991283 -83.1476 0.405273 
0.1  3.44 0.26996 0.10732 0.0277227 1.0012 -83.3724 0.40275 
0.1  3.44 0.271868 0.109448 0.0287978 1.03303 -83.4986 0.41877 
0.1  3.445 0.268138 0.106228 0.027026 0.99653 -83.2884 0.411998 
0.1  3.445 0.266516 0.105609 0.0270977 1.00372 -82.6424 0.410228 
0.1  3.445 0.270496 0.10731 0.0275519 0.991048 -83.3333 0.417868 
0.1  3.45 0.270128 0.107439 0.0278138 0.999128 -83.2918 0.41231 
0.1  3.45 0.26745 0.106078 0.0274147 1.0014 -83.2662 0.417652 
0.1  3.45 0.265828 0.105166 0.0268494 1.00005 -83.0767 0.409927 
0.1  3.455 0.270314 0.107375 0.0272795 0.992912 -82.9131 0.406672 
0.1  3.455 0.265566 0.104091 0.0260667 0.97152 -82.8152 0.404579 
0.1  3.455 0.267532 0.105509 0.0269603 0.982214 -83.089 0.408652 
0.1  3.46 0.26592 0.104859 0.0262166 0.986871 -82.383 0.387675 
0.1  3.46 0.267644 0.106094 0.0273898 0.99596 -82.7892 0.413917 
0.1  3.46 0.26624 0.104695 0.0263025 0.977205 -82.7248 0.402226 
0.1  3.465 0.262976 0.102709 0.0259878 0.968338 -82.6318 0.400393 
0.1  3.465 0.266742 0.104967 0.0267854 0.975913 -82.5501 0.410594 
0.1  3.465 0.266398 0.105551 0.0269494 0.998058 -82.6593 0.408889 
0.1  3.47 0.263574 0.103204 0.0263072 0.972126 -82.2226 0.418128 
0.1  3.47 0.26643 0.104896 0.0264121 0.977251 -82.3217 0.407791 
0.1  3.47 0.263188 0.102362 0.0255696 0.95372 -82.4395 0.400301 
0.1  3.475 0.268702 0.105829 0.0268001 0.967707 -82.3137 0.410079 
0.1  3.475 0.26357 0.10291 0.0255584 0.962337 -82.1204 0.393984 
0.1  3.475 0.263746 0.102634 0.0254413 0.951715 -82.0605 0.401046 
0.1  3.48 0.26092 0.101295 0.0252296 0.954486 -81.7646 0.400152 
0.1  3.48 0.26294 0.102543 0.0256508 0.959922 -82.1226 0.402606 
0.1  3.48 0.262942 0.102127 0.0253648 0.947952 -82.1372 0.394354 
0.1  3.485 0.260172 0.100436 0.024355 0.939656 -81.5408 0.388945 
0.1  3.485 0.262224 0.101698 0.0251665 0.945082 -82.0146 0.380892 
0.1  3.485 0.260348 0.0997568 0.0237639 0.917524 -81.284 0.37879 
0.1  3.49 0.264752 0.103675 0.0261866 0.962216 -81.9091 0.399896 
0.1  3.49 0.262462 0.101866 0.0252784 0.944976 -81.7276 0.394573 
0.1  3.49 0.259274 0.100258 0.0247472 0.946567 -81.4896 0.387109 
0.1  3.495 0.253848 0.0965066 0.023289 0.917535 -80.9536 0.373678 
0.1  3.495 0.260574 0.10006 0.0243154 0.920211 -81.4255 0.375739 
0.1  3.495 0.260678 0.100556 0.0247231 0.93285 -81.4904 0.391966 
