J2 temperature m m2 m4 ms e sp_h 
0.1 1.5 0.993516 0.98723 0.975219 0.0103812 -217.268 0.114105 
0.1 1.5 0.993222 0.986659 0.97414 0.0112492 -217.147 0.122392 
0.1 1.5 0.99346 0.987124 0.975029 0.0107326 -217.251 0.116172 
0.1 1.505 0.993302 0.986807 0.974395 0.0105181 -217.178 0.114536 
0.1 1.505 0.993008 0.986243 0.973356 0.0118639 -217.082 0.123364 
0.1 1.505 0.99302 0.986258 0.973351 0.0112372 -217.08 0.118926 
0.1 1.51 0.992894 0.986019 0.972923 0.011954 -217.038 0.125302 
0.1 1.51 0.993116 0.986451 0.973744 0.0113941 -217.12 0.12099 
0.1 1.51 0.992942 0.986106 0.973064 0.0114003 -217.036 0.122508 
0.1 1.515 0.99288 0.985991 0.972867 0.0119146 -217.016 0.12632 
0.1 1.515 0.992872 0.985972 0.97282 0.0117222 -217.026 0.122355 
0.1 1.515 0.992588 0.985415 0.971747 0.0121625 -216.904 0.12825 
0.1 1.52 0.992442 0.985128 0.971191 0.0122919 -216.838 0.129955 
0.1 1.52 0.99249 0.985226 0.971393 0.0124763 -216.868 0.129482 
0.1 1.52 0.992562 0.985367 0.971663 0.0123261 -216.891 0.130369 
0.1 1.525 0.992374 0.985002 0.97097 0.0128134 -216.823 0.130348 
0.1 1.525 0.992482 0.985203 0.971322 0.0119606 -216.842 0.127486 
0.1 1.525 0.992508 0.98526 0.971455 0.0123403 -216.866 0.128808 
0.1 1.53 0.99247 0.985181 0.971289 0.0120771 -216.846 0.126885 
0.1 1.53 0.992516 0.985276 0.971489 0.0123183 -216.865 0.129087 
0.1 1.53 0.992384 0.985024 0.971029 0.0129723 -216.836 0.132558 
0.1 1.535 0.992272 0.984804 0.970604 0.0130735 -216.786 0.133109 
0.1 1.535 0.992104 0.984466 0.969921 0.0127618 -216.696 0.13267 
0.1 1.535 0.992006 0.984277 0.969569 0.0131059 -216.657 0.137036 
0.1 1.54 0.992066 0.9844 0.969822 0.0133228 -216.696 0.134077 
0.1 1.54 0.991778 0.983828 0.968695 0.0132545 -216.578 0.135761 
0.1 1.54 0.99182 0.983914 0.968875 0.0134732 -216.59 0.135167 
0.1 1.545 0.991714 0.983708 0.968483 0.013661 -216.546 0.138089 
0.1 1.545 0.99191 0.984092 0.969222 0.0133561 -216.634 0.135188 
0.1 1.545 0.991802 0.98389 0.968866 0.0141329 -216.615 0.137386 
0.1 1.55 0.9915 0.983295 0.967709 0.0143426 -216.462 0.142168 
0.1 1.55 0.99167 0.983626 0.968345 0.0139981 -216.526 0.14196 
0.1 1.55 0.9915 0.983294 0.967709 0.0143271 -216.463 0.144083 
0.1 1.555 0.991172 0.982645 0.96644 0.0143734 -216.333 0.142501 
0.1 1.555 0.991576 0.983435 0.967954 0.0136589 -216.486 0.139842 
0.1 1.555 0.99113 0.98257 0.966323 0.0148941 -216.336 0.145448 
0.1 1.56 0.991186 0.982676 0.966515 0.0145355 -216.355 0.14347 
0.1 1.56 0.991222 0.982738 0.9666 0.0139094 -216.346 0.139732 
0.1 1.56 0.99123 0.982765 0.966691 0.0146056 -216.362 0.144658 
0.1 1.565 0.990978 0.982264 0.965705 0.014482 -216.237 0.146741 
0.1 1.565 0.991086 0.982487 0.966168 0.0150301 -216.309 0.146134 
0.1 1.565 0.990812 0.981943 0.9651 0.0149662 -216.193 0.146785 
0.1 1.57 0.990654 0.981631 0.964498 0.0150352 -216.123 0.149328 
0.1 1.57 0.990782 0.981894 0.96504 0.0155789 -216.193 0.150014 
0.1 1.57 0.990626 0.981581 0.964417 0.0153789 -216.123 0.148974 
0.1 1.575 0.99053 0.981404 0.964109 0.0161193 -216.08 0.155865 
0.1 1.575 0.990578 0.981485 0.964228 0.0152829 -216.082 0.151233 
0.1 1.575 0.990822 0.981976 0.96521 0.0157031 -216.193 0.152498 
0.1 1.58 0.990456 0.981249 0.963782 0.0155666 -216.059 0.14946 
0.1 1.58 0.990318 0.980993 0.963341 0.0166771 -216.005 0.158079 
0.1 1.58 0.990628 0.981588 0.964438 0.0154383 -216.104 0.151737 
0.1 1.585 0.99035 0.981043 0.963395 0.0157954 -215.994 0.154762 
0.1 1.585 0.990476 0.981293 0.963884 0.015804 -216.062 0.150847 
0.1 1.585 0.990596 0.981524 0.964308 0.0153416 -216.097 0.147613 
0.1 1.59 0.990178 0.980712 0.962778 0.0163251 -215.929 0.157785 
0.1 1.59 0.990008 0.980376 0.962126 0.0163824 -215.857 0.160156 
0.1 1.59 0.990174 0.980711 0.962793 0.0167427 -215.945 0.154898 
0.1 1.595 0.989672 0.979737 0.960958 0.0179393 -215.742 0.166966 
0.1 1.595 0.989936 0.980234 0.96185 0.0163759 -215.827 0.159295 
0.1 1.595 0.989872 0.980127 0.961703 0.0175789 -215.819 0.165067 
0.1 1.6 0.98927 0.978937 0.959381 0.0176017 -215.57 0.167049 
0.1 1.6 0.98966 0.9797 0.960846 0.0170878 -215.734 0.161601 
0.1 1.6 0.989888 0.980136 0.961644 0.0161392 -215.796 0.156213 
0.1 1.605 0.989492 0.979391 0.960318 0.018506 -215.675 0.167019 
0.1 1.605 0.989744 0.979867 0.961172 0.0170576 -215.767 0.159998 
0.1 1.605 0.989186 0.978762 0.959009 0.0169955 -215.514 0.164653 
0.1 1.61 0.989484 0.979363 0.960226 0.0176779 -215.672 0.164384 
0.1 1.61 0.989246 0.978887 0.959276 0.0173659 -215.55 0.162968 
0.1 1.61 0.989314 0.979029 0.959581 0.0178093 -215.612 0.165979 
0.1 1.615 0.988846 0.978114 0.957828 0.0184389 -215.404 0.17046 
0.1 1.615 0.98916 0.978725 0.95899 0.0178238 -215.526 0.167054 
0.1 1.615 0.989044 0.978507 0.958599 0.0184945 -215.507 0.168175 
0.1 1.62 0.98896 0.978341 0.958275 0.0184369 -215.447 0.171707 
0.1 1.62 0.98894 0.978301 0.958196 0.0184245 -215.448 0.169386 
0.1 1.62 0.988924 0.978266 0.958119 0.0182495 -215.433 0.169247 
0.1 1.625 0.988336 0.977124 0.955958 0.0194481 -215.194 0.178748 
0.1 1.625 0.988776 0.977988 0.957623 0.0190537 -215.38 0.174335 
0.1 1.625 0.988618 0.977664 0.956954 0.0183932 -215.311 0.169421 
0.1 1.63 0.988562 0.977551 0.95672 0.0181406 -215.279 0.167401 
0.1 1.63 0.988722 0.977875 0.957385 0.0186532 -215.342 0.173422 
0.1 1.63 0.988368 0.977185 0.956065 0.0192182 -215.207 0.174662 
0.1 1.635 0.988152 0.976768 0.955289 0.0197642 -215.134 0.178195 
0.1 1.635 0.987902 0.976281 0.954364 0.0202323 -215.046 0.179424 
0.1 1.635 0.988106 0.976687 0.955164 0.0203702 -215.123 0.181084 
0.1 1.64 0.988218 0.976893 0.955518 0.0193917 -215.151 0.177403 
0.1 1.64 0.98787 0.976217 0.954243 0.0201282 -215.031 0.182248 
0.1 1.64 0.988 0.976468 0.954709 0.0197805 -215.069 0.179223 
0.1 1.645 0.987774 0.976035 0.953912 0.0205474 -214.992 0.183059 
0.1 1.645 0.987352 0.975206 0.952309 0.0207725 -214.818 0.185934 
0.1 1.645 0.98799 0.976443 0.954644 0.0193921 -215.058 0.178165 
0.1 1.65 0.987242 0.975009 0.951997 0.0219681 -214.805 0.189427 
0.1 1.65 0.987698 0.975883 0.953611 0.0203479 -214.959 0.18369 
0.1 1.65 0.987418 0.975338 0.952573 0.0208081 -214.838 0.186475 
0.1 1.655 0.986956 0.974447 0.950917 0.0220625 -214.681 0.193967 
0.1 1.655 0.98716 0.974855 0.951722 0.0223767 -214.766 0.191701 
0.1 1.655 0.987054 0.974637 0.951271 0.0218466 -214.727 0.188779 
0.1 1.66 0.987112 0.974746 0.951461 0.0214108 -214.731 0.187501 
0.1 1.66 0.987118 0.974767 0.951528 0.0219671 -214.747 0.188775 
0.1 1.66 0.986842 0.974217 0.950445 0.0216595 -214.611 0.190849 
0.1 1.665 0.986844 0.97423 0.950507 0.0221669 -214.629 0.193676 
0.1 1.665 0.987062 0.974643 0.95125 0.0211272 -214.704 0.186409 
0.1 1.665 0.986718 0.973973 0.949975 0.0216474 -214.58 0.190007 
0.1 1.67 0.986988 0.974494 0.950951 0.0209035 -214.657 0.18622 
0.1 1.67 0.986468 0.97349 0.949074 0.0222326 -214.469 0.193688 
0.1 1.67 0.98602 0.972625 0.947451 0.0233197 -214.303 0.199497 
0.1 1.675 0.98642 0.973415 0.948989 0.0233065 -214.456 0.199092 
0.1 1.675 0.986236 0.973059 0.94831 0.0237321 -214.401 0.194088 
0.1 1.675 0.986342 0.973246 0.948611 0.0224226 -214.419 0.192965 
0.1 1.68 0.98578 0.972159 0.946574 0.0236066 -214.205 0.202283 
0.1 1.68 0.98597 0.972543 0.947347 0.0241476 -214.306 0.20198 
0.1 1.68 0.986288 0.973141 0.948415 0.0224417 -214.395 0.196696 
0.1 1.685 0.985942 0.972472 0.947162 0.0231746 -214.28 0.197905 
0.1 1.685 0.985922 0.972435 0.947095 0.0233027 -214.269 0.198202 
0.1 1.685 0.985706 0.972011 0.946281 0.0234232 -214.16 0.203831 
0.1 1.69 0.985262 0.971161 0.944714 0.0248255 -214.028 0.205425 
0.1 1.69 0.985476 0.971576 0.945499 0.02446 -214.083 0.2067 
0.1 1.69 0.985572 0.97175 0.945782 0.0235404 -214.101 0.201187 
0.1 1.695 0.985362 0.971347 0.945041 0.0240996 -214.043 0.205327 
0.1 1.695 0.985378 0.97137 0.945058 0.0236317 -214.032 0.203435 
0.1 1.695 0.985068 0.970794 0.944053 0.0256705 -213.949 0.210499 
0.1 1.7 0.985062 0.970776 0.944 0.0252433 -213.936 0.207745 
0.1 1.7 0.984746 0.970149 0.942769 0.0249691 -213.805 0.207163 
0.1 1.7 0.985454 0.97152 0.945346 0.0235702 -214.073 0.198577 
0.1 1.705 0.984856 0.970371 0.943219 0.0252117 -213.866 0.207098 
0.1 1.705 0.984676 0.97003 0.942608 0.0260067 -213.776 0.216787 
0.1 1.705 0.984462 0.969624 0.941873 0.0269167 -213.742 0.216558 
0.1 1.71 0.984174 0.969069 0.94082 0.0275215 -213.605 0.217362 
0.1 1.71 0.983972 0.968675 0.940085 0.027723 -213.532 0.222003 
0.1 1.71 0.984216 0.969145 0.940963 0.0271383 -213.597 0.224512 
0.1 1.715 0.984294 0.969295 0.941223 0.0268129 -213.637 0.215108 
0.1 1.715 0.984244 0.969207 0.941101 0.0274512 -213.629 0.221828 
0.1 1.715 0.984084 0.968888 0.940466 0.0272257 -213.577 0.215809 
0.1 1.72 0.984224 0.969159 0.940979 0.0268743 -213.623 0.213905 
0.1 1.72 0.983622 0.968002 0.938839 0.0284954 -213.4 0.227108 
0.1 1.72 0.983648 0.968047 0.938904 0.0281007 -213.396 0.22714 
0.1 1.725 0.98363 0.968014 0.938843 0.0281637 -213.392 0.222672 
0.1 1.725 0.983358 0.967492 0.93788 0.0289509 -213.306 0.226448 
0.1 1.725 0.98325 0.967279 0.937463 0.0288996 -213.236 0.227835 
0.1 1.73 0.98342 0.967586 0.937966 0.0272222 -213.293 0.217054 
0.1 1.73 0.983284 0.96734 0.93757 0.0284864 -213.263 0.225773 
0.1 1.73 0.983268 0.967306 0.937492 0.0283075 -213.259 0.223839 
0.1 1.735 0.982954 0.966695 0.936333 0.0286037 -213.091 0.231172 
0.1 1.735 0.982964 0.966715 0.936377 0.0286072 -213.112 0.230928 
0.1 1.735 0.98268 0.966165 0.93534 0.0291146 -213.007 0.229762 
0.1 1.74 0.982404 0.965643 0.934402 0.0301966 -212.928 0.234489 
0.1 1.74 0.982704 0.966215 0.935448 0.0291706 -213.038 0.230303 
0.1 1.74 0.982858 0.966515 0.936015 0.0290501 -213.083 0.2267 
0.1 1.745 0.981938 0.964744 0.932725 0.031026 -212.767 0.23873 
0.1 1.745 0.982182 0.965228 0.933671 0.0312985 -212.852 0.240332 
0.1 1.745 0.982206 0.965263 0.933699 0.0306231 -212.86 0.235986 
0.1 1.75 0.982114 0.965093 0.933405 0.0311618 -212.788 0.243575 
0.1 1.75 0.982474 0.965774 0.934632 0.0296685 -212.952 0.229818 
0.1 1.75 0.982164 0.965147 0.933358 0.028601 -212.772 0.228979 
0.1 1.755 0.981808 0.964489 0.932229 0.0308929 -212.696 0.237182 
0.1 1.755 0.981644 0.964166 0.931606 0.0308386 -212.609 0.237746 
0.1 1.755 0.98142 0.963789 0.931046 0.0344196 -212.575 0.244142 
0.1 1.76 0.981342 0.963605 0.930635 0.0325772 -212.526 0.247249 
0.1 1.76 0.981166 0.963268 0.930014 0.033025 -212.513 0.244043 
0.1 1.76 0.98149 0.963872 0.93107 0.0311943 -212.55 0.242493 
0.1 1.765 0.981392 0.963692 0.930765 0.0318358 -212.538 0.242722 
0.1 1.765 0.981154 0.963234 0.929895 0.0323257 -212.452 0.241723 
0.1 1.765 0.980772 0.962494 0.928526 0.0328546 -212.308 0.250779 
0.1 1.77 0.980488 0.961973 0.927638 0.0348385 -212.264 0.250005 
0.1 1.77 0.980756 0.962466 0.928485 0.0329756 -212.298 0.249697 
0.1 1.77 0.980864 0.962683 0.928908 0.0332686 -212.342 0.247013 
0.1 1.775 0.979892 0.960832 0.925542 0.036263 -212.004 0.262465 
0.1 1.775 0.980494 0.961962 0.927543 0.0334623 -212.208 0.248086 
0.1 1.775 0.98055 0.962049 0.927639 0.032179 -212.192 0.24429 
0.1 1.78 0.97971 0.960444 0.924694 0.03442 -211.905 0.252629 
0.1 1.78 0.97972 0.960483 0.924821 0.0354922 -211.91 0.256404 
0.1 1.78 0.980208 0.961432 0.926629 0.0350807 -212.126 0.254625 
0.1 1.785 0.980094 0.961192 0.92611 0.034041 -212.056 0.248641 
0.1 1.785 0.980098 0.961212 0.926189 0.0347222 -212.041 0.255225 
0.1 1.785 0.979314 0.959684 0.923284 0.0352072 -211.738 0.256204 
0.1 1.79 0.979534 0.960125 0.924166 0.0356683 -211.852 0.25846 
0.1 1.79 0.979462 0.959968 0.923813 0.0347749 -211.797 0.256977 
0.1 1.79 0.979432 0.959912 0.923711 0.0348915 -211.818 0.253082 
0.1 1.795 0.979284 0.959661 0.923359 0.0369675 -211.75 0.266467 
0.1 1.795 0.978904 0.958907 0.92189 0.0364256 -211.609 0.265041 
0.1 1.795 0.978844 0.958813 0.921777 0.037764 -211.579 0.269169 
0.1 1.8 0.978328 0.957852 0.92007 0.0403336 -211.425 0.271656 
0.1 1.8 0.978822 0.958754 0.921618 0.036734 -211.577 0.265658 
0.1 1.8 0.978526 0.958188 0.92058 0.0374815 -211.475 0.267318 
0.1 1.805 0.97828 0.957705 0.919652 0.0373231 -211.377 0.266059 
0.1 1.805 0.97817 0.957524 0.919414 0.0392183 -211.36 0.274099 
0.1 1.805 0.978168 0.957514 0.919382 0.0388744 -211.354 0.275613 
0.1 1.81 0.977514 0.956279 0.917148 0.0411591 -211.076 0.284121 
0.1 1.81 0.97752 0.956308 0.91725 0.0421486 -211.174 0.276163 
0.1 1.81 0.977766 0.956777 0.918104 0.0414768 -211.232 0.278428 
0.1 1.815 0.977368 0.955969 0.916486 0.0397329 -211.057 0.274496 
0.1 1.815 0.97741 0.956056 0.916668 0.0399764 -211.017 0.283591 
0.1 1.815 0.977448 0.956127 0.916793 0.0398087 -211.093 0.275929 
0.1 1.82 0.977388 0.956015 0.916597 0.03999 -211.028 0.279497 
0.1 1.82 0.976956 0.955212 0.91517 0.0422249 -210.877 0.289553 
0.1 1.82 0.977238 0.955719 0.916016 0.0398028 -210.986 0.27717 
0.1 1.825 0.976408 0.954143 0.913137 0.0422169 -210.711 0.282938 
0.1 1.825 0.976608 0.954553 0.914005 0.0432578 -210.785 0.289698 
0.1 1.825 0.976916 0.955106 0.914908 0.040601 -210.887 0.279848 
0.1 1.83 0.976616 0.954548 0.913942 0.0420365 -210.781 0.288038 
0.1 1.83 0.976574 0.954467 0.913767 0.042093 -210.76 0.283053 
0.1 1.83 0.976502 0.954325 0.913498 0.042009 -210.714 0.289427 
0.1 1.835 0.97595 0.953263 0.91152 0.0427443 -210.519 0.28765 
0.1 1.835 0.975416 0.952293 0.909892 0.0466979 -210.367 0.299462 
0.1 1.835 0.976508 0.954315 0.913409 0.0406913 -210.727 0.274595 
0.1 1.84 0.975844 0.953013 0.910927 0.0403004 -210.473 0.278025 
0.1 1.84 0.975774 0.952914 0.910861 0.0423664 -210.412 0.291773 
0.1 1.84 0.975666 0.95274 0.91062 0.0443335 -210.445 0.285842 
0.1 1.845 0.974826 0.951123 0.907629 0.0453545 -210.121 0.298206 
0.1 1.845 0.975452 0.952337 0.909903 0.0450101 -210.392 0.289781 
0.1 1.845 0.974872 0.951171 0.907604 0.0431102 -210.114 0.296417 
0.1 1.85 0.97478 0.951026 0.907434 0.0448579 -210.108 0.295139 
0.1 1.85 0.974454 0.950411 0.906335 0.045959 -210.02 0.301181 
0.1 1.85 0.974734 0.95095 0.907317 0.045621 -210.083 0.297469 
0.1 1.855 0.974364 0.950251 0.90605 0.0466628 -209.931 0.300476 
0.1 1.855 0.97437 0.950226 0.905902 0.0446977 -209.938 0.295059 
0.1 1.855 0.974044 0.949628 0.9049 0.0467216 -209.847 0.306513 
0.1 1.86 0.97412 0.949729 0.904938 0.0440422 -209.815 0.29986 
0.1 1.86 0.974174 0.949885 0.905396 0.0467751 -209.889 0.303223 
0.1 1.86 0.973908 0.949438 0.904748 0.0506241 -209.848 0.312524 
0.1 1.865 0.973558 0.948694 0.903158 0.0471453 -209.646 0.30327 
0.1 1.865 0.973662 0.948924 0.903676 0.0485936 -209.716 0.310422 
0.1 1.865 0.973712 0.949019 0.903855 0.0484923 -209.728 0.311714 
0.1 1.87 0.973564 0.948689 0.903075 0.0461058 -209.597 0.296808 
0.1 1.87 0.973116 0.947821 0.901488 0.0463471 -209.463 0.309002 
0.1 1.87 0.973264 0.94811 0.902017 0.0463864 -209.507 0.304556 
0.1 1.875 0.972306 0.946353 0.899033 0.0519703 -209.226 0.325326 
0.1 1.875 0.97248 0.946705 0.899723 0.052681 -209.276 0.326077 
0.1 1.875 0.9731 0.947829 0.901601 0.0482896 -209.483 0.30734 
0.1 1.88 0.971474 0.944759 0.8961 0.0530376 -208.925 0.33047 
0.1 1.88 0.972074 0.945905 0.898186 0.0519797 -209.114 0.321191 
0.1 1.88 0.971636 0.945134 0.89697 0.0562236 -209.021 0.333671 
0.1 1.885 0.97167 0.945187 0.896985 0.0554276 -208.968 0.33449 
0.1 1.885 0.972078 0.945862 0.897959 0.0491375 -209.133 0.309447 
0.1 1.885 0.970948 0.943749 0.894226 0.0535078 -208.763 0.325983 
0.1 1.89 0.971402 0.944582 0.89565 0.0507828 -208.853 0.317674 
0.1 1.89 0.971166 0.94414 0.894873 0.0516826 -208.764 0.323762 
0.1 1.89 0.970888 0.943666 0.894176 0.0551371 -208.708 0.336976 
0.1 1.895 0.971328 0.944503 0.895688 0.0541085 -208.882 0.328267 
0.1 1.895 0.97063 0.943242 0.893493 0.0590566 -208.669 0.324016 
0.1 1.895 0.971014 0.943924 0.894713 0.0557009 -208.772 0.343327 
0.1 1.9 0.970136 0.942175 0.891262 0.0532074 -208.391 0.328914 
0.1 1.9 0.970304 0.942504 0.8919 0.0533593 -208.457 0.33068 
0.1 1.9 0.969506 0.941105 0.8897 0.0612124 -208.287 0.348968 
0.1 1.905 0.969842 0.941639 0.890379 0.0549068 -208.318 0.335368 
0.1 1.905 0.96938 0.940812 0.889023 0.0585037 -208.185 0.34618 
0.1 1.905 0.970294 0.942564 0.892236 0.0574149 -208.538 0.334165 
0.1 1.91 0.969224 0.940459 0.88821 0.0556837 -208.06 0.339819 
0.1 1.91 0.96912 0.940322 0.888122 0.0590715 -208.071 0.346584 
0.1 1.91 0.969994 0.94191 0.890811 0.0534827 -208.34 0.325172 
0.1 1.915 0.96914 0.940329 0.888074 0.0572606 -208.112 0.336001 
0.1 1.915 0.968792 0.939684 0.886958 0.0587896 -207.98 0.345827 
0.1 1.915 0.969394 0.940771 0.888748 0.0546524 -208.107 0.33357 
0.1 1.92 0.968612 0.939382 0.886438 0.0610622 -207.906 0.345255 
0.1 1.92 0.968232 0.938665 0.885229 0.0620747 -207.788 0.355149 
0.1 1.92 0.968702 0.939515 0.886674 0.0589372 -207.922 0.354272 
0.1 1.925 0.967844 0.937881 0.883692 0.0602136 -207.636 0.354431 
0.1 1.925 0.968462 0.939037 0.885716 0.0580714 -207.851 0.340036 
0.1 1.925 0.968124 0.93845 0.884765 0.0615855 -207.738 0.348991 
0.1 1.93 0.967402 0.937139 0.882565 0.0659093 -207.602 0.352248 
0.1 1.93 0.96744 0.937118 0.882295 0.0610034 -207.444 0.358602 
0.1 1.93 0.967702 0.937616 0.883213 0.0605554 -207.57 0.349955 
0.1 1.935 0.966122 0.934649 0.877933 0.0649634 -207.073 0.360264 
0.1 1.935 0.96657 0.935509 0.879526 0.0646488 -207.228 0.364564 
0.1 1.935 0.96644 0.935294 0.879057 0.0665657 -207.12 0.360394 
0.1 1.94 0.966684 0.935698 0.879794 0.0628971 -207.24 0.357903 
0.1 1.94 0.966432 0.935216 0.87885 0.0631541 -207.1 0.356666 
0.1 1.94 0.966572 0.935475 0.879344 0.0625654 -207.143 0.36297 
0.1 1.945 0.966302 0.934998 0.878589 0.0646789 -207.071 0.366035 
0.1 1.945 0.966534 0.935448 0.879432 0.0648014 -207.191 0.36652 
0.1 1.945 0.965804 0.93412 0.877179 0.0690259 -206.956 0.377278 
0.1 1.95 0.965678 0.933883 0.876712 0.0691672 -206.886 0.37606 
0.1 1.95 0.96476 0.932135 0.873558 0.0704155 -206.587 0.378861 
0.1 1.95 0.965318 0.933135 0.875237 0.0664902 -206.837 0.362497 
0.1 1.955 0.964796 0.932209 0.873601 0.0704511 -206.553 0.372424 
0.1 1.955 0.965274 0.933064 0.87515 0.0670151 -206.755 0.371478 
0.1 1.955 0.964782 0.932148 0.873519 0.0687454 -206.587 0.372832 
0.1 1.96 0.963954 0.93067 0.871095 0.0746248 -206.377 0.387324 
0.1 1.96 0.963982 0.930705 0.871074 0.0736828 -206.354 0.379332 
0.1 1.96 0.963782 0.930387 0.870621 0.0771253 -206.294 0.385086 
0.1 1.965 0.963856 0.930456 0.870514 0.0731487 -206.268 0.380838 
0.1 1.965 0.963462 0.929759 0.869439 0.0763509 -206.169 0.390533 
0.1 1.965 0.963446 0.929746 0.869543 0.0772522 -206.21 0.391909 
0.1 1.97 0.963244 0.929323 0.868575 0.0753237 -206.089 0.381692 
0.1 1.97 0.962572 0.928041 0.866332 0.0759525 -205.881 0.392347 
0.1 1.97 0.963196 0.929192 0.868346 0.0733739 -206.08 0.389347 
0.1 1.975 0.963012 0.928801 0.867518 0.07133 -205.967 0.382264 
0.1 1.975 0.962402 0.927788 0.866027 0.0794912 -205.804 0.398542 
0.1 1.975 0.96251 0.92796 0.866207 0.0776861 -205.805 0.394789 
0.1 1.98 0.961734 0.926499 0.86371 0.0791067 -205.571 0.407577 
0.1 1.98 0.961842 0.926695 0.864018 0.0785499 -205.593 0.401478 
0.1 1.98 0.961782 0.926701 0.86434 0.0846699 -205.674 0.412519 
0.1 1.985 0.961064 0.925308 0.861646 0.0838321 -205.373 0.400977 
0.1 1.985 0.961264 0.925711 0.862428 0.0847518 -205.458 0.404918 
0.1 1.985 0.961168 0.925385 0.861576 0.07763 -205.363 0.39617 
0.1 1.99 0.960504 0.924088 0.859105 0.0763892 -205.08 0.398231 
0.1 1.99 0.961274 0.925566 0.861891 0.0762903 -205.346 0.409423 
0.1 1.99 0.960568 0.924192 0.859286 0.075425 -205.074 0.401617 
0.1 1.995 0.959628 0.922652 0.857001 0.0885424 -204.956 0.4098 
0.1 1.995 0.959446 0.922281 0.856243 0.0874292 -204.757 0.415525 
0.1 1.995 0.960204 0.923681 0.858804 0.0846856 -205.07 0.420496 
0.1 2 0.95932 0.921983 0.855707 0.0843889 -204.708 0.421149 
0.1 2 0.959832 0.922914 0.857227 0.0818226 -204.866 0.406062 
0.1 2 0.95931 0.921951 0.855621 0.0837902 -204.725 0.415725 
0.1 2.005 0.958642 0.920703 0.853456 0.0852207 -204.53 0.425053 
0.1 2.005 0.95893 0.921238 0.854384 0.0843579 -204.642 0.414121 
0.1 2.005 0.958622 0.920675 0.853411 0.0857527 -204.491 0.425092 
0.1 2.01 0.958054 0.919506 0.851059 0.081525 -204.267 0.411308 
0.1 2.01 0.958712 0.920894 0.853932 0.0878259 -204.629 0.41554 
0.1 2.01 0.958334 0.920112 0.852375 0.0849744 -204.436 0.420402 
0.1 2.015 0.95704 0.917779 0.848448 0.091988 -204.023 0.437295 
0.1 2.015 0.95791 0.919493 0.851574 0.094344 -204.339 0.426769 
0.1 2.015 0.957448 0.91849 0.849575 0.0884907 -204.111 0.423707 
0.1 2.02 0.956716 0.917112 0.847136 0.0894423 -203.868 0.431077 
0.1 2.02 0.956922 0.917496 0.847808 0.0889429 -203.978 0.423108 
0.1 2.02 0.957366 0.918329 0.849291 0.0881021 -204.045 0.432358 
0.1 2.025 0.956368 0.916536 0.846271 0.0936498 -203.796 0.433656 
0.1 2.025 0.957126 0.917877 0.848495 0.0882341 -203.953 0.431345 
0.1 2.025 0.95651 0.916809 0.846814 0.0936938 -203.827 0.443691 
0.1 2.03 0.955594 0.915127 0.843875 0.0968821 -203.515 0.444076 
0.1 2.03 0.956082 0.915916 0.844999 0.0898034 -203.568 0.436256 
0.1 2.03 0.95553 0.914963 0.843464 0.094864 -203.453 0.437042 
0.1 2.035 0.95476 0.91346 0.840751 0.0930625 -203.219 0.443733 
0.1 2.035 0.954082 0.912324 0.839001 0.100795 -203.038 0.45212 
0.1 2.035 0.955048 0.914179 0.842346 0.101352 -203.4 0.445047 
0.1 2.04 0.95448 0.913107 0.840426 0.101691 -203.163 0.446891 
0.1 2.04 0.953744 0.911648 0.837769 0.0990462 -202.854 0.461445 
0.1 2.04 0.954386 0.912843 0.839785 0.0975668 -203.107 0.443235 
0.1 2.045 0.953378 0.911083 0.837002 0.105292 -202.904 0.458215 
0.1 2.045 0.954446 0.912951 0.839888 0.097009 -203.082 0.441173 
0.1 2.045 0.953056 0.910441 0.835683 0.103919 -202.697 0.456057 
0.1 2.05 0.952944 0.910381 0.836026 0.111148 -202.774 0.459086 
0.1 2.05 0.952466 0.909255 0.833568 0.100656 -202.436 0.463651 
0.1 2.05 0.953052 0.910468 0.835937 0.10538 -202.698 0.460175 
0.1 2.055 0.952882 0.910029 0.834884 0.0994965 -202.607 0.450781 
0.1 2.055 0.952216 0.908804 0.832701 0.101628 -202.397 0.44417 
0.1 2.055 0.951746 0.907998 0.831567 0.105958 -202.256 0.471622 
0.1 2.06 0.95117 0.907019 0.829905 0.111374 -202.117 0.468605 
0.1 2.06 0.951112 0.906713 0.829058 0.10187 -201.985 0.469167 
0.1 2.06 0.95092 0.906522 0.829157 0.110336 -202.103 0.465222 
0.1 2.065 0.951414 0.907444 0.830708 0.109222 -202.201 0.463613 
0.1 2.065 0.950328 0.905436 0.827208 0.111975 -201.821 0.469715 
0.1 2.065 0.950444 0.905698 0.827779 0.113993 -201.868 0.47698 
0.1 2.07 0.949902 0.904769 0.826254 0.118631 -201.769 0.479334 
0.1 2.07 0.949798 0.904294 0.824935 0.105215 -201.588 0.475649 
0.1 2.07 0.94935 0.903743 0.824673 0.119682 -201.618 0.491693 
0.1 2.075 0.948892 0.90286 0.822904 0.118761 -201.38 0.487763 
0.1 2.075 0.949444 0.903827 0.824504 0.114865 -201.569 0.478584 
0.1 2.075 0.949716 0.904278 0.825148 0.111688 -201.573 0.470839 
0.1 2.08 0.94757 0.900293 0.818341 0.11557 -200.889 0.4955 
0.1 2.08 0.948838 0.902838 0.823012 0.12232 -201.394 0.487615 
0.1 2.08 0.947856 0.901086 0.82003 0.127625 -201.047 0.499557 
0.1 2.085 0.94715 0.899722 0.817781 0.126106 -200.897 0.504037 
0.1 2.085 0.948332 0.901697 0.820743 0.113371 -201.065 0.49856 
0.1 2.085 0.947554 0.900344 0.818547 0.119191 -200.978 0.486059 
0.1 2.09 0.946932 0.89914 0.816267 0.11767 -200.736 0.484423 
0.1 2.09 0.94615 0.898001 0.814895 0.134028 -200.582 0.507836 
0.1 2.09 0.946968 0.899457 0.817379 0.129585 -200.868 0.499077 
0.1 2.095 0.945838 0.897243 0.813387 0.125699 -200.435 0.505278 
0.1 2.095 0.945298 0.896303 0.811813 0.129564 -200.261 0.513946 
0.1 2.095 0.945802 0.897292 0.813757 0.131302 -200.474 0.513346 
0.1 2.1 0.945098 0.896046 0.811328 0.135039 -200.129 0.504723 
0.1 2.1 0.945254 0.896106 0.811268 0.12383 -200.144 0.506835 
0.1 2.1 0.944968 0.895651 0.810682 0.12791 -200.121 0.502674 
0.1 2.105 0.94358 0.893187 0.806518 0.135083 -199.714 0.50885 
0.1 2.105 0.94503 0.895745 0.81069 0.126526 -200.081 0.496612 
0.1 2.105 0.944764 0.895361 0.810205 0.132159 -200.063 0.506101 
0.1 2.11 0.942686 0.891635 0.804267 0.141135 -199.504 0.539506 
0.1 2.11 0.943572 0.893224 0.806736 0.137249 -199.693 0.529103 
0.1 2.11 0.943902 0.893742 0.807329 0.13227 -199.764 0.506515 
0.1 2.115 0.943296 0.892883 0.806423 0.145434 -199.688 0.517601 
0.1 2.115 0.94191 0.890165 0.801622 0.140444 -199.182 0.529631 
0.1 2.115 0.942868 0.891748 0.803924 0.129941 -199.398 0.520018 
0.1 2.12 0.941754 0.890054 0.801671 0.148725 -199.212 0.529879 
0.1 2.12 0.940804 0.888528 0.799338 0.161132 -198.89 0.541313 
0.1 2.12 0.942766 0.891769 0.804294 0.139701 -199.44 0.521253 
0.1 2.125 0.940564 0.887839 0.797764 0.149579 -198.83 0.538563 
0.1 2.125 0.941712 0.889938 0.801406 0.14664 -199.181 0.532938 
0.1 2.125 0.940136 0.886856 0.79573 0.141176 -198.575 0.531182 
0.1 2.13 0.940028 0.88666 0.795567 0.141194 -198.614 0.534114 
0.1 2.13 0.94052 0.88786 0.798286 0.154083 -198.911 0.551182 
0.1 2.13 0.939306 0.885551 0.794095 0.152836 -198.436 0.553132 
0.1 2.135 0.939804 0.886305 0.795087 0.143972 -198.422 0.553912 
0.1 2.135 0.9394 0.885724 0.794425 0.152317 -198.445 0.55021 
0.1 2.135 0.939134 0.885417 0.794059 0.161346 -198.423 0.548026 
0.1 2.14 0.938694 0.884511 0.792442 0.157246 -198.286 0.548581 
0.1 2.14 0.938952 0.884947 0.792941 0.154969 -198.261 0.543963 
0.1 2.14 0.937504 0.882369 0.788903 0.161462 -197.854 0.563981 
0.1 2.145 0.93756 0.882281 0.78833 0.152066 -197.812 0.547995 
0.1 2.145 0.937534 0.882396 0.788647 0.15973 -197.877 0.54395 
0.1 2.145 0.936612 0.881 0.787039 0.175196 -197.729 0.573114 
0.1 2.15 0.936936 0.881394 0.787291 0.164869 -197.706 0.563302 
0.1 2.15 0.936128 0.880044 0.785262 0.17246 -197.571 0.569311 
0.1 2.15 0.936218 0.879953 0.784737 0.16039 -197.404 0.570935 
0.1 2.155 0.935446 0.878855 0.783314 0.176146 -197.299 0.576666 
0.1 2.155 0.93432 0.876787 0.78006 0.177889 -196.99 0.596346 
0.1 2.155 0.934302 0.876968 0.780535 0.187848 -197.057 0.595001 
0.1 2.16 0.93515 0.878147 0.781932 0.168605 -197.164 0.573953 
0.1 2.16 0.934034 0.876301 0.7791 0.179676 -196.864 0.579758 
0.1 2.16 0.93571 0.879062 0.783152 0.162439 -197.237 0.562466 
0.1 2.165 0.933994 0.876388 0.779617 0.186737 -196.963 0.57961 
0.1 2.165 0.934508 0.877018 0.780005 0.171484 -196.994 0.563329 
0.1 2.165 0.933372 0.875011 0.77693 0.176801 -196.701 0.577575 
0.1 2.17 0.932286 0.873096 0.773567 0.181525 -196.261 0.578183 
0.1 2.17 0.931168 0.871392 0.771337 0.198993 -196.114 0.597017 
0.1 2.17 0.932366 0.873411 0.774584 0.189132 -196.436 0.592737 
0.1 2.175 0.931194 0.871507 0.771751 0.201604 -196.115 0.612687 
0.1 2.175 0.929196 0.868332 0.766998 0.226541 -195.797 0.611634 
0.1 2.175 0.931554 0.871943 0.771998 0.1908 -196.176 0.581752 
0.1 2.18 0.930354 0.869673 0.768379 0.188754 -195.764 0.604251 
0.1 2.18 0.929558 0.868818 0.767564 0.217419 -195.646 0.610843 
0.1 2.18 0.929688 0.868727 0.767088 0.202186 -195.69 0.601013 
0.1 2.185 0.929716 0.868473 0.766123 0.187691 -195.587 0.588531 
0.1 2.185 0.928338 0.866454 0.763464 0.212491 -195.34 0.613909 
0.1 2.185 0.929178 0.867551 0.764736 0.191281 -195.343 0.613506 
0.1 2.19 0.928846 0.867007 0.763963 0.194178 -195.333 0.606942 
0.1 2.19 0.92863 0.866601 0.763282 0.193942 -195.227 0.613394 
0.1 2.19 0.927912 0.865566 0.762004 0.207545 -195.182 0.620098 
0.1 2.195 0.926856 0.863781 0.759128 0.214977 -194.75 0.62459 
0.1 2.195 0.927426 0.864632 0.760277 0.205588 -195.004 0.60819 
0.1 2.195 0.926014 0.862119 0.756345 0.210323 -194.574 0.624967 
0.1 2.2 0.924868 0.860066 0.753024 0.212952 -194.28 0.628939 
0.1 2.2 0.926958 0.863868 0.759252 0.209867 -194.915 0.615167 
0.1 2.2 0.925406 0.860904 0.754118 0.205793 -194.335 0.630796 
0.1 2.205 0.92418 0.859004 0.751478 0.222028 -194.112 0.627878 
0.1 2.205 0.92484 0.860085 0.753182 0.215703 -194.235 0.638288 
0.1 2.205 0.923448 0.858185 0.750682 0.246191 -194.019 0.639117 
0.1 2.21 0.922824 0.856884 0.748503 0.238893 -193.835 0.642752 
0.1 2.21 0.923264 0.857707 0.750159 0.239402 -194.085 0.650587 
0.1 2.21 0.924312 0.859171 0.751657 0.21804 -193.979 0.640618 
0.1 2.215 0.923052 0.857109 0.748377 0.229517 -193.74 0.643049 
0.1 2.215 0.921984 0.855232 0.745656 0.233737 -193.522 0.647203 
0.1 2.215 0.921082 0.85406 0.744464 0.255909 -193.475 0.656852 
0.1 2.22 0.920068 0.852236 0.741297 0.257239 -192.989 0.666455 
0.1 2.22 0.92198 0.855101 0.745305 0.227658 -193.446 0.645526 
0.1 2.22 0.920416 0.852619 0.741489 0.245664 -193.116 0.644033 
0.1 2.225 0.920444 0.852747 0.741904 0.248516 -193.098 0.663501 
0.1 2.225 0.92147 0.854392 0.744242 0.237517 -193.363 0.642392 
0.1 2.225 0.919786 0.851326 0.739068 0.239083 -192.745 0.653829 
0.1 2.23 0.919624 0.851397 0.74013 0.255115 -192.926 0.666403 
0.1 2.23 0.91926 0.850663 0.738619 0.252194 -192.724 0.661026 
0.1 2.23 0.918424 0.849292 0.73643 0.259602 -192.43 0.675925 
0.1 2.235 0.917882 0.848058 0.734176 0.248338 -192.244 0.657268 
0.1 2.235 0.91634 0.845504 0.730335 0.260616 -191.875 0.679421 
0.1 2.235 0.917174 0.847013 0.732761 0.259743 -192.143 0.680893 
0.1 2.24 0.916424 0.84584 0.731484 0.268151 -192.156 0.687542 
0.1 2.24 0.91522 0.843569 0.72738 0.265248 -191.572 0.685707 
0.1 2.24 0.914896 0.843086 0.72684 0.270137 -191.531 0.680985 
0.1 2.245 0.914172 0.841922 0.724964 0.276684 -191.394 0.689607 
0.1 2.245 0.91387 0.841448 0.724593 0.280163 -191.2 0.715999 
0.1 2.245 0.914998 0.843548 0.728042 0.281813 -191.624 0.710248 
0.1 2.25 0.913902 0.841622 0.724734 0.284671 -191.347 0.690225 
0.1 2.25 0.912378 0.839117 0.721309 0.29705 -190.985 0.709616 
0.1 2.25 0.913796 0.840974 0.723168 0.264472 -191.11 0.683341 
0.1 2.255 0.912032 0.838267 0.719439 0.286675 -190.874 0.688166 
0.1 2.255 0.910868 0.836606 0.717476 0.307124 -190.663 0.714897 
0.1 2.255 0.913384 0.840314 0.722339 0.26803 -191.034 0.688857 
0.1 2.26 0.910172 0.835402 0.715714 0.309238 -190.317 0.727526 
0.1 2.26 0.909094 0.833606 0.713038 0.316555 -190.136 0.723085 
0.1 2.26 0.911378 0.837407 0.718413 0.300762 -190.636 0.71295 
0.1 2.265 0.910358 0.835171 0.714508 0.283396 -190.303 0.711275 
0.1 2.265 0.909046 0.833164 0.711423 0.300174 -189.92 0.708981 
0.1 2.265 0.909982 0.83472 0.713962 0.293729 -190.227 0.703615 
0.1 2.27 0.909022 0.833196 0.711665 0.302879 -189.925 0.716321 
0.1 2.27 0.907768 0.831335 0.709293 0.321236 -189.729 0.722885 
0.1 2.27 0.906422 0.829431 0.706898 0.344948 -189.529 0.74403 
0.1 2.275 0.906758 0.829894 0.70759 0.337746 -189.64 0.732281 
0.1 2.275 0.90763 0.831169 0.709341 0.324233 -189.65 0.739764 
0.1 2.275 0.906234 0.828673 0.705141 0.325826 -189.382 0.727936 
0.1 2.28 0.904424 0.82548 0.700656 0.328815 -188.954 0.756989 
0.1 2.28 0.90497 0.826347 0.701477 0.323518 -188.926 0.743353 
0.1 2.28 0.904776 0.826409 0.702163 0.341631 -188.885 0.755982 
0.1 2.285 0.904554 0.825917 0.701063 0.33695 -188.955 0.735669 
0.1 2.285 0.90307 0.823459 0.697643 0.346772 -188.511 0.760237 
0.1 2.285 0.902032 0.822162 0.696197 0.372003 -188.479 0.750484 
0.1 2.29 0.90245 0.822281 0.695697 0.343436 -188.259 0.750124 
0.1 2.29 0.90348 0.824185 0.698794 0.345386 -188.636 0.755037 
0.1 2.29 0.90202 0.821968 0.695818 0.363675 -188.343 0.77162 
0.1 2.295 0.89803 0.815788 0.687127 0.406539 -187.484 0.792821 
0.1 2.295 0.901606 0.820768 0.693301 0.343102 -188.082 0.751919 
0.1 2.295 0.901606 0.821197 0.694373 0.361821 -188.235 0.751828 
0.1 2.3 0.898926 0.816633 0.687648 0.372376 -187.455 0.774311 
0.1 2.3 0.89808 0.815784 0.686781 0.401561 -187.421 0.778682 
0.1 2.3 0.898526 0.816103 0.68693 0.380631 -187.298 0.79636 
0.1 2.305 0.897224 0.813714 0.683169 0.377588 -186.986 0.800063 
0.1 2.305 0.897476 0.814104 0.68377 0.374863 -187.146 0.776829 
0.1 2.305 0.898208 0.815404 0.68584 0.374229 -187.367 0.775678 
0.1 2.31 0.89514 0.810714 0.679074 0.408571 -186.663 0.783457 
0.1 2.31 0.896858 0.812897 0.681848 0.369822 -186.927 0.785093 
0.1 2.31 0.897548 0.814366 0.684046 0.379799 -186.976 0.782137 
0.1 2.315 0.892542 0.80619 0.672319 0.412898 -185.818 0.817317 
0.1 2.315 0.894832 0.809445 0.676415 0.376716 -186.225 0.796744 
0.1 2.315 0.89565 0.811114 0.679658 0.385545 -186.599 0.80074 
0.1 2.32 0.892746 0.806434 0.672874 0.406854 -186.014 0.806632 
0.1 2.32 0.891904 0.805518 0.671935 0.432123 -185.755 0.825979 
0.1 2.32 0.89419 0.808456 0.675056 0.38275 -186.118 0.795231 
0.1 2.325 0.891164 0.803885 0.668704 0.41769 -185.582 0.790193 
0.1 2.325 0.890604 0.803146 0.6679 0.428826 -185.41 0.800111 
0.1 2.325 0.8904 0.803349 0.6692 0.453216 -185.65 0.822431 
0.1 2.33 0.88872 0.800506 0.664788 0.458474 -184.96 0.844743 
0.1 2.33 0.891116 0.804113 0.669632 0.430285 -185.602 0.814986 
0.1 2.33 0.887092 0.798046 0.661603 0.476973 -184.718 0.85434 
0.1 2.335 0.886976 0.797828 0.661659 0.475442 -184.749 0.855526 
0.1 2.335 0.887828 0.798091 0.660006 0.421948 -184.656 0.805321 
0.1 2.335 0.886776 0.797044 0.65972 0.457045 -184.6 0.839002 
0.1 2.34 0.885624 0.795431 0.65737 0.474419 -184.341 0.842391 
0.1 2.34 0.885154 0.794257 0.655738 0.459814 -184.125 0.862372 
0.1 2.34 0.88547 0.795361 0.657952 0.483079 -184.414 0.848828 
0.1 2.345 0.884178 0.792751 0.653224 0.468228 -183.846 0.839106 
0.1 2.345 0.884122 0.79244 0.652876 0.459217 -183.788 0.861097 
0.1 2.345 0.883984 0.792845 0.654081 0.486869 -183.937 0.854632 
0.1 2.35 0.88098 0.788162 0.647495 0.512187 -183.331 0.875373 
0.1 2.35 0.8823 0.789675 0.648946 0.477521 -183.459 0.849963 
0.1 2.35 0.88355 0.792258 0.653258 0.493498 -183.92 0.860098 
0.1 2.355 0.878812 0.785006 0.64346 0.539072 -182.968 0.882515 
0.1 2.355 0.881672 0.789425 0.649361 0.512924 -183.494 0.854724 
0.1 2.355 0.880588 0.787537 0.646405 0.513871 -183.192 0.858616 
0.1 2.36 0.878806 0.784511 0.64205 0.517423 -182.811 0.859337 
0.1 2.36 0.877922 0.783189 0.640363 0.527209 -182.556 0.871169 
0.1 2.36 0.87909 0.784737 0.6423 0.505824 -182.696 0.873463 
0.1 2.365 0.874994 0.779015 0.635635 0.566597 -182.098 0.916655 
0.1 2.365 0.875724 0.7794 0.634779 0.528844 -181.907 0.896152 
0.1 2.365 0.87646 0.781209 0.638312 0.550838 -182.254 0.896584 
0.1 2.37 0.872522 0.774723 0.628695 0.566611 -181.199 0.915693 
0.1 2.37 0.874182 0.777896 0.633883 0.578152 -181.812 0.916615 
0.1 2.37 0.87282 0.775065 0.62904 0.559087 -181.39 0.901779 
0.1 2.375 0.87431 0.777312 0.632056 0.542905 -181.651 0.888604 
0.1 2.375 0.87159 0.773656 0.627869 0.588916 -181.211 0.911531 
0.1 2.375 0.871264 0.773069 0.626998 0.588147 -181.101 0.912514 
0.1 2.38 0.869726 0.77043 0.62341 0.588508 -180.887 0.927357 
0.1 2.38 0.870798 0.772207 0.625654 0.58478 -180.973 0.918146 
0.1 2.38 0.869842 0.770183 0.622326 0.569646 -180.612 0.932954 
0.1 2.385 0.867482 0.767361 0.619695 0.622067 -180.334 0.934608 
0.1 2.385 0.86615 0.765089 0.616077 0.623593 -180.005 0.936219 
0.1 2.385 0.86823 0.767649 0.618534 0.579686 -180.232 0.904177 
0.1 2.39 0.867716 0.767262 0.618893 0.599628 -180.256 0.918765 
0.1 2.39 0.865194 0.763308 0.613258 0.617039 -179.709 0.934498 
0.1 2.39 0.86497 0.763049 0.613233 0.622436 -179.681 0.948724 
0.1 2.395 0.86431 0.761843 0.611462 0.618413 -179.439 0.939772 
0.1 2.395 0.860392 0.756475 0.604962 0.67645 -178.838 0.984666 
0.1 2.395 0.863316 0.760527 0.60984 0.635195 -179.285 0.954148 
0.1 2.4 0.863738 0.761081 0.610776 0.626569 -179.481 0.940237 
0.1 2.4 0.859908 0.755529 0.603654 0.67031 -178.671 0.986463 
0.1 2.4 0.860516 0.756282 0.604005 0.658102 -178.741 0.939729 
0.1 2.405 0.857514 0.751672 0.598314 0.679475 -178.133 0.983111 
0.1 2.405 0.85915 0.753638 0.60004 0.644472 -178.297 0.959357 
0.1 2.405 0.859736 0.755497 0.603494 0.679874 -178.636 0.954283 
0.1 2.41 0.856098 0.749924 0.596301 0.706218 -177.825 0.988471 
0.1 2.41 0.854872 0.748317 0.59417 0.726603 -177.713 0.979635 
0.1 2.41 0.855108 0.748648 0.595047 0.723561 -177.799 0.980111 
0.1 2.415 0.850554 0.742164 0.586851 0.775249 -176.868 1.01772 
0.1 2.415 0.854216 0.746677 0.591429 0.703592 -177.362 0.969482 
0.1 2.415 0.853076 0.745281 0.590095 0.726392 -177.151 1.00009 
0.1 2.42 0.853372 0.745366 0.589473 0.70755 -177.052 0.984239 
0.1 2.42 0.852254 0.743931 0.588354 0.727026 -176.977 0.991661 
0.1 2.42 0.85282 0.744636 0.589204 0.716263 -177.018 0.993772 
0.1 2.425 0.852782 0.744336 0.588217 0.705113 -176.913 0.992686 
0.1 2.425 0.847722 0.738022 0.581252 0.799578 -176.277 1.01489 
0.1 2.425 0.849898 0.740807 0.584724 0.762058 -176.611 1.00889 
0.1 2.43 0.844808 0.733033 0.574412 0.795562 -175.698 1.00989 
0.1 2.43 0.848618 0.738794 0.582148 0.767125 -176.193 1.03324 
0.1 2.43 0.846086 0.734141 0.574695 0.752249 -175.605 1.01121 
0.1 2.435 0.8422 0.728743 0.568618 0.798457 -174.865 1.03774 
0.1 2.435 0.846046 0.734601 0.576282 0.772381 -175.779 1.01961 
0.1 2.435 0.845748 0.734189 0.575593 0.776148 -175.66 1.0102 
0.1 2.44 0.841434 0.72837 0.569227 0.834389 -174.96 1.05273 
0.1 2.44 0.842726 0.730131 0.570796 0.817363 -175.136 1.0287 
0.1 2.44 0.8415 0.728209 0.568486 0.823232 -174.786 1.03754 
0.1 2.445 0.836164 0.721339 0.560721 0.906706 -173.965 1.07162 
0.1 2.445 0.837914 0.722564 0.560705 0.836961 -173.991 1.03689 
0.1 2.445 0.839982 0.726295 0.566554 0.847661 -174.843 1.03556 
0.1 2.45 0.837636 0.722572 0.56126 0.854596 -174.129 1.02769 
0.1 2.45 0.83801 0.723092 0.56179 0.850266 -174.031 1.05003 
0.1 2.45 0.838146 0.723189 0.561636 0.8449 -174.095 1.03126 
0.1 2.455 0.830536 0.712538 0.549225 0.926584 -172.826 1.08548 
0.1 2.455 0.832858 0.71571 0.552809 0.898486 -173.208 1.06819 
0.1 2.455 0.833874 0.717133 0.554614 0.887444 -173.308 1.08232 
0.1 2.46 0.83171 0.7136 0.549775 0.888574 -172.883 1.06159 
0.1 2.46 0.829554 0.712344 0.550157 0.983078 -172.743 1.114 
0.1 2.46 0.833132 0.715618 0.551727 0.874333 -172.94 1.04764 
0.1 2.465 0.829494 0.710793 0.546962 0.922222 -172.42 1.09859 
0.1 2.465 0.828208 0.708409 0.542821 0.912 -172.215 1.06236 
0.1 2.465 0.83124 0.713042 0.548724 0.895827 -172.54 1.06777 
0.1 2.47 0.826714 0.706634 0.540994 0.938397 -171.848 1.07893 
0.1 2.47 0.824286 0.703775 0.538637 0.984926 -171.43 1.12055 
0.1 2.47 0.825736 0.704749 0.538639 0.927487 -171.651 1.08827 
0.1 2.475 0.824164 0.702854 0.536172 0.953847 -171.346 1.07625 
0.1 2.475 0.824196 0.702321 0.535227 0.930198 -171.291 1.08676 
0.1 2.475 0.8237 0.702828 0.5369 0.98368 -171.419 1.08894 
0.1 2.48 0.820298 0.697126 0.529609 0.977288 -170.637 1.09879 
0.1 2.48 0.822406 0.700009 0.532522 0.953917 -170.932 1.08491 
0.1 2.48 0.820652 0.697737 0.530372 0.978512 -170.587 1.11241 
0.1 2.485 0.813012 0.688368 0.520441 1.10178 -169.424 1.15566 
0.1 2.485 0.816336 0.692664 0.525159 1.05674 -170.031 1.13582 
0.1 2.485 0.819318 0.69607 0.528193 0.997523 -170.348 1.09804 
0.1 2.49 0.81148 0.685243 0.516051 1.07401 -168.96 1.16108 
0.1 2.49 0.815826 0.690979 0.522261 1.02035 -169.751 1.12161 
0.1 2.49 0.815634 0.69093 0.521877 1.03098 -169.906 1.08005 
0.1 2.495 0.810524 0.683931 0.514135 1.08144 -168.759 1.13222 
0.1 2.495 0.81358 0.687314 0.517041 1.01809 -169.139 1.10506 
0.1 2.495 0.810478 0.684277 0.515141 1.09831 -168.981 1.13569 
0.1 2.5 0.808702 0.681504 0.51143 1.10021 -168.563 1.13925 
0.1 2.5 0.809998 0.683119 0.51303 1.0809 -168.729 1.13015 
0.1 2.5 0.806972 0.678986 0.50853 1.11127 -168.295 1.1603 
0.1 2.505 0.807958 0.6804 0.509649 1.10195 -168.143 1.13426 
0.1 2.505 0.805094 0.677015 0.506451 1.15123 -167.939 1.15329 
0.1 2.505 0.803314 0.673521 0.502009 1.12605 -167.469 1.1594 
0.1 2.51 0.804578 0.676537 0.506186 1.16299 -167.794 1.16848 
0.1 2.51 0.802298 0.672182 0.500094 1.13545 -167.216 1.14402 
0.1 2.51 0.805992 0.677781 0.5066 1.12184 -168.107 1.10996 
0.1 2.515 0.7998 0.668247 0.495067 1.13586 -166.693 1.15738 
0.1 2.515 0.801272 0.670098 0.496677 1.11576 -167.049 1.13084 
0.1 2.515 0.799474 0.667873 0.49486 1.14174 -166.681 1.16212 
0.1 2.52 0.795582 0.663347 0.490379 1.20621 -166.16 1.19415 
0.1 2.52 0.79788 0.666419 0.493348 1.1828 -166.338 1.15824 
0.1 2.52 0.796298 0.664468 0.491799 1.20545 -166.162 1.18867 
0.1 2.525 0.793304 0.659865 0.485637 1.20925 -165.425 1.18083 
0.1 2.525 0.796926 0.664498 0.490756 1.16463 -166.156 1.1606 
0.1 2.525 0.79445 0.661697 0.488153 1.20976 -165.893 1.17895 
0.1 2.53 0.78805 0.653222 0.478618 1.27268 -164.885 1.19144 
0.1 2.53 0.788644 0.653367 0.478416 1.24143 -164.76 1.19724 
0.1 2.53 0.791038 0.656856 0.482755 1.22983 -165.343 1.16793 
0.1 2.535 0.78541 0.650232 0.476736 1.31609 -164.616 1.21398 
0.1 2.535 0.787736 0.653862 0.480975 1.31495 -165.074 1.21051 
0.1 2.535 0.784952 0.649197 0.474361 1.30366 -164.129 1.20926 
0.1 2.54 0.779208 0.64116 0.465112 1.33838 -163.211 1.2215 
0.1 2.54 0.78037 0.642477 0.465709 1.31889 -163.201 1.20821 
0.1 2.54 0.781228 0.643908 0.468185 1.32247 -163.672 1.2133 
0.1 2.545 0.77866 0.64031 0.464076 1.33589 -163.069 1.21524 
0.1 2.545 0.776812 0.638483 0.46227 1.37705 -162.861 1.23438 
0.1 2.545 0.778382 0.641101 0.466256 1.38399 -163.213 1.24465 
0.1 2.55 0.776192 0.636758 0.460051 1.34447 -162.629 1.22994 
0.1 2.55 0.775796 0.636009 0.458563 1.33919 -162.248 1.22472 
0.1 2.55 0.77512 0.636169 0.459816 1.38659 -162.643 1.23071 
0.1 2.555 0.77318 0.632612 0.455205 1.36221 -162.025 1.24116 
0.1 2.555 0.773752 0.633765 0.456607 1.3727 -162.212 1.23 
0.1 2.555 0.768874 0.627916 0.451119 1.43832 -161.536 1.24481 
0.1 2.56 0.76948 0.628305 0.450658 1.41429 -161.469 1.2241 
0.1 2.56 0.764966 0.622563 0.444517 1.46054 -160.701 1.23958 
0.1 2.56 0.770668 0.628948 0.450571 1.36794 -161.569 1.23939 
0.1 2.565 0.762912 0.619462 0.440346 1.45915 -160.265 1.23069 
0.1 2.565 0.766572 0.622743 0.442824 1.36881 -160.595 1.2299 
0.1 2.565 0.762442 0.619275 0.441305 1.4798 -160.399 1.24756 
0.1 2.57 0.764962 0.621549 0.442997 1.41567 -160.476 1.25588 
0.1 2.57 0.762866 0.618177 0.438282 1.40906 -159.928 1.22983 
0.1 2.57 0.761094 0.617142 0.438686 1.47385 -159.966 1.27777 
0.1 2.575 0.759832 0.614213 0.433583 1.43178 -159.547 1.23363 
0.1 2.575 0.75418 0.608117 0.429173 1.52734 -159.032 1.28729 
0.1 2.575 0.757298 0.612013 0.433214 1.49565 -159.386 1.27952 
0.1 2.58 0.753708 0.606988 0.427055 1.50821 -158.76 1.25938 
0.1 2.58 0.752948 0.60608 0.425618 1.5174 -158.535 1.24622 
0.1 2.58 0.752772 0.606272 0.426732 1.53513 -158.562 1.28722 
0.1 2.585 0.749512 0.60189 0.421819 1.55211 -158.081 1.28167 
0.1 2.585 0.750408 0.604105 0.424953 1.5858 -158.355 1.27836 
0.1 2.585 0.752012 0.604529 0.424242 1.50896 -158.335 1.26226 
0.1 2.59 0.7479 0.599943 0.419416 1.56712 -157.72 1.25999 
0.1 2.59 0.744874 0.595735 0.414745 1.57905 -157.303 1.26481 
0.1 2.59 0.749322 0.600873 0.419973 1.52085 -157.677 1.27332 
0.1 2.595 0.743794 0.593599 0.411999 1.55567 -156.855 1.25481 
0.1 2.595 0.741252 0.591234 0.410238 1.61 -156.693 1.26807 
0.1 2.595 0.744908 0.595579 0.414778 1.56807 -157.185 1.283 
0.1 2.6 0.73969 0.588352 0.40647 1.58503 -156.249 1.27214 
0.1 2.6 0.738936 0.587949 0.40673 1.61242 -156.344 1.26515 
0.1 2.6 0.739738 0.590026 0.409665 1.64667 -156.362 1.295 
0.1 2.605 0.740084 0.588381 0.405838 1.56071 -155.935 1.25781 
0.1 2.605 0.735048 0.582728 0.400649 1.62887 -155.361 1.28912 
0.1 2.605 0.73552 0.584256 0.403495 1.66088 -155.668 1.30378 
0.1 2.61 0.730286 0.576868 0.395077 1.66858 -154.592 1.29734 
0.1 2.61 0.734736 0.58132 0.398728 1.58938 -155.389 1.26789 
0.1 2.61 0.733662 0.579671 0.396387 1.58663 -155.241 1.24922 
0.1 2.615 0.723494 0.569393 0.388777 1.75716 -153.843 1.33196 
0.1 2.615 0.723988 0.56935 0.387805 1.72817 -153.958 1.29909 
0.1 2.615 0.730378 0.576693 0.394698 1.65359 -154.581 1.29476 
0.1 2.62 0.724272 0.569474 0.387509 1.71389 -153.771 1.29531 
0.1 2.62 0.7245 0.570027 0.388433 1.72238 -153.783 1.2965 
0.1 2.62 0.726582 0.57172 0.38922 1.67169 -154.165 1.28198 
0.1 2.625 0.716106 0.558801 0.376279 1.75213 -152.469 1.30127 
0.1 2.625 0.715762 0.559528 0.378455 1.7986 -152.531 1.32589 
0.1 2.625 0.716236 0.55922 0.376507 1.76098 -152.445 1.29554 
0.1 2.63 0.717202 0.560216 0.377834 1.74287 -152.44 1.29727 
0.1 2.63 0.712542 0.555191 0.373423 1.80514 -151.978 1.321 
0.1 2.63 0.713584 0.555917 0.373122 1.77623 -152.14 1.27901 
0.1 2.635 0.713456 0.555831 0.373427 1.77653 -152.041 1.28744 
0.1 2.635 0.710582 0.551245 0.367858 1.75781 -151.471 1.27663 
0.1 2.635 0.7066 0.546651 0.363759 1.79761 -150.886 1.29848 
0.1 2.64 0.705836 0.54589 0.363661 1.80629 -150.749 1.31337 
0.1 2.64 0.704562 0.545062 0.362895 1.84297 -150.476 1.31161 
0.1 2.64 0.707704 0.549218 0.367096 1.83231 -151.096 1.33135 
0.1 2.645 0.703792 0.543468 0.361324 1.82023 -150.527 1.31749 
0.1 2.645 0.707938 0.54893 0.36606 1.80542 -150.911 1.28666 
0.1 2.645 0.703108 0.543669 0.361636 1.86422 -150.433 1.30123 
0.1 2.65 0.699144 0.538935 0.357051 1.89182 -149.926 1.32146 
0.1 2.65 0.699842 0.538552 0.355016 1.84048 -149.663 1.27643 
0.1 2.65 0.696406 0.534388 0.351911 1.86439 -149.481 1.30721 
0.1 2.655 0.692754 0.53107 0.349983 1.927 -149.019 1.33977 
0.1 2.655 0.69716 0.534639 0.350926 1.83078 -148.946 1.30799 
0.1 2.655 0.69395 0.53302 0.351847 1.938 -149.278 1.31824 
0.1 2.66 0.691976 0.529382 0.347791 1.90043 -148.74 1.32051 
0.1 2.66 0.688938 0.524775 0.341616 1.88494 -147.821 1.291 
0.1 2.66 0.694308 0.531609 0.348356 1.86261 -148.696 1.28274 
0.1 2.665 0.685218 0.521112 0.33921 1.93579 -147.582 1.31464 
0.1 2.665 0.681848 0.517033 0.334867 1.9556 -147.292 1.29502 
0.1 2.665 0.692862 0.529062 0.34557 1.83881 -148.34 1.28571 
0.1 2.67 0.684296 0.51941 0.337058 1.91568 -147.096 1.32565 
0.1 2.67 0.681338 0.515491 0.332479 1.92023 -146.889 1.2694 
0.1 2.67 0.67978 0.515113 0.333336 1.98547 -147.024 1.29795 
0.1 2.675 0.676922 0.510597 0.329188 1.95788 -146.474 1.3205 
0.1 2.675 0.682834 0.517992 0.335421 1.93383 -147.27 1.28117 
0.1 2.675 0.67893 0.513509 0.331923 1.96499 -146.901 1.31978 
0.1 2.68 0.674014 0.506976 0.324645 1.9657 -145.751 1.29443 
0.1 2.68 0.677992 0.511365 0.328738 1.9288 -146.051 1.32116 
0.1 2.68 0.673108 0.506589 0.325115 1.9968 -145.637 1.33236 
0.1 2.685 0.667938 0.500885 0.319463 2.03888 -145.134 1.30632 
0.1 2.685 0.670402 0.504616 0.324009 2.055 -145.663 1.30262 
0.1 2.685 0.674062 0.506907 0.323899 1.95706 -145.398 1.29459 
0.1 2.69 0.666364 0.498618 0.317721 2.02889 -144.78 1.3064 
0.1 2.69 0.667722 0.500307 0.319309 2.02434 -144.785 1.30595 
0.1 2.69 0.663 0.494964 0.314175 2.05931 -144.321 1.30937 
0.1 2.695 0.66135 0.492416 0.311673 2.04201 -143.892 1.31058 
0.1 2.695 0.662986 0.494513 0.313377 2.03944 -143.959 1.31551 
0.1 2.695 0.661056 0.491884 0.310938 2.03668 -143.703 1.31389 
0.1 2.7 0.6542 0.483484 0.302312 2.05581 -142.869 1.30027 
0.1 2.7 0.658828 0.489064 0.308064 2.03741 -143.54 1.3093 
0.1 2.7 0.657918 0.487939 0.306976 2.0401 -143.35 1.31117 
0.1 2.705 0.655584 0.485201 0.304475 2.04846 -142.799 1.32239 
0.1 2.705 0.651834 0.480372 0.29943 2.05119 -142.379 1.28822 
0.1 2.705 0.65559 0.485012 0.304121 2.04119 -142.624 1.31739 
0.1 2.71 0.64994 0.478777 0.298753 2.07954 -142.264 1.30205 
0.1 2.71 0.647708 0.47613 0.296069 2.08871 -141.752 1.3032 
0.1 2.71 0.643624 0.47259 0.293213 2.15272 -141.341 1.30319 
0.1 2.715 0.646542 0.474359 0.293247 2.07523 -141.436 1.2731 
0.1 2.715 0.643912 0.471881 0.29245 2.10898 -141.235 1.30984 
0.1 2.715 0.641318 0.469892 0.291144 2.15849 -140.943 1.31259 
0.1 2.72 0.636922 0.464743 0.286433 2.17182 -140.406 1.30851 
0.1 2.72 0.63727 0.463866 0.284391 2.12329 -140.412 1.27228 
0.1 2.72 0.636308 0.463625 0.285032 2.15944 -140.066 1.29728 
0.1 2.725 0.635688 0.461124 0.281353 2.09264 -139.776 1.28127 
0.1 2.725 0.631616 0.458904 0.281218 2.20054 -139.616 1.30176 
0.1 2.725 0.636276 0.462601 0.283158 2.11939 -140.184 1.27914 
0.1 2.73 0.636784 0.462331 0.282422 2.08194 -139.931 1.28336 
0.1 2.73 0.630166 0.456248 0.278064 2.16627 -139.33 1.29413 
0.1 2.73 0.631908 0.457773 0.279045 2.14158 -139.388 1.26827 
0.1 2.735 0.625952 0.451621 0.274397 2.18666 -138.573 1.29555 
0.1 2.735 0.62622 0.451229 0.273278 2.16005 -138.648 1.27415 
0.1 2.735 0.626714 0.451533 0.272833 2.14856 -138.76 1.26085 
0.1 2.74 0.622104 0.446025 0.268262 2.1537 -137.943 1.2654 
0.1 2.74 0.6207 0.444199 0.266163 2.15075 -137.551 1.27128 
0.1 2.74 0.617768 0.44193 0.264595 2.20048 -137.358 1.26885 
0.1 2.745 0.619136 0.443671 0.26688 2.19823 -137.461 1.28629 
0.1 2.745 0.616904 0.440937 0.264451 2.19915 -137.158 1.28668 
0.1 2.745 0.616642 0.44 0.262319 2.17677 -137.025 1.25792 
0.1 2.75 0.613934 0.438267 0.262666 2.23097 -136.935 1.29856 
0.1 2.75 0.61246 0.435711 0.259303 2.20378 -136.46 1.26538 
0.1 2.75 0.609372 0.432912 0.257021 2.2392 -136.36 1.2618 
0.1 2.755 0.6064 0.428567 0.253181 2.20855 -135.681 1.27738 
0.1 2.755 0.610434 0.432964 0.25683 2.18999 -136.339 1.25464 
0.1 2.755 0.611232 0.434281 0.258494 2.20242 -136.223 1.28154 
0.1 2.76 0.607028 0.42941 0.253585 2.20749 -135.723 1.24703 
0.1 2.76 0.602624 0.424028 0.248693 2.2055 -135.207 1.24727 
0.1 2.76 0.605892 0.428481 0.253526 2.22375 -135.55 1.26699 
0.1 2.765 0.601912 0.424045 0.24944 2.23316 -135.012 1.25275 
0.1 2.765 0.60412 0.425664 0.250343 2.19542 -134.99 1.25919 
0.1 2.765 0.600286 0.422723 0.248668 2.25605 -135.159 1.24035 
0.1 2.77 0.597722 0.419194 0.245266 2.23547 -134.438 1.25597 
0.1 2.77 0.59847 0.419548 0.244957 2.21596 -134.454 1.23738 
0.1 2.77 0.597088 0.418023 0.243633 2.22053 -134.288 1.2522 
0.1 2.775 0.596536 0.417182 0.242854 2.20996 -134.045 1.22544 
0.1 2.775 0.592662 0.413003 0.238669 2.22539 -133.377 1.24221 
0.1 2.775 0.594646 0.414986 0.240111 2.21196 -133.639 1.22907 
0.1 2.78 0.587974 0.408448 0.235362 2.25664 -132.742 1.24887 
0.1 2.78 0.58805 0.408455 0.235326 2.25367 -132.852 1.2193 
0.1 2.78 0.586504 0.406678 0.233594 2.25506 -132.725 1.21839 
0.1 2.785 0.58593 0.405594 0.232821 2.23626 -132.404 1.24732 
0.1 2.785 0.586534 0.406838 0.234034 2.25552 -132.653 1.21917 
0.1 2.785 0.582158 0.400918 0.228351 2.22659 -131.937 1.22831 
0.1 2.79 0.580144 0.398319 0.225368 2.21333 -131.478 1.19913 
0.1 2.79 0.580564 0.399038 0.227079 2.22163 -131.497 1.24482 
0.1 2.79 0.58037 0.400299 0.228495 2.2749 -131.69 1.23077 
0.1 2.795 0.57788 0.396048 0.224717 2.22192 -131.374 1.22363 
0.1 2.795 0.576998 0.395113 0.223305 2.22493 -131.108 1.20198 
0.1 2.795 0.574466 0.391632 0.21936 2.20468 -130.6 1.19526 
0.1 2.8 0.57209 0.390682 0.22118 2.26412 -130.797 1.21049 
0.1 2.8 0.576688 0.394985 0.22304 2.22913 -130.914 1.20517 
0.1 2.8 0.571484 0.389282 0.218679 2.23885 -130.32 1.19835 
0.1 2.805 0.566908 0.384965 0.215298 2.26669 -129.768 1.20096 
0.1 2.805 0.569734 0.387381 0.2173 2.2383 -130.193 1.20637 
0.1 2.805 0.57017 0.388055 0.218028 2.2446 -129.97 1.20123 
0.1 2.81 0.562086 0.379741 0.211212 2.27046 -129.083 1.21062 
0.1 2.81 0.561896 0.37885 0.209336 2.24637 -129.359 1.16339 
0.1 2.81 0.56173 0.379293 0.210939 2.26876 -129.05 1.19333 
0.1 2.815 0.553236 0.370723 0.204467 2.29672 -128.245 1.18832 
0.1 2.815 0.562006 0.379696 0.21113 2.26804 -128.733 1.21467 
0.1 2.815 0.560202 0.377167 0.209146 2.25013 -128.923 1.19096 
0.1 2.82 0.561472 0.377981 0.208549 2.22448 -128.598 1.17921 
0.1 2.82 0.55217 0.369372 0.203073 2.28652 -127.615 1.18219 
0.1 2.82 0.555668 0.37248 0.205145 2.25933 -128.081 1.185 
0.1 2.825 0.546984 0.363233 0.197463 2.26695 -126.888 1.16353 
0.1 2.825 0.549386 0.36586 0.199335 2.26673 -127.148 1.16942 
0.1 2.825 0.550714 0.367194 0.200494 2.26225 -127.633 1.17763 
0.1 2.83 0.547406 0.363634 0.19789 2.26079 -126.832 1.16681 
0.1 2.83 0.54515 0.361704 0.196665 2.27971 -126.69 1.16449 
0.1 2.83 0.546148 0.361698 0.195426 2.24102 -126.669 1.14299 
0.1 2.835 0.540492 0.355933 0.191078 2.2505 -125.961 1.13246 
0.1 2.835 0.538328 0.353208 0.189121 2.23673 -125.855 1.14423 
0.1 2.835 0.54471 0.361201 0.195904 2.27484 -126.486 1.17204 
0.1 2.84 0.53859 0.353626 0.188987 2.23756 -125.655 1.13985 
0.1 2.84 0.540284 0.356156 0.191165 2.2623 -125.867 1.13736 
0.1 2.84 0.540598 0.355533 0.19071 2.22841 -125.95 1.12463 
0.1 2.845 0.53424 0.349937 0.186898 2.26799 -125.169 1.13836 
0.1 2.845 0.533206 0.348224 0.184914 2.24657 -124.871 1.12816 
0.1 2.845 0.532232 0.347367 0.184353 2.25293 -124.953 1.14162 
0.1 2.85 0.534748 0.348741 0.184608 2.20302 -124.846 1.11942 
0.1 2.85 0.53332 0.3486 0.185128 2.25157 -124.685 1.13137 
0.1 2.85 0.53194 0.347286 0.184778 2.25706 -125.04 1.12526 
0.1 2.855 0.52367 0.338376 0.177013 2.24678 -123.761 1.08139 
0.1 2.855 0.523822 0.338991 0.177431 2.26274 -123.75 1.10841 
0.1 2.855 0.532106 0.347691 0.185191 2.26111 -124.693 1.13312 
0.1 2.86 0.52652 0.340412 0.178118 2.20938 -123.687 1.09751 
0.1 2.86 0.525534 0.341268 0.180467 2.27559 -123.933 1.13197 
0.1 2.86 0.526514 0.340543 0.178436 2.21421 -123.693 1.10108 
0.1 2.865 0.520734 0.335622 0.175569 2.24984 -123.091 1.12164 
0.1 2.865 0.517144 0.330383 0.17065 2.19704 -122.52 1.08968 
0.1 2.865 0.519894 0.334771 0.174937 2.25064 -122.995 1.1154 
0.1 2.87 0.51601 0.329022 0.168885 2.1866 -122.084 1.06479 
0.1 2.87 0.519442 0.334421 0.174357 2.2509 -122.968 1.09903 
0.1 2.87 0.519102 0.33345 0.173193 2.22939 -122.826 1.08932 
0.1 2.875 0.512594 0.325859 0.166895 2.19501 -121.76 1.08171 
0.1 2.875 0.513486 0.326926 0.167204 2.20029 -121.764 1.05941 
0.1 2.875 0.512192 0.325584 0.166681 2.19977 -121.511 1.086 
0.1 2.88 0.506774 0.320597 0.163053 2.21448 -121.168 1.07065 
0.1 2.88 0.507688 0.32194 0.164622 2.22893 -121.171 1.07272 
0.1 2.88 0.506862 0.32037 0.16353 2.20352 -121.074 1.0889 
0.1 2.885 0.50714 0.320377 0.162451 2.19015 -120.623 1.07445 
0.1 2.885 0.504894 0.319173 0.162604 2.22721 -120.828 1.07127 
0.1 2.885 0.504004 0.318232 0.161403 2.22573 -120.905 1.05522 
0.1 2.89 0.498508 0.313052 0.158269 2.23327 -120.077 1.06699 
0.1 2.89 0.499068 0.313156 0.158047 2.21755 -119.798 1.06868 
0.1 2.89 0.496874 0.310938 0.155966 2.21641 -119.747 1.03565 
0.1 2.895 0.495614 0.309385 0.154413 2.20214 -119.467 1.03684 
0.1 2.895 0.497564 0.311249 0.156081 2.19961 -119.522 1.03886 
0.1 2.895 0.499772 0.314359 0.158844 2.231 -120.051 1.05561 
0.1 2.9 0.490844 0.304877 0.151719 2.20515 -118.647 1.04544 
0.1 2.9 0.492896 0.306335 0.152598 2.1858 -118.882 1.05338 
0.1 2.9 0.496622 0.30981 0.15483 2.1785 -119.429 1.03016 
0.1 2.905 0.489264 0.301771 0.148497 2.14775 -118.489 0.996616 
0.1 2.905 0.48859 0.302605 0.150041 2.19914 -118.627 1.03894 
0.1 2.905 0.49371 0.306405 0.151972 2.15683 -119.019 1.02938 
0.1 2.91 0.489008 0.302981 0.150355 2.19424 -118.311 1.05051 
0.1 2.91 0.486766 0.299581 0.146772 2.15259 -118.192 0.992949 
0.1 2.91 0.488886 0.301854 0.148888 2.1596 -118.237 1.01604 
0.1 2.915 0.483408 0.296936 0.145497 2.1699 -117.739 1.00987 
0.1 2.915 0.486762 0.299984 0.147568 2.16285 -118.275 1.019 
0.1 2.915 0.484684 0.298546 0.146934 2.18275 -118.047 1.0093 
0.1 2.92 0.476408 0.290051 0.140276 2.1605 -116.759 1.00043 
0.1 2.92 0.48082 0.293504 0.141782 2.13413 -117.055 0.969727 
0.1 2.92 0.47763 0.292027 0.14253 2.18824 -116.699 1.02487 
0.1 2.925 0.479714 0.2929 0.142236 2.14615 -117.132 0.999876 
0.1 2.925 0.480624 0.293916 0.14305 2.151 -117.206 0.987197 
0.1 2.925 0.477294 0.292402 0.143104 2.20827 -117.226 1.01518 
0.1 2.93 0.473788 0.287208 0.137968 2.14107 -116.282 0.979198 
0.1 2.93 0.475064 0.288884 0.139307 2.15694 -116.288 0.988004 
0.1 2.93 0.472132 0.284669 0.135811 2.10785 -115.834 0.966144 
0.1 2.935 0.469952 0.284083 0.136221 2.15427 -115.999 0.959966 
0.1 2.935 0.471754 0.284623 0.135473 2.11487 -115.808 0.963523 
0.1 2.935 0.468076 0.281052 0.133308 2.11097 -115.544 0.951725 
0.1 2.94 0.469822 0.283005 0.135031 2.11809 -115.249 0.979322 
0.1 2.94 0.465396 0.279061 0.132338 2.12474 -115.439 0.971623 
0.1 2.94 0.472178 0.285254 0.135739 2.11912 -115.757 0.960398 
0.1 2.945 0.462406 0.27628 0.130875 2.12092 -114.713 0.985715 
0.1 2.945 0.46286 0.276478 0.130027 2.11336 -114.634 0.955982 
0.1 2.945 0.46228 0.275897 0.129419 2.11185 -114.672 0.943567 
0.1 2.95 0.460592 0.273884 0.128038 2.09285 -114.32 0.943277 
0.1 2.95 0.457704 0.270978 0.12618 2.08424 -113.948 0.944616 
0.1 2.95 0.461836 0.274731 0.128778 2.08265 -114.448 0.945904 
0.1 2.955 0.454566 0.267452 0.123384 2.05825 -113.621 0.924819 
0.1 2.955 0.458072 0.271475 0.126492 2.08613 -114.038 0.926822 
0.1 2.955 0.456494 0.26978 0.125125 2.07761 -113.6 0.945748 
0.1 2.96 0.451546 0.265964 0.12323 2.09698 -113.186 0.928023 
0.1 2.96 0.457798 0.270717 0.125322 2.06548 -113.565 0.943121 
0.1 2.96 0.453788 0.267958 0.124697 2.09576 -113.515 0.936327 
0.1 2.965 0.44703 0.259961 0.117845 2.02785 -112.062 0.910913 
0.1 2.965 0.446306 0.260268 0.118452 2.06001 -112.729 0.887059 
0.1 2.965 0.450612 0.263758 0.120687 2.04745 -113.007 0.916372 
0.1 2.97 0.447064 0.260973 0.119484 2.05747 -112.392 0.925926 
0.1 2.97 0.44413 0.258747 0.117971 2.07055 -112.201 0.913495 
0.1 2.97 0.448136 0.260906 0.11857 2.02289 -112.133 0.905946 
0.1 2.975 0.44969 0.263442 0.121113 2.05784 -112.77 0.927048 
0.1 2.975 0.442848 0.25719 0.116869 2.05296 -112.047 0.905896 
0.1 2.975 0.446922 0.259736 0.117432 2.0167 -112.171 0.89129 
0.1 2.98 0.446832 0.2594 0.116838 2.00475 -112.079 0.88627 
0.1 2.98 0.444226 0.257413 0.116484 2.016 -112.1 0.891739 
0.1 2.98 0.44284 0.256605 0.11567 2.03014 -111.657 0.907262 
0.1 2.985 0.434192 0.248575 0.110673 2.01179 -110.475 0.888483 
0.1 2.985 0.444718 0.257402 0.115738 1.99758 -111.351 0.88089 
0.1 2.985 0.439572 0.253077 0.113293 2.00513 -111.055 0.888604 
0.1 2.99 0.4346 0.248638 0.110061 1.99869 -110.815 0.851199 
0.1 2.99 0.432734 0.246824 0.109133 1.99216 -110.28 0.871751 
0.1 2.99 0.43761 0.25048 0.110908 1.97248 -110.624 0.877183 
0.1 2.995 0.43168 0.245628 0.108497 1.9793 -110.416 0.86166 
0.1 2.995 0.432106 0.245121 0.107947 1.95009 -109.8 0.877436 
0.1 2.995 0.432686 0.247089 0.109875 1.99906 -110.498 0.877127 
0.1 3 0.429152 0.244391 0.108039 2.0073 -110.008 0.867047 
0.1 3 0.428112 0.24365 0.108168 2.01233 -109.713 0.876124 
0.1 3 0.43008 0.244263 0.107266 1.97646 -109.8 0.854592 
0.1 3.005 0.429256 0.243675 0.106895 1.97718 -109.733 0.836695 
0.1 3.005 0.42774 0.242047 0.105515 1.96625 -109.477 0.86185 
0.1 3.005 0.42562 0.240612 0.105062 1.9787 -109.15 0.859057 
0.1 3.01 0.427266 0.240984 0.104834 1.94114 -109.521 0.854117 
0.1 3.01 0.420086 0.235233 0.101794 1.95219 -108.526 0.849827 
0.1 3.01 0.422106 0.236699 0.102292 1.94439 -108.611 0.848104 
0.1 3.015 0.42303 0.23752 0.102611 1.94249 -108.702 0.828365 
0.1 3.015 0.421878 0.235845 0.101636 1.91921 -108.655 0.84324 
0.1 3.015 0.418488 0.233329 0.0999433 1.93024 -108.718 0.83097 
0.1 3.02 0.420724 0.234732 0.100606 1.91138 -108.479 0.825024 
0.1 3.02 0.418212 0.232699 0.0991597 1.91383 -108.122 0.821515 
0.1 3.02 0.417148 0.232055 0.0989101 1.92195 -107.967 0.82724 
0.1 3.025 0.414468 0.229429 0.0972265 1.90562 -107.664 0.812646 
0.1 3.025 0.421082 0.234784 0.10034 1.89997 -108.152 0.824683 
0.1 3.025 0.415186 0.230558 0.0985992 1.92327 -107.704 0.831705 
0.1 3.03 0.410336 0.225597 0.095132 1.88848 -107.173 0.813882 
0.1 3.03 0.413346 0.228119 0.0958704 1.88992 -107.481 0.800812 
0.1 3.03 0.414266 0.229261 0.0971966 1.90245 -107.4 0.825196 
0.1 3.035 0.409558 0.224097 0.0930431 1.85696 -106.656 0.778961 
0.1 3.035 0.410096 0.224894 0.0938573 1.8687 -106.477 0.805557 
0.1 3.035 0.410114 0.226126 0.0955188 1.90882 -107.105 0.812236 
0.1 3.04 0.40888 0.224188 0.093996 1.87516 -106.62 0.798542 
0.1 3.04 0.410166 0.225363 0.094263 1.87916 -106.577 0.80194 
0.1 3.04 0.405864 0.220992 0.0916141 1.85086 -106.211 0.779451 
0.1 3.045 0.407722 0.223008 0.093104 1.86438 -106.444 0.801257 
0.1 3.045 0.405472 0.221077 0.0915917 1.86108 -106.156 0.794915 
0.1 3.045 0.401608 0.217184 0.0891392 1.83563 -105.574 0.78714 
0.1 3.05 0.397428 0.213916 0.087192 1.83498 -105.197 0.756761 
0.1 3.05 0.403528 0.218792 0.0902356 1.83466 -105.612 0.778319 
0.1 3.05 0.402904 0.218006 0.0893699 1.82537 -105.753 0.786548 
0.1 3.055 0.402956 0.218869 0.0906162 1.84927 -105.846 0.789999 
0.1 3.055 0.398638 0.21361 0.0862131 1.79044 -105.254 0.750992 
0.1 3.055 0.401752 0.217239 0.0889074 1.82765 -105.331 0.76661 
0.1 3.06 0.392004 0.208621 0.0835757 1.79587 -104.346 0.748267 
0.1 3.06 0.396832 0.213785 0.0873237 1.84017 -105.008 0.768771 
0.1 3.06 0.39377 0.21036 0.0847524 1.80737 -104.844 0.751168 
0.1 3.065 0.394582 0.211768 0.085893 1.82945 -104.595 0.768173 
0.1 3.065 0.394646 0.211584 0.0862782 1.82182 -105.031 0.771254 
0.1 3.065 0.393174 0.209123 0.0837748 1.77936 -104.481 0.753388 
0.1 3.07 0.39147 0.208705 0.0840199 1.80641 -104.083 0.762415 
0.1 3.07 0.389592 0.207215 0.0831214 1.80564 -104.12 0.753647 
0.1 3.07 0.388138 0.205944 0.0826132 1.80107 -104.051 0.760312 
0.1 3.075 0.3909 0.207631 0.0832266 1.78304 -104.096 0.744838 
0.1 3.075 0.38833 0.205369 0.0820202 1.77459 -103.936 0.745854 
0.1 3.075 0.386954 0.204145 0.0813166 1.76949 -103.507 0.754644 
0.1 3.08 0.385446 0.203379 0.0809373 1.77957 -103.544 0.724387 
0.1 3.08 0.385558 0.203191 0.0804881 1.77066 -103.176 0.721054 
0.1 3.08 0.387 0.204506 0.0808679 1.77718 -103.41 0.746657 
0.1 3.085 0.384552 0.201201 0.0784512 1.72837 -102.989 0.714686 
0.1 3.085 0.38903 0.204862 0.0807738 1.73477 -103.649 0.722614 
0.1 3.085 0.385568 0.203256 0.080463 1.76964 -103.152 0.742056 
0.1 3.09 0.383536 0.201188 0.0790723 1.75043 -102.682 0.738074 
0.1 3.09 0.387176 0.204648 0.0813866 1.77162 -103.124 0.74752 
0.1 3.09 0.381002 0.198712 0.0773281 1.73299 -102.436 0.720786 
0.1 3.095 0.373298 0.192759 0.0743902 1.72559 -101.909 0.70668 
0.1 3.095 0.380578 0.197599 0.076291 1.70466 -102.372 0.710149 
0.1 3.095 0.381124 0.199263 0.0783984 1.745 -102.494 0.72869 
0.1 3.1 0.375308 0.194245 0.0751783 1.72222 -101.648 0.721871 
0.1 3.1 0.380136 0.197653 0.0763616 1.71452 -102.259 0.701441 
0.1 3.1 0.376804 0.195796 0.0763343 1.73596 -101.926 0.727911 
0.1 3.105 0.375882 0.194769 0.0752634 1.72244 -101.604 0.724268 
0.1 3.105 0.376958 0.195565 0.0759707 1.722 -102.212 0.704112 
0.1 3.105 0.375452 0.193336 0.0739355 1.6867 -101.43 0.707511 
0.1 3.11 0.371872 0.191623 0.0736075 1.71493 -101.222 0.71734 
0.1 3.11 0.374202 0.192801 0.0738305 1.6969 -101.14 0.695813 
0.1 3.11 0.372956 0.191567 0.0730444 1.68716 -101.13 0.697556 
0.1 3.115 0.37177 0.190999 0.0728928 1.69457 -101 0.690294 
0.1 3.115 0.370564 0.188973 0.0710658 1.65829 -100.871 0.695625 
0.1 3.115 0.369288 0.18834 0.0710159 1.66826 -100.784 0.683357 
0.1 3.12 0.372086 0.190549 0.0725539 1.66989 -100.883 0.69849 
0.1 3.12 0.370028 0.189319 0.0719894 1.67945 -100.968 0.690782 
0.1 3.12 0.368908 0.188504 0.0718128 1.67984 -100.678 0.699903 
0.1 3.125 0.367874 0.187634 0.0709773 1.6737 -100.187 0.684586 
0.1 3.125 0.365446 0.184497 0.0683964 1.63028 -100.129 0.663737 
0.1 3.125 0.368638 0.187162 0.0698173 1.64058 -100.424 0.684045 
0.1 3.13 0.364432 0.183463 0.0678642 1.61829 -99.8059 0.675102 
0.1 3.13 0.365768 0.185273 0.0694056 1.64495 -100.117 0.674615 
0.1 3.13 0.366628 0.185065 0.0684179 1.61816 -99.9052 0.660058 
0.1 3.135 0.363676 0.183015 0.0679126 1.61896 -99.5499 0.666882 
0.1 3.135 0.362102 0.182536 0.067927 1.64012 -99.591 0.681117 
0.1 3.135 0.359496 0.180167 0.0667718 1.62454 -99.4278 0.679237 
0.1 3.14 0.358472 0.178684 0.065565 1.59814 -99.1526 0.66124 
0.1 3.14 0.365512 0.183968 0.0677476 1.60411 -99.7051 0.655699 
0.1 3.14 0.36429 0.18311 0.0672428 1.60518 -99.7272 0.643921 
0.1 3.145 0.360366 0.181265 0.067368 1.63439 -99.2809 0.673748 
0.1 3.145 0.356926 0.177291 0.0646637 1.58648 -98.6602 0.659059 
0.1 3.145 0.359314 0.17931 0.0651998 1.5963 -98.7417 0.656613 
0.1 3.15 0.353596 0.174748 0.0628366 1.57835 -98.6788 0.6416 
0.1 3.15 0.361798 0.180373 0.0654914 1.57064 -98.6654 0.657007 
0.1 3.15 0.355014 0.176085 0.0638193 1.5889 -98.4706 0.644751 
0.1 3.155 0.35188 0.173066 0.0617875 1.56089 -97.8174 0.638275 
0.1 3.155 0.360468 0.181301 0.0674598 1.62802 -98.9379 0.673948 
0.1 3.155 0.35278 0.17553 0.0646437 1.61889 -98.5918 0.662861 
0.1 3.16 0.354388 0.174672 0.0626664 1.55322 -98.0373 0.646486 
0.1 3.16 0.35419 0.175183 0.0635048 1.5738 -98.169 0.647245 
0.1 3.16 0.348754 0.171468 0.0617376 1.57717 -97.4636 0.639372 
0.1 3.165 0.346662 0.168627 0.0595757 1.53089 -96.9867 0.628205 
0.1 3.165 0.352318 0.17301 0.0619356 1.54445 -97.8642 0.639421 
0.1 3.165 0.349182 0.170667 0.060827 1.53994 -97.5905 0.627811 
0.1 3.17 0.350622 0.172221 0.0617626 1.55475 -97.1017 0.638756 
0.1 3.17 0.347196 0.168928 0.0593713 1.52628 -97.3604 0.622103 
0.1 3.17 0.347366 0.17042 0.0609403 1.56963 -97.5194 0.634916 
0.1 3.175 0.343692 0.166199 0.0579577 1.51415 -96.9655 0.616595 
0.1 3.175 0.34406 0.166504 0.0582161 1.51579 -96.8561 0.613679 
0.1 3.175 0.345684 0.167845 0.0586542 1.52276 -96.7802 0.615255 
0.1 3.18 0.3408 0.163763 0.056551 1.49743 -96.2641 0.610187 
0.1 3.18 0.342724 0.16521 0.0575844 1.50157 -96.3978 0.610326 
0.1 3.18 0.342214 0.165155 0.0577326 1.51084 -96.8932 0.612641 
0.1 3.185 0.340832 0.164259 0.0572874 1.50997 -96.5072 0.617848 
0.1 3.185 0.34228 0.164984 0.0571865 1.50166 -96.3777 0.613197 
0.1 3.185 0.343066 0.165822 0.0577392 1.51109 -96.657 0.617181 
0.1 3.19 0.34309 0.164674 0.0570216 1.4722 -96.1133 0.605229 
0.1 3.19 0.34381 0.166095 0.0578974 1.50124 -96.4486 0.604233 
0.1 3.19 0.341238 0.163759 0.0563619 1.48323 -95.8022 0.598416 
0.1 3.195 0.340734 0.162632 0.0558485 1.45641 -95.9148 0.600193 
0.1 3.195 0.334886 0.158892 0.053954 1.46301 -95.277 0.5877 
0.1 3.195 0.336992 0.160976 0.0551911 1.48394 -95.7171 0.598487 
0.1 3.2 0.338574 0.161519 0.054994 1.46522 -95.551 0.588385 
0.1 3.2 0.332934 0.157078 0.0526581 1.44477 -95.1596 0.578273 
0.1 3.2 0.336136 0.160218 0.0549607 1.47595 -95.5214 0.596127 
0.1 3.205 0.334326 0.157797 0.0529105 1.43596 -94.7646 0.581407 
0.1 3.205 0.3344 0.157307 0.052416 1.41916 -95.1365 0.578867 
0.1 3.205 0.336306 0.159133 0.0535701 1.43625 -95.1785 0.592304 
0.1 3.21 0.332234 0.156249 0.05211 1.42897 -94.7179 0.578467 
0.1 3.21 0.333112 0.156674 0.0524062 1.42399 -94.7413 0.576492 
0.1 3.21 0.333842 0.158296 0.053926 1.45937 -94.91 0.59578 
0.1 3.215 0.331922 0.155872 0.0520222 1.42145 -94.7035 0.579361 
0.1 3.215 0.332366 0.155814 0.0514657 1.41048 -94.7213 0.56579 
0.1 3.215 0.333204 0.157613 0.0532461 1.44909 -94.7662 0.590105 
0.1 3.22 0.32842 0.153858 0.0514234 1.42851 -94.2633 0.580555 
0.1 3.22 0.3294 0.154028 0.0513251 1.41378 -94.4034 0.575338 
0.1 3.22 0.333446 0.157029 0.0526981 1.42369 -94.3567 0.584133 
0.1 3.225 0.326766 0.151507 0.0492501 1.38701 -93.7044 0.56602 
0.1 3.225 0.329868 0.154389 0.0509777 1.41321 -94.1298 0.567221 
0.1 3.225 0.328648 0.15382 0.0515795 1.42047 -94.036 0.585219 
0.1 3.23 0.333422 0.157191 0.0527692 1.42479 -94.3435 0.574176 
0.1 3.23 0.323822 0.150243 0.0493678 1.40503 -93.3826 0.556967 
0.1 3.23 0.326874 0.151756 0.049954 1.39038 -93.6487 0.553377 
0.1 3.235 0.320094 0.146742 0.0474076 1.36884 -93.1065 0.547701 
0.1 3.235 0.323902 0.149706 0.0487648 1.38465 -93.4489 0.557994 
0.1 3.235 0.324502 0.149129 0.0477841 1.3548 -93.5834 0.551771 
0.1 3.24 0.319904 0.147143 0.0482493 1.38284 -93.0054 0.564978 
0.1 3.24 0.320862 0.146388 0.046594 1.3406 -93.0291 0.545415 
0.1 3.24 0.325972 0.151266 0.0495483 1.38915 -93.7094 0.561032 
0.1 3.245 0.320868 0.146647 0.046962 1.34641 -92.771 0.554702 
0.1 3.245 0.32062 0.146029 0.0461657 1.33227 -92.9843 0.539887 
0.1 3.245 0.317748 0.145435 0.046885 1.37046 -92.6514 0.555312 
0.1 3.25 0.320448 0.147132 0.0474248 1.36753 -92.5812 0.559145 
0.1 3.25 0.316786 0.144431 0.0461954 1.35622 -92.5724 0.541941 
0.1 3.25 0.318488 0.145665 0.0468609 1.36094 -92.3825 0.546579 
0.1 3.255 0.317764 0.144205 0.0457207 1.32815 -92.4552 0.539549 
0.1 3.255 0.31847 0.146087 0.0474371 1.37215 -92.3089 0.559174 
0.1 3.255 0.319976 0.146574 0.0472648 1.35758 -92.5528 0.55198 
0.1 3.26 0.315018 0.1419 0.044555 1.3087 -91.9592 0.542279 
0.1 3.26 0.314684 0.141682 0.0444933 1.30846 -92.0013 0.537018 
0.1 3.26 0.314686 0.141871 0.0445357 1.31423 -91.7597 0.536975 
0.1 3.265 0.317866 0.144149 0.0456002 1.32039 -91.9206 0.540215 
0.1 3.265 0.311662 0.139067 0.0430067 1.28433 -91.6824 0.530808 
0.1 3.265 0.316172 0.143332 0.0452095 1.32824 -91.984 0.53186 
0.1 3.27 0.315286 0.142192 0.044771 1.30847 -91.5606 0.536316 
0.1 3.27 0.318566 0.145422 0.0467665 1.34365 -91.6533 0.547331 
0.1 3.27 0.3157 0.142095 0.0444242 1.2975 -91.8594 0.530546 
0.1 3.275 0.310026 0.138606 0.043182 1.29741 -91.2378 0.525428 
0.1 3.275 0.31721 0.143538 0.0449795 1.31042 -91.5545 0.53029 
0.1 3.275 0.309494 0.1369 0.0416259 1.25537 -90.5542 0.514168 
0.1 3.28 0.3086 0.138023 0.0427474 1.30455 -90.9592 0.527898 
0.1 3.28 0.310752 0.139544 0.0437266 1.31027 -90.8271 0.533579 
0.1 3.28 0.309698 0.138183 0.0425275 1.28873 -90.8326 0.516401 
0.1 3.285 0.312384 0.139604 0.043155 1.27916 -90.6507 0.525372 
0.1 3.285 0.310954 0.138998 0.043009 1.28785 -91.0334 0.511996 
0.1 3.285 0.311414 0.138321 0.0421908 1.2585 -90.8957 0.517963 
0.1 3.29 0.31072 0.138828 0.0428094 1.28514 -90.7136 0.517278 
0.1 3.29 0.308854 0.137884 0.0425563 1.29159 -90.5143 0.513994 
0.1 3.29 0.307354 0.135693 0.0412294 1.25309 -90.5518 0.514357 
0.1 3.295 0.307962 0.135668 0.0407651 1.23907 -90.1626 0.513896 
0.1 3.295 0.305292 0.135187 0.0411411 1.27417 -90.067 0.514339 
0.1 3.295 0.305196 0.13447 0.0407259 1.25419 -90.141 0.501455 
0.1 3.3 0.300018 0.129715 0.0379066 1.20315 -89.6724 0.486499 
0.1 3.3 0.300466 0.131541 0.0395822 1.25034 -89.5476 0.498177 
0.1 3.3 0.302538 0.132947 0.0401981 1.25508 -89.7038 0.500807 
0.1 3.305 0.303214 0.132897 0.0400537 1.23927 -89.6508 0.50969 
0.1 3.305 0.301826 0.132133 0.0395723 1.24158 -90.2045 0.505362 
0.1 3.305 0.30088 0.13122 0.0393566 1.2312 -89.4697 0.507578 
0.1 3.31 0.303616 0.132717 0.0396213 1.2246 -89.2187 0.488837 
0.1 3.31 0.299626 0.129926 0.0384555 1.21301 -89.1605 0.493603 
0.1 3.31 0.30073 0.131617 0.0399091 1.24407 -89.3672 0.504526 
0.1 3.315 0.304952 0.134007 0.0403723 1.23714 -89.7308 0.503627 
0.1 3.315 0.302682 0.132392 0.0398042 1.23002 -89.4912 0.501462 
0.1 3.315 0.29871 0.129697 0.0385899 1.22078 -88.8406 0.502032 
0.1 3.32 0.299882 0.1311 0.03914 1.24009 -88.89 0.499776 
0.1 3.32 0.297414 0.128126 0.0373958 1.19492 -88.6758 0.493104 
0.1 3.32 0.300396 0.129968 0.0378978 1.19671 -88.869 0.478645 
0.1 3.325 0.293528 0.12519 0.0360522 1.17388 -88.2422 0.475177 
0.1 3.325 0.299172 0.129939 0.038552 1.21609 -88.7106 0.495881 
0.1 3.325 0.297618 0.128712 0.0380124 1.20708 -88.7552 0.487256 
0.1 3.33 0.29836 0.129524 0.0385744 1.21639 -88.9087 0.486534 
0.1 3.33 0.292172 0.125087 0.0364568 1.19287 -87.9548 0.479235 
0.1 3.33 0.296558 0.127158 0.036773 1.17752 -88.4062 0.485201 
0.1 3.335 0.295422 0.127444 0.0374109 1.20449 -88.4052 0.481993 
0.1 3.335 0.292778 0.124861 0.036203 1.17367 -88.0415 0.474148 
0.1 3.335 0.296246 0.127431 0.0373206 1.1895 -88.7312 0.484534 
0.1 3.34 0.293358 0.125499 0.0363139 1.18085 -87.9224 0.482394 
0.1 3.34 0.292448 0.124912 0.0363949 1.17922 -87.7016 0.478321 
0.1 3.34 0.294844 0.12615 0.0363041 1.17417 -88.0892 0.470295 
0.1 3.345 0.291758 0.123913 0.0352694 1.15966 -87.4687 0.468964 
0.1 3.345 0.29256 0.124143 0.035674 1.15251 -87.5828 0.474614 
0.1 3.345 0.292924 0.125039 0.0362528 1.17293 -87.9492 0.485803 
0.1 3.35 0.294776 0.125626 0.0361268 1.1562 -87.3966 0.471657 
0.1 3.35 0.290866 0.123164 0.0351129 1.15109 -87.532 0.475497 
0.1 3.35 0.291452 0.123594 0.0352224 1.15372 -87.1798 0.471908 
0.1 3.355 0.28816 0.121561 0.0346127 1.14829 -87.1656 0.460342 
0.1 3.355 0.287584 0.120588 0.0339782 1.12917 -87.0105 0.463864 
0.1 3.355 0.289176 0.122535 0.0351866 1.15982 -87.2402 0.478899 
0.1 3.36 0.288134 0.121104 0.034103 1.13341 -86.9667 0.464787 
0.1 3.36 0.286264 0.119964 0.0337992 1.13145 -86.9926 0.46305 
0.1 3.36 0.28531 0.119061 0.0331597 1.12082 -86.7662 0.458941 
0.1 3.365 0.287672 0.121147 0.034207 1.14092 -86.6076 0.465975 
0.1 3.365 0.285408 0.119828 0.0339721 1.14027 -86.755 0.46464 
0.1 3.365 0.285122 0.118873 0.0330006 1.11674 -86.7788 0.448167 
0.1 3.37 0.28328 0.118205 0.0331181 1.12633 -86.4631 0.461637 
0.1 3.37 0.284946 0.118973 0.033156 1.12102 -86.6462 0.447093 
0.1 3.37 0.288474 0.120792 0.0338267 1.11496 -86.6138 0.462778 
0.1 3.375 0.286648 0.120186 0.0338359 1.12649 -86.6665 0.46486 
0.1 3.375 0.284692 0.119074 0.0334749 1.12664 -86.4966 0.456758 
0.1 3.375 0.287994 0.12066 0.0337857 1.11761 -86.7063 0.459752 
0.1 3.38 0.281188 0.116551 0.0321988 1.10901 -85.7699 0.452667 
0.1 3.38 0.283764 0.117778 0.032595 1.10226 -86.0851 0.454326 
0.1 3.38 0.2861 0.119323 0.0332027 1.10859 -86.3073 0.456491 
0.1 3.385 0.2833 0.117189 0.0320327 1.09098 -85.9933 0.448075 
0.1 3.385 0.281166 0.11524 0.0308343 1.069 -85.6863 0.436152 
0.1 3.385 0.28423 0.118202 0.0328492 1.10534 -86.1862 0.454737 
0.1 3.39 0.278658 0.114069 0.0309478 1.0743 -85.5634 0.443921 
0.1 3.39 0.28069 0.116018 0.0317618 1.09825 -85.5436 0.437334 
0.1 3.39 0.281458 0.116429 0.0320495 1.09765 -85.5548 0.447764 
0.1 3.395 0.27818 0.113986 0.0310411 1.07811 -85.1841 0.446661 
0.1 3.395 0.277206 0.11374 0.0313811 1.0868 -85.4805 0.450495 
0.1 3.395 0.28232 0.116216 0.0315662 1.07544 -85.5165 0.444871 
0.1 3.4 0.277524 0.112925 0.0299649 1.05604 -84.9455 0.434108 
0.1 3.4 0.281878 0.116275 0.0315488 1.08292 -85.2698 0.436067 
0.1 3.4 0.276824 0.112535 0.0300015 1.05599 -84.9266 0.429859 
0.1 3.405 0.279212 0.114387 0.0311309 1.06983 -85.213 0.445171 
0.1 3.405 0.278068 0.112899 0.029785 1.04485 -84.7042 0.428134 
0.1 3.405 0.277334 0.112545 0.0302097 1.04644 -84.5691 0.435661 
0.1 3.41 0.274532 0.110827 0.0291612 1.03987 -84.5297 0.429065 
0.1 3.41 0.277074 0.112616 0.0301032 1.05122 -84.6291 0.438636 
0.1 3.41 0.276328 0.112707 0.0305246 1.06597 -84.8998 0.437055 
0.1 3.415 0.2737 0.110297 0.0289057 1.03619 -84.0637 0.42816 
0.1 3.415 0.272946 0.109464 0.0288499 1.02385 -84.091 0.43631 
0.1 3.415 0.272778 0.109722 0.0288171 1.03409 -84.6889 0.430745 
0.1 3.42 0.275336 0.110741 0.0287518 1.02137 -84.5325 0.423117 
0.1 3.42 0.273394 0.109877 0.0287815 1.02727 -84.2706 0.418249 
0.1 3.42 0.27482 0.111696 0.0300336 1.05759 -84.3866 0.436262 
0.1 3.425 0.27315 0.109849 0.0289221 1.02886 -84.2861 0.411944 
0.1 3.425 0.272362 0.108663 0.0279552 1.00677 -84.1609 0.417641 
0.1 3.425 0.275018 0.111756 0.029896 1.05463 -84.1425 0.432524 
0.1 3.43 0.2719 0.108929 0.0281886 1.02039 -84.2779 0.410357 
0.1 3.43 0.271774 0.108256 0.0277195 1.00278 -83.9572 0.410934 
0.1 3.43 0.26797 0.106558 0.0276108 1.01313 -83.657 0.41687 
0.1 3.435 0.270572 0.107227 0.0273955 0.990337 -83.5306 0.409796 
0.1 3.435 0.270406 0.107095 0.0271212 0.989089 -83.7648 0.405722 
0.1 3.435 0.26762 0.105749 0.027122 0.993542 -83.2641 0.412677 
0.1 3.44 0.268628 0.106166 0.0269587 0.988503 -83.5768 0.412023 
0.1 3.44 0.267742 0.106454 0.0274159 1.0107 -83.7943 0.413124 
0.1 3.44 0.26845 0.10678 0.0276967 1.00913 -83.464 0.415263 
0.1 3.445 0.269648 0.107123 0.0275647 0.998917 -83.1379 0.414553 
0.1 3.445 0.268984 0.107314 0.027787 1.01485 -83.0873 0.415899 
0.1 3.445 0.268856 0.106379 0.0271704 0.989716 -83.3875 0.408052 
0.1 3.45 0.267238 0.105122 0.0265951 0.976985 -83.0113 0.4164 
0.1 3.45 0.262522 0.102732 0.0257027 0.980134 -82.3607 0.401401 
0.1 3.45 0.266974 0.104588 0.0261661 0.965592 -82.6955 0.399309 
0.1 3.455 0.267522 0.10545 0.0266524 0.980673 -82.8455 0.403316 
0.1 3.455 0.267614 0.106077 0.0272218 0.997383 -83.1356 0.410972 
0.1 3.455 0.269812 0.106787 0.0272315 0.983758 -82.6123 0.406986 
0.1 3.46 0.26407 0.103426 0.0260293 0.973786 -82.4079 0.404966 
0.1 3.46 0.266252 0.104568 0.0262745 0.973344 -82.7317 0.413339 
0.1 3.46 0.26462 0.10366 0.0262935 0.972141 -82.4017 0.40634 
0.1 3.465 0.265562 0.104178 0.02626 0.97129 -82.4336 0.409035 
0.1 3.465 0.266446 0.10472 0.0264664 0.973336 -82.5418 0.414473 
0.1 3.465 0.269288 0.106376 0.0269706 0.977193 -82.6346 0.408626 
0.1 3.47 0.26208 0.101919 0.0253066 0.957738 -81.9923 0.398132 
0.1 3.47 0.265068 0.103417 0.0256954 0.955493 -82.5092 0.400225 
0.1 3.47 0.265844 0.104335 0.0263038 0.970075 -82.4361 0.413247 
0.1 3.475 0.267698 0.10586 0.0270273 0.984121 -82.3781 0.405236 
0.1 3.475 0.263092 0.102249 0.0255305 0.95056 -82.0824 0.396331 
0.1 3.475 0.261778 0.101735 0.0253556 0.955603 -82.1841 0.399083 
0.1 3.48 0.261328 0.101467 0.025349 0.953283 -81.5494 0.392731 
0.1 3.48 0.263278 0.102871 0.0260668 0.964244 -81.9352 0.406183 
0.1 3.48 0.263362 0.102361 0.0252464 0.948325 -81.6211 0.394257 
0.1 3.485 0.25956 0.100578 0.0248806 0.952844 -81.6354 0.393941 
0.1 3.485 0.259824 0.100464 0.0246409 0.945627 -81.7822 0.388973 
0.1 3.485 0.26031 0.100335 0.0244947 0.93469 -81.4416 0.387768 
0.1 3.49 0.26202 0.102627 0.0260431 0.973437 -81.7375 0.397548 
0.1 3.49 0.258362 0.0989664 0.0239418 0.923081 -81.3929 0.379732 
0.1 3.49 0.258356 0.0994587 0.0242977 0.937275 -81.6146 0.385266 
0.1 3.495 0.254416 0.0974527 0.0237535 0.936344 -81.0505 0.396334 
0.1 3.495 0.259666 0.0998938 0.0246383 0.928966 -81.4412 0.386932 
0.1 3.495 0.262556 0.102477 0.0258784 0.959683 -81.4878 0.403058 
