size temperature m m2 m4 mag_sus 
10 1.5 0.997848 0.995751 0.991714 0.00334459 -219.017 0.043516 
10 1.5 0.997966 0.995984 0.992169 0.00318819 -219.069 0.0410221 
10 1.5 0.997794 0.995644 0.991505 0.0034009 -218.988 0.0452022 
10 1.505 0.997856 0.995768 0.991753 0.00342081 -219.017 0.0442985 
10 1.505 0.997876 0.995806 0.991821 0.00328828 -219.024 0.0430664 
10 1.505 0.997836 0.99573 0.991683 0.00353203 -219.017 0.044915 
10 1.51 0.997694 0.995451 0.991148 0.00385181 -218.956 0.0472663 
10 1.51 0.997688 0.995441 0.991131 0.0039321 -218.961 0.0478207 
10 1.51 0.997826 0.995708 0.991631 0.00337177 -219.009 0.0430187 
10 1.515 0.997812 0.99568 0.991579 0.00340678 -218.999 0.0439245 
10 1.515 0.99776 0.995579 0.991387 0.0035764 -218.981 0.0450501 
10 1.515 0.997806 0.995669 0.991558 0.00343408 -218.996 0.0440647 
10 1.52 0.99779 0.995639 0.991508 0.00358131 -218.998 0.044335 
10 1.52 0.997682 0.995424 0.991083 0.00362282 -218.943 0.0461235 
10 1.52 0.997728 0.995514 0.991254 0.00348671 -218.954 0.0457607 
10 1.525 0.997542 0.995149 0.990549 0.00386087 -218.885 0.0484761 
10 1.525 0.997474 0.995016 0.990297 0.00406946 -218.856 0.0503787 
10 1.525 0.9977 0.995461 0.991157 0.00364525 -218.956 0.0451231 
10 1.53 0.99771 0.99548 0.991191 0.00356052 -218.954 0.0453728 
10 1.53 0.99743 0.994933 0.990149 0.00437092 -218.839 0.0522035 
10 1.53 0.997644 0.995349 0.990936 0.00364766 -218.92 0.0467731 
10 1.535 0.997546 0.995159 0.990576 0.00396729 -218.888 0.0478357 
10 1.535 0.997372 0.994816 0.989912 0.00425626 -218.82 0.0509626 
10 1.535 0.997498 0.995061 0.990373 0.00381629 -218.857 0.0487961 
10 1.54 0.997274 0.994622 0.989531 0.00432525 -218.77 0.0529902 
10 1.54 0.997582 0.995228 0.990705 0.00378917 -218.89 0.04881 
10 1.54 0.997338 0.994748 0.989774 0.00421258 -218.797 0.0516528 
10 1.545 0.99724 0.994553 0.989391 0.00426035 -218.742 0.0527673 
10 1.545 0.99732 0.994715 0.989721 0.00440761 -218.789 0.0524312 
10 1.545 0.99733 0.99473 0.989732 0.00407709 -218.783 0.0509231 
10 1.55 0.9973 0.994674 0.989636 0.00433484 -218.782 0.0516351 
10 1.55 0.997354 0.994781 0.989844 0.00426314 -218.806 0.0505365 
10 1.55 0.997386 0.994841 0.989949 0.00401077 -218.808 0.0494948 
10 1.555 0.997258 0.994595 0.989489 0.00458659 -218.754 0.052613 
10 1.555 0.997486 0.995036 0.990319 0.00369131 -218.845 0.0473888 
10 1.555 0.997094 0.994269 0.988849 0.00465564 -218.686 0.0552744 
10 1.56 0.997186 0.994449 0.989198 0.00445394 -218.718 0.0547567 
10 1.56 0.99717 0.994418 0.989138 0.00448917 -218.722 0.0543708 
10 1.56 0.997142 0.994362 0.989028 0.00449948 -218.705 0.0547987 
10 1.565 0.997048 0.994176 0.988664 0.00458056 -218.665 0.0549309 
10 1.565 0.997124 0.994324 0.988942 0.0043226 -218.686 0.0537431 
10 1.565 0.997072 0.994227 0.988772 0.00473782 -218.682 0.0552197 
10 1.57 0.99706 0.994201 0.988713 0.00458576 -218.67 0.0549954 
10 1.57 0.996894 0.993876 0.98809 0.00497788 -218.597 0.0593358 
10 1.57 0.99704 0.994161 0.988633 0.00457824 -218.652 0.0556972 
10 1.575 0.997074 0.99423 0.988776 0.00466022 -218.676 0.0557615 
10 1.575 0.997022 0.994128 0.988581 0.00477787 -218.651 0.0570669 
10 1.575 0.997022 0.994129 0.988583 0.00481343 -218.664 0.0552101 
10 1.58 0.997042 0.994167 0.988654 0.00469938 -218.661 0.0551808 
10 1.58 0.9969 0.993885 0.988098 0.00476899 -218.594 0.0572084 
10 1.58 0.996878 0.99384 0.988002 0.00467172 -218.577 0.0566148 
10 1.585 0.99669 0.993474 0.987308 0.00521665 -218.513 0.0598392 
10 1.585 0.996654 0.993403 0.987175 0.00531257 -218.492 0.0619572 
10 1.585 0.996738 0.993572 0.987513 0.00538797 -218.544 0.0597025 
10 1.59 0.996776 0.993642 0.987629 0.00499659 -218.546 0.056993 
10 1.59 0.996648 0.993389 0.987137 0.00513485 -218.488 0.0605534 
10 1.59 0.996448 0.993005 0.986425 0.00603417 -218.425 0.0646443 
10 1.595 0.996548 0.993197 0.98678 0.0055576 -218.446 0.0632216 
10 1.595 0.996554 0.993209 0.986806 0.00558778 -218.457 0.0626271 
10 1.595 0.996544 0.993187 0.986756 0.00547562 -218.451 0.0607895 
10 1.6 0.9967 0.993492 0.987337 0.00504438 -218.503 0.0603548 
10 1.6 0.99663 0.993356 0.987084 0.00530769 -218.478 0.061858 
10 1.6 0.99659 0.993277 0.986925 0.00530574 -218.471 0.0604723 
10 1.605 0.9964 0.992904 0.986205 0.00564735 -218.371 0.0644719 
10 1.605 0.996508 0.993115 0.986613 0.00541595 -218.433 0.0618708 
10 1.605 0.996648 0.99339 0.987143 0.00517159 -218.493 0.0581657 
10 1.61 0.996394 0.992893 0.986192 0.00573893 -218.384 0.0636739 
10 1.61 0.996418 0.992937 0.986261 0.00544654 -218.376 0.0639447 
10 1.61 0.996414 0.992929 0.98625 0.00549445 -218.381 0.0639112 
10 1.615 0.996378 0.992857 0.986103 0.00543165 -218.356 0.0643005 
10 1.615 0.996344 0.992793 0.98599 0.00566153 -218.356 0.0653867 
10 1.615 0.996288 0.992686 0.985793 0.00593815 -218.343 0.0657721 
10 1.62 0.996156 0.992422 0.98527 0.0059027 -218.269 0.0667437 
10 1.62 0.996232 0.992574 0.985572 0.00592359 -218.31 0.0666176 
10 1.62 0.996118 0.992351 0.985141 0.00613889 -218.253 0.0685787 
10 1.625 0.996254 0.992615 0.98564 0.00569154 -218.302 0.0664864 
10 1.625 0.996188 0.992487 0.9854 0.00591438 -218.283 0.0672089 
10 1.625 0.996106 0.992327 0.985099 0.00616842 -218.26 0.0682739 
10 1.63 0.995952 0.992024 0.984508 0.00633213 -218.186 0.0707112 
10 1.63 0.996118 0.992352 0.985146 0.00616504 -218.257 0.0677282 
10 1.63 0.996068 0.992252 0.984949 0.00614843 -218.233 0.0691894 
10 1.635 0.995916 0.991958 0.984398 0.0066863 -218.173 0.0724513 
10 1.635 0.995964 0.992043 0.984531 0.00605937 -218.172 0.0696949 
10 1.635 0.995852 0.991832 0.984156 0.00678129 -218.169 0.0717583 
10 1.64 0.995928 0.991983 0.984453 0.00674505 -218.195 0.0702775 
10 1.64 0.995844 0.991816 0.984121 0.0067273 -218.147 0.0726292 
10 1.64 0.995842 0.991812 0.984113 0.00674336 -218.142 0.0719759 
10 1.645 0.995828 0.991777 0.984021 0.00630969 -218.117 0.0714467 
10 1.645 0.9958 0.991725 0.983932 0.00654347 -218.12 0.0715767 
10 1.645 0.995736 0.991599 0.983689 0.00663698 -218.102 0.0716912 
10 1.65 0.995814 0.991752 0.983981 0.0064556 -218.125 0.0708204 
10 1.65 0.99578 0.991689 0.983872 0.00672676 -218.127 0.0710937 
10 1.65 0.995834 0.991792 0.984061 0.00646572 -218.131 0.0713045 
10 1.655 0.995614 0.991361 0.98323 0.00684489 -218.033 0.074139 
10 1.655 0.995608 0.991347 0.983198 0.00675229 -218.035 0.07381 
10 1.655 0.995456 0.991054 0.982653 0.00736145 -217.966 0.0790134 
10 1.66 0.995614 0.991356 0.983205 0.0065544 -218.035 0.0717079 
10 1.66 0.995662 0.991452 0.983397 0.00658444 -218.053 0.0724066 
10 1.66 0.995508 0.991155 0.982841 0.00713144 -217.997 0.0758566 
10 1.665 0.995266 0.99068 0.981926 0.00753089 -217.899 0.0781829 
10 1.665 0.99546 0.991061 0.982665 0.00725216 -217.973 0.0782026 
10 1.665 0.99539 0.990916 0.982356 0.00689897 -217.929 0.0765181 
10 1.67 0.995232 0.990613 0.981798 0.00756324 -217.884 0.0797812 
10 1.67 0.995274 0.990689 0.981921 0.00711047 -217.879 0.0783712 
10 1.67 0.99537 0.990885 0.982327 0.00740378 -217.939 0.0787901 
10 1.675 0.995356 0.990861 0.982294 0.00763422 -217.963 0.0760413 
10 1.675 0.995156 0.990461 0.981494 0.00749705 -217.849 0.0782446 
10 1.675 0.995108 0.990365 0.981303 0.00746438 -217.823 0.0794731 
10 1.68 0.995254 0.990652 0.981859 0.00724735 -217.868 0.0791292 
10 1.68 0.99504 0.990234 0.98106 0.00771657 -217.796 0.0806808 
10 1.68 0.994924 0.99001 0.980638 0.00808061 -217.753 0.0834341 
10 1.685 0.99499 0.990135 0.980864 0.00770445 -217.77 0.0806124 
10 1.685 0.995092 0.990333 0.981238 0.00740128 -217.805 0.0791158 
10 1.685 0.995012 0.990175 0.980932 0.00750148 -217.775 0.0796871 
10 1.69 0.994718 0.9896 0.979828 0.00803198 -217.655 0.08383 
10 1.69 0.99496 0.990076 0.980751 0.00773245 -217.751 0.081228 
10 1.69 0.994834 0.989834 0.980302 0.00822677 -217.703 0.0860995 
10 1.695 0.994856 0.989869 0.980343 0.00771323 -217.709 0.0815666 
10 1.695 0.994626 0.989428 0.979529 0.00870089 -217.627 0.086361 
10 1.695 0.994708 0.989585 0.979815 0.00830647 -217.651 0.0852912 
10 1.7 0.994566 0.98931 0.979296 0.00871716 -217.591 0.0867217 
10 1.7 0.994646 0.989467 0.9796 0.00859851 -217.637 0.0847875 
10 1.7 0.99472 0.989604 0.979836 0.00798833 -217.651 0.0836621 
10 1.705 0.994606 0.989381 0.979407 0.0081821 -217.602 0.0832953 
10 1.705 0.994608 0.989387 0.979433 0.00834993 -217.611 0.0866881 
10 1.705 0.99449 0.989156 0.978989 0.00856774 -217.572 0.0858575 
10 1.71 0.99412 0.988437 0.977628 0.0095243 -217.417 0.0927439 
10 1.71 0.99457 0.989311 0.979278 0.00827574 -217.591 0.0852238 
10 1.71 0.994448 0.989072 0.97882 0.00849914 -217.543 0.0863708 
10 1.715 0.994394 0.988965 0.978607 0.00846488 -217.505 0.0878212 
10 1.715 0.994196 0.988585 0.977905 0.0092731 -217.443 0.0915244 
10 1.715 0.99457 0.989309 0.979268 0.00815831 -217.574 0.0851534 
10 1.72 0.99416 0.988513 0.977763 0.00923107 -217.431 0.0910686 
10 1.72 0.99404 0.98828 0.977321 0.0095813 -217.37 0.092975 
10 1.72 0.994326 0.988829 0.978337 0.00842359 -217.469 0.0865821 
10 1.725 0.994228 0.988641 0.97799 0.00880487 -217.426 0.0891513 
10 1.725 0.994138 0.988471 0.977684 0.0092891 -217.426 0.0901442 
10 1.725 0.99416 0.988507 0.977729 0.00884257 -217.419 0.0895104 
10 1.73 0.994062 0.988315 0.977362 0.00900232 -217.36 0.0918529 
10 1.73 0.994064 0.988323 0.97739 0.00922335 -217.376 0.090822 
10 1.73 0.993962 0.988123 0.977009 0.00942327 -217.326 0.0933031 
10 1.735 0.99397 0.988151 0.977097 0.0100887 -217.358 0.0930915 
10 1.735 0.993892 0.987979 0.976705 0.00907276 -217.297 0.0921481 
10 1.735 0.993782 0.987773 0.976343 0.00980844 -217.272 0.0954603 
10 1.74 0.993744 0.987697 0.976195 0.0097829 -217.234 0.0968886 
10 1.74 0.993674 0.987558 0.975916 0.00974837 -217.206 0.0966268 
10 1.74 0.993736 0.987684 0.976178 0.00993806 -217.241 0.096659 
10 1.745 0.993546 0.98731 0.975451 0.0101035 -217.149 0.0993894 
10 1.745 0.99357 0.987354 0.975528 0.00991949 -217.177 0.0961997 
10 1.745 0.993662 0.987535 0.975877 0.00980801 -217.217 0.0931339 
10 1.75 0.99338 0.986985 0.974826 0.0103277 -217.096 0.0989928 
10 1.75 0.993458 0.987135 0.975109 0.0100916 -217.115 0.0988716 
10 1.75 0.993482 0.987182 0.975195 0.0100089 -217.11 0.099983 
10 1.755 0.99331 0.986838 0.974513 0.00989652 -217.036 0.0982408 
10 1.755 0.993294 0.986814 0.974488 0.01029 -217.043 0.0999509 
10 1.755 0.993342 0.986912 0.974696 0.0104907 -217.083 0.0995282 
10 1.76 0.993122 0.986495 0.97394 0.0115598 -217.027 0.102712 
10 1.76 0.99322 0.98667 0.974221 0.0104791 -217.016 0.102247 
10 1.76 0.993338 0.986903 0.974669 0.0103533 -217.068 0.098986 
10 1.765 0.992994 0.986228 0.973375 0.0108372 -216.92 0.104979 
10 1.765 0.993292 0.986819 0.974531 0.0107809 -217.073 0.0982502 
10 1.765 0.993182 0.986603 0.974112 0.0109074 -216.997 0.102106 
10 1.77 0.99309 0.98641 0.973701 0.0103216 -216.928 0.102411 
10 1.77 0.992932 0.986112 0.973165 0.0111799 -216.907 0.102594 
10 1.77 0.993252 0.986731 0.974332 0.0102726 -217.036 0.0997529 
10 1.775 0.992994 0.986228 0.973372 0.0107581 -216.924 0.102051 
10 1.775 0.99278 0.985815 0.972601 0.0114452 -216.824 0.108086 
10 1.775 0.992632 0.985526 0.972047 0.0116751 -216.793 0.107617 
10 1.78 0.992676 0.985623 0.972266 0.0121955 -216.823 0.107236 
10 1.78 0.992646 0.985545 0.972055 0.0111887 -216.759 0.106395 
10 1.78 0.992512 0.985301 0.971649 0.0123871 -216.756 0.110047 
10 1.785 0.99266 0.985577 0.972134 0.0113862 -216.778 0.106692 
10 1.785 0.992418 0.985105 0.971237 0.0118764 -216.686 0.110916 
10 1.785 0.992826 0.985898 0.972737 0.0109184 -216.847 0.103656 
10 1.79 0.992074 0.984449 0.970032 0.0132927 -216.568 0.115622 
10 1.79 0.992486 0.985239 0.971494 0.0117665 -216.702 0.108702 
10 1.79 0.992288 0.984851 0.970749 0.0120472 -216.636 0.11028 
10 1.795 0.9922 0.984682 0.970434 0.0123075 -216.607 0.111586 
10 1.795 0.992308 0.984894 0.970844 0.0121868 -216.642 0.111835 
10 1.795 0.992254 0.984785 0.970624 0.012098 -216.621 0.110243 
10 1.8 0.99231 0.98489 0.970809 0.0117169 -216.625 0.109346 
10 1.8 0.992116 0.984508 0.970071 0.0119024 -216.548 0.110328 
10 1.8 0.99225 0.984785 0.970651 0.012501 -216.62 0.113961 
10 1.805 0.99197 0.984237 0.969599 0.0128642 -216.507 0.114955 
10 1.805 0.99208 0.984443 0.969962 0.012188 -216.533 0.112671 
10 1.805 0.991916 0.984132 0.969401 0.0129955 -216.489 0.116135 
10 1.81 0.991874 0.984045 0.969217 0.0127518 -216.445 0.115904 
10 1.81 0.992 0.9843 0.969733 0.013021 -216.529 0.114665 
10 1.81 0.991866 0.984041 0.969247 0.0134076 -216.466 0.117025 
10 1.815 0.991822 0.983935 0.968979 0.0123438 -216.434 0.113011 
10 1.815 0.99143 0.983177 0.967552 0.013397 -216.266 0.119798 
10 1.815 0.991702 0.983715 0.968605 0.0133148 -216.393 0.117859 
10 1.82 0.99151 0.983325 0.967809 0.0127714 -216.275 0.11906 
10 1.82 0.991522 0.983358 0.967909 0.0132969 -216.339 0.117744 
10 1.82 0.991614 0.983541 0.96827 0.0133426 -216.371 0.116854 
10 1.825 0.99157 0.983449 0.968072 0.0130595 -216.329 0.115389 
10 1.825 0.991328 0.982986 0.967216 0.0139439 -216.252 0.119203 
10 1.825 0.991182 0.982692 0.966629 0.013701 -216.16 0.122509 
10 1.83 0.991254 0.982842 0.966946 0.0140605 -216.209 0.123373 
10 1.83 0.991044 0.98243 0.966156 0.0143317 -216.134 0.123938 
10 1.83 0.990968 0.982283 0.965879 0.0145062 -216.072 0.128011 
10 1.835 0.990938 0.982223 0.965758 0.014461 -216.07 0.124506 
10 1.835 0.990864 0.982085 0.965517 0.0148999 -216.057 0.126784 
10 1.835 0.990998 0.982348 0.966015 0.014773 -216.122 0.12196 
10 1.84 0.990752 0.981865 0.965093 0.0149562 -215.999 0.128495 
10 1.84 0.990486 0.981349 0.964123 0.0155654 -215.921 0.131111 
10 1.84 0.990794 0.981938 0.965204 0.014431 -216.009 0.126138 
10 1.845 0.990724 0.981801 0.964937 0.0144496 -215.976 0.125858 
10 1.845 0.990536 0.981434 0.964237 0.0147703 -215.906 0.126358 
10 1.845 0.99091 0.982167 0.965647 0.0143204 -216.09 0.120716 
10 1.85 0.990654 0.981659 0.964651 0.0142558 -215.95 0.124004 
10 1.85 0.990602 0.981576 0.964559 0.0153534 -215.97 0.12763 
10 1.85 0.990444 0.981268 0.963964 0.0155829 -215.888 0.128858 
10 1.855 0.990432 0.981235 0.963872 0.0150498 -215.859 0.128894 
10 1.855 0.990392 0.981161 0.963748 0.0153276 -215.836 0.134967 
10 1.855 0.98989 0.980187 0.961906 0.0164047 -215.672 0.133454 
10 1.86 0.989904 0.980219 0.961982 0.0165931 -215.706 0.132423 
10 1.86 0.9903 0.980988 0.963438 0.0158231 -215.83 0.129319 
10 1.86 0.990594 0.981553 0.964486 0.0148757 -215.932 0.127657 
10 1.865 0.989666 0.979772 0.961171 0.0178557 -215.567 0.141416 
10 1.865 0.989908 0.980221 0.961971 0.0162655 -215.676 0.133993 
10 1.865 0.990012 0.980432 0.962402 0.0165405 -215.723 0.13479 
10 1.87 0.989648 0.97971 0.960977 0.0164126 -215.536 0.136078 
10 1.87 0.989838 0.980082 0.961698 0.0161654 -215.645 0.134862 
10 1.87 0.989774 0.979948 0.961407 0.0157748 -215.613 0.13087 
10 1.875 0.989338 0.979123 0.959924 0.0177601 -215.459 0.142214 
10 1.875 0.989756 0.97993 0.961435 0.0167094 -215.637 0.134139 
10 1.875 0.989364 0.979163 0.95996 0.0171432 -215.456 0.137716 
10 1.88 0.989208 0.978865 0.959409 0.0176858 -215.382 0.141168 
10 1.88 0.989242 0.978933 0.959555 0.0177439 -215.412 0.142319 
10 1.88 0.98956 0.979558 0.96076 0.0175089 -215.521 0.140209 
10 1.885 0.989316 0.979075 0.959817 0.0174606 -215.421 0.140541 
10 1.885 0.989142 0.978737 0.959172 0.0177901 -215.36 0.140066 
10 1.885 0.989148 0.97876 0.959255 0.0183679 -215.382 0.143461 
10 1.89 0.989186 0.978807 0.95926 0.0168496 -215.351 0.140176 
10 1.89 0.988932 0.978308 0.958295 0.0170275 -215.249 0.14074 
10 1.89 0.98897 0.9784 0.958531 0.0179121 -215.29 0.142948 
10 1.895 0.988724 0.977921 0.957618 0.0182402 -215.18 0.144241 
10 1.895 0.98928 0.978998 0.959645 0.0170745 -215.414 0.135833 
10 1.895 0.988656 0.977786 0.95735 0.0182308 -215.151 0.143612 
10 1.9 0.988552 0.977621 0.957163 0.0203149 -215.138 0.152744 
10 1.9 0.988666 0.97781 0.957414 0.0184116 -215.176 0.14239 
10 1.9 0.988472 0.977426 0.956667 0.0183655 -215.1 0.14546 
10 1.905 0.988134 0.976782 0.955495 0.0195883 -214.965 0.15488 
10 1.905 0.988274 0.977026 0.955856 0.0178636 -214.983 0.144858 
10 1.905 0.988078 0.97667 0.955268 0.0195268 -214.922 0.153426 
10 1.91 0.988186 0.976856 0.955543 0.018056 -214.964 0.144884 
10 1.91 0.988228 0.97696 0.955814 0.0191403 -214.985 0.150768 
10 1.91 0.988226 0.976961 0.955832 0.0194122 -214.972 0.152503 
10 1.915 0.98791 0.976332 0.954593 0.0191181 -214.856 0.150259 
10 1.915 0.987862 0.97625 0.954469 0.0197634 -214.826 0.154036 
10 1.915 0.987936 0.976394 0.954746 0.0196501 -214.877 0.152558 
10 1.92 0.987832 0.976186 0.954337 0.0194885 -214.826 0.152354 
10 1.92 0.987878 0.976282 0.954538 0.0197321 -214.852 0.152223 
10 1.92 0.987764 0.976064 0.954138 0.0201229 -214.808 0.154547 
10 1.925 0.98727 0.975084 0.952218 0.0198518 -214.559 0.15913 
10 1.925 0.987534 0.975626 0.953334 0.0209288 -214.723 0.156633 
10 1.925 0.987676 0.975881 0.95375 0.0195802 -214.751 0.153631 
10 1.93 0.98728 0.975123 0.952352 0.0208104 -214.602 0.156992 
10 1.93 0.98753 0.975607 0.953264 0.0202891 -214.719 0.15366 
10 1.93 0.987834 0.976182 0.954297 0.0189486 -214.807 0.14901 
10 1.935 0.98711 0.974781 0.951673 0.0204138 -214.554 0.157887 
10 1.935 0.986844 0.974275 0.950747 0.0214015 -214.425 0.162919 
10 1.935 0.987252 0.975082 0.952321 0.0214475 -214.638 0.159314 
10 1.94 0.98698 0.974528 0.95119 0.0205319 -214.472 0.159347 
10 1.94 0.987088 0.974752 0.951659 0.021101 -214.531 0.15885 
10 1.94 0.98689 0.974364 0.950915 0.0212251 -214.434 0.16191 
10 1.945 0.986488 0.973611 0.949574 0.0232548 -214.337 0.163065 
10 1.945 0.986818 0.974239 0.950728 0.0220727 -214.436 0.165347 
10 1.945 0.986592 0.973772 0.949749 0.0209843 -214.288 0.161926 
10 1.95 0.985966 0.972582 0.947595 0.0232516 -214.102 0.172549 
10 1.95 0.986398 0.973417 0.949153 0.0223705 -214.246 0.166394 
10 1.95 0.98604 0.972703 0.947741 0.0219733 -214.096 0.165171 
10 1.955 0.986166 0.972972 0.948318 0.0229698 -214.156 0.165756 
10 1.955 0.986092 0.972828 0.948059 0.0230469 -214.162 0.166944 
10 1.955 0.985984 0.972622 0.947677 0.0234001 -214.1 0.1694 
10 1.96 0.985998 0.972666 0.947815 0.0241869 -214.151 0.16797 
10 1.96 0.985708 0.972097 0.946728 0.0243254 -214.001 0.176313 
10 1.96 0.986246 0.973131 0.948624 0.0229463 -214.215 0.161377 
10 1.965 0.985804 0.972249 0.9469 0.0223712 -214.017 0.165179 
10 1.965 0.985644 0.971958 0.946416 0.0236247 -213.962 0.170637 
10 1.965 0.985654 0.97196 0.946365 0.0227253 -213.941 0.170009 
10 1.97 0.985454 0.971598 0.945757 0.0242708 -213.891 0.172256 
10 1.97 0.98536 0.971401 0.945345 0.0236665 -213.835 0.17608 
10 1.97 0.985422 0.971506 0.945492 0.0228102 -213.866 0.16704 
10 1.975 0.9853 0.971287 0.945134 0.0238618 -213.792 0.173395 
10 1.975 0.985112 0.970933 0.944512 0.0246981 -213.762 0.179314 
10 1.975 0.985342 0.971373 0.945318 0.0240234 -213.837 0.174252 
10 1.98 0.984806 0.970342 0.943403 0.0252274 -213.637 0.181606 
10 1.98 0.98512 0.970954 0.94454 0.0248538 -213.735 0.175327 
10 1.98 0.984412 0.96961 0.942117 0.0274452 -213.536 0.184853 
10 1.985 0.984742 0.970236 0.943258 0.0261579 -213.626 0.181069 
10 1.985 0.985004 0.970722 0.944105 0.0246529 -213.735 0.174472 
10 1.985 0.984838 0.970398 0.943485 0.0247815 -213.645 0.176276 
10 1.99 0.984252 0.969275 0.94142 0.0262834 -213.438 0.18479 
10 1.99 0.984632 0.97 0.942741 0.0251048 -213.544 0.182623 
10 1.99 0.98429 0.969334 0.941484 0.0254892 -213.441 0.181762 
10 1.995 0.984182 0.969142 0.941164 0.0264376 -213.419 0.178591 
10 1.995 0.98435 0.969439 0.941633 0.0247618 -213.414 0.179418 
10 1.995 0.984028 0.968853 0.940658 0.0271567 -213.335 0.188543 
10 2 0.983716 0.968249 0.939525 0.0276056 -213.239 0.186274 
10 2 0.98392 0.968639 0.940243 0.0270397 -213.322 0.184026 
10 2 0.983604 0.968045 0.939181 0.0283946 -213.21 0.190497 
10 2.005 0.984036 0.968863 0.940666 0.0267507 -213.368 0.182486 
10 2.005 0.98366 0.968137 0.939309 0.0274416 -213.239 0.184793 
10 2.005 0.983354 0.967534 0.938133 0.0273871 -213.049 0.187444 
10 2.01 0.98324 0.967376 0.938033 0.0305822 -213.125 0.191099 
10 2.01 0.983336 0.967547 0.938313 0.029707 -213.058 0.200385 
10 2.01 0.983484 0.96781 0.938735 0.0283235 -213.125 0.19105 
10 2.015 0.982738 0.966384 0.936108 0.0302642 -212.858 0.196631 
10 2.015 0.983078 0.96701 0.937186 0.0281492 -212.944 0.194491 
10 2.015 0.983312 0.96746 0.938003 0.0276442 -213.042 0.185773 
10 2.02 0.98275 0.966392 0.93607 0.0294454 -212.84 0.192623 
10 2.02 0.982824 0.966536 0.936357 0.0293478 -212.864 0.198781 
10 2.02 0.982674 0.966209 0.935625 0.0277708 -212.771 0.194503 
10 2.025 0.982272 0.965472 0.93436 0.0303268 -212.645 0.197871 
10 2.025 0.982112 0.965157 0.933756 0.0302587 -212.595 0.200868 
10 2.025 0.982642 0.966167 0.935594 0.0287022 -212.763 0.191107 
10 2.03 0.982392 0.965692 0.934747 0.029464 -212.711 0.197285 
10 2.03 0.982474 0.965843 0.935 0.0289418 -212.705 0.196908 
10 2.03 0.982564 0.96603 0.935372 0.0294496 -212.743 0.192031 
10 2.035 0.981702 0.964383 0.932365 0.0316513 -212.435 0.205012 
10 2.035 0.981976 0.964941 0.933502 0.0326455 -212.609 0.205368 
10 2.035 0.981758 0.964495 0.932584 0.0317322 -212.427 0.207343 
10 2.04 0.981806 0.964572 0.932687 0.0308342 -212.506 0.201053 
10 2.04 0.98156 0.964098 0.931803 0.0312807 -212.366 0.20405 
10 2.04 0.981586 0.964136 0.93183 0.0306198 -212.415 0.197465 
10 2.045 0.981288 0.963594 0.930939 0.0326387 -212.336 0.208054 
10 2.045 0.981704 0.964386 0.932368 0.031459 -212.432 0.206456 
10 2.045 0.98179 0.964533 0.932588 0.0304057 -212.488 0.196133 
10 2.05 0.981318 0.963618 0.930871 0.0308987 -212.254 0.206152 
10 2.05 0.980962 0.962949 0.929677 0.0323041 -212.182 0.207522 
10 2.05 0.980684 0.962425 0.928737 0.0333469 -212.057 0.21467 
10 2.055 0.980578 0.962271 0.928523 0.035902 -212.036 0.20811 
10 2.055 0.981158 0.963324 0.930353 0.031781 -212.215 0.202344 
10 2.055 0.980356 0.961871 0.927756 0.0376308 -211.974 0.208739 
10 2.06 0.980472 0.962012 0.927954 0.0333096 -212.006 0.209889 
10 2.06 0.980068 0.961305 0.926842 0.0374716 -211.934 0.216661 
10 2.06 0.980594 0.962238 0.928339 0.0326683 -212.017 0.208085 
10 2.065 0.980206 0.961474 0.926881 0.0324609 -211.866 0.211146 
10 2.065 0.979574 0.960309 0.924884 0.03603 -211.678 0.223112 
10 2.065 0.980024 0.961134 0.926276 0.0332668 -211.767 0.21573 
10 2.07 0.979762 0.960675 0.925566 0.0358137 -211.759 0.216048 
10 2.07 0.980082 0.961263 0.926563 0.0339031 -211.83 0.21251 
10 2.07 0.97979 0.960727 0.925665 0.0356558 -211.757 0.22236 
10 2.075 0.979332 0.959844 0.923976 0.036285 -211.527 0.218965 
10 2.075 0.979144 0.959512 0.923482 0.0380177 -211.525 0.226205 
10 2.075 0.979568 0.960285 0.924797 0.035272 -211.684 0.216896 
10 2.08 0.978978 0.959142 0.922651 0.0357632 -211.376 0.228693 
10 2.08 0.979536 0.960213 0.924628 0.0347396 -211.625 0.217652 
10 2.08 0.979084 0.959404 0.923266 0.0384097 -211.481 0.223151 
10 2.085 0.978738 0.958699 0.921868 0.0369634 -211.3 0.226558 
10 2.085 0.977772 0.956842 0.918424 0.0385725 -210.974 0.228838 
10 2.085 0.978242 0.95777 0.920228 0.0389712 -211.194 0.227468 
10 2.09 0.978476 0.958211 0.921024 0.0380898 -211.238 0.231149 
10 2.09 0.978296 0.957871 0.920389 0.0386477 -211.123 0.233564 
10 2.09 0.97834 0.957934 0.920457 0.0375562 -211.156 0.228517 
10 2.095 0.978244 0.957776 0.920253 0.0388791 -211.187 0.229547 
10 2.095 0.97817 0.957625 0.919952 0.038601 -211.146 0.23216 
10 2.095 0.978428 0.958108 0.920798 0.0375641 -211.197 0.227226 
10 2.1 0.978172 0.957637 0.919985 0.0388656 -211.176 0.226881 
10 2.1 0.977958 0.957234 0.919277 0.0396395 -211.073 0.232453 
10 2.1 0.977992 0.957281 0.919308 0.0386918 -211.074 0.233588 
10 2.105 0.97754 0.95644 0.917831 0.040655 -210.924 0.234098 
10 2.105 0.977732 0.956768 0.918308 0.0384141 -210.991 0.225468 
10 2.105 0.977648 0.956614 0.918038 0.0388631 -210.914 0.228625 
10 2.11 0.976976 0.955332 0.915695 0.0402567 -210.676 0.236015 
10 2.11 0.97741 0.956177 0.917315 0.0401503 -210.847 0.240528 
10 2.11 0.976848 0.955058 0.915105 0.0391424 -210.606 0.23406 
10 2.115 0.97633 0.95417 0.913764 0.0448913 -210.498 0.245576 
10 2.115 0.976628 0.954735 0.914791 0.0440884 -210.598 0.244971 
10 2.115 0.976738 0.954883 0.9149 0.0409437 -210.588 0.24041 
10 2.12 0.976388 0.954237 0.913783 0.0426223 -210.529 0.241973 
10 2.12 0.976498 0.954432 0.91409 0.0416875 -210.495 0.240826 
10 2.12 0.975994 0.953499 0.912447 0.0440675 -210.337 0.244318 
10 2.125 0.976208 0.953883 0.913103 0.0424142 -210.402 0.243942 
10 2.125 0.975406 0.952394 0.910479 0.0459734 -210.123 0.253837 
10 2.125 0.975758 0.953056 0.911659 0.0448172 -210.273 0.245564 
10 2.13 0.975498 0.952558 0.910751 0.0451536 -210.176 0.246229 
10 2.13 0.975264 0.952138 0.910067 0.0468756 -210.083 0.253759 
10 2.13 0.975864 0.953223 0.91189 0.0428551 -210.279 0.244765 
10 2.135 0.974678 0.950979 0.907829 0.045967 -209.851 0.25539 
10 2.135 0.975592 0.952678 0.910807 0.0420576 -210.153 0.242373 
10 2.135 0.975836 0.953178 0.911811 0.0431823 -210.274 0.244152 
10 2.14 0.97501 0.951571 0.908775 0.0432869 -209.882 0.250184 
10 2.14 0.974766 0.95113 0.908067 0.0449199 -209.891 0.250031 
10 2.14 0.975326 0.952203 0.910048 0.0440128 -210.04 0.255313 
10 2.145 0.974186 0.950062 0.906228 0.0477351 -209.721 0.257714 
10 2.145 0.974328 0.950369 0.90687 0.0491333 -209.775 0.257561 
10 2.145 0.974702 0.950994 0.907763 0.0442952 -209.831 0.24858 
10 2.15 0.973794 0.949303 0.904791 0.0478142 -209.534 0.260108 
10 2.15 0.973794 0.94935 0.904969 0.0500021 -209.564 0.260909 
10 2.15 0.973912 0.949504 0.905104 0.0465031 -209.56 0.259958 
10 2.155 0.974122 0.950031 0.906139 0.0518631 -209.647 0.249971 
10 2.155 0.973858 0.949417 0.905 0.0472314 -209.525 0.264536 
10 2.155 0.973782 0.949311 0.904898 0.0491479 -209.531 0.262838 
10 2.16 0.972818 0.947528 0.901741 0.0534064 -209.219 0.263804 
10 2.16 0.973184 0.948186 0.902885 0.0508788 -209.339 0.268329 
10 2.16 0.97359 0.948887 0.903956 0.0467552 -209.398 0.259071 
10 2.165 0.973172 0.94814 0.902747 0.0497302 -209.295 0.266386 
10 2.165 0.9726 0.947074 0.900871 0.0518596 -209.127 0.268365 
10 2.165 0.973046 0.947932 0.902356 0.0514403 -209.239 0.266107 
10 2.17 0.97159 0.945171 0.897471 0.0545674 -208.793 0.281843 
10 2.17 0.972102 0.946193 0.899422 0.0557816 -209.015 0.274435 
10 2.17 0.972758 0.947356 0.901332 0.0505951 -209.162 0.266484 
10 2.175 0.972098 0.946111 0.899041 0.0522519 -208.897 0.26681 
10 2.175 0.971822 0.945666 0.898472 0.0564727 -208.826 0.278453 
10 2.175 0.972308 0.946476 0.899646 0.0502746 -208.982 0.265806 
10 2.18 0.971264 0.944567 0.896374 0.0556662 -208.637 0.281839 
10 2.18 0.970868 0.943839 0.895144 0.0575324 -208.517 0.285042 
10 2.18 0.971624 0.945184 0.897324 0.0518827 -208.741 0.271457 
10 2.185 0.971458 0.944853 0.896695 0.0513517 -208.637 0.277773 
10 2.185 0.970746 0.943577 0.894539 0.0562601 -208.414 0.28202 
10 2.185 0.971166 0.944377 0.89603 0.0555424 -208.601 0.277327 
10 2.19 0.970064 0.942286 0.892269 0.0576363 -208.25 0.284074 
10 2.19 0.97152 0.945007 0.89704 0.0527895 -208.723 0.273574 
10 2.19 0.970388 0.942878 0.893276 0.0559383 -208.304 0.288631 
10 2.195 0.969722 0.941601 0.890902 0.0565177 -208.031 0.287806 
10 2.195 0.970192 0.942523 0.89265 0.0569751 -208.222 0.285118 
10 2.195 0.970062 0.942316 0.89238 0.0590103 -208.203 0.285764 
10 2.2 0.970024 0.94222 0.892181 0.0578982 -208.203 0.287857 
10 2.2 0.970122 0.942318 0.892106 0.0536902 -208.191 0.278646 
10 2.2 0.97002 0.942155 0.89189 0.0552727 -208.182 0.282067 
10 2.205 0.969752 0.941687 0.891175 0.0575283 -208.048 0.291644 
10 2.205 0.96894 0.940208 0.888651 0.0618085 -207.834 0.301561 
10 2.205 0.96936 0.940887 0.889563 0.0556948 -207.892 0.287207 
10 2.21 0.967984 0.938347 0.885158 0.0612713 -207.498 0.294927 
10 2.21 0.968918 0.940092 0.888232 0.0583543 -207.796 0.28723 
10 2.21 0.96853 0.939413 0.887182 0.061647 -207.715 0.300499 
10 2.215 0.968272 0.938898 0.886149 0.0608422 -207.539 0.299264 
10 2.215 0.967866 0.938187 0.885032 0.0642386 -207.492 0.299741 
10 2.215 0.96759 0.937677 0.884152 0.0653125 -207.373 0.30636 
10 2.22 0.967714 0.93787 0.884416 0.0630259 -207.403 0.303016 
10 2.22 0.9675 0.937483 0.88374 0.0642698 -207.267 0.308553 
10 2.22 0.967646 0.937785 0.884339 0.0651522 -207.396 0.306297 
10 2.225 0.967668 0.937782 0.884205 0.0629502 -207.38 0.298288 
10 2.225 0.967308 0.93716 0.883245 0.066281 -207.317 0.303532 
10 2.225 0.9677 0.937868 0.884406 0.0640175 -207.451 0.296465 
10 2.23 0.966886 0.93628 0.881445 0.0633033 -207.012 0.306428 
10 2.23 0.966834 0.936202 0.881345 0.0643075 -207.041 0.309431 
10 2.23 0.966312 0.935234 0.87972 0.0661668 -206.88 0.31813 
10 2.235 0.96584 0.934368 0.878232 0.0680436 -206.789 0.314643 
10 2.235 0.965894 0.934453 0.878344 0.0671902 -206.822 0.310171 
10 2.235 0.966478 0.935565 0.880336 0.0664445 -206.934 0.314474 
10 2.24 0.96554 0.933831 0.877315 0.0697941 -206.673 0.31553 
10 2.24 0.96638 0.93536 0.879895 0.0656293 -206.907 0.311291 
10 2.24 0.966138 0.934898 0.878954 0.0658591 -206.772 0.309522 
10 2.245 0.965126 0.933106 0.875918 0.072973 -206.456 0.313571 
10 2.245 0.964816 0.932426 0.874708 0.069292 -206.405 0.316893 
10 2.245 0.965772 0.934226 0.877908 0.0672661 -206.681 0.312475 
10 2.25 0.964956 0.932687 0.875172 0.0687395 -206.452 0.317604 
10 2.25 0.96475 0.932295 0.874495 0.0689972 -206.409 0.318599 
10 2.25 0.965394 0.933555 0.876808 0.0697415 -206.539 0.321234 
10 2.255 0.96422 0.931349 0.872863 0.0722497 -206.182 0.326048 
10 2.255 0.964036 0.931015 0.872349 0.0731544 -206.138 0.326654 
10 2.255 0.964786 0.932369 0.874555 0.0690632 -206.35 0.306786 
10 2.26 0.963036 0.92912 0.86892 0.0743922 -205.757 0.335217 
10 2.26 0.964276 0.931396 0.872812 0.0693503 -206.198 0.308654 
10 2.26 0.9641 0.93108 0.872303 0.0704031 -206.121 0.317922 
10 2.265 0.963068 0.929119 0.868767 0.0714785 -205.777 0.322816 
10 2.265 0.963972 0.930873 0.872057 0.072024 -206.137 0.320289 
10 2.265 0.963678 0.930261 0.870794 0.0699988 -205.965 0.320242 
10 2.27 0.962578 0.928302 0.867629 0.0768896 -205.654 0.34087 
10 2.27 0.961682 0.926548 0.864266 0.075574 -205.251 0.337826 
10 2.27 0.96353 0.929985 0.870318 0.070244 -205.965 0.319241 
10 2.275 0.961292 0.9259 0.86332 0.0798879 -205.242 0.339676 
10 2.275 0.96146 0.926348 0.864379 0.085392 -205.302 0.348227 
10 2.275 0.96267 0.928441 0.867562 0.0750572 -205.63 0.318989 
10 2.28 0.96165 0.926498 0.86421 0.0757385 -205.317 0.332287 
10 2.28 0.960898 0.925208 0.862249 0.0825839 -205.09 0.344498 
10 2.28 0.961926 0.927148 0.86569 0.0809864 -205.498 0.341674 
10 2.285 0.961504 0.926337 0.86422 0.0808533 -205.268 0.341184 
10 2.285 0.960144 0.923878 0.860109 0.087593 -204.869 0.353388 
10 2.285 0.96178 0.926849 0.86506 0.0799944 -205.361 0.339 
10 2.29 0.960076 0.923765 0.859855 0.088157 -204.851 0.355338 
10 2.29 0.96008 0.923799 0.859933 0.0893342 -204.855 0.349573 
10 2.29 0.960222 0.923926 0.860006 0.0829551 -204.889 0.351921 
10 2.295 0.959768 0.923068 0.858392 0.0833719 -204.681 0.34825 
10 2.295 0.959282 0.922293 0.857341 0.0902311 -204.619 0.355964 
10 2.295 0.95984 0.923201 0.858645 0.0831571 -204.733 0.34754 
10 2.3 0.95863 0.920997 0.85487 0.0880801 -204.431 0.350596 
10 2.3 0.958542 0.92094 0.854925 0.0929389 -204.341 0.357006 
10 2.3 0.95829 0.920405 0.853998 0.0906676 -204.27 0.364634 
10 2.305 0.957982 0.919878 0.853171 0.0932151 -204.158 0.369569 
10 2.305 0.95825 0.920322 0.853648 0.0901804 -204.168 0.361123 
10 2.305 0.959472 0.92251 0.857421 0.0834343 -204.534 0.351761 
10 2.31 0.958512 0.920786 0.854476 0.088344 -204.272 0.351995 
10 2.31 0.958266 0.920265 0.853329 0.086185 -204.103 0.349842 
10 2.31 0.957968 0.919774 0.852802 0.0896706 -204.152 0.360611 
10 2.315 0.957012 0.917983 0.849616 0.0911703 -203.773 0.371076 
10 2.315 0.957272 0.918489 0.8505 0.0915593 -203.858 0.364818 
10 2.315 0.957086 0.918101 0.849832 0.0901576 -203.77 0.376561 
10 2.32 0.955896 0.915977 0.846308 0.0965464 -203.463 0.374601 
10 2.32 0.9572 0.918382 0.850412 0.0926724 -203.817 0.371062 
10 2.32 0.957158 0.918306 0.850358 0.0928777 -203.889 0.36569 
10 2.325 0.955612 0.915404 0.845143 0.095048 -203.342 0.36848 
10 2.325 0.955222 0.914873 0.844624 0.104238 -203.332 0.386146 
10 2.325 0.95508 0.914487 0.843691 0.0993012 -203.159 0.379297 
10 2.33 0.95604 0.916219 0.846626 0.0947021 -203.487 0.366878 
10 2.33 0.956624 0.917317 0.848479 0.0938971 -203.724 0.354251 
10 2.33 0.956076 0.916261 0.846607 0.0935572 -203.514 0.361484 
10 2.335 0.954724 0.913742 0.842295 0.0961269 -203.006 0.382815 
10 2.335 0.95382 0.912299 0.840127 0.108213 -202.863 0.381836 
10 2.335 0.95408 0.912884 0.841374 0.112024 -202.951 0.386681 
10 2.34 0.953562 0.911758 0.839177 0.105885 -202.77 0.387328 
10 2.34 0.953124 0.911035 0.838027 0.11067 -202.683 0.386345 
10 2.34 0.952768 0.910519 0.837531 0.117611 -202.607 0.401835 
10 2.345 0.95327 0.911184 0.838118 0.104926 -202.622 0.387515 
10 2.345 0.953336 0.911379 0.838539 0.107868 -202.643 0.386936 
10 2.345 0.953286 0.911381 0.838674 0.112004 -202.711 0.386313 
10 2.35 0.953042 0.910764 0.837442 0.105322 -202.582 0.392404 
10 2.35 0.952616 0.910095 0.836493 0.111375 -202.484 0.400014 
10 2.35 0.952816 0.910504 0.837222 0.112565 -202.56 0.387415 
10 2.355 0.951686 0.908211 0.832813 0.106352 -202.077 0.392759 
10 2.355 0.952464 0.909713 0.835671 0.107238 -202.33 0.396993 
10 2.355 0.952976 0.910712 0.837494 0.108227 -202.532 0.395465 
10 2.36 0.951402 0.90777 0.832104 0.110347 -202.007 0.385941 
10 2.36 0.951126 0.907292 0.831444 0.112343 -201.909 0.399429 
10 2.36 0.951936 0.908778 0.833862 0.109984 -202.067 0.390564 
10 2.365 0.950818 0.90664 0.830267 0.109316 -201.786 0.401947 
10 2.365 0.95086 0.906982 0.831097 0.120405 -201.909 0.389677 
10 2.365 0.951084 0.907416 0.832159 0.120735 -202.04 0.407731 
10 2.37 0.949336 0.904266 0.826911 0.127732 -201.495 0.417137 
10 2.37 0.94993 0.905046 0.827572 0.113026 -201.493 0.398962 
10 2.37 0.94855 0.90282 0.824402 0.129656 -201.214 0.422895 
10 2.375 0.949176 0.904036 0.826616 0.130558 -201.448 0.419466 
10 2.375 0.948852 0.903363 0.825173 0.128133 -201.255 0.413162 
10 2.375 0.949064 0.903576 0.825373 0.120142 -201.399 0.407379 
10 2.38 0.948288 0.902272 0.823277 0.126963 -201.078 0.414928 
10 2.38 0.947564 0.901017 0.821289 0.131912 -200.968 0.417639 
10 2.38 0.94891 0.903433 0.825174 0.126169 -201.379 0.405317 
10 2.385 0.947608 0.901013 0.821199 0.127981 -200.891 0.42756 
10 2.385 0.947176 0.900311 0.820215 0.132865 -200.899 0.419756 
10 2.385 0.947432 0.900832 0.820996 0.134362 -200.937 0.42599 
10 2.39 0.946488 0.898903 0.817434 0.128173 -200.571 0.420822 
10 2.39 0.946806 0.899419 0.818186 0.124577 -200.615 0.418295 
10 2.39 0.946762 0.899529 0.818732 0.132669 -200.601 0.430624 
10 2.395 0.946428 0.8987 0.816962 0.124174 -200.489 0.419277 
10 2.395 0.945106 0.896792 0.814475 0.148912 -200.092 0.452279 
10 2.395 0.946054 0.898336 0.816875 0.138516 -200.486 0.432144 
10 2.4 0.945414 0.896991 0.814279 0.132634 -200.28 0.41706 
10 2.4 0.944354 0.895418 0.812303 0.150575 -200.052 0.44379 
10 2.4 0.9457 0.897735 0.815444 0.14109 -200.288 0.418005 
10 2.405 0.944164 0.894543 0.80983 0.128779 -199.667 0.432647 
10 2.405 0.943808 0.894157 0.809782 0.140673 -199.761 0.439445 
10 2.405 0.944602 0.895729 0.812637 0.143693 -200.063 0.441073 
10 2.41 0.944578 0.89528 0.811084 0.126657 -199.899 0.42617 
10 2.41 0.943566 0.893746 0.808998 0.142306 -199.616 0.446975 
10 2.41 0.942892 0.892488 0.807034 0.14286 -199.456 0.451132 
10 2.415 0.942338 0.891523 0.805359 0.145859 -199.248 0.457157 
10 2.415 0.943572 0.893645 0.808622 0.13733 -199.584 0.428022 
10 2.415 0.94166 0.890642 0.804542 0.162235 -199.293 0.456346 
10 2.42 0.941306 0.889697 0.802303 0.150427 -198.915 0.456956 
10 2.42 0.94185 0.890638 0.80382 0.146984 -199.177 0.439877 
10 2.42 0.942106 0.891065 0.804599 0.144668 -199.236 0.453274 
10 2.425 0.940192 0.88787 0.799774 0.16118 -198.759 0.470511 
10 2.425 0.940416 0.888116 0.799787 0.153956 -198.675 0.464262 
10 2.425 0.941586 0.890381 0.803937 0.156563 -199.186 0.459767 
10 2.43 0.939698 0.886979 0.798127 0.162398 -198.449 0.472997 
10 2.43 0.940368 0.8879 0.799142 0.148482 -198.64 0.449584 
10 2.43 0.939582 0.886676 0.797621 0.158901 -198.491 0.466959 
10 2.435 0.938418 0.884668 0.79424 0.165891 -198.158 0.474101 
10 2.435 0.938252 0.884505 0.794337 0.172008 -198.197 0.473558 
10 2.435 0.940312 0.887833 0.799238 0.149729 -198.639 0.466701 
10 2.44 0.938698 0.884737 0.793776 0.146863 -198.105 0.461931 
10 2.44 0.938682 0.885128 0.795226 0.164114 -198.265 0.465939 
10 2.44 0.938254 0.884294 0.793635 0.162854 -198.129 0.465806 
10 2.445 0.936944 0.882194 0.790711 0.1771 -197.818 0.492565 
10 2.445 0.936916 0.881871 0.789567 0.166044 -197.711 0.468446 
10 2.445 0.937234 0.882566 0.790995 0.170084 -197.854 0.484464 
10 2.45 0.935192 0.878981 0.785406 0.179465 -197.317 0.492389 
10 2.45 0.936894 0.88181 0.789348 0.164898 -197.578 0.475467 
10 2.45 0.935766 0.879839 0.78624 0.17064 -197.397 0.467621 
10 2.455 0.936354 0.880851 0.788052 0.166707 -197.499 0.486934 
10 2.455 0.935904 0.880249 0.787061 0.176496 -197.387 0.477381 
10 2.455 0.934022 0.877209 0.782618 0.196004 -196.929 0.50001 
10 2.46 0.936246 0.880627 0.78736 0.165478 -197.396 0.468597 
10 2.46 0.93449 0.877577 0.782791 0.175021 -197.059 0.485764 
10 2.46 0.934622 0.877906 0.783293 0.178374 -197.028 0.490831 
10 2.465 0.932904 0.875142 0.779346 0.196049 -196.66 0.501708 
10 2.465 0.934432 0.877834 0.783566 0.189503 -196.992 0.496718 
10 2.465 0.93403 0.877231 0.782678 0.195502 -197.021 0.490758 
10 2.47 0.931404 0.872503 0.775147 0.201993 -196.231 0.504367 
10 2.47 0.932162 0.873455 0.775821 0.18338 -196.253 0.489703 
10 2.47 0.932568 0.874445 0.778114 0.192799 -196.502 0.50432 
10 2.475 0.930486 0.870571 0.771357 0.192618 -195.846 0.504491 
10 2.475 0.93178 0.872905 0.77535 0.189538 -196.258 0.501369 
10 2.475 0.932296 0.873761 0.776544 0.185264 -196.376 0.496602 
10 2.48 0.929588 0.869427 0.770152 0.213422 -195.617 0.517168 
10 2.48 0.930386 0.870648 0.77184 0.202807 -195.878 0.511045 
10 2.48 0.929476 0.869127 0.769782 0.209728 -195.675 0.518929 
10 2.485 0.930106 0.869882 0.769995 0.192553 -195.665 0.496059 
10 2.485 0.930146 0.870113 0.770994 0.19884 -195.743 0.509174 
10 2.485 0.927672 0.865923 0.764138 0.215199 -195.081 0.508937 
10 2.49 0.92873 0.867736 0.767148 0.208713 -195.364 0.512191 
10 2.49 0.928248 0.867075 0.76649 0.218087 -195.348 0.508779 
10 2.49 0.92892 0.867945 0.767671 0.202919 -195.527 0.511483 
10 2.495 0.9281 0.866369 0.764716 0.200359 -195.126 0.506421 
10 2.495 0.926244 0.863376 0.760167 0.218362 -194.694 0.523945 
10 2.495 0.927218 0.864893 0.76254 0.206792 -194.854 0.532074 
10 2.5 0.927498 0.865803 0.764488 0.222006 -195.022 0.530687 
10 2.5 0.926386 0.863612 0.760592 0.216847 -194.72 0.532142 
10 2.5 0.925234 0.862082 0.758993 0.240967 -194.613 0.53952 
10 2.505 0.924384 0.860338 0.755848 0.233618 -194.331 0.532889 
10 2.505 0.923818 0.859298 0.754166 0.23386 -194.057 0.5535 
10 2.505 0.924362 0.860195 0.755423 0.229549 -194.179 0.542072 
10 2.51 0.923406 0.858845 0.753552 0.245681 -194.138 0.527736 
10 2.51 0.92317 0.858311 0.752862 0.24174 -194.015 0.547973 
10 2.51 0.922198 0.857239 0.752043 0.270515 -193.9 0.570993 
10 2.515 0.92317 0.858378 0.753023 0.243928 -194.035 0.548944 
10 2.515 0.92122 0.855224 0.748326 0.26152 -193.524 0.559398 
10 2.515 0.923204 0.85814 0.752318 0.231977 -193.848 0.542276 
10 2.52 0.923228 0.858114 0.751998 0.228723 -193.781 0.537405 
10 2.52 0.921972 0.856362 0.75004 0.251192 -193.653 0.556251 
10 2.52 0.920804 0.854217 0.746429 0.251485 -193.271 0.559005 
10 2.525 0.919678 0.852495 0.743632 0.264837 -192.937 0.559435 
10 2.525 0.91957 0.852252 0.743554 0.263085 -193.062 0.559056 
10 2.525 0.919886 0.852996 0.744985 0.269517 -193.059 0.581437 
10 2.53 0.918868 0.850854 0.741245 0.25833 -192.823 0.572505 
10 2.53 0.919662 0.852027 0.742691 0.247007 -192.822 0.569534 
10 2.53 0.919768 0.852452 0.743609 0.256074 -192.984 0.562925 
10 2.535 0.917752 0.849211 0.739092 0.273855 -192.635 0.578562 
10 2.535 0.9165 0.847016 0.735495 0.27785 -192.254 0.582783 
10 2.535 0.918736 0.850679 0.740936 0.260494 -192.752 0.572484 
10 2.54 0.916066 0.846523 0.735092 0.28921 -192.167 0.593157 
10 2.54 0.916448 0.846764 0.734842 0.271163 -192.186 0.580024 
10 2.54 0.916724 0.847486 0.736256 0.279647 -192.22 0.580222 
10 2.545 0.91633 0.846608 0.734787 0.272981 -192.157 0.580025 
10 2.545 0.914616 0.844113 0.731464 0.298253 -191.725 0.602518 
10 2.545 0.914074 0.843175 0.729795 0.30033 -191.459 0.603629 
10 2.55 0.914032 0.84268 0.728591 0.283366 -191.502 0.582833 
10 2.55 0.912888 0.840668 0.725626 0.286396 -191.13 0.601956 
10 2.55 0.914188 0.843194 0.729583 0.292329 -191.48 0.592941 
10 2.555 0.912582 0.840477 0.725502 0.300242 -191.214 0.583456 
10 2.555 0.911678 0.838659 0.722583 0.293648 -190.863 0.602868 
10 2.555 0.913516 0.842089 0.72821 0.29659 -191.371 0.610074 
10 2.56 0.912892 0.840735 0.725693 0.287626 -191.209 0.585701 
10 2.56 0.911806 0.838866 0.722784 0.292019 -190.9 0.592328 
10 2.56 0.910124 0.836281 0.719424 0.310762 -190.574 0.609589 
10 2.565 0.910226 0.836377 0.719441 0.306649 -190.549 0.615911 
10 2.565 0.911 0.837791 0.721397 0.306812 -190.826 0.591352 
10 2.565 0.90993 0.835728 0.718089 0.302362 -190.469 0.606054 
10 2.57 0.909282 0.835113 0.717672 0.323687 -190.3 0.620961 
10 2.57 0.911052 0.837521 0.720808 0.292029 -190.71 0.597053 
10 2.57 0.908804 0.834156 0.716095 0.320268 -190.177 0.61276 
10 2.575 0.906902 0.830927 0.711064 0.328373 -189.64 0.618296 
10 2.575 0.908076 0.832515 0.713062 0.307314 -189.882 0.608457 
10 2.575 0.908364 0.833894 0.716332 0.340531 -190.225 0.626022 
10 2.58 0.90395 0.826468 0.705352 0.362122 -189.061 0.661316 
10 2.58 0.906188 0.829162 0.707664 0.309524 -189.343 0.618652 
10 2.58 0.908212 0.833257 0.714625 0.325882 -189.924 0.608101 
10 2.585 0.907686 0.831929 0.71219 0.31083 -189.734 0.604891 
10 2.585 0.90445 0.827078 0.705857 0.35001 -189.085 0.647022 
10 2.585 0.905552 0.82873 0.707967 0.336785 -189.269 0.631587 
10 2.59 0.90306 0.824624 0.701842 0.351608 -188.769 0.628806 
10 2.59 0.903414 0.825222 0.702771 0.349989 -188.754 0.630015 
10 2.59 0.90469 0.827134 0.705552 0.334732 -189.106 0.627724 
10 2.595 0.902318 0.823219 0.699685 0.348406 -188.437 0.635493 
10 2.595 0.902696 0.823972 0.700721 0.351146 -188.49 0.629124 
10 2.595 0.902174 0.823587 0.70095 0.372598 -188.545 0.659095 
10 2.6 0.900898 0.820508 0.695364 0.341949 -188.036 0.642881 
10 2.6 0.900386 0.820092 0.695075 0.361433 -188.088 0.644274 
10 2.6 0.900978 0.821535 0.697588 0.3759 -188.31 0.644087 
10 2.605 0.897592 0.815974 0.689905 0.395481 -187.513 0.672526 
10 2.605 0.89999 0.819503 0.694285 0.365483 -187.869 0.652198 
10 2.605 0.90083 0.821343 0.697234 0.378063 -188.164 0.640211 
10 2.61 0.897246 0.815575 0.689584 0.403236 -187.494 0.668765 
10 2.61 0.896274 0.813477 0.685774 0.389658 -187.139 0.659991 
10 2.61 0.898798 0.817657 0.691855 0.376228 -187.636 0.652975 
10 2.615 0.896612 0.813944 0.686161 0.383598 -187.047 0.651924 
10 2.615 0.894798 0.811995 0.684693 0.433347 -187.024 0.677656 
10 2.615 0.894196 0.810903 0.683069 0.432762 -186.893 0.677011 
10 2.62 0.893832 0.810374 0.682476 0.436575 -186.766 0.688848 
10 2.62 0.893702 0.809798 0.681088 0.423456 -186.709 0.672487 
10 2.62 0.893684 0.80996 0.681675 0.430884 -186.623 0.685341 
10 2.625 0.890896 0.805209 0.674555 0.438598 -185.937 0.698645 
10 2.625 0.8925 0.80765 0.677234 0.42261 -186.051 0.689946 
10 2.625 0.892652 0.808342 0.679196 0.438644 -186.48 0.682206 
10 2.63 0.89114 0.805407 0.673962 0.428757 -185.58 0.700129 
10 2.63 0.889376 0.802729 0.670858 0.446358 -185.692 0.684019 
10 2.63 0.890928 0.804837 0.672963 0.421461 -185.682 0.677267 
10 2.635 0.89077 0.804619 0.673239 0.423052 -185.855 0.687815 
10 2.635 0.889094 0.802414 0.670426 0.452611 -185.37 0.706062 
10 2.635 0.888674 0.80174 0.669338 0.455338 -185.334 0.704131 
10 2.64 0.885422 0.796794 0.662964 0.485661 -184.716 0.735024 
10 2.64 0.884854 0.795859 0.66168 0.488361 -184.575 0.722676 
10 2.64 0.886288 0.798459 0.666006 0.490611 -185.048 0.727126 
10 2.645 0.884824 0.795862 0.661862 0.489564 -184.786 0.719644 
10 2.645 0.88485 0.795938 0.661553 0.49069 -184.566 0.7162 
10 2.645 0.886786 0.797899 0.663083 0.435163 -184.712 0.696599 
10 2.65 0.882672 0.792766 0.657892 0.515335 -184.175 0.746973 
10 2.65 0.884656 0.795665 0.661618 0.492417 -184.466 0.714842 
10 2.65 0.883648 0.793818 0.658396 0.489961 -184.261 0.721094 
10 2.655 0.880578 0.789211 0.652787 0.519534 -183.706 0.751727 
10 2.655 0.881236 0.78994 0.653503 0.503313 -183.755 0.755313 
10 2.655 0.879258 0.786808 0.648543 0.516507 -183.318 0.7389 
10 2.66 0.880128 0.787742 0.649579 0.493106 -183.247 0.739987 
10 2.66 0.879364 0.78754 0.650155 0.536048 -183.422 0.736668 
10 2.66 0.880026 0.787903 0.650028 0.50592 -183.367 0.745423 
10 2.665 0.877624 0.785446 0.647904 0.571195 -183.238 0.744385 
10 2.665 0.874212 0.779954 0.641002 0.589389 -182.461 0.795224 
10 2.665 0.878932 0.786351 0.647947 0.518919 -183.111 0.724973 
10 2.67 0.876216 0.782102 0.642003 0.537375 -182.433 0.750369 
10 2.67 0.877392 0.78334 0.643274 0.506505 -182.523 0.753041 
10 2.67 0.87707 0.783323 0.644103 0.527018 -182.717 0.751496 
10 2.675 0.872552 0.777552 0.637379 0.605792 -182.035 0.784497 
10 2.675 0.874092 0.778523 0.636977 0.541544 -182.045 0.743508 
10 2.675 0.872424 0.776272 0.634164 0.566291 -181.748 0.76026 
10 2.68 0.870626 0.773468 0.630756 0.577561 -181.218 0.79026 
10 2.68 0.873596 0.777805 0.6357 0.54607 -181.683 0.750997 
10 2.68 0.869618 0.772721 0.63079 0.61512 -181.409 0.782668 
10 2.685 0.868162 0.769186 0.623965 0.576551 -180.74 0.767474 
10 2.685 0.86725 0.768495 0.623824 0.609762 -180.638 0.773723 
10 2.685 0.869876 0.77228 0.628769 0.580853 -181.221 0.773359 
10 2.69 0.870064 0.772202 0.62805 0.564725 -181.147 0.750042 
10 2.69 0.869788 0.772058 0.628546 0.577191 -181.082 0.766581 
10 2.69 0.866044 0.766368 0.621276 0.607261 -180.422 0.799997 
10 2.695 0.866204 0.767118 0.622839 0.623715 -180.439 0.807845 
10 2.695 0.86702 0.767221 0.621337 0.575041 -180.417 0.772786 
10 2.695 0.864962 0.764618 0.618706 0.610706 -180.028 0.797643 
10 2.7 0.863994 0.763783 0.618009 0.640628 -179.918 0.793459 
10 2.7 0.863704 0.763565 0.618373 0.651121 -179.96 0.820367 
10 2.7 0.866238 0.766494 0.620934 0.597245 -180.342 0.783041 
10 2.705 0.863166 0.761819 0.614796 0.619721 -179.644 0.786974 
10 2.705 0.858002 0.755839 0.608858 0.727212 -179.09 0.8251 
10 2.705 0.860042 0.757734 0.610777 0.667713 -179.274 0.825445 
10 2.71 0.8597 0.757882 0.611122 0.693647 -179.166 0.83461 
10 2.71 0.859826 0.757326 0.609675 0.66514 -179.153 0.828991 
10 2.71 0.857988 0.754464 0.605364 0.676037 -178.702 0.795428 
10 2.715 0.859766 0.756771 0.608443 0.647289 -179.236 0.805547 
10 2.715 0.858402 0.754117 0.604239 0.635832 -178.61 0.79369 
10 2.715 0.855258 0.750993 0.60215 0.7192 -178.494 0.839358 
10 2.72 0.853912 0.748741 0.598556 0.719673 -177.879 0.844051 
10 2.72 0.857702 0.753803 0.603778 0.667298 -178.487 0.801635 
10 2.72 0.855352 0.75057 0.600586 0.696447 -177.971 0.838244 
10 2.725 0.84879 0.741213 0.589285 0.762136 -176.945 0.876566 
10 2.725 0.851976 0.746126 0.595998 0.743598 -177.663 0.866524 
10 2.725 0.851128 0.744034 0.591939 0.719821 -177.301 0.851549 
10 2.73 0.850068 0.741978 0.588856 0.709228 -176.857 0.841573 
10 2.73 0.848396 0.740014 0.587067 0.741333 -176.69 0.867393 
10 2.73 0.849602 0.742101 0.589817 0.742746 -177.058 0.833593 
10 2.735 0.847648 0.73909 0.585941 0.752587 -176.617 0.849977 
10 2.735 0.84789 0.73904 0.585252 0.735732 -176.338 0.855364 
10 2.735 0.848798 0.740847 0.587822 0.74548 -176.626 0.850419 
10 2.74 0.842576 0.731232 0.575816 0.777273 -175.338 0.896672 
10 2.74 0.844594 0.734562 0.580196 0.774574 -175.829 0.874843 
10 2.74 0.84353 0.733246 0.578583 0.792093 -175.719 0.871287 
10 2.745 0.84306 0.732179 0.576767 0.78066 -175.568 0.87676 
10 2.745 0.845096 0.735927 0.58225 0.791963 -176.087 0.877437 
10 2.745 0.844364 0.733768 0.578238 0.758362 -175.709 0.864159 
10 2.75 0.840556 0.72897 0.572858 0.815858 -175.158 0.867242 
10 2.75 0.839598 0.727503 0.571806 0.821025 -175.17 0.883144 
10 2.75 0.839268 0.727121 0.571393 0.827265 -175.128 0.887859 
10 2.755 0.837542 0.724329 0.567368 0.829482 -174.692 0.886654 
10 2.755 0.837972 0.724984 0.568069 0.827118 -174.673 0.881836 
10 2.755 0.83791 0.724855 0.567816 0.826198 -174.954 0.857722 
10 2.76 0.833162 0.718542 0.560492 0.883438 -173.763 0.912388 
10 2.76 0.833682 0.71896 0.560605 0.867175 -174.052 0.904628 
10 2.76 0.835714 0.720903 0.561667 0.814687 -174.108 0.8668 
10 2.765 0.828196 0.710748 0.549879 0.898359 -172.616 0.914562 
10 2.765 0.82874 0.712422 0.55317 0.926302 -172.97 0.910111 
10 2.765 0.831558 0.71562 0.556315 0.872751 -173.3 0.904327 
10 2.77 0.828832 0.71113 0.55019 0.872479 -172.831 0.89214 
10 2.77 0.830588 0.714918 0.555767 0.904019 -173.413 0.895727 
10 2.77 0.830104 0.713889 0.554125 0.895887 -172.982 0.909868 
10 2.775 0.82299 0.704215 0.542835 0.969444 -171.878 0.937789 
10 2.775 0.823682 0.704081 0.542051 0.923563 -171.896 0.918921 
10 2.775 0.824862 0.707194 0.54686 0.965648 -172.266 0.943858 
10 2.78 0.8245 0.705136 0.543344 0.911346 -171.928 0.934171 
10 2.78 0.822466 0.70309 0.541511 0.958252 -171.856 0.926848 
10 2.78 0.825642 0.706356 0.544245 0.887472 -172.241 0.902377 
10 2.785 0.81703 0.695615 0.532693 1.00814 -170.786 0.939828 
10 2.785 0.82411 0.704427 0.542059 0.907339 -171.758 0.913781 
10 2.785 0.81874 0.697928 0.53533 0.990765 -171.011 0.961552 
10 2.79 0.818626 0.69795 0.535698 0.996473 -171.013 0.963722 
10 2.79 0.81842 0.696889 0.533347 0.970528 -171.002 0.916522 
10 2.79 0.819708 0.698798 0.535181 0.963323 -171.205 0.89722 
10 2.795 0.818006 0.695799 0.531615 0.954049 -170.621 0.933637 
10 2.795 0.815378 0.692186 0.526959 0.978354 -170.251 0.925646 
10 2.795 0.815002 0.691681 0.526788 0.982212 -170.156 0.941796 
10 2.8 0.81045 0.687313 0.5236 1.0887 -169.675 0.989554 
10 2.8 0.813294 0.689726 0.524608 1.00996 -169.83 0.950033 
10 2.8 0.815312 0.691933 0.526874 0.971407 -170.229 0.939679 
10 2.805 0.812188 0.688978 0.524361 1.04558 -169.965 0.936218 
10 2.805 0.814236 0.690481 0.524999 0.980411 -170.007 0.925796 
10 2.805 0.81044 0.685056 0.518558 1.00688 -169.24 0.951692 
10 2.81 0.807886 0.682721 0.517464 1.0691 -169.165 0.964952 
10 2.81 0.804424 0.677691 0.511071 1.08874 -168.295 0.993755 
10 2.81 0.808522 0.682444 0.51543 1.02264 -168.828 0.949542 
10 2.815 0.803248 0.676325 0.50992 1.10542 -168.404 0.973863 
10 2.815 0.805234 0.678857 0.512346 1.08189 -168.669 0.964537 
10 2.815 0.803734 0.676463 0.509091 1.0826 -168.185 0.968668 
10 2.82 0.800492 0.672449 0.504417 1.12276 -167.674 0.959502 
10 2.82 0.800754 0.671749 0.502648 1.08306 -167.593 0.959766 
10 2.82 0.799902 0.672325 0.505774 1.15185 -167.752 1.00016 
10 2.825 0.800432 0.67162 0.503782 1.09482 -167.533 0.996171 
10 2.825 0.79781 0.667403 0.498099 1.09389 -167.07 0.975764 
10 2.825 0.79678 0.666865 0.498453 1.13297 -166.974 0.995951 
10 2.83 0.79842 0.669313 0.500899 1.12502 -167.231 0.961372 
10 2.83 0.794168 0.663234 0.493635 1.1495 -166.408 0.97952 
10 2.83 0.7976 0.667603 0.498245 1.11086 -167.078 0.952257 
10 2.835 0.796654 0.666182 0.496364 1.11196 -166.742 0.97684 
10 2.835 0.794728 0.662988 0.491768 1.10743 -166.368 0.955708 
10 2.835 0.791136 0.659761 0.490162 1.19451 -165.978 0.993103 
10 2.84 0.78987 0.656495 0.484702 1.14789 -165.652 0.953961 
10 2.84 0.790522 0.657742 0.486701 1.15551 -165.708 0.98127 
10 2.84 0.787708 0.654729 0.484452 1.20582 -165.182 1.02756 
10 2.845 0.78379 0.64928 0.477769 1.22858 -164.401 1.02683 
10 2.845 0.787604 0.654668 0.484359 1.2073 -165.306 1.00807 
10 2.845 0.785738 0.651316 0.47967 1.19268 -164.803 1.00604 
10 2.85 0.782218 0.646844 0.474419 1.22732 -164.176 1.00021 
10 2.85 0.78392 0.648986 0.477034 1.20896 -164.679 0.996752 
10 2.85 0.784316 0.649451 0.476304 1.20348 -164.35 0.990458 
10 2.855 0.779596 0.643303 0.470407 1.2446 -163.605 1.02602 
10 2.855 0.777178 0.641807 0.471027 1.32403 -163.858 1.02491 
10 2.855 0.77589 0.639976 0.469145 1.32997 -163.595 1.04784 
10 2.86 0.76928 0.630178 0.456784 1.34218 -162.125 1.04514 
10 2.86 0.774592 0.6374 0.465087 1.30796 -163.273 1.03252 
10 2.86 0.77792 0.641117 0.467995 1.25725 -163.406 1.03054 
10 2.865 0.77146 0.632523 0.458705 1.30446 -162.463 1.0363 
10 2.865 0.772444 0.63317 0.458971 1.27402 -162.353 1.0299 
10 2.865 0.77307 0.634166 0.459699 1.27499 -162.576 1.00007 
10 2.87 0.771798 0.633645 0.460171 1.32311 -162.516 1.02748 
10 2.87 0.771916 0.633709 0.460674 1.31899 -162.598 1.03602 
10 2.87 0.774374 0.635154 0.459602 1.23688 -162.377 0.992364 
10 2.875 0.770006 0.62959 0.453712 1.27584 -162.026 0.983428 
10 2.875 0.761978 0.621185 0.447717 1.4113 -160.909 1.08761 
10 2.875 0.766574 0.62651 0.452812 1.35216 -161.738 1.03399 
10 2.88 0.76548 0.624272 0.449615 1.33029 -161.295 1.03954 
10 2.88 0.758676 0.616486 0.441966 1.42001 -160.248 1.0766 
10 2.88 0.763802 0.622399 0.447372 1.35436 -160.864 1.0549 
10 2.885 0.759816 0.616286 0.439735 1.35064 -160.094 1.03801 
10 2.885 0.756928 0.614288 0.439961 1.4332 -160.055 1.05979 
10 2.885 0.756044 0.613149 0.438448 1.44009 -159.634 1.08249 
10 2.89 0.755194 0.61214 0.437289 1.44714 -159.914 1.05562 
10 2.89 0.75528 0.611009 0.43443 1.40351 -159.515 1.05392 
10 2.89 0.755832 0.612331 0.437457 1.42037 -159.703 1.06632 
10 2.895 0.751648 0.607196 0.431959 1.45842 -159.296 1.0753 
10 2.895 0.750464 0.605598 0.429641 1.46467 -159.08 1.05228 
10 2.895 0.756428 0.613844 0.439395 1.43905 -160.312 1.03738 
10 2.9 0.744906 0.599131 0.423591 1.52573 -158.18 1.06671 
10 2.9 0.748704 0.602978 0.427013 1.46277 -158.474 1.09098 
10 2.9 0.748826 0.6029 0.426123 1.45377 -158.45 1.06244 
10 2.905 0.745068 0.598408 0.422029 1.48992 -158.045 1.05504 
10 2.905 0.745234 0.599241 0.423648 1.51005 -157.868 1.11195 
10 2.905 0.74123 0.593823 0.417341 1.52844 -157.684 1.05189 
10 2.91 0.737436 0.588451 0.411362 1.53398 -156.835 1.07673 
10 2.91 0.74149 0.593823 0.416733 1.51255 -157.477 1.04603 
10 2.91 0.748374 0.601845 0.423794 1.4358 -158.532 1.00764 
10 2.915 0.733464 0.584949 0.409647 1.61165 -156.373 1.11902 
10 2.915 0.737618 0.588203 0.410256 1.51363 -156.6 1.05293 
10 2.915 0.7405 0.59206 0.414837 1.49983 -157.103 1.08501 
10 2.92 0.734092 0.584375 0.406728 1.55768 -156.221 1.05915 
10 2.92 0.737158 0.58719 0.409869 1.49959 -156.528 1.08073 
10 2.92 0.731516 0.580283 0.402097 1.54683 -155.856 1.07489 
10 2.925 0.730388 0.580238 0.403159 1.59902 -155.698 1.08715 
10 2.925 0.728744 0.577417 0.400464 1.58458 -155.15 1.10322 
10 2.925 0.735624 0.584561 0.405255 1.48439 -156.098 1.05486 
10 2.93 0.723422 0.571313 0.393762 1.63734 -154.55 1.09168 
10 2.93 0.728698 0.576278 0.397171 1.5453 -154.948 1.08082 
10 2.93 0.728816 0.576161 0.397527 1.53542 -154.763 1.10333 
10 2.935 0.72263 0.569043 0.390031 1.5962 -153.891 1.08756 
10 2.935 0.715844 0.561619 0.384069 1.67587 -153.308 1.11108 
10 2.935 0.719426 0.564976 0.385732 1.61506 -153.659 1.06036 
10 2.94 0.718524 0.564285 0.386047 1.63295 -153.372 1.08802 
10 2.94 0.719894 0.565309 0.386013 1.60072 -153.629 1.07836 
10 2.94 0.716466 0.563376 0.386875 1.70247 -153.375 1.13036 
10 2.945 0.717108 0.561342 0.381376 1.59927 -153.033 1.07616 
10 2.945 0.71903 0.564579 0.385987 1.61543 -153.396 1.09342 
10 2.945 0.71372 0.559105 0.381741 1.6879 -152.933 1.12521 
10 2.95 0.705852 0.54904 0.370228 1.72249 -151.507 1.10226 
10 2.95 0.71044 0.554834 0.376521 1.69861 -152.355 1.09984 
10 2.95 0.70636 0.549499 0.371238 1.7137 -151.703 1.11306 
10 2.955 0.712286 0.556685 0.378001 1.6695 -152.557 1.09022 
10 2.955 0.708716 0.551897 0.372966 1.67914 -152.094 1.06686 
10 2.955 0.707958 0.550969 0.371575 1.68408 -151.924 1.06842 
10 2.96 0.701746 0.543508 0.364993 1.72501 -150.982 1.1064 
10 2.96 0.703636 0.545118 0.365721 1.68967 -151.266 1.08794 
10 2.96 0.699052 0.541901 0.36516 1.79821 -150.528 1.15443 
10 2.965 0.708214 0.550354 0.37051 1.64543 -151.798 1.07044 
10 2.965 0.69434 0.534539 0.356151 1.76834 -149.725 1.11042 
10 2.965 0.700118 0.541406 0.362552 1.72819 -150.68 1.08545 
10 2.97 0.697042 0.537059 0.357216 1.72363 -149.92 1.10691 
10 2.97 0.69259 0.532885 0.354585 1.79137 -149.456 1.12433 
10 2.97 0.694704 0.536079 0.358658 1.80017 -149.706 1.14792 
10 2.975 0.692826 0.531103 0.351269 1.71748 -149.125 1.10424 
10 2.975 0.69047 0.529636 0.350991 1.77772 -149.049 1.13338 
10 2.975 0.692272 0.530561 0.350849 1.72505 -149.249 1.08546 
10 2.98 0.687926 0.525503 0.346159 1.75371 -148.5 1.09676 
10 2.98 0.689578 0.528137 0.349236 1.76576 -148.924 1.10049 
10 2.98 0.690308 0.529278 0.350289 1.77023 -149.062 1.10976 
10 2.985 0.67969 0.516123 0.336699 1.81389 -147.407 1.09022 
10 2.985 0.677916 0.51459 0.33635 1.8432 -147.128 1.1131 
10 2.985 0.679682 0.515565 0.335803 1.79557 -147.214 1.094 
10 2.99 0.686688 0.523631 0.343468 1.74216 -148.392 1.07314 
10 2.99 0.677484 0.514064 0.335794 1.84212 -147.329 1.10251 
10 2.99 0.68234 0.518895 0.33954 1.78283 -147.544 1.10518 
10 2.995 0.668254 0.501669 0.322573 1.83993 -145.681 1.09134 
10 2.995 0.680914 0.518676 0.340577 1.83747 -147.349 1.13025 
10 2.995 0.674154 0.510774 0.334127 1.87949 -146.967 1.11936 
10 3 0.669802 0.505862 0.328688 1.90756 -146.244 1.11759 
10 3 0.669378 0.503439 0.32508 1.84575 -145.789 1.10916 
10 3 0.667608 0.502962 0.326028 1.90873 -145.655 1.13101 
10 3.005 0.668264 0.501674 0.322363 1.83351 -145.423 1.06808 
10 3.005 0.670904 0.504153 0.324034 1.79835 -145.338 1.10306 
10 3.005 0.666216 0.500591 0.32288 1.88844 -145.279 1.12404 
10 3.01 0.661926 0.494904 0.316916 1.88565 -144.749 1.11 
10 3.01 0.660142 0.492484 0.314404 1.8836 -144.394 1.11152 
10 3.01 0.659052 0.491948 0.314707 1.91358 -144.298 1.10102 
10 3.015 0.659786 0.492711 0.315042 1.9036 -144.36 1.09219 
10 3.015 0.660588 0.493518 0.315616 1.89525 -144.449 1.1023 
10 3.015 0.659338 0.49096 0.312301 1.86513 -144.126 1.07512 
10 3.02 0.651846 0.484787 0.309177 1.98292 -143.812 1.10844 
10 3.02 0.657836 0.490794 0.313274 1.92205 -143.986 1.0882 
10 3.02 0.658442 0.4909 0.312979 1.89913 -144.041 1.09737 
10 3.025 0.654322 0.485532 0.307237 1.89734 -143.738 1.05876 
10 3.025 0.652898 0.483519 0.305252 1.89235 -142.952 1.09195 
10 3.025 0.643546 0.474154 0.297582 1.98355 -141.921 1.11051 
10 3.03 0.651792 0.481565 0.302353 1.87233 -142.596 1.06025 
10 3.03 0.649548 0.478731 0.300263 1.87519 -142.638 1.05433 
10 3.03 0.648832 0.479022 0.30149 1.91546 -142.312 1.10798 
10 3.035 0.637576 0.466525 0.290338 1.97765 -140.8 1.09596 
10 3.035 0.641792 0.471355 0.295051 1.95907 -141.523 1.12302 
10 3.035 0.641086 0.47067 0.294251 1.96636 -141.436 1.09588 
10 3.04 0.627888 0.456022 0.281379 2.03219 -139.888 1.09436 
10 3.04 0.640932 0.469166 0.291707 1.92013 -141.135 1.07158 
10 3.04 0.642004 0.47167 0.295257 1.95728 -141.626 1.07926 
10 3.045 0.639936 0.467557 0.289587 1.90604 -141.096 1.04939 
10 3.045 0.635382 0.463738 0.287772 1.97135 -140.436 1.10831 
10 3.045 0.634222 0.462382 0.286159 1.97518 -140.358 1.09852 
10 3.05 0.637456 0.464495 0.286896 1.90637 -140.485 1.06896 
10 3.05 0.630378 0.457661 0.281004 1.97656 -139.592 1.07664 
10 3.05 0.62757 0.455235 0.279831 2.0128 -139.26 1.10096 
10 3.055 0.62672 0.453104 0.276439 1.97466 -138.792 1.06438 
10 3.055 0.627962 0.455327 0.28008 1.99643 -139.441 1.09136 
10 3.055 0.621776 0.448717 0.274748 2.03313 -138.883 1.07301 
10 3.06 0.620174 0.447731 0.274175 2.06259 -138.83 1.0783 
10 3.06 0.623436 0.449041 0.272979 1.97283 -138.345 1.073 
10 3.06 0.620164 0.446285 0.271176 2.01572 -138.523 1.05588 
10 3.065 0.619542 0.445911 0.272352 2.0254 -138.52 1.07036 
10 3.065 0.617104 0.442512 0.267548 2.01289 -137.455 1.06982 
10 3.065 0.618546 0.44474 0.270622 2.02744 -137.845 1.10235 
10 3.07 0.614088 0.440064 0.26673 2.05083 -137.198 1.08469 
10 3.07 0.607702 0.433703 0.261794 2.09778 -136.936 1.08563 
10 3.07 0.613466 0.438617 0.265001 2.02855 -136.968 1.10657 
10 3.075 0.61031 0.434419 0.260593 2.01433 -136.746 1.05801 
10 3.075 0.619078 0.444621 0.269289 1.99556 -138.089 1.03662 
10 3.075 0.618724 0.443331 0.267506 1.96786 -137.755 1.03518 
10 3.08 0.601578 0.424121 0.251272 2.02028 -135.264 1.06817 
10 3.08 0.603946 0.42719 0.253665 2.02726 -135.842 1.05051 
10 3.08 0.606544 0.430958 0.258382 2.04749 -136.559 1.06581 
10 3.085 0.59794 0.421351 0.250309 2.06867 -135.493 1.05852 
10 3.085 0.60437 0.428997 0.256594 2.06591 -136.126 1.05195 
10 3.085 0.60186 0.42435 0.251073 2.01345 -135.551 1.0427 
10 3.09 0.595424 0.418547 0.247902 2.07176 -134.788 1.06383 
10 3.09 0.597898 0.4207 0.249099 2.04589 -134.862 1.06618 
10 3.09 0.597176 0.420327 0.248967 2.06173 -134.887 1.0652 
10 3.095 0.596892 0.41878 0.245373 2.0194 -134.597 1.01465 
10 3.095 0.590772 0.413862 0.243786 2.09532 -133.826 1.08501 
10 3.095 0.59382 0.415734 0.243452 2.03916 -133.943 1.03856 
10 3.1 0.587438 0.409436 0.239555 2.0759 -133.392 1.06307 
10 3.1 0.59253 0.414864 0.243034 2.05717 -134.103 1.03497 
10 3.1 0.588928 0.410981 0.240267 2.0692 -133.415 1.05086 
10 3.105 0.588048 0.409949 0.239294 2.06596 -133.447 1.04589 
10 3.105 0.57993 0.40136 0.232157 2.09471 -132.638 1.04331 
10 3.105 0.587796 0.408373 0.236897 2.02475 -133.292 1.02809 
10 3.11 0.58461 0.407124 0.237877 2.10147 -133.135 1.05685 
10 3.11 0.587572 0.408567 0.23744 2.0362 -133.25 1.03598 
10 3.11 0.581766 0.402552 0.232389 2.06112 -132.767 1.00816 
10 3.115 0.578266 0.399292 0.229606 2.08348 -132.056 1.01923 
10 3.115 0.57996 0.400877 0.231554 2.07139 -132.461 1.02855 
10 3.115 0.571148 0.39206 0.22471 2.11397 -131.44 1.02602 
10 3.12 0.575386 0.395921 0.226922 2.0786 -131.596 1.01 
10 3.12 0.573352 0.393284 0.225445 2.06895 -131.501 1.02802 
10 3.12 0.571426 0.391107 0.222772 2.06984 -130.987 1.01613 
10 3.125 0.570046 0.389748 0.221864 2.07347 -130.814 1.02714 
10 3.125 0.574612 0.39373 0.223883 2.03363 -131.318 0.999849 
10 3.125 0.574854 0.394909 0.226089 2.06246 -131.424 1.02234 
10 3.13 0.566732 0.385349 0.21714 2.04998 -130.663 0.975359 
10 3.13 0.558718 0.377183 0.210797 2.07722 -129.246 0.998832 
10 3.13 0.566574 0.386008 0.219146 2.07674 -130.142 1.02379 
10 3.135 0.558972 0.378863 0.213375 2.11844 -129.61 1.00443 
10 3.135 0.563236 0.38167 0.214525 2.05536 -129.664 1.0049 
10 3.135 0.563596 0.383137 0.21597 2.08922 -129.528 1.01965 
10 3.14 0.560944 0.379977 0.213584 2.08021 -129.527 0.987857 
10 3.14 0.55829 0.376954 0.211185 2.07856 -129.38 0.998087 
10 3.14 0.557618 0.376655 0.211364 2.0929 -129.333 0.991512 
10 3.145 0.55336 0.372119 0.20693 2.09575 -128.422 0.983743 
10 3.145 0.552802 0.370999 0.205839 2.07978 -128.212 0.991602 
10 3.145 0.559504 0.378788 0.212549 2.09041 -129.319 0.980332 
10 3.15 0.550334 0.367973 0.202793 2.06683 -127.906 0.982016 
10 3.15 0.550208 0.368554 0.203835 2.0897 -127.838 0.999092 
10 3.15 0.552214 0.370515 0.205966 2.08173 -128.178 1.00276 
10 3.155 0.547556 0.365449 0.202029 2.08022 -127.596 0.989252 
10 3.155 0.546948 0.364983 0.201323 2.08656 -127.733 0.971506 
10 3.155 0.543628 0.360983 0.197736 2.07452 -127.169 0.975328 
10 3.16 0.542828 0.359899 0.196214 2.06444 -126.77 0.967622 
10 3.16 0.54806 0.36518 0.19991 2.05094 -127.414 0.951314 
10 3.16 0.541588 0.357721 0.194223 2.03808 -126.619 0.964061 
10 3.165 0.54246 0.358359 0.194165 2.02517 -126.871 0.936318 
10 3.165 0.538478 0.356018 0.194203 2.08717 -126.636 0.964665 
10 3.165 0.537268 0.354544 0.192924 2.08174 -126.355 0.973494 
10 3.17 0.538408 0.355123 0.192388 2.05804 -126.199 0.958748 
10 3.17 0.53257 0.349604 0.188848 2.08118 -125.664 0.97918 
10 3.17 0.534474 0.352238 0.191338 2.10018 -125.582 0.972334 
10 3.175 0.535612 0.351564 0.189653 2.03729 -125.774 0.93697 
10 3.175 0.53296 0.349924 0.188915 2.0749 -125.233 0.962844 
10 3.175 0.531196 0.348425 0.188114 2.0868 -125.172 0.973221 
10 3.18 0.525698 0.342376 0.183064 2.07603 -124.297 0.971853 
10 3.18 0.52884 0.344506 0.183489 2.03882 -124.64 0.951199 
10 3.18 0.528912 0.345231 0.184314 2.05922 -124.873 0.948534 
10 3.185 0.52704 0.342369 0.181529 2.0282 -124.296 0.927404 
10 3.185 0.520542 0.337035 0.178497 2.07443 -123.818 0.939389 
10 3.185 0.52025 0.337247 0.178997 2.09063 -123.955 0.937889 
10 3.19 0.52184 0.337458 0.178262 2.04205 -123.641 0.932112 
10 3.19 0.51956 0.336146 0.178057 2.07534 -123.695 0.932969 
10 3.19 0.521592 0.337323 0.178337 2.04593 -123.574 0.947843 
10 3.195 0.513442 0.328552 0.171001 2.03221 -122.437 0.91712 
10 3.195 0.520892 0.335951 0.176758 2.0226 -123.505 0.933877 
10 3.195 0.516654 0.332206 0.174266 2.04303 -123.064 0.916414 
10 3.2 0.512922 0.327484 0.169953 2.01234 -122.033 0.9133 
10 3.2 0.517486 0.332309 0.1733 2.01615 -122.705 0.915493 
10 3.2 0.517002 0.332303 0.174002 2.03162 -123.054 0.922696 
10 3.205 0.510414 0.324766 0.167255 2.00449 -121.822 0.895904 
10 3.205 0.514796 0.331506 0.174277 2.07461 -122.694 0.934475 
10 3.205 0.51355 0.329377 0.172273 2.04816 -122.193 0.931451 
10 3.21 0.504982 0.320112 0.164749 2.0282 -121.396 0.918381 
10 3.21 0.498972 0.31496 0.161284 2.05566 -121.002 0.892672 
10 3.21 0.509116 0.32381 0.167008 2.0128 -121.697 0.901368 
10 3.215 0.505336 0.32159 0.166797 2.0599 -121.308 0.899722 
10 3.215 0.501452 0.316188 0.161966 2.01349 -120.988 0.902025 
10 3.215 0.502254 0.317442 0.162808 2.02746 -120.585 0.90937 
10 3.22 0.499164 0.314103 0.159782 2.01671 -120.478 0.886564 
10 3.22 0.502796 0.318179 0.163334 2.03028 -120.746 0.902046 
10 3.22 0.499126 0.314172 0.160594 2.02004 -120.432 0.911666 
10 3.225 0.501982 0.31583 0.160039 1.97965 -120.574 0.865129 
10 3.225 0.493496 0.308963 0.156437 2.02866 -119.647 0.878769 
10 3.225 0.498742 0.313109 0.158576 1.99582 -120.103 0.871735 
10 3.23 0.494846 0.308921 0.155825 1.98293 -119.684 0.87479 
10 3.23 0.48989 0.305618 0.154257 2.03176 -118.902 0.895823 
10 3.23 0.492328 0.307299 0.155294 2.00967 -119.497 0.875035 
10 3.235 0.48764 0.301696 0.149597 1.97536 -118.408 0.852504 
10 3.235 0.486446 0.30156 0.150827 2.00711 -119.087 0.858114 
10 3.235 0.483902 0.299671 0.149982 2.02504 -118.514 0.878102 
10 3.24 0.485488 0.300304 0.149292 1.994 -118.343 0.869816 
10 3.24 0.479796 0.296282 0.147454 2.03944 -118.228 0.858059 
10 3.24 0.491236 0.305743 0.153057 1.98858 -119.163 0.866765 
10 3.245 0.481462 0.296631 0.146775 1.99769 -117.96 0.863477 
10 3.245 0.486384 0.300595 0.149409 1.97304 -118.392 0.844693 
10 3.245 0.477154 0.291409 0.142909 1.96404 -117.421 0.84524 
10 3.25 0.481002 0.294814 0.14485 1.95234 -117.855 0.834417 
10 3.25 0.478918 0.29246 0.142408 1.94146 -117.479 0.816693 
10 3.25 0.480746 0.296386 0.147054 2.00828 -118.058 0.84843 
10 3.255 0.476508 0.29126 0.143294 1.97235 -117.061 0.853916 
10 3.255 0.479312 0.293692 0.144613 1.96473 -117.553 0.851192 
10 3.255 0.473548 0.288078 0.140546 1.96098 -116.348 0.850514 
10 3.26 0.475198 0.289749 0.141253 1.96124 -117.037 0.828334 
10 3.26 0.472358 0.286857 0.139405 1.95505 -116.568 0.822471 
10 3.26 0.472068 0.287701 0.14119 1.98936 -116.891 0.845646 
10 3.265 0.470924 0.284734 0.137549 1.92848 -116.392 0.810849 
10 3.265 0.470738 0.284497 0.136979 1.92658 -116.314 0.809689 
10 3.265 0.47081 0.285027 0.13767 1.94074 -115.918 0.845938 
10 3.27 0.463252 0.277326 0.132145 1.91815 -115.402 0.811835 
10 3.27 0.467312 0.281715 0.135275 1.93682 -115.473 0.828149 
10 3.27 0.468106 0.282753 0.13591 1.94587 -116.121 0.80873 
10 3.275 0.462878 0.27748 0.131927 1.93051 -114.805 0.806086 
10 3.275 0.459928 0.274399 0.129855 1.91955 -114.824 0.815182 
10 3.275 0.461634 0.275458 0.1306 1.90388 -114.932 0.801698 
10 3.28 0.461946 0.275579 0.130844 1.89589 -115.086 0.802712 
10 3.28 0.462602 0.277326 0.132319 1.93066 -115.089 0.812084 
10 3.28 0.461792 0.276265 0.131614 1.92112 -114.858 0.805963 
10 3.285 0.455464 0.270185 0.126471 1.90983 -114.421 0.778572 
10 3.285 0.457314 0.271968 0.127937 1.91269 -114.61 0.77928 
10 3.285 0.460998 0.27429 0.128991 1.88039 -114.623 0.79252 
10 3.29 0.45221 0.26771 0.126326 1.92146 -113.879 0.80909 
10 3.29 0.458216 0.272703 0.128497 1.90702 -114.082 0.799354 
10 3.29 0.454856 0.269481 0.126107 1.90233 -113.826 0.798026 
10 3.295 0.453302 0.267464 0.124511 1.88107 -113.405 0.791322 
10 3.295 0.454642 0.268864 0.125632 1.88665 -114.166 0.780767 
10 3.295 0.452926 0.267888 0.125457 1.90427 -113.594 0.793905 
10 3.3 0.44196 0.257551 0.118661 1.88554 -112.242 0.781954 
10 3.3 0.44294 0.258742 0.119308 1.89535 -112.372 0.768564 
10 3.3 0.4479 0.262654 0.12196 1.87999 -112.996 0.786329 
10 3.305 0.444674 0.259694 0.119824 1.87471 -112.588 0.775081 
10 3.305 0.44375 0.259243 0.119774 1.88589 -112.839 0.770394 
10 3.305 0.444392 0.258545 0.118526 1.84753 -112.571 0.767623 
10 3.31 0.445002 0.25913 0.118478 1.84603 -112.38 0.760153 
10 3.31 0.4445 0.258661 0.118225 1.84534 -112.091 0.761748 
10 3.31 0.43911 0.253763 0.114887 1.84126 -111.513 0.755687 
10 3.315 0.442072 0.256528 0.117244 1.84316 -111.933 0.776231 
10 3.315 0.441256 0.255801 0.116783 1.84297 -111.974 0.766118 
10 3.315 0.442798 0.259052 0.120101 1.89992 -112.349 0.781347 
10 3.32 0.437052 0.252262 0.114596 1.84481 -111.374 0.752915 
10 3.32 0.434906 0.250486 0.113447 1.84768 -111.607 0.752328 
10 3.32 0.434484 0.24909 0.111179 1.81669 -110.762 0.73523 
10 3.325 0.43402 0.249019 0.112092 1.82394 -110.808 0.758834 
10 3.325 0.435112 0.250104 0.112942 1.828 -111.077 0.770041 
10 3.325 0.432112 0.247406 0.110467 1.82511 -110.59 0.735227 
10 3.33 0.430776 0.245642 0.109402 1.80402 -110.471 0.730574 
10 3.33 0.430716 0.246017 0.110159 1.81685 -110.322 0.752269 
10 3.33 0.431264 0.247072 0.111197 1.83432 -110.483 0.756675 
10 3.335 0.425798 0.242089 0.107999 1.82265 -109.796 0.747113 
10 3.335 0.43071 0.246601 0.111284 1.83178 -110.322 0.756197 
10 3.335 0.432672 0.246908 0.110517 1.79021 -110.364 0.739489 
10 3.34 0.421492 0.23699 0.103703 1.77648 -109.176 0.725232 
10 3.34 0.426616 0.243111 0.108553 1.82963 -109.62 0.762785 
10 3.34 0.424484 0.239598 0.104646 1.77877 -109.552 0.711489 
10 3.345 0.41914 0.234537 0.101928 1.7596 -108.883 0.707428 
10 3.345 0.422332 0.237344 0.103511 1.76323 -109.171 0.699 
10 3.345 0.421428 0.236523 0.103246 1.76148 -108.796 0.721182 
10 3.35 0.42143 0.236385 0.102677 1.75468 -108.89 0.716382 
10 3.35 0.41737 0.233422 0.10133 1.76789 -108.723 0.713037 
10 3.35 0.424364 0.239489 0.105017 1.77325 -109.305 0.738505 
10 3.355 0.416732 0.231496 0.0991017 1.72372 -108.006 0.6855 
10 3.355 0.420686 0.235863 0.102676 1.75517 -108.539 0.722307 
10 3.355 0.41404 0.229589 0.0983889 1.73352 -108.055 0.693639 
10 3.36 0.416416 0.232487 0.100393 1.75848 -108.592 0.696053 
10 3.36 0.41147 0.227107 0.096406 1.72023 -107.799 0.678837 
10 3.36 0.4144 0.229599 0.0979565 1.72238 -107.864 0.693019 
10 3.365 0.411652 0.228063 0.0977735 1.74163 -107.551 0.709485 
10 3.365 0.40737 0.223734 0.094673 1.71721 -106.706 0.700681 
10 3.365 0.413974 0.228348 0.0966025 1.69312 -107.373 0.674895 
10 3.37 0.408322 0.22477 0.0950158 1.72236 -106.895 0.676807 
10 3.37 0.408676 0.225713 0.0968781 1.74175 -107.252 0.688631 
10 3.37 0.408368 0.224811 0.0953811 1.72246 -107.109 0.686059 
10 3.375 0.40836 0.22425 0.0946795 1.70348 -106.98 0.682282 
10 3.375 0.404744 0.22115 0.0928658 1.69873 -106.575 0.690596 
10 3.375 0.405004 0.221216 0.0926821 1.69444 -106.738 0.666043 
10 3.38 0.402026 0.218814 0.0911813 1.69199 -106.154 0.662393 
10 3.38 0.404266 0.220824 0.0927827 1.69801 -106.423 0.675285 
10 3.38 0.400634 0.217619 0.0904882 1.68969 -106.09 0.674519 
10 3.385 0.39941 0.217194 0.0907696 1.70357 -106.005 0.683925 
10 3.385 0.402474 0.219595 0.0922066 1.70191 -106.084 0.668363 
10 3.385 0.400456 0.218093 0.0915459 1.7054 -106.276 0.687628 
10 3.39 0.39737 0.214718 0.0889833 1.67596 -105.542 0.670075 
10 3.39 0.402582 0.219913 0.092582 1.70623 -105.961 0.684572 
10 3.39 0.39975 0.216899 0.0900743 1.68435 -105.592 0.672691 
10 3.395 0.394854 0.21211 0.0870368 1.65537 -105.104 0.650117 
10 3.395 0.3953 0.212482 0.0868951 1.65597 -105.436 0.656112 
10 3.395 0.399118 0.214966 0.0879318 1.6398 -105.114 0.650216 
10 3.4 0.393894 0.210962 0.086271 1.64145 -105.291 0.647932 
10 3.4 0.392452 0.209156 0.0849223 1.62167 -104.498 0.651073 
10 3.4 0.394608 0.211615 0.0864157 1.64411 -104.965 0.654068 
10 3.405 0.39388 0.209803 0.0845502 1.60532 -104.26 0.64012 
10 3.405 0.39685 0.213057 0.0870548 1.63194 -104.864 0.657591 
10 3.405 0.393956 0.210638 0.0862752 1.62809 -104.73 0.657993 
10 3.41 0.388074 0.206049 0.0833321 1.62603 -103.974 0.651384 
10 3.41 0.389588 0.206832 0.0833722 1.61447 -104.133 0.638902 
10 3.41 0.389692 0.207655 0.0839016 1.63623 -103.697 0.650349 
10 3.415 0.386366 0.204465 0.0822083 1.616 -103.887 0.632622 
10 3.415 0.389422 0.206612 0.0827416 1.60943 -104.075 0.626185 
10 3.415 0.388254 0.206364 0.0835363 1.62877 -104.317 0.637772 
10 3.42 0.380482 0.199053 0.0787479 1.58733 -102.694 0.629736 
10 3.42 0.383104 0.201886 0.0808182 1.61163 -103.299 0.641025 
10 3.42 0.382004 0.200236 0.0793016 1.58799 -103.432 0.627032 
10 3.425 0.38411 0.201591 0.0796855 1.5781 -103.026 0.623437 
10 3.425 0.384406 0.202263 0.0806549 1.5911 -103.192 0.638908 
10 3.425 0.3839 0.201536 0.0793704 1.58122 -103.027 0.62301 
10 3.43 0.379278 0.197165 0.0766387 1.55433 -102.596 0.606125 
10 3.43 0.381272 0.20052 0.0800681 1.60793 -103.011 0.624323 
10 3.43 0.380244 0.199241 0.0787383 1.59346 -102.858 0.614142 
10 3.435 0.375432 0.194543 0.0757722 1.56024 -101.94 0.60872 
10 3.435 0.377322 0.196198 0.0771222 1.567 -102.152 0.618389 
10 3.435 0.37751 0.196387 0.0773 1.56837 -102.355 0.617945 
10 3.44 0.377484 0.195589 0.0758669 1.54344 -101.773 0.612365 
10 3.44 0.375256 0.194903 0.0762021 1.57228 -102.096 0.611888 
10 3.44 0.377078 0.196163 0.0766533 1.56904 -101.78 0.624316 
10 3.445 0.375318 0.193953 0.0751923 1.54104 -102.062 0.605473 
10 3.445 0.374828 0.192743 0.0735675 1.51661 -101.144 0.589028 
10 3.445 0.372378 0.192973 0.0756285 1.57641 -101.4 0.622586 
10 3.45 0.373008 0.19173 0.0739848 1.5245 -101.305 0.598937 
10 3.45 0.367866 0.188215 0.0722408 1.53304 -101.076 0.591001 
10 3.45 0.372586 0.192513 0.0748598 1.5563 -101.388 0.613727 
10 3.455 0.366996 0.187216 0.0712783 1.5204 -100.954 0.59358 
10 3.455 0.367752 0.188112 0.0719487 1.53027 -100.964 0.599113 
10 3.455 0.368092 0.187883 0.071338 1.51639 -100.873 0.589012 
10 3.46 0.37069 0.189452 0.0718161 1.50408 -100.839 0.579077 
10 3.46 0.362318 0.183132 0.0684367 1.49877 -100.236 0.576173 
10 3.46 0.369074 0.187948 0.0709162 1.49515 -100.86 0.573876 
10 3.465 0.364582 0.185222 0.0704322 1.50944 -100.333 0.578207 
10 3.465 0.363588 0.185154 0.0704396 1.52836 -100.71 0.576721 
10 3.465 0.368374 0.186979 0.0704046 1.47992 -100.388 0.579728 
10 3.47 0.366512 0.186099 0.0701896 1.49188 -100.385 0.584046 
10 3.47 0.367182 0.186689 0.0708391 1.49472 -100.281 0.592587 
10 3.47 0.36588 0.186111 0.0706369 1.50555 -99.8786 0.59047 
10 3.475 0.36194 0.181967 0.0675322 1.46665 -99.5672 0.570169 
10 3.475 0.36173 0.182114 0.0682743 1.47526 -99.9059 0.584651 
10 3.475 0.357798 0.180019 0.0674641 1.49638 -99.691 0.579896 
10 3.48 0.357538 0.178488 0.0657691 1.45559 -99.0794 0.570511 
10 3.48 0.365824 0.185708 0.0703034 1.49084 -100.181 0.576526 
10 3.48 0.361012 0.182048 0.0684383 1.48616 -99.716 0.579103 
10 3.485 0.357418 0.178 0.0654009 1.44195 -98.8748 0.566637 
10 3.485 0.361712 0.1816 0.0674053 1.45665 -99.1077 0.577504 
10 3.485 0.363094 0.182537 0.0676067 1.45481 -99.3372 0.57915 
10 3.49 0.348818 0.171963 0.0628006 1.44095 -98.3835 0.555899 
10 3.49 0.35073 0.173707 0.0636168 1.45261 -98.2711 0.563209 
10 3.49 0.354448 0.175981 0.0644536 1.44262 -98.7674 0.571667 
10 3.495 0.352472 0.174171 0.0631493 1.42874 -98.4928 0.551309 
10 3.495 0.35152 0.173374 0.0628584 1.42512 -98.3738 0.552428 
10 3.495 0.351598 0.174171 0.0638902 1.44635 -98.3801 0.561067 
