size temperature m m2 m4 mag_sus 
10 1.5 0.997896 0.995845 0.991897 0.00325155 -219.038 0.0425059 
10 1.5 0.997914 0.995881 0.991967 0.00323791 -219.042 0.0426547 
10 1.5 0.99789 0.995835 0.991884 0.00338586 -219.039 0.0435111 
10 1.505 0.997784 0.995628 0.991489 0.00367105 -218.996 0.0459942 
10 1.505 0.997808 0.995675 0.991577 0.00358772 -219.004 0.0454154 
10 1.505 0.99787 0.995796 0.991807 0.00339555 -219.028 0.0436296 
10 1.51 0.997692 0.995442 0.991111 0.00350948 -218.934 0.0467429 
10 1.51 0.997848 0.99575 0.991707 0.00324297 -219.009 0.0429997 
10 1.51 0.997858 0.99577 0.991748 0.00325906 -219.017 0.0424468 
10 1.515 0.997642 0.995345 0.990928 0.00368052 -218.924 0.0471696 
10 1.515 0.997706 0.995472 0.991175 0.00359456 -218.952 0.04602 
10 1.515 0.997752 0.995565 0.991366 0.00370076 -218.982 0.0454014 
10 1.52 0.997678 0.995417 0.991068 0.00363213 -218.939 0.0463828 
10 1.52 0.997694 0.995449 0.991135 0.0036791 -218.952 0.0458013 
10 1.52 0.997766 0.995593 0.99142 0.00366903 -218.996 0.044561 
10 1.525 0.997646 0.995353 0.990944 0.00365762 -218.925 0.046451 
10 1.525 0.9977 0.995458 0.99114 0.0034459 -218.935 0.0460999 
10 1.525 0.99766 0.995382 0.991004 0.00370652 -218.932 0.0474102 
10 1.53 0.997558 0.995181 0.990612 0.00383769 -218.895 0.0471953 
10 1.53 0.997582 0.995229 0.990712 0.0038976 -218.901 0.0485763 
10 1.53 0.997574 0.995213 0.990677 0.00385847 -218.903 0.0472332 
10 1.535 0.997676 0.995414 0.991066 0.0036716 -218.939 0.0458161 
10 1.535 0.99745 0.994967 0.990194 0.00394642 -218.838 0.0497658 
10 1.535 0.997422 0.994915 0.990101 0.00416117 -218.828 0.0510087 
10 1.54 0.997482 0.995035 0.990343 0.00419349 -218.862 0.0505077 
10 1.54 0.9975 0.995069 0.990403 0.00406169 -218.871 0.0490069 
10 1.54 0.997386 0.994842 0.989955 0.00410955 -218.814 0.04937 
10 1.545 0.997264 0.994605 0.989509 0.00452261 -218.769 0.0545844 
10 1.545 0.997508 0.995082 0.990421 0.00389061 -218.869 0.0482114 
10 1.545 0.99726 0.994592 0.989465 0.00419498 -218.754 0.0520533 
10 1.55 0.99741 0.994889 0.990048 0.0040498 -218.822 0.0501325 
10 1.55 0.997248 0.994572 0.989436 0.00439913 -218.753 0.0536634 
10 1.55 0.997308 0.994687 0.989649 0.00411052 -218.776 0.0511182 
10 1.555 0.997228 0.994532 0.989355 0.00436759 -218.736 0.0540859 
10 1.555 0.997296 0.994664 0.989609 0.00418575 -218.77 0.0523073 
10 1.555 0.997194 0.994464 0.989224 0.00440427 -218.731 0.0533139 
10 1.56 0.997238 0.994549 0.989379 0.00416996 -218.743 0.0520176 
10 1.56 0.997194 0.994465 0.989228 0.00443631 -218.736 0.0528251 
10 1.56 0.997238 0.994554 0.989408 0.00451355 -218.755 0.0527065 
10 1.565 0.997074 0.994228 0.988765 0.00456732 -218.667 0.0558347 
10 1.565 0.99715 0.994378 0.989058 0.00448291 -218.713 0.0529003 
10 1.565 0.99725 0.994576 0.989443 0.00435 -218.753 0.0521124 
10 1.57 0.997078 0.994235 0.988774 0.00446764 -218.673 0.0544319 
10 1.57 0.997158 0.994396 0.9891 0.00457344 -218.714 0.0544397 
10 1.57 0.996958 0.994002 0.988333 0.00486537 -218.626 0.0574392 
10 1.575 0.997148 0.994374 0.989048 0.0044207 -218.704 0.0531023 
10 1.575 0.996842 0.993776 0.987903 0.00518013 -218.584 0.0589045 
10 1.575 0.996978 0.994039 0.988399 0.00469 -218.637 0.05575 
10 1.58 0.997006 0.994094 0.988502 0.00459974 -218.637 0.0555256 
10 1.58 0.996936 0.993955 0.988233 0.00468177 -218.612 0.0559669 
10 1.58 0.996882 0.993848 0.988021 0.00470368 -218.584 0.0569166 
10 1.585 0.996932 0.993949 0.988226 0.00476135 -218.613 0.0566519 
10 1.585 0.996802 0.993692 0.987722 0.00487904 -218.549 0.0586519 
10 1.585 0.996836 0.993764 0.98788 0.00515262 -218.582 0.0589827 
10 1.59 0.99685 0.993786 0.987905 0.0047923 -218.57 0.0571692 
10 1.59 0.99693 0.993945 0.98822 0.00477328 -218.614 0.0557937 
10 1.59 0.996848 0.993783 0.987904 0.00487452 -218.578 0.0566989 
10 1.595 0.996776 0.993643 0.987636 0.00505115 -218.536 0.0594542 
10 1.595 0.996524 0.993145 0.986665 0.00532147 -218.42 0.0643514 
10 1.595 0.996732 0.993554 0.987454 0.00494797 -218.52 0.058705 
10 1.6 0.99668 0.993454 0.987273 0.0052111 -218.503 0.0605161 
10 1.6 0.996578 0.993257 0.986899 0.00556062 -218.46 0.0625579 
10 1.6 0.996636 0.993367 0.987101 0.00523272 -218.482 0.0613296 
10 1.605 0.996558 0.993211 0.98679 0.00519082 -218.431 0.0623705 
10 1.605 0.996594 0.993284 0.986936 0.0052311 -218.458 0.0608133 
10 1.605 0.996438 0.992983 0.986373 0.00584624 -218.411 0.0630943 
10 1.61 0.996346 0.992792 0.985973 0.00540424 -218.348 0.0629773 
10 1.61 0.996398 0.992899 0.986193 0.00556681 -218.381 0.0638169 
10 1.61 0.99655 0.993194 0.986753 0.00512158 -218.434 0.0603475 
10 1.615 0.99622 0.99255 0.985523 0.00592146 -218.296 0.067648 
10 1.615 0.996328 0.992763 0.985941 0.00581773 -218.356 0.06579 
10 1.615 0.996344 0.992793 0.985991 0.00568629 -218.363 0.0632297 
10 1.62 0.99629 0.99269 0.985801 0.00591827 -218.33 0.0665365 
10 1.62 0.996222 0.992555 0.985537 0.00596585 -218.311 0.0673573 
10 1.62 0.996288 0.992685 0.985788 0.00585562 -218.327 0.0672068 
10 1.625 0.996304 0.992709 0.985807 0.00535259 -218.329 0.0620581 
10 1.625 0.996062 0.992241 0.984933 0.00627029 -218.237 0.0686429 
10 1.625 0.996292 0.992687 0.985774 0.00551451 -218.318 0.0647228 
10 1.63 0.99597 0.99206 0.98458 0.00636313 -218.184 0.070827 
10 1.63 0.996028 0.992171 0.984785 0.00609468 -218.208 0.068669 
10 1.63 0.996096 0.992309 0.985066 0.00622078 -218.252 0.0694151 
10 1.635 0.996096 0.992304 0.985038 0.0058935 -218.246 0.0666768 
10 1.635 0.99612 0.992353 0.985141 0.0059979 -218.252 0.0667824 
10 1.635 0.995984 0.992084 0.984615 0.00610347 -218.188 0.0692665 
10 1.64 0.995866 0.991854 0.984179 0.00641403 -218.147 0.0711479 
10 1.64 0.996054 0.992222 0.984883 0.00599446 -218.228 0.0666946 
10 1.64 0.996096 0.992301 0.985025 0.00573895 -218.231 0.0660255 
10 1.645 0.995468 0.99108 0.982708 0.00747605 -217.999 0.077724 
10 1.645 0.995914 0.991953 0.984383 0.00655955 -218.179 0.0706526 
10 1.645 0.996026 0.992172 0.984807 0.00636154 -218.221 0.0689697 
10 1.65 0.995876 0.991877 0.984232 0.00652319 -218.152 0.0708335 
10 1.65 0.995874 0.991866 0.984187 0.00612219 -218.143 0.0688808 
10 1.65 0.995804 0.991732 0.983942 0.00645294 -218.124 0.0713624 
10 1.655 0.995702 0.991534 0.983567 0.00673639 -218.077 0.0736795 
10 1.655 0.995584 0.991303 0.983122 0.00695704 -218.024 0.0756149 
10 1.655 0.995722 0.99157 0.983623 0.00648089 -218.087 0.0712155 
10 1.66 0.995618 0.991366 0.983232 0.00668181 -218.032 0.0733268 
10 1.66 0.995656 0.991441 0.983376 0.00661263 -218.055 0.0717179 
10 1.66 0.995694 0.991513 0.98351 0.00643725 -218.058 0.0716108 
10 1.665 0.995414 0.990966 0.982464 0.00704676 -217.951 0.0752733 
10 1.665 0.995434 0.991013 0.982579 0.00742773 -217.971 0.0785355 
10 1.665 0.995534 0.991205 0.982934 0.0070063 -218.005 0.0752848 
10 1.67 0.995412 0.990963 0.982463 0.00708445 -217.959 0.0755345 
10 1.67 0.995388 0.990925 0.98242 0.00765566 -217.964 0.0771964 
10 1.67 0.995384 0.990909 0.98236 0.00717919 -217.944 0.0756308 
10 1.675 0.995174 0.990498 0.981571 0.0075576 -217.852 0.0793618 
10 1.675 0.995186 0.990525 0.981636 0.00777465 -217.866 0.0786976 
10 1.675 0.99526 0.990666 0.98189 0.00735596 -217.883 0.0781807 
10 1.68 0.995178 0.99051 0.981608 0.00777073 -217.865 0.0797319 
10 1.68 0.995506 0.991148 0.982821 0.00691452 -217.996 0.0738367 
10 1.68 0.9954 0.990941 0.982423 0.00712619 -217.953 0.0756342 
10 1.685 0.995078 0.990304 0.981176 0.00733376 -217.794 0.0789281 
10 1.685 0.994892 0.989952 0.980543 0.00840287 -217.746 0.0837863 
10 1.685 0.995124 0.990394 0.98135 0.00725843 -217.817 0.0779804 
10 1.69 0.995142 0.990434 0.981444 0.00747691 -217.833 0.0796687 
10 1.69 0.994944 0.990048 0.980708 0.00795011 -217.77 0.0805881 
10 1.69 0.995016 0.990192 0.980996 0.00799288 -217.799 0.0817988 
10 1.695 0.994826 0.989815 0.980255 0.00803715 -217.692 0.0837372 
10 1.695 0.994934 0.990033 0.980696 0.00823927 -217.769 0.0800391 
10 1.695 0.994898 0.989961 0.98055 0.00817048 -217.751 0.0821262 
10 1.7 0.994912 0.98998 0.980561 0.0076819 -217.712 0.0819799 
10 1.7 0.994778 0.989718 0.980059 0.0079371 -217.677 0.0830066 
10 1.7 0.994842 0.989853 0.980349 0.00835736 -217.727 0.0818919 
10 1.705 0.994688 0.989544 0.979728 0.00817494 -217.627 0.0843892 
10 1.705 0.994604 0.989385 0.979445 0.00866646 -217.621 0.0859609 
10 1.705 0.994622 0.989409 0.979455 0.00800922 -217.61 0.0840049 
10 1.71 0.994302 0.988789 0.978283 0.00889198 -217.478 0.0904993 
10 1.71 0.99456 0.989292 0.979245 0.00834657 -217.58 0.0860554 
10 1.71 0.994456 0.989088 0.978848 0.00847158 -217.537 0.0869352 
10 1.715 0.99461 0.989387 0.979418 0.00806227 -217.584 0.0867522 
10 1.715 0.994512 0.989196 0.97905 0.00824501 -217.562 0.0860544 
10 1.715 0.994452 0.989087 0.978873 0.00888745 -217.553 0.0869382 
10 1.72 0.9945 0.989172 0.979007 0.00826919 -217.561 0.0846949 
10 1.72 0.994308 0.988801 0.97831 0.00887448 -217.485 0.0895422 
10 1.72 0.994124 0.988446 0.977648 0.00952283 -217.416 0.0922923 
10 1.725 0.994352 0.988891 0.978496 0.0090029 -217.509 0.0875784 
10 1.725 0.994238 0.988662 0.978035 0.0088417 -217.461 0.0886325 
10 1.725 0.994206 0.988603 0.977937 0.00914954 -217.444 0.0899674 
10 1.73 0.993798 0.987809 0.976429 0.0101072 -217.274 0.0970163 
10 1.73 0.994272 0.988729 0.978167 0.00881792 -217.455 0.0887035 
10 1.73 0.994114 0.988422 0.977583 0.00918584 -217.4 0.0911708 
10 1.735 0.99398 0.988154 0.977048 0.00906972 -217.336 0.0905799 
10 1.735 0.994172 0.988533 0.977791 0.00895184 -217.426 0.0886183 
10 1.735 0.993776 0.987761 0.976315 0.009788 -217.254 0.0951995 
10 1.74 0.994104 0.988405 0.977565 0.00934467 -217.415 0.0901227 
10 1.74 0.993934 0.988067 0.976893 0.00929906 -217.301 0.0940449 
10 1.74 0.993708 0.987626 0.976052 0.00976613 -217.23 0.0965039 
10 1.745 0.993742 0.987693 0.976187 0.00975573 -217.244 0.0951812 
10 1.745 0.993736 0.987681 0.976159 0.00971245 -217.236 0.0956347 
10 1.745 0.993676 0.987568 0.975955 0.0100589 -217.218 0.0963656 
10 1.75 0.993376 0.986975 0.974803 0.010247 -217.085 0.100057 
10 1.75 0.993518 0.987257 0.975354 0.0102231 -217.153 0.0962626 
10 1.75 0.993598 0.987413 0.975656 0.0100671 -217.169 0.099403 
10 1.755 0.993576 0.987366 0.975548 0.0098195 -217.162 0.0970273 
10 1.755 0.99329 0.986813 0.974512 0.0106881 -217.08 0.0990975 
10 1.755 0.99348 0.987194 0.975275 0.0109384 -217.148 0.100279 
10 1.76 0.993238 0.986713 0.974329 0.0108906 -217.044 0.101904 
10 1.76 0.993092 0.986425 0.973766 0.0109659 -216.975 0.102724 
10 1.76 0.993496 0.987216 0.975287 0.0103283 -217.157 0.098351 
10 1.765 0.993302 0.986827 0.974509 0.0101199 -217.049 0.0980556 
10 1.765 0.993286 0.986794 0.974437 0.0100171 -217.023 0.0999059 
10 1.765 0.993052 0.986346 0.973613 0.0109714 -216.951 0.104624 
10 1.77 0.992958 0.986162 0.973259 0.0110853 -216.906 0.104393 
10 1.77 0.993046 0.98634 0.973621 0.011286 -216.971 0.10279 
10 1.77 0.99332 0.986865 0.97459 0.0102021 -217.057 0.0983163 
10 1.775 0.993262 0.986752 0.974375 0.0103076 -217.026 0.0985808 
10 1.775 0.992722 0.985705 0.972399 0.011702 -216.824 0.10705 
10 1.775 0.992728 0.985721 0.972445 0.0119751 -216.821 0.107327 
10 1.78 0.992718 0.985687 0.972334 0.011131 -216.823 0.104427 
10 1.78 0.99286 0.985967 0.972874 0.0109877 -216.863 0.105113 
10 1.78 0.992868 0.98599 0.972946 0.0114076 -216.896 0.104569 
10 1.785 0.992532 0.985333 0.971689 0.0119434 -216.74 0.109598 
10 1.785 0.992638 0.985532 0.97204 0.0112942 -216.784 0.105543 
10 1.785 0.992546 0.985356 0.971718 0.0116974 -216.732 0.109226 
10 1.79 0.992288 0.984865 0.970823 0.0128025 -216.665 0.113646 
10 1.79 0.992666 0.985596 0.972194 0.0117504 -216.778 0.109008 
10 1.79 0.99244 0.985152 0.971336 0.0119802 -216.72 0.107238 
10 1.795 0.992426 0.985127 0.971295 0.0121067 -216.705 0.108499 
10 1.795 0.99202 0.984333 0.969777 0.0127866 -216.535 0.113216 
10 1.795 0.99229 0.984864 0.970802 0.0125078 -216.642 0.111945 
10 1.8 0.99232 0.984909 0.970842 0.011661 -216.643 0.107083 
10 1.8 0.991992 0.984277 0.969664 0.0126996 -216.509 0.11449 
10 1.8 0.992244 0.984767 0.970593 0.0121602 -216.617 0.109563 
10 1.805 0.99214 0.984561 0.970193 0.0121607 -216.576 0.1105 
10 1.805 0.992224 0.984724 0.970495 0.0119188 -216.607 0.108375 
10 1.805 0.992018 0.984316 0.969699 0.0119893 -216.503 0.11106 
10 1.81 0.991966 0.984226 0.969567 0.0126793 -216.491 0.115085 
10 1.81 0.992014 0.984316 0.969724 0.0123682 -216.507 0.113365 
10 1.81 0.991936 0.984182 0.969527 0.013552 -216.51 0.115199 
10 1.815 0.991548 0.983409 0.968006 0.0133071 -216.34 0.117586 
10 1.815 0.99166 0.98363 0.968439 0.013252 -216.387 0.118851 
10 1.815 0.99173 0.983758 0.968648 0.0126395 -216.394 0.113846 
10 1.82 0.991602 0.983511 0.968189 0.0129931 -216.346 0.116373 
10 1.82 0.991348 0.983037 0.967359 0.0146122 -216.276 0.124232 
10 1.82 0.991368 0.983064 0.96737 0.0139235 -216.263 0.122699 
10 1.825 0.99132 0.982964 0.96716 0.0136514 -216.24 0.119501 
10 1.825 0.991558 0.983431 0.968054 0.0133289 -216.342 0.116084 
10 1.825 0.991366 0.983063 0.967377 0.0140435 -216.256 0.122342 
10 1.83 0.991342 0.983004 0.967224 0.013401 -216.27 0.115129 
10 1.83 0.991144 0.982624 0.96652 0.0140749 -216.166 0.121846 
10 1.83 0.99109 0.982518 0.966318 0.014134 -216.161 0.121932 
10 1.835 0.991356 0.98303 0.967267 0.0132535 -216.23 0.118796 
10 1.835 0.991428 0.983176 0.967567 0.0134605 -216.272 0.119362 
10 1.835 0.990926 0.9822 0.965716 0.014471 -216.079 0.124413 
10 1.84 0.99072 0.981794 0.964929 0.0145457 -215.99 0.125856 
10 1.84 0.990896 0.982138 0.965587 0.0142998 -216.051 0.12523 
10 1.84 0.990832 0.982012 0.965345 0.0143624 -216.041 0.123194 
10 1.845 0.99098 0.982304 0.96591 0.0142135 -216.103 0.123085 
10 1.845 0.990732 0.981824 0.965009 0.0148393 -215.991 0.129291 
10 1.845 0.990818 0.981991 0.965322 0.0146759 -216.021 0.126811 
10 1.85 0.990774 0.981917 0.965221 0.0153406 -216.033 0.125901 
10 1.85 0.990532 0.981441 0.964302 0.0155177 -215.95 0.127068 
10 1.85 0.990788 0.98193 0.9652 0.0145394 -216.013 0.125313 
10 1.855 0.990058 0.980507 0.962489 0.0157281 -215.729 0.131512 
10 1.855 0.990226 0.980838 0.963129 0.015635 -215.758 0.133331 
10 1.855 0.9904 0.981177 0.96378 0.015366 -215.881 0.12742 
10 1.86 0.99029 0.980953 0.963319 0.0149847 -215.81 0.128305 
10 1.86 0.99021 0.980811 0.963098 0.0158901 -215.807 0.129122 
10 1.86 0.990456 0.981277 0.963935 0.0147415 -215.85 0.126988 
10 1.865 0.99036 0.981093 0.963598 0.0150022 -215.837 0.128578 
10 1.865 0.989888 0.980177 0.96187 0.0160379 -215.634 0.136441 
10 1.865 0.990202 0.980769 0.962923 0.0144493 -215.724 0.126663 
10 1.87 0.989908 0.980223 0.961979 0.016299 -215.69 0.131514 
10 1.87 0.989968 0.980319 0.962091 0.015093 -215.652 0.130856 
10 1.87 0.990012 0.980412 0.962292 0.0153925 -215.674 0.133624 
10 1.875 0.989844 0.980096 0.96173 0.0162718 -215.635 0.132493 
10 1.875 0.989648 0.979709 0.960975 0.0162878 -215.524 0.137833 
10 1.875 0.989636 0.979723 0.961123 0.0183268 -215.578 0.140538 
10 1.88 0.989756 0.979915 0.961355 0.0158351 -215.582 0.134796 
10 1.88 0.989424 0.979271 0.96014 0.0165696 -215.457 0.13477 
10 1.88 0.989522 0.979473 0.960559 0.0169623 -215.497 0.13887 
10 1.885 0.98931 0.979047 0.959709 0.0166113 -215.401 0.138019 
10 1.885 0.989468 0.979361 0.960326 0.0166513 -215.48 0.138155 
10 1.885 0.989324 0.979083 0.959803 0.0170155 -215.43 0.138867 
10 1.89 0.988816 0.978083 0.95787 0.0172549 -215.206 0.142005 
10 1.89 0.989076 0.978612 0.958953 0.0180162 -215.334 0.144655 
10 1.89 0.989102 0.978649 0.958972 0.0172526 -215.322 0.138836 
10 1.895 0.988868 0.978208 0.958188 0.0183683 -215.251 0.144716 
10 1.895 0.989028 0.978503 0.958692 0.0172546 -215.294 0.138563 
10 1.895 0.988658 0.977792 0.957373 0.0183071 -215.159 0.146378 
10 1.9 0.988602 0.977688 0.95719 0.0186298 -215.153 0.144826 
10 1.9 0.988894 0.978253 0.958252 0.0179904 -215.235 0.14438 
10 1.9 0.988788 0.978045 0.957854 0.0180785 -215.219 0.142543 
10 1.905 0.988946 0.978344 0.958388 0.0173191 -215.258 0.138925 
10 1.905 0.98846 0.977403 0.956626 0.0183868 -215.079 0.146586 
10 1.905 0.98855 0.977598 0.957057 0.0192618 -215.154 0.145295 
10 1.91 0.988106 0.976716 0.955335 0.0190038 -214.944 0.151376 
10 1.91 0.988516 0.977502 0.956779 0.0177193 -215.122 0.138551 
10 1.91 0.98841 0.9773 0.956409 0.0180792 -215.026 0.147107 
10 1.915 0.98826 0.977023 0.955933 0.0190753 -214.989 0.149401 
10 1.915 0.987898 0.97632 0.954608 0.0197171 -214.868 0.152765 
10 1.915 0.988136 0.976773 0.955433 0.0188348 -214.928 0.150613 
10 1.92 0.988286 0.977065 0.955983 0.0185553 -214.997 0.142612 
10 1.92 0.98774 0.976 0.953956 0.0192465 -214.779 0.151681 
10 1.92 0.987968 0.976462 0.954896 0.0198724 -214.876 0.155514 
10 1.925 0.987988 0.976476 0.95484 0.018491 -214.852 0.148072 
10 1.925 0.987548 0.975624 0.953231 0.0193614 -214.656 0.153985 
10 1.925 0.9875 0.975554 0.953179 0.0206416 -214.729 0.154583 
10 1.93 0.98743 0.975404 0.952853 0.0200018 -214.636 0.158978 
10 1.93 0.987342 0.975245 0.952589 0.0207573 -214.631 0.15857 
10 1.93 0.987642 0.975831 0.953709 0.0204207 -214.755 0.157058 
10 1.935 0.98746 0.975468 0.95299 0.020173 -214.675 0.155282 
10 1.935 0.987452 0.975466 0.95303 0.0208821 -214.674 0.158266 
10 1.935 0.987448 0.975428 0.952856 0.0193347 -214.662 0.148394 
10 1.94 0.987304 0.975162 0.952407 0.0202686 -214.573 0.159125 
10 1.94 0.987438 0.975415 0.952861 0.019674 -214.647 0.155049 
10 1.94 0.987344 0.975228 0.952485 0.0195539 -214.63 0.151661 
10 1.945 0.986986 0.974546 0.951243 0.0207895 -214.464 0.160644 
10 1.945 0.987124 0.974808 0.951718 0.0202842 -214.509 0.155471 
10 1.945 0.986788 0.974175 0.950583 0.021812 -214.402 0.162291 
10 1.95 0.986634 0.973865 0.949964 0.0214292 -214.346 0.162054 
10 1.95 0.986322 0.973262 0.948835 0.0220755 -214.215 0.166637 
10 1.95 0.986712 0.974014 0.950239 0.0212015 -214.353 0.162888 
10 1.955 0.986396 0.973411 0.949142 0.0222144 -214.258 0.165793 
10 1.955 0.986168 0.972979 0.94835 0.0230811 -214.151 0.170716 
10 1.955 0.986526 0.973661 0.94959 0.0218441 -214.303 0.160775 
10 1.96 0.986002 0.972671 0.947822 0.0240294 -214.145 0.171495 
10 1.96 0.98627 0.973149 0.948581 0.0214493 -214.154 0.166088 
10 1.96 0.98615 0.972934 0.948236 0.0225499 -214.184 0.163064 
10 1.965 0.985936 0.972519 0.947456 0.0228623 -214.063 0.169994 
10 1.965 0.985868 0.972397 0.947258 0.0234772 -214.045 0.17142 
10 1.965 0.986 0.972636 0.947651 0.0223878 -214.054 0.16936 
10 1.97 0.985742 0.972166 0.946873 0.0243182 -214.039 0.17185 
10 1.97 0.985796 0.972251 0.946961 0.0232328 -214.018 0.167393 
10 1.97 0.98557 0.971803 0.946083 0.0231053 -213.898 0.170018 
10 1.975 0.985288 0.971294 0.945249 0.0253791 -213.883 0.17371 
10 1.975 0.985332 0.971347 0.945246 0.0236825 -213.822 0.1745 
10 1.975 0.98571 0.972084 0.946641 0.0232626 -213.995 0.168556 
10 1.98 0.984932 0.97059 0.943866 0.0251836 -213.694 0.174212 
10 1.98 0.98493 0.97059 0.943892 0.0253765 -213.673 0.183021 
10 1.98 0.985248 0.971194 0.944993 0.0242737 -213.84 0.171739 
10 1.985 0.98501 0.970728 0.944097 0.0243657 -213.692 0.174903 
10 1.985 0.985312 0.971318 0.945218 0.0240938 -213.804 0.173397 
10 1.985 0.984636 0.970008 0.942755 0.0251822 -213.562 0.178039 
10 1.99 0.98477 0.970281 0.943312 0.0255642 -213.642 0.179574 
10 1.99 0.984316 0.969422 0.941759 0.0273373 -213.458 0.186125 
10 1.99 0.984904 0.970578 0.94394 0.0272297 -213.695 0.176856 
10 1.995 0.984616 0.969967 0.942673 0.0249971 -213.546 0.177836 
10 1.995 0.98453 0.969797 0.942345 0.0249463 -213.511 0.180728 
10 1.995 0.984448 0.969649 0.942097 0.0256148 -213.511 0.177345 
10 2 0.984464 0.969673 0.942117 0.0251716 -213.464 0.180905 
10 2 0.983992 0.968769 0.940464 0.0264592 -213.328 0.187103 
10 2 0.984542 0.969842 0.94249 0.0259665 -213.562 0.174628 
10 2.005 0.984084 0.968937 0.940738 0.0257178 -213.351 0.182397 
10 2.005 0.983732 0.968261 0.939487 0.0265692 -213.226 0.182941 
10 2.005 0.9837 0.968221 0.939482 0.0276863 -213.216 0.189972 
10 2.01 0.984062 0.968926 0.94081 0.0272766 -213.354 0.182676 
10 2.01 0.983572 0.967959 0.938944 0.0271065 -213.17 0.184519 
10 2.01 0.983712 0.968249 0.939532 0.0278558 -213.237 0.180513 
10 2.015 0.983184 0.967215 0.937578 0.0279793 -213.024 0.19407 
10 2.015 0.983322 0.967493 0.938119 0.0283139 -213.056 0.188977 
10 2.015 0.983186 0.967222 0.937582 0.0281553 -212.981 0.192734 
10 2.02 0.983248 0.967328 0.937745 0.0272718 -213.021 0.186417 
10 2.02 0.983128 0.967129 0.937479 0.0291156 -212.983 0.195937 
10 2.02 0.983204 0.967281 0.937776 0.02927 -213.058 0.19261 
10 2.025 0.982846 0.966563 0.936349 0.028485 -212.854 0.191742 
10 2.025 0.982742 0.966387 0.936103 0.0298608 -212.866 0.196266 
10 2.025 0.98282 0.966513 0.936253 0.0285258 -212.857 0.190092 
10 2.03 0.982312 0.965568 0.934618 0.0311101 -212.725 0.201447 
10 2.03 0.982402 0.965711 0.934781 0.029436 -212.72 0.195838 
10 2.03 0.982168 0.965286 0.934063 0.03113 -212.627 0.204009 
10 2.035 0.982466 0.965819 0.934933 0.0284796 -212.718 0.19386 
10 2.035 0.982392 0.96569 0.934729 0.0292618 -212.679 0.196531 
10 2.035 0.9825 0.965885 0.935058 0.0284575 -212.721 0.194214 
10 2.04 0.98199 0.964957 0.933488 0.0319804 -212.561 0.201558 
10 2.04 0.981824 0.9646 0.932719 0.0304644 -212.49 0.199807 
10 2.04 0.982046 0.965016 0.933458 0.029487 -212.567 0.195469 
10 2.045 0.981266 0.963562 0.930897 0.0331989 -212.322 0.209304 
10 2.045 0.981646 0.964277 0.932172 0.0317013 -212.431 0.201915 
10 2.045 0.98146 0.963915 0.93149 0.0318371 -212.355 0.204079 
10 2.05 0.981712 0.964362 0.932203 0.029457 -212.406 0.197562 
10 2.05 0.981128 0.96328 0.930322 0.0325818 -212.223 0.206187 
10 2.05 0.981692 0.964354 0.932284 0.0309745 -212.434 0.200177 
10 2.055 0.980816 0.962659 0.929108 0.0320532 -212.094 0.208214 
10 2.055 0.981234 0.963458 0.930577 0.0310558 -212.228 0.206316 
10 2.055 0.981088 0.963173 0.930031 0.0310937 -212.15 0.205765 
10 2.06 0.980708 0.962468 0.928806 0.032997 -212.069 0.207996 
10 2.06 0.98034 0.961751 0.927432 0.0332099 -211.893 0.211327 
10 2.06 0.980074 0.961252 0.92657 0.0343201 -211.879 0.214358 
10 2.065 0.980444 0.961982 0.927947 0.0344699 -211.974 0.209632 
10 2.065 0.980252 0.96161 0.927265 0.0346855 -211.895 0.21376 
10 2.065 0.980124 0.961348 0.926744 0.0341455 -211.855 0.215596 
10 2.07 0.98016 0.96144 0.926985 0.0350983 -211.908 0.213385 
10 2.07 0.980136 0.961389 0.926872 0.034917 -211.872 0.216195 
10 2.07 0.979908 0.960943 0.926031 0.0349445 -211.805 0.219823 
10 2.075 0.979588 0.960362 0.925035 0.0370694 -211.683 0.220051 
10 2.075 0.979662 0.96048 0.92519 0.0357747 -211.705 0.216413 
10 2.075 0.979566 0.960288 0.924806 0.0356092 -211.627 0.219512 
10 2.08 0.978978 0.959164 0.922751 0.0368248 -211.438 0.225433 
10 2.08 0.979788 0.960716 0.92561 0.0351555 -211.705 0.218212 
10 2.08 0.979586 0.960293 0.924716 0.0338591 -211.6 0.21441 
10 2.085 0.979256 0.959693 0.923712 0.0359869 -211.55 0.217998 
10 2.085 0.979006 0.95919 0.922705 0.0353425 -211.383 0.220632 
10 2.085 0.97912 0.959421 0.923181 0.0357307 -211.476 0.22011 
10 2.09 0.978938 0.959077 0.922558 0.036258 -211.427 0.221638 
10 2.09 0.978988 0.959174 0.922735 0.0361807 -211.412 0.221551 
10 2.09 0.978422 0.958131 0.920916 0.0392818 -211.212 0.227452 
10 2.095 0.978744 0.95871 0.921909 0.036782 -211.335 0.227154 
10 2.095 0.97823 0.957714 0.920022 0.0372328 -211.133 0.225171 
10 2.095 0.978516 0.958245 0.920951 0.0358548 -211.223 0.221349 
10 2.1 0.97831 0.957888 0.920409 0.0379726 -211.158 0.22987 
10 2.1 0.978142 0.957551 0.919749 0.0375861 -211.084 0.22949 
10 2.1 0.978032 0.95733 0.919303 0.037286 -211.043 0.228567 
10 2.105 0.977676 0.956683 0.918203 0.0395458 -210.973 0.227049 
10 2.105 0.977618 0.956539 0.91785 0.0380829 -210.87 0.229895 
10 2.105 0.97805 0.957388 0.919476 0.0382973 -211.078 0.229261 
10 2.11 0.97734 0.956076 0.917196 0.041822 -210.823 0.239052 
10 2.11 0.977312 0.955958 0.916806 0.0388386 -210.79 0.231385 
10 2.11 0.97731 0.95596 0.916829 0.0390978 -210.817 0.233071 
10 2.115 0.977252 0.955847 0.916616 0.0390151 -210.782 0.236461 
10 2.115 0.977112 0.955597 0.916181 0.0401692 -210.69 0.235285 
10 2.115 0.977122 0.955607 0.916172 0.0396973 -210.702 0.233571 
10 2.12 0.976582 0.954605 0.914444 0.0421225 -210.561 0.241597 
10 2.12 0.975874 0.953264 0.91204 0.0440517 -210.308 0.25582 
10 2.12 0.976424 0.954294 0.913832 0.0419704 -210.469 0.237702 
10 2.125 0.976194 0.953822 0.912881 0.0408261 -210.386 0.235921 
10 2.125 0.976326 0.954123 0.913573 0.0428603 -210.463 0.241425 
10 2.125 0.97606 0.953596 0.912547 0.0425109 -210.352 0.239212 
10 2.13 0.97599 0.953499 0.912481 0.0442648 -210.324 0.247537 
10 2.13 0.976192 0.953865 0.913105 0.0429023 -210.433 0.239537 
10 2.13 0.975798 0.95313 0.911804 0.0445288 -210.32 0.241541 
10 2.135 0.975562 0.952663 0.91087 0.0441004 -210.158 0.241364 
10 2.135 0.975288 0.952147 0.909985 0.0449778 -210.042 0.254592 
10 2.135 0.975766 0.952989 0.911298 0.0407472 -210.207 0.236483 
10 2.14 0.975428 0.952443 0.910576 0.0459541 -210.165 0.249009 
10 2.14 0.975322 0.952214 0.91009 0.0449045 -210.098 0.241576 
10 2.14 0.975126 0.951887 0.909594 0.0474712 -210.011 0.252131 
10 2.145 0.97461 0.950852 0.907589 0.0460433 -209.837 0.25022 
10 2.145 0.975018 0.951615 0.908953 0.0445361 -209.964 0.246805 
10 2.145 0.97516 0.951872 0.909399 0.0435997 -210.048 0.245019 
10 2.15 0.974326 0.950301 0.906576 0.046017 -209.706 0.256231 
10 2.15 0.974106 0.949916 0.905963 0.0480791 -209.682 0.256894 
10 2.15 0.97442 0.950543 0.907039 0.0487918 -209.747 0.250355 
10 2.155 0.974168 0.949979 0.905918 0.045256 -209.602 0.256385 
10 2.155 0.973934 0.949517 0.905023 0.0450136 -209.496 0.253192 
10 2.155 0.97422 0.950075 0.906078 0.0450242 -209.646 0.249581 
10 2.16 0.974042 0.949733 0.905461 0.0451621 -209.565 0.254124 
10 2.16 0.973634 0.949046 0.904438 0.0501442 -209.533 0.259323 
10 2.16 0.974128 0.94999 0.906162 0.0493111 -209.66 0.257843 
10 2.165 0.973044 0.947883 0.902231 0.0493568 -209.28 0.261449 
10 2.165 0.97359 0.948915 0.904083 0.0479368 -209.462 0.255919 
10 2.165 0.973082 0.947992 0.902544 0.0509719 -209.296 0.265627 
10 2.17 0.973154 0.948056 0.902431 0.0473241 -209.265 0.257388 
10 2.17 0.972696 0.947162 0.900758 0.0472337 -209.076 0.263747 
10 2.17 0.972564 0.947013 0.900799 0.0521947 -209.155 0.271325 
10 2.175 0.972344 0.946559 0.899844 0.0508554 -209.042 0.262395 
10 2.175 0.972298 0.946446 0.899575 0.0497912 -208.939 0.269102 
10 2.175 0.97259 0.947033 0.900734 0.0506562 -209.066 0.266734 
10 2.18 0.972392 0.946652 0.90003 0.0507247 -209.005 0.269104 
10 2.18 0.971784 0.945592 0.898358 0.0563017 -208.862 0.279646 
10 2.18 0.97131 0.944599 0.896293 0.0530369 -208.598 0.279709 
10 2.185 0.971024 0.944102 0.895529 0.0555786 -208.58 0.279102 
10 2.185 0.971382 0.944768 0.896702 0.054232 -208.672 0.274436 
10 2.185 0.97173 0.945403 0.897796 0.0523591 -208.824 0.27106 
10 2.19 0.97077 0.943611 0.894592 0.0555601 -208.469 0.277892 
10 2.19 0.97116 0.944284 0.895655 0.0516975 -208.585 0.271071 
10 2.19 0.971272 0.944556 0.896309 0.0542092 -208.649 0.27565 
10 2.195 0.970672 0.943399 0.894188 0.0544195 -208.425 0.282501 
10 2.195 0.9697 0.941703 0.891343 0.0630811 -208.109 0.290998 
10 2.195 0.970914 0.943857 0.894999 0.0539027 -208.56 0.273833 
10 2.2 0.969974 0.942228 0.892362 0.0626618 -208.289 0.286934 
10 2.2 0.969938 0.942057 0.891899 0.0580798 -208.209 0.285136 
10 2.2 0.97017 0.942452 0.892455 0.0555623 -208.22 0.278023 
10 2.205 0.969298 0.940815 0.889545 0.0578897 -207.908 0.289735 
10 2.205 0.96927 0.940729 0.889289 0.0564656 -207.88 0.284642 
10 2.205 0.970142 0.942493 0.892725 0.0597578 -208.225 0.286265 
10 2.21 0.969304 0.940808 0.889506 0.0569156 -207.926 0.288472 
10 2.21 0.969536 0.941247 0.890294 0.0564138 -207.973 0.288717 
10 2.21 0.96902 0.940306 0.888685 0.0591167 -207.861 0.285267 
10 2.215 0.968646 0.939639 0.8876 0.0615804 -207.721 0.298251 
10 2.215 0.968628 0.939553 0.887276 0.0592775 -207.686 0.291738 
10 2.215 0.967934 0.938264 0.885 0.0617631 -207.447 0.296389 
10 2.22 0.96819 0.938809 0.886168 0.0638308 -207.585 0.298151 
10 2.22 0.968614 0.939506 0.887123 0.0582342 -207.634 0.28874 
10 2.22 0.968566 0.939499 0.887397 0.0620912 -207.744 0.29451 
10 2.225 0.967946 0.938307 0.885179 0.062383 -207.474 0.297097 
10 2.225 0.967746 0.937912 0.884407 0.0620027 -207.447 0.287844 
10 2.225 0.96794 0.938265 0.885047 0.0610084 -207.519 0.296151 
10 2.23 0.967948 0.938348 0.885288 0.063865 -207.514 0.294246 
10 2.23 0.967564 0.937554 0.883722 0.0615994 -207.306 0.296541 
10 2.23 0.966656 0.93595 0.881151 0.0684277 -207.076 0.310668 
10 2.235 0.967232 0.936961 0.882793 0.0636894 -207.224 0.303682 
10 2.235 0.966794 0.936116 0.881178 0.0637728 -207.058 0.298569 
10 2.235 0.966608 0.935809 0.880793 0.0661125 -207.06 0.307295 
10 2.24 0.966522 0.935564 0.880082 0.0624635 -206.895 0.302372 
10 2.24 0.96638 0.935332 0.879773 0.0643614 -206.832 0.308662 
10 2.24 0.966118 0.934888 0.879112 0.0671272 -206.837 0.310858 
10 2.245 0.965952 0.934542 0.878432 0.0658714 -206.743 0.315788 
10 2.245 0.965634 0.933924 0.877275 0.0656988 -206.666 0.309843 
10 2.245 0.965678 0.933998 0.877363 0.0652169 -206.656 0.305261 
10 2.25 0.96464 0.932168 0.874362 0.072764 -206.3 0.32226 
10 2.25 0.965368 0.93343 0.876382 0.0664278 -206.578 0.307487 
10 2.25 0.965572 0.933865 0.877319 0.0682592 -206.675 0.309012 
10 2.255 0.963826 0.930658 0.871785 0.0752799 -206.088 0.328213 
10 2.255 0.963624 0.930337 0.87128 0.0783036 -206.015 0.339979 
10 2.255 0.964566 0.932165 0.874565 0.0788289 -206.387 0.327674 
10 2.26 0.963814 0.930547 0.871406 0.0712059 -206.03 0.329548 
10 2.26 0.964288 0.931558 0.873438 0.0755085 -206.267 0.324866 
10 2.26 0.964366 0.93165 0.873492 0.0729424 -206.262 0.320203 
10 2.265 0.96334 0.929762 0.870221 0.0767278 -205.984 0.319685 
10 2.265 0.963602 0.930265 0.87102 0.0766351 -206.032 0.323444 
10 2.265 0.963978 0.930985 0.872261 0.0764351 -206.065 0.319328 
10 2.27 0.963496 0.929931 0.870224 0.0707638 -205.898 0.324221 
10 2.27 0.963316 0.929597 0.86964 0.0713359 -205.824 0.328329 
10 2.27 0.962858 0.928837 0.868535 0.0767098 -205.699 0.33305 
10 2.275 0.962928 0.928925 0.868581 0.0744926 -205.76 0.322739 
10 2.275 0.963418 0.929803 0.870031 0.0716043 -205.874 0.31856 
10 2.275 0.962 0.927217 0.865601 0.0779323 -205.462 0.329012 
10 2.28 0.962862 0.928768 0.868252 0.0730004 -205.703 0.327954 
10 2.28 0.960994 0.925339 0.862375 0.0802532 -205.186 0.340538 
10 2.28 0.961698 0.926613 0.864486 0.0767314 -205.337 0.333506 
10 2.285 0.961512 0.926282 0.863942 0.0777468 -205.236 0.337052 
10 2.285 0.961822 0.926913 0.865208 0.0792613 -205.398 0.335807 
10 2.285 0.961714 0.92672 0.864875 0.0799187 -205.362 0.340993 
10 2.29 0.961048 0.925377 0.862264 0.0770385 -205.14 0.32971 
10 2.29 0.960854 0.925067 0.861866 0.0797708 -205.058 0.342322 
10 2.29 0.961834 0.926825 0.864755 0.0742514 -205.284 0.332434 
10 2.295 0.960558 0.924656 0.861317 0.0864788 -205.045 0.337379 
10 2.295 0.960596 0.924657 0.861183 0.083317 -204.969 0.34006 
10 2.295 0.960404 0.924318 0.860604 0.0846186 -204.974 0.339914 
10 2.3 0.960352 0.924348 0.860974 0.0900885 -205.031 0.340073 
10 2.3 0.959582 0.922821 0.858266 0.0879559 -204.785 0.354758 
10 2.3 0.960124 0.923765 0.859586 0.0837976 -204.782 0.342101 
10 2.305 0.959784 0.923031 0.858045 0.0800709 -204.561 0.344075 
10 2.305 0.959138 0.921949 0.856528 0.0869248 -204.536 0.352984 
10 2.305 0.959142 0.921908 0.856321 0.0847872 -204.441 0.349315 
10 2.31 0.958642 0.920973 0.854577 0.0856535 -204.289 0.344543 
10 2.31 0.957978 0.919843 0.853049 0.0918386 -204.14 0.370189 
10 2.31 0.958586 0.920876 0.854632 0.0861005 -204.264 0.362315 
10 2.315 0.95814 0.920115 0.853222 0.0899551 -204.156 0.344662 
10 2.315 0.957342 0.91868 0.850846 0.0939998 -203.924 0.361701 
10 2.315 0.957576 0.919188 0.85199 0.0965894 -204.063 0.361245 
10 2.32 0.957366 0.918661 0.850854 0.0910061 -203.949 0.359736 
10 2.32 0.95747 0.918862 0.851192 0.0910707 -203.918 0.363314 
10 2.32 0.955882 0.916165 0.846765 0.105819 -203.544 0.375192 
10 2.325 0.95656 0.917259 0.848592 0.0968502 -203.738 0.366504 
10 2.325 0.956628 0.917311 0.848537 0.0935153 -203.685 0.369376 
10 2.325 0.957588 0.918974 0.851145 0.0859674 -203.966 0.353464 
10 2.33 0.95587 0.916109 0.846794 0.103908 -203.491 0.377389 
10 2.33 0.955954 0.916115 0.846576 0.0973146 -203.45 0.381125 
10 2.33 0.955244 0.914883 0.844652 0.102655 -203.298 0.380672 
10 2.335 0.955184 0.914533 0.843487 0.0923446 -203.201 0.362103 
10 2.335 0.95523 0.914723 0.844024 0.0967164 -203.229 0.366966 
10 2.335 0.955698 0.915552 0.84536 0.093938 -203.307 0.366195 
10 2.34 0.955084 0.914369 0.843274 0.0933159 -203.159 0.370718 
10 2.34 0.955082 0.914571 0.843979 0.10212 -203.169 0.374834 
10 2.34 0.954208 0.912911 0.841007 0.102471 -202.899 0.378439 
10 2.345 0.953924 0.912548 0.840751 0.109914 -203.009 0.385891 
10 2.345 0.953928 0.912435 0.84015 0.104731 -202.782 0.378744 
10 2.345 0.953572 0.91192 0.839587 0.111742 -202.72 0.388673 
10 2.35 0.953718 0.911865 0.838987 0.0973318 -202.67 0.383984 
10 2.35 0.953396 0.911293 0.837904 0.099128 -202.513 0.37738 
10 2.35 0.95273 0.91024 0.836647 0.10834 -202.469 0.397443 
10 2.355 0.952048 0.909096 0.8349 0.114665 -202.397 0.391816 
10 2.355 0.952352 0.909611 0.835623 0.111952 -202.365 0.396305 
10 2.355 0.952126 0.909215 0.834994 0.113418 -202.36 0.386957 
10 2.36 0.952102 0.909326 0.835315 0.119809 -202.362 0.396315 
10 2.36 0.952442 0.909535 0.834939 0.101222 -202.232 0.379785 
10 2.36 0.951242 0.90746 0.831783 0.110131 -202.012 0.396636 
10 2.365 0.952524 0.909786 0.835633 0.105046 -202.302 0.388426 
10 2.365 0.951674 0.908202 0.832807 0.106506 -202.05 0.38324 
10 2.365 0.95124 0.907564 0.832093 0.114431 -201.986 0.398954 
10 2.37 0.950394 0.906013 0.829429 0.116628 -201.697 0.401748 
10 2.37 0.95035 0.905842 0.828997 0.112933 -201.672 0.399998 
10 2.37 0.951178 0.907313 0.831378 0.108583 -201.859 0.400078 
10 2.375 0.949262 0.903852 0.825597 0.115925 -201.295 0.41209 
10 2.375 0.949548 0.90457 0.827249 0.123323 -201.564 0.40755 
10 2.375 0.94925 0.903987 0.826105 0.122583 -201.386 0.409022 
10 2.38 0.94944 0.904181 0.826147 0.115338 -201.364 0.400584 
10 2.38 0.94839 0.902449 0.823533 0.126274 -201.123 0.422043 
10 2.38 0.948714 0.903219 0.825224 0.132784 -201.314 0.412105 
10 2.385 0.94751 0.901209 0.822314 0.143961 -201.033 0.44528 
10 2.385 0.948596 0.90268 0.82364 0.119324 -201.173 0.401742 
10 2.385 0.948044 0.901558 0.821642 0.116147 -200.926 0.413001 
10 2.39 0.94732 0.900513 0.820348 0.129628 -200.835 0.412406 
10 2.39 0.948174 0.90178 0.82196 0.114907 -200.94 0.406756 
10 2.39 0.947294 0.900434 0.82018 0.128356 -200.817 0.414218 
10 2.395 0.947174 0.900104 0.819298 0.123802 -200.759 0.408831 
10 2.395 0.94685 0.899754 0.819171 0.134824 -200.673 0.423926 
10 2.395 0.947074 0.899909 0.819027 0.123584 -200.673 0.413919 
10 2.4 0.947428 0.900565 0.820195 0.122714 -200.825 0.413447 
10 2.4 0.946806 0.899619 0.819073 0.132388 -200.576 0.43721 
10 2.4 0.945574 0.897178 0.814404 0.127834 -200.144 0.420107 
10 2.405 0.94546 0.897216 0.814688 0.138093 -200.227 0.422678 
10 2.405 0.945642 0.897439 0.815111 0.133068 -200.248 0.427398 
10 2.405 0.944974 0.896334 0.813497 0.139647 -200.077 0.436539 
10 2.41 0.944482 0.895195 0.811079 0.130644 -199.812 0.430044 
10 2.41 0.94439 0.895125 0.811118 0.134956 -199.792 0.436655 
10 2.41 0.94458 0.895533 0.811963 0.136992 -199.872 0.444885 
10 2.415 0.942888 0.892567 0.807216 0.146119 -199.515 0.449507 
10 2.415 0.943602 0.893835 0.80927 0.142862 -199.716 0.432194 
10 2.415 0.94306 0.892821 0.8075 0.143241 -199.514 0.451784 
10 2.42 0.941364 0.889842 0.802732 0.151874 -198.989 0.4603 
10 2.42 0.944062 0.894654 0.810758 0.14054 -199.808 0.441558 
10 2.42 0.942914 0.892499 0.807017 0.141009 -199.45 0.443037 
10 2.425 0.94219 0.891116 0.804438 0.139954 -199.162 0.450375 
10 2.425 0.94091 0.889197 0.8018 0.160212 -198.961 0.451663 
10 2.425 0.941796 0.890674 0.804232 0.152339 -199.189 0.447554 
10 2.43 0.941426 0.889994 0.802914 0.152728 -198.962 0.448727 
10 2.43 0.941098 0.889342 0.801866 0.151294 -198.862 0.463976 
10 2.43 0.94177 0.89025 0.802755 0.13661 -198.975 0.437389 
10 2.435 0.940148 0.887741 0.799539 0.158629 -198.683 0.458448 
10 2.435 0.939234 0.886058 0.796599 0.160066 -198.413 0.463315 
10 2.435 0.941292 0.889756 0.802709 0.153009 -198.98 0.463733 
10 2.44 0.939008 0.885755 0.796263 0.16473 -198.355 0.471493 
10 2.44 0.940102 0.8874 0.798216 0.14788 -198.562 0.443112 
10 2.44 0.939598 0.886582 0.797326 0.153182 -198.509 0.460887 
10 2.445 0.937806 0.883461 0.792292 0.162799 -197.97 0.473679 
10 2.445 0.93808 0.884169 0.793718 0.170758 -198.091 0.473067 
10 2.445 0.93909 0.885661 0.795705 0.154225 -198.26 0.459861 
10 2.45 0.938126 0.884247 0.793664 0.170085 -198.072 0.469383 
10 2.45 0.93719 0.882411 0.790472 0.166781 -197.857 0.466361 
10 2.45 0.937172 0.882595 0.791094 0.175651 -197.695 0.481128 
10 2.455 0.937608 0.883164 0.791704 0.165186 -197.878 0.464333 
10 2.455 0.936784 0.881843 0.789906 0.174282 -197.716 0.47754 
10 2.455 0.936948 0.882015 0.789916 0.168764 -197.783 0.463801 
10 2.46 0.93494 0.878515 0.784437 0.178969 -197.266 0.477249 
10 2.46 0.935664 0.87982 0.786514 0.17693 -197.414 0.482246 
10 2.46 0.935938 0.880232 0.786979 0.172853 -197.342 0.477954 
10 2.465 0.933656 0.876505 0.781477 0.194388 -196.867 0.492618 
10 2.465 0.93497 0.878754 0.784914 0.186003 -197.168 0.489791 
10 2.465 0.934922 0.878607 0.785005 0.183705 -197.241 0.497963 
10 2.47 0.935116 0.878794 0.784626 0.176194 -197.006 0.488963 
10 2.47 0.93323 0.875775 0.780194 0.196614 -196.741 0.493028 
10 2.47 0.933044 0.875223 0.779334 0.188331 -196.546 0.507232 
10 2.475 0.932318 0.873962 0.777187 0.191738 -196.467 0.500181 
10 2.475 0.933654 0.876351 0.780861 0.187527 -196.708 0.491174 
10 2.475 0.932256 0.874098 0.777866 0.201899 -196.401 0.510575 
10 2.48 0.93277 0.874406 0.777183 0.175258 -196.461 0.480555 
10 2.48 0.93226 0.873796 0.776771 0.189001 -196.357 0.497522 
10 2.48 0.932086 0.873794 0.777199 0.202008 -196.378 0.505433 
10 2.485 0.929618 0.869463 0.770145 0.212218 -195.727 0.508891 
10 2.485 0.930744 0.870943 0.771843 0.187471 -195.802 0.499637 
10 2.485 0.930012 0.870103 0.771233 0.208496 -195.778 0.514128 
10 2.49 0.931306 0.872286 0.774388 0.19899 -196.073 0.490329 
10 2.49 0.92837 0.86767 0.767809 0.232912 -195.45 0.519745 
10 2.49 0.929624 0.869514 0.770606 0.213366 -195.738 0.516201 
10 2.495 0.928578 0.867551 0.767043 0.212193 -195.473 0.509797 
10 2.495 0.929046 0.867961 0.767249 0.193769 -195.43 0.507997 
10 2.495 0.928024 0.866518 0.76552 0.212021 -195.253 0.522165 
10 2.5 0.927444 0.865521 0.76366 0.214743 -195.069 0.515355 
10 2.5 0.927834 0.866004 0.764066 0.205115 -194.941 0.523561 
10 2.5 0.927898 0.866617 0.765815 0.224876 -195.195 0.521633 
10 2.505 0.925728 0.862416 0.758592 0.217303 -194.396 0.534896 
10 2.505 0.92614 0.86302 0.759681 0.210963 -194.682 0.527562 
10 2.505 0.92628 0.863552 0.760957 0.221844 -194.841 0.53264 
10 2.51 0.924816 0.861211 0.757455 0.236121 -194.467 0.529952 
10 2.51 0.92417 0.859876 0.75517 0.230499 -194.214 0.54285 
10 2.51 0.924196 0.860377 0.756495 0.248538 -194.314 0.549193 
10 2.515 0.92163 0.855552 0.74835 0.244534 -193.513 0.546916 
10 2.515 0.924568 0.860354 0.755427 0.219786 -194.17 0.534353 
10 2.515 0.923512 0.858739 0.753103 0.233176 -193.858 0.540295 
10 2.52 0.922714 0.857833 0.752539 0.255214 -193.84 0.558837 
10 2.52 0.922378 0.85717 0.751247 0.253536 -193.76 0.55343 
10 2.52 0.924004 0.859611 0.754747 0.231237 -194.197 0.543142 
10 2.525 0.922532 0.857048 0.750543 0.236945 -193.747 0.529308 
10 2.525 0.922344 0.856542 0.749537 0.230629 -193.64 0.549976 
10 2.525 0.923092 0.857967 0.751649 0.232404 -193.81 0.529246 
10 2.53 0.921392 0.854978 0.746939 0.237738 -193.401 0.54092 
10 2.53 0.91963 0.852193 0.743445 0.255895 -193.015 0.569997 
10 2.53 0.919836 0.852329 0.743192 0.246276 -192.958 0.554518 
10 2.535 0.919506 0.851877 0.74253 0.251883 -192.881 0.556846 
10 2.535 0.918146 0.849671 0.739524 0.263487 -192.61 0.583286 
10 2.535 0.920572 0.853621 0.744979 0.24331 -193.074 0.554562 
10 2.54 0.918156 0.849833 0.739758 0.268613 -192.659 0.562161 
10 2.54 0.917706 0.849038 0.738477 0.269842 -192.507 0.565388 
10 2.54 0.917908 0.849171 0.738404 0.260477 -192.456 0.569776 
10 2.545 0.916794 0.847862 0.737127 0.288827 -192.389 0.573912 
10 2.545 0.917724 0.848508 0.73662 0.247171 -192.282 0.552486 
10 2.545 0.91721 0.848038 0.736899 0.265758 -192.4 0.565725 
10 2.55 0.914868 0.844092 0.730839 0.278748 -191.817 0.570331 
10 2.55 0.916278 0.846035 0.732895 0.253727 -191.852 0.560398 
10 2.55 0.915484 0.845642 0.733826 0.295323 -191.982 0.600217 
10 2.555 0.9139 0.84315 0.730449 0.310656 -191.528 0.618291 
10 2.555 0.912788 0.8408 0.726206 0.298163 -191.176 0.606696 
10 2.555 0.9145 0.843348 0.729424 0.275466 -191.506 0.594597 
10 2.56 0.913916 0.842626 0.729014 0.288429 -191.387 0.607284 
10 2.56 0.913054 0.841249 0.726754 0.296164 -191.268 0.593407 
10 2.56 0.914722 0.84388 0.730248 0.279823 -191.585 0.574689 
10 2.565 0.912236 0.840101 0.725142 0.309023 -191.039 0.590926 
10 2.565 0.913114 0.841304 0.726882 0.293436 -191.228 0.594458 
10 2.565 0.910486 0.836713 0.719598 0.301312 -190.65 0.592914 
10 2.57 0.910072 0.837034 0.721666 0.342509 -190.817 0.624313 
10 2.57 0.90916 0.834696 0.716704 0.316122 -190.32 0.604683 
10 2.57 0.910982 0.838228 0.72269 0.324498 -190.788 0.61209 
10 2.575 0.908916 0.834553 0.71693 0.327175 -190.279 0.609873 
10 2.575 0.909626 0.835294 0.717587 0.305824 -190.295 0.601639 
10 2.575 0.908156 0.833186 0.714772 0.3277 -190.119 0.616488 
10 2.58 0.908568 0.833682 0.715151 0.317291 -190.052 0.596624 
10 2.58 0.906514 0.830177 0.710025 0.325951 -189.535 0.62721 
10 2.58 0.908274 0.833275 0.714605 0.322235 -189.812 0.625156 
10 2.585 0.906278 0.830174 0.710211 0.341737 -189.556 0.608696 
10 2.585 0.906048 0.829438 0.708771 0.329417 -189.414 0.622606 
10 2.585 0.906622 0.829973 0.708925 0.309866 -189.434 0.600648 
10 2.59 0.90573 0.828792 0.707657 0.326085 -189.25 0.624093 
10 2.59 0.902836 0.824504 0.702177 0.362596 -188.727 0.656183 
10 2.59 0.904576 0.826973 0.70515 0.336483 -189.166 0.618298 
10 2.595 0.902724 0.824276 0.701754 0.360895 -188.681 0.634961 
10 2.595 0.903076 0.824781 0.702461 0.355862 -188.738 0.641577 
10 2.595 0.901648 0.82216 0.698163 0.354195 -188.493 0.632337 
10 2.6 0.904068 0.825766 0.702973 0.324111 -188.857 0.616282 
10 2.6 0.903554 0.824908 0.701418 0.326867 -188.645 0.61492 
10 2.6 0.900688 0.82027 0.695236 0.347342 -188.071 0.652501 
10 2.605 0.900416 0.820203 0.695362 0.362917 -188.07 0.644117 
10 2.605 0.90171 0.822336 0.698712 0.355292 -188.456 0.636106 
10 2.605 0.900238 0.820171 0.695602 0.374009 -188.059 0.650258 
10 2.61 0.899076 0.817765 0.691386 0.361203 -187.537 0.654755 
10 2.61 0.899518 0.818605 0.692879 0.36292 -187.809 0.647942 
10 2.61 0.90041 0.820496 0.695921 0.373846 -188.118 0.641625 
10 2.615 0.899656 0.818654 0.692429 0.354599 -187.756 0.635643 
10 2.615 0.897876 0.815848 0.688926 0.369657 -187.489 0.652903 
10 2.615 0.897018 0.814787 0.68754 0.387969 -187.179 0.676985 
10 2.62 0.896954 0.814319 0.686663 0.373779 -187.178 0.652479 
10 2.62 0.8974 0.815062 0.687533 0.371568 -187.261 0.64063 
10 2.62 0.896676 0.814234 0.686763 0.389548 -187.202 0.655987 
10 2.625 0.894188 0.810387 0.682052 0.411976 -186.754 0.686492 
10 2.625 0.893222 0.809029 0.679949 0.426024 -186.386 0.688856 
10 2.625 0.893168 0.808959 0.679849 0.427043 -186.508 0.681395 
10 2.63 0.893324 0.808679 0.678962 0.404976 -186.424 0.673532 
10 2.63 0.891102 0.805922 0.675929 0.450914 -186.066 0.696437 
10 2.63 0.891832 0.80694 0.677158 0.440137 -186.227 0.68495 
10 2.635 0.891486 0.806089 0.675217 0.430432 -185.915 0.677672 
10 2.635 0.89114 0.806205 0.67606 0.458228 -185.785 0.700157 
10 2.635 0.888384 0.801303 0.66915 0.458308 -185.273 0.717603 
10 2.64 0.887232 0.799568 0.666432 0.469222 -184.979 0.710609 
10 2.64 0.88773 0.800316 0.667953 0.464068 -185.158 0.724369 
10 2.64 0.888974 0.801985 0.669879 0.443587 -185.627 0.695414 
10 2.645 0.886226 0.797374 0.662891 0.452827 -184.693 0.703732 
10 2.645 0.889112 0.802437 0.670722 0.450529 -185.387 0.705305 
10 2.645 0.887864 0.800522 0.667733 0.461989 -185.219 0.694886 
10 2.65 0.884638 0.795455 0.660944 0.485689 -184.576 0.723922 
10 2.65 0.88777 0.799961 0.666795 0.446233 -185.057 0.713639 
10 2.65 0.884786 0.795601 0.660648 0.481302 -184.407 0.719671 
10 2.655 0.885116 0.795862 0.660756 0.468239 -184.359 0.700551 
10 2.655 0.884034 0.794599 0.659559 0.492764 -184.205 0.724881 
10 2.655 0.88506 0.7958 0.661299 0.469653 -184.455 0.72828 
10 2.66 0.879602 0.787499 0.649599 0.518784 -183.301 0.739306 
10 2.66 0.880116 0.788173 0.65052 0.510114 -183.365 0.741663 
10 2.66 0.88328 0.793172 0.657826 0.488272 -184.247 0.713926 
10 2.665 0.877636 0.784749 0.646324 0.544244 -182.952 0.747045 
10 2.665 0.878522 0.78578 0.64733 0.524542 -183.28 0.720613 
10 2.665 0.880674 0.789633 0.653387 0.527075 -183.626 0.745034 
10 2.67 0.877796 0.7853 0.647366 0.55334 -183.124 0.742942 
10 2.67 0.880228 0.787569 0.649057 0.478206 -183.352 0.707631 
10 2.67 0.879416 0.787529 0.650032 0.530192 -183.368 0.735436 
10 2.675 0.876054 0.782384 0.643334 0.55752 -182.786 0.74915 
10 2.675 0.87776 0.784646 0.645983 0.530232 -182.925 0.737093 
10 2.675 0.874892 0.780009 0.639354 0.544798 -182.284 0.754494 
10 2.68 0.875624 0.780793 0.64001 0.525205 -182.233 0.74657 
10 2.68 0.876094 0.781493 0.640692 0.520608 -182.393 0.732119 
10 2.68 0.87547 0.781189 0.641632 0.550045 -182.402 0.760133 
10 2.685 0.871772 0.775938 0.63456 0.594106 -181.692 0.7801 
10 2.685 0.871684 0.775649 0.634099 0.589058 -181.608 0.772532 
10 2.685 0.874268 0.778989 0.63745 0.545419 -181.985 0.742108 
10 2.69 0.87095 0.774233 0.631694 0.582881 -181.42 0.766856 
10 2.69 0.869288 0.771233 0.627258 0.578878 -180.952 0.772449 
10 2.69 0.870128 0.772351 0.628396 0.566117 -181.055 0.753995 
10 2.695 0.865898 0.766559 0.621748 0.62261 -180.369 0.790124 
10 2.695 0.868866 0.770648 0.6265 0.583287 -180.961 0.755443 
10 2.695 0.86863 0.770279 0.6261 0.584809 -180.875 0.77597 
10 2.7 0.865962 0.766125 0.620448 0.601284 -180.251 0.783528 
10 2.7 0.869816 0.772084 0.627925 0.57423 -181.08 0.747387 
10 2.7 0.864388 0.763742 0.617394 0.613897 -180.095 0.782307 
10 2.705 0.863748 0.763052 0.616821 0.62813 -179.924 0.803894 
10 2.705 0.8638 0.763026 0.616461 0.623854 -180.085 0.773936 
10 2.705 0.865598 0.7657 0.620121 0.607772 -180.04 0.785528 
10 2.71 0.85864 0.756228 0.609014 0.699817 -178.986 0.830285 
10 2.71 0.86344 0.762179 0.614943 0.614406 -179.667 0.772456 
10 2.71 0.86015 0.757089 0.608199 0.635815 -178.973 0.80207 
10 2.715 0.85873 0.755964 0.607918 0.683133 -178.933 0.829237 
10 2.715 0.860352 0.758358 0.610902 0.668583 -179.264 0.794338 
10 2.715 0.860308 0.75794 0.61024 0.655997 -179.283 0.805378 
10 2.72 0.858386 0.75492 0.60579 0.665185 -178.766 0.802487 
10 2.72 0.860068 0.757449 0.609244 0.651915 -178.986 0.79822 
10 2.72 0.860318 0.757679 0.609331 0.644551 -179.129 0.793984 
10 2.725 0.854122 0.748597 0.598116 0.69993 -177.875 0.838201 
10 2.725 0.853832 0.748944 0.598916 0.730831 -177.722 0.844224 
10 2.725 0.854576 0.749816 0.599986 0.716187 -178.091 0.837745 
10 2.73 0.852514 0.746887 0.596388 0.736513 -177.752 0.820341 
10 2.73 0.854984 0.74968 0.599195 0.684318 -178.047 0.8158 
10 2.73 0.8563 0.750762 0.599541 0.641462 -177.98 0.815173 
10 2.735 0.85077 0.743517 0.591219 0.720572 -177.203 0.829775 
10 2.735 0.85358 0.747417 0.59553 0.688058 -177.629 0.808516 
10 2.735 0.849784 0.74263 0.591072 0.749439 -177.102 0.856059 
10 2.74 0.847588 0.738764 0.584968 0.742999 -176.622 0.835731 
10 2.74 0.843306 0.733786 0.58039 0.825582 -175.943 0.887389 
10 2.74 0.845242 0.735111 0.580351 0.754639 -175.981 0.865082 
10 2.745 0.846348 0.738095 0.585637 0.793805 -176.299 0.878924 
10 2.745 0.848338 0.739622 0.585996 0.726591 -176.452 0.858514 
10 2.745 0.844832 0.735242 0.581417 0.783266 -176.077 0.863061 
10 2.75 0.840574 0.729231 0.573565 0.824219 -175.144 0.882654 
10 2.75 0.842436 0.732225 0.578103 0.819138 -175.626 0.893586 
10 2.75 0.844398 0.73419 0.579794 0.77026 -176.05 0.854559 
10 2.755 0.839194 0.726459 0.569382 0.80625 -174.8 0.878408 
10 2.755 0.840404 0.72827 0.571998 0.798226 -175.205 0.868129 
10 2.755 0.84288 0.732486 0.578574 0.799986 -175.881 0.882024 
10 2.76 0.839046 0.726023 0.568444 0.798012 -174.642 0.868263 
10 2.76 0.835694 0.720973 0.562535 0.818431 -173.938 0.904303 
10 2.76 0.838088 0.724514 0.566684 0.801543 -174.553 0.864418 
10 2.765 0.835474 0.721485 0.5636 0.848748 -174.172 0.882052 
10 2.765 0.834776 0.719858 0.56094 0.832086 -174.024 0.882619 
10 2.765 0.83508 0.721807 0.565252 0.884199 -174.198 0.921217 
10 2.77 0.831186 0.715836 0.557286 0.901286 -173.519 0.884048 
10 2.77 0.835578 0.721817 0.564176 0.852936 -174.161 0.87965 
10 2.77 0.834556 0.719931 0.561073 0.846474 -173.863 0.877765 
10 2.775 0.830344 0.714379 0.555243 0.897596 -173.375 0.895144 
10 2.775 0.830566 0.71424 0.554706 0.879299 -173.191 0.904823 
10 2.775 0.831242 0.714624 0.554446 0.852638 -173.138 0.899792 
10 2.78 0.828522 0.711605 0.551927 0.904897 -172.753 0.909895 
10 2.78 0.829138 0.713279 0.5548 0.928396 -173.143 0.92429 
10 2.78 0.831924 0.715992 0.556493 0.859522 -173.391 0.883918 
10 2.785 0.82431 0.705261 0.544023 0.925459 -172.039 0.935973 
10 2.785 0.829718 0.71244 0.551625 0.862052 -172.812 0.879392 
10 2.785 0.828836 0.712174 0.552175 0.905006 -172.841 0.902667 
10 2.79 0.822522 0.702444 0.540143 0.928367 -171.725 0.920795 
10 2.79 0.820872 0.700761 0.53841 0.965234 -171.441 0.921759 
10 2.79 0.822734 0.702054 0.538597 0.901884 -171.43 0.913877 
10 2.795 0.82409 0.704479 0.541973 0.90713 -171.882 0.891271 
10 2.795 0.820444 0.699892 0.537165 0.957563 -171.176 0.938693 
10 2.795 0.824288 0.705968 0.544669 0.948758 -171.899 0.908788 
10 2.8 0.817212 0.695071 0.530619 0.972688 -170.488 0.938983 
10 2.8 0.810058 0.685613 0.521044 1.05069 -169.485 0.972004 
10 2.8 0.81665 0.69365 0.528385 0.954749 -170.336 0.926983 
10 2.805 0.81198 0.688911 0.525164 1.05523 -170.096 0.939372 
10 2.805 0.81154 0.688571 0.524539 1.0686 -169.729 0.960902 
10 2.805 0.8174 0.695322 0.531899 0.96896 -170.741 0.939801 
10 2.81 0.812728 0.688948 0.523922 1.01142 -169.836 0.94033 
10 2.81 0.809616 0.684858 0.51972 1.04555 -169.074 0.998888 
10 2.81 0.809036 0.68369 0.51738 1.03738 -168.951 0.962904 
10 2.815 0.805582 0.679221 0.512442 1.07489 -168.61 0.953277 
10 2.815 0.810014 0.684808 0.518511 1.01903 -169.2 0.942942 
10 2.815 0.807736 0.682701 0.517336 1.07509 -168.965 0.961298 
10 2.82 0.802408 0.675175 0.508349 1.11053 -168.152 0.972934 
10 2.82 0.808026 0.682489 0.51643 1.04904 -169.094 0.943038 
10 2.82 0.803594 0.677105 0.510962 1.11141 -168.301 0.983391 
10 2.825 0.802686 0.675615 0.508847 1.10833 -168.002 0.985254 
10 2.825 0.803876 0.676074 0.50848 1.05691 -168.142 0.962289 
10 2.825 0.80204 0.674406 0.507231 1.10221 -167.835 0.984001 
10 2.83 0.800442 0.672304 0.50438 1.11648 -167.561 0.963908 
10 2.83 0.801928 0.673491 0.505175 1.07429 -167.705 0.967808 
10 2.83 0.79097 0.659654 0.490688 1.20212 -165.981 1.0116 
10 2.835 0.79651 0.666895 0.498506 1.1452 -166.553 1.02623 
10 2.835 0.793228 0.6622 0.492804 1.16366 -166.357 0.987505 
10 2.835 0.797074 0.667637 0.4989 1.1397 -167.147 0.968943 
10 2.84 0.79183 0.661059 0.492165 1.19946 -166.111 0.992005 
10 2.84 0.789762 0.657882 0.488368 1.20275 -165.587 1.02585 
10 2.84 0.790828 0.65874 0.488671 1.17363 -165.775 1.00943 
10 2.845 0.790282 0.658504 0.488916 1.19361 -165.78 1.00967 
10 2.845 0.787304 0.654388 0.484175 1.21409 -165.287 1.00074 
10 2.845 0.79008 0.658237 0.488199 1.19544 -165.679 0.995028 
10 2.85 0.78475 0.650662 0.479499 1.2221 -164.97 0.995237 
10 2.85 0.791138 0.658723 0.487925 1.15171 -165.838 0.981793 
10 2.85 0.791346 0.659264 0.488798 1.15914 -165.776 0.979015 
10 2.855 0.783012 0.64874 0.477554 1.24807 -164.307 1.03081 
10 2.855 0.78264 0.647357 0.475035 1.22001 -164.37 0.99444 
10 2.855 0.779068 0.643329 0.471875 1.27431 -163.807 1.05057 
10 2.86 0.780116 0.644469 0.472823 1.25481 -163.858 1.03676 
10 2.86 0.780754 0.645521 0.474053 1.2568 -164.391 0.997442 
10 2.86 0.778834 0.643754 0.472238 1.2997 -163.891 1.01306 
10 2.865 0.776476 0.639583 0.467263 1.27988 -163.395 1.02555 
10 2.865 0.780636 0.644892 0.473 1.23908 -163.858 1.01853 
10 2.865 0.776452 0.639443 0.466412 1.27629 -163.246 1.02321 
10 2.87 0.766656 0.62766 0.455364 1.3902 -161.746 1.0865 
10 2.87 0.773752 0.63603 0.463139 1.30096 -162.742 1.03816 
10 2.87 0.769006 0.630321 0.457097 1.35718 -162.056 1.03827 
10 2.875 0.768682 0.629468 0.455866 1.34246 -162.146 1.02801 
10 2.875 0.769824 0.631778 0.460041 1.3617 -162.561 1.05033 
10 2.875 0.769966 0.629917 0.455013 1.28938 -161.796 1.03043 
10 2.88 0.770406 0.631034 0.45721 1.30238 -162.325 1.02334 
10 2.88 0.76684 0.625879 0.450821 1.31374 -161.213 1.04996 
10 2.88 0.768808 0.629427 0.455375 1.332 -161.867 1.02698 
10 2.885 0.76449 0.622437 0.446447 1.31687 -160.968 1.01322 
10 2.885 0.764414 0.623518 0.448821 1.35839 -161.117 1.03225 
10 2.885 0.763474 0.622727 0.448619 1.38073 -160.984 1.05386 
10 2.89 0.762242 0.620533 0.445974 1.3675 -160.827 1.04137 
10 2.89 0.760006 0.617329 0.441995 1.3744 -160.443 1.04958 
10 2.89 0.753768 0.610312 0.435736 1.45834 -159.698 1.08483 
10 2.895 0.756728 0.613574 0.437973 1.41406 -159.941 1.04574 
10 2.895 0.751296 0.606344 0.430579 1.44725 -159.107 1.06239 
10 2.895 0.757044 0.613082 0.436496 1.38054 -159.498 1.04411 
10 2.9 0.75106 0.605379 0.428678 1.42372 -158.699 1.06533 
10 2.9 0.750784 0.605752 0.429571 1.45088 -158.958 1.05292 
10 2.9 0.74965 0.603465 0.427087 1.43067 -158.755 1.04922 
10 2.905 0.750102 0.60329 0.425633 1.39887 -158.644 1.01603 
10 2.905 0.75125 0.604943 0.426898 1.39643 -158.666 1.01849 
10 2.905 0.754824 0.61065 0.435112 1.40759 -159.484 1.05471 
10 2.91 0.74475 0.597405 0.420242 1.46916 -157.96 1.04524 
10 2.91 0.744388 0.597289 0.420582 1.48369 -157.777 1.07611 
10 2.91 0.746934 0.600749 0.424549 1.47213 -158.215 1.06298 
10 2.915 0.744078 0.597528 0.421256 1.50518 -157.996 1.04266 
10 2.915 0.742972 0.595832 0.419468 1.50343 -157.555 1.06806 
10 2.915 0.741918 0.594736 0.418963 1.51952 -157.513 1.11865 
10 2.92 0.735998 0.586283 0.408751 1.52706 -156.5 1.08127 
10 2.92 0.736786 0.588135 0.411401 1.55075 -156.648 1.09106 
10 2.92 0.738634 0.59137 0.41591 1.56816 -157.195 1.09943 
10 2.925 0.73413 0.583764 0.406266 1.5322 -156.189 1.08278 
10 2.925 0.735404 0.587001 0.411233 1.57886 -156.744 1.05704 
10 2.925 0.733504 0.582788 0.404674 1.53024 -156.197 1.05079 
10 2.93 0.725712 0.573113 0.394763 1.5855 -154.621 1.07856 
10 2.93 0.730084 0.57909 0.401425 1.57226 -155.449 1.09724 
10 2.93 0.730774 0.5792 0.400585 1.54161 -155.311 1.08219 
10 2.935 0.726604 0.573564 0.393692 1.55401 -154.561 1.05588 
10 2.935 0.728884 0.577241 0.399518 1.56625 -155.227 1.08665 
10 2.935 0.732484 0.582255 0.404505 1.55784 -155.833 1.06513 
10 2.94 0.72313 0.570469 0.392678 1.61743 -154.242 1.08665 
10 2.94 0.72328 0.570639 0.392753 1.61583 -154.261 1.09495 
10 2.94 0.72011 0.56582 0.387161 1.60752 -153.771 1.09138 
10 2.945 0.722762 0.569499 0.391517 1.59979 -154.383 1.06758 
10 2.945 0.720584 0.568556 0.392238 1.67454 -154.234 1.12008 
10 2.945 0.721118 0.567636 0.389469 1.61714 -154.039 1.09327 
10 2.95 0.711152 0.555554 0.377289 1.68872 -152.594 1.10135 
10 2.95 0.718532 0.564365 0.385817 1.62972 -153.514 1.0731 
10 2.95 0.720914 0.567401 0.389259 1.6164 -153.934 1.07383 
10 2.955 0.712346 0.556261 0.376994 1.65226 -152.057 1.0873 
10 2.955 0.713274 0.557362 0.378252 1.64474 -152.786 1.06928 
10 2.955 0.711046 0.556471 0.379111 1.722 -152.986 1.08814 
10 2.96 0.71111 0.555092 0.376522 1.66941 -152.404 1.08428 
10 2.96 0.705404 0.548793 0.370568 1.72967 -151.693 1.08887 
10 2.96 0.703788 0.545908 0.367213 1.70913 -151.017 1.10358 
10 2.965 0.704162 0.545724 0.366437 1.68229 -151.43 1.06146 
10 2.965 0.700952 0.542024 0.363509 1.70963 -151.101 1.07485 
10 2.965 0.70494 0.547342 0.369017 1.6999 -151.608 1.08909 
10 2.97 0.698858 0.540772 0.362798 1.76328 -150.804 1.08684 
10 2.97 0.699338 0.540871 0.36271 1.74402 -150.86 1.09162 
10 2.97 0.700472 0.542806 0.365007 1.75571 -150.755 1.1166 
10 2.975 0.696136 0.536487 0.357707 1.74392 -149.65 1.11341 
10 2.975 0.69773 0.538683 0.359987 1.74306 -150.278 1.07865 
10 2.975 0.698908 0.540302 0.361687 1.74216 -150.482 1.09236 
10 2.98 0.701066 0.541731 0.361798 1.68583 -150.358 1.07331 
10 2.98 0.694346 0.534296 0.355383 1.75098 -149.605 1.09634 
10 2.98 0.69312 0.532923 0.354031 1.762 -149.232 1.10888 
10 2.985 0.687906 0.527431 0.349432 1.81629 -148.623 1.12097 
10 2.985 0.685252 0.523271 0.344028 1.79903 -148.127 1.08203 
10 2.985 0.690908 0.530996 0.352208 1.79705 -149.128 1.09302 
10 2.99 0.683432 0.520104 0.340639 1.77339 -147.806 1.07811 
10 2.99 0.693772 0.532037 0.351428 1.69624 -149.331 1.04824 
10 2.99 0.688576 0.527469 0.348981 1.7837 -148.769 1.10933 
10 2.995 0.677798 0.513844 0.335693 1.8175 -147.085 1.11739 
10 2.995 0.68276 0.518993 0.33902 1.76399 -147.464 1.07433 
10 2.995 0.685768 0.523774 0.344988 1.78617 -148.457 1.06217 
10 3 0.674636 0.510962 0.333087 1.86094 -146.774 1.11412 
10 3 0.675526 0.511829 0.333887 1.84978 -146.86 1.11343 
10 3 0.673578 0.509142 0.330437 1.84784 -146.12 1.11056 
10 3.005 0.673488 0.508754 0.330413 1.83589 -146.385 1.10347 
10 3.005 0.675266 0.510389 0.331439 1.81048 -146.554 1.08682 
10 3.005 0.670102 0.505089 0.327371 1.86529 -146.25 1.09653 
10 3.01 0.665424 0.500025 0.321907 1.90154 -145.358 1.08753 
10 3.01 0.667476 0.500942 0.322394 1.84113 -145.272 1.10005 
10 3.01 0.665672 0.5007 0.323439 1.91298 -145.329 1.12835 
10 3.015 0.665896 0.500555 0.323188 1.8951 -145.378 1.11402 
10 3.015 0.663454 0.497154 0.319706 1.88997 -144.914 1.0916 
10 3.015 0.654966 0.488688 0.313523 1.98036 -144.014 1.15081 
10 3.02 0.664818 0.498619 0.321124 1.87538 -144.886 1.11457 
10 3.02 0.653768 0.484965 0.307295 1.90571 -143.149 1.10353 
10 3.02 0.66033 0.492599 0.313937 1.87294 -144.181 1.09616 
10 3.025 0.652432 0.483446 0.305536 1.91004 -143.136 1.08848 
10 3.025 0.656618 0.489311 0.311902 1.92278 -144.025 1.07515 
10 3.025 0.652976 0.484118 0.306398 1.90877 -142.942 1.10465 
10 3.03 0.644074 0.474944 0.299173 1.98393 -142.326 1.10924 
10 3.03 0.653966 0.484918 0.307084 1.88933 -143.33 1.08578 
10 3.03 0.657338 0.48967 0.311666 1.90021 -144.045 1.07322 
10 3.035 0.639732 0.469756 0.294397 1.99338 -141.804 1.08632 
10 3.035 0.646538 0.477323 0.300627 1.95426 -142.403 1.08963 
10 3.035 0.650378 0.481902 0.304889 1.94104 -143.045 1.08221 
10 3.04 0.635568 0.464536 0.289172 1.99306 -140.775 1.109 
10 3.04 0.645794 0.47519 0.297556 1.9125 -142.138 1.07357 
10 3.04 0.642268 0.472346 0.29607 1.96834 -141.689 1.09869 
10 3.045 0.643786 0.473354 0.295909 1.93411 -141.828 1.0584 
10 3.045 0.641954 0.471147 0.293516 1.93899 -141.401 1.07263 
10 3.045 0.638514 0.467242 0.290965 1.9554 -140.966 1.10034 
10 3.05 0.628632 0.456586 0.281566 2.01337 -139.641 1.10764 
10 3.05 0.634588 0.463706 0.287839 2.00012 -140.544 1.0702 
10 3.05 0.630526 0.459255 0.284427 2.0227 -140.05 1.11458 
10 3.055 0.632614 0.460999 0.285089 1.99013 -140.277 1.06857 
10 3.055 0.625256 0.451974 0.277754 1.99768 -139.208 1.09383 
10 3.055 0.635744 0.46395 0.287782 1.95678 -140.722 1.0835 
10 3.06 0.631904 0.459203 0.282601 1.95754 -139.946 1.05853 
10 3.06 0.627526 0.45401 0.277847 1.96801 -139.461 1.06879 
10 3.06 0.6322 0.459986 0.284249 1.97087 -139.927 1.07482 
10 3.065 0.625784 0.451274 0.275586 1.94677 -139 1.05255 
10 3.065 0.625332 0.45197 0.276788 1.98791 -138.886 1.07943 
10 3.065 0.628812 0.456087 0.28071 1.97987 -139.682 1.06437 
10 3.07 0.619374 0.445034 0.270415 2.00032 -138.043 1.07662 
10 3.07 0.624276 0.449486 0.272997 1.94677 -138.666 1.03438 
10 3.07 0.617418 0.441779 0.266816 1.97309 -137.921 1.06542 
10 3.075 0.61646 0.441721 0.267957 2.00643 -137.903 1.07422 
10 3.075 0.614626 0.440772 0.267324 2.04901 -137.703 1.07655 
10 3.075 0.613936 0.439597 0.266026 2.03837 -137.639 1.056 
10 3.08 0.609284 0.435986 0.264001 2.10258 -137.103 1.06544 
10 3.08 0.609748 0.434867 0.26214 2.04786 -137.02 1.07143 
10 3.08 0.61753 0.443709 0.269156 2.02487 -138.172 1.03228 
10 3.085 0.602392 0.426504 0.254043 2.0625 -136.098 1.03598 
10 3.085 0.606864 0.431625 0.257914 2.0532 -136.335 1.03 
10 3.085 0.605944 0.431414 0.25944 2.08253 -136.403 1.0755 
10 3.09 0.601408 0.425123 0.252795 2.05279 -135.339 1.06713 
10 3.09 0.606296 0.429876 0.256151 2.01558 -136.354 1.03022 
10 3.09 0.600936 0.423923 0.251536 2.03234 -135.454 1.07119 
10 3.095 0.598108 0.420177 0.247801 2.01758 -134.775 1.04979 
10 3.095 0.600866 0.425231 0.25345 2.07401 -135.165 1.07413 
10 3.095 0.594358 0.416476 0.244704 2.04247 -134.325 1.0559 
10 3.1 0.599022 0.422176 0.24984 2.0435 -135.207 1.03496 
10 3.1 0.595616 0.416919 0.2447 2.00518 -134.385 1.03734 
10 3.1 0.597142 0.420183 0.24805 2.05175 -134.762 1.03184 
10 3.105 0.59549 0.418728 0.246558 2.06503 -134.824 1.04054 
10 3.105 0.59133 0.413298 0.242651 2.04916 -134.346 1.01692 
10 3.105 0.59335 0.415493 0.243106 2.0428 -134.368 1.01996 
10 3.11 0.592128 0.413667 0.242309 2.02737 -134.052 1.04376 
10 3.11 0.581742 0.404064 0.235531 2.11062 -132.732 1.07046 
10 3.11 0.588496 0.410885 0.240825 2.07579 -133.694 1.04166 
10 3.115 0.584 0.404802 0.234624 2.04641 -132.835 1.03308 
10 3.115 0.586002 0.407309 0.236429 2.05171 -133.652 0.996205 
10 3.115 0.586402 0.408056 0.237408 2.06062 -133.12 1.02087 
10 3.12 0.57894 0.398661 0.22824 2.03492 -131.752 1.00103 
10 3.12 0.579566 0.400006 0.230343 2.0548 -132.441 1.0158 
10 3.12 0.572764 0.393864 0.226441 2.10916 -131.385 1.05495 
10 3.125 0.574506 0.394999 0.226026 2.07815 -131.571 1.01753 
10 3.125 0.573108 0.394078 0.226713 2.10001 -131.385 1.04182 
10 3.125 0.572846 0.392393 0.224302 2.05568 -130.97 1.03878 
10 3.13 0.56909 0.389001 0.220993 2.08108 -130.483 1.00751 
10 3.13 0.571232 0.39095 0.22231 2.06531 -130.944 1.01447 
10 3.13 0.569966 0.389553 0.222079 2.06683 -130.973 1.01267 
10 3.135 0.569898 0.389108 0.220723 2.0518 -130.969 0.995647 
10 3.135 0.567892 0.386339 0.217925 2.03628 -130.403 0.981394 
10 3.135 0.563282 0.382955 0.216868 2.0947 -129.991 1.03186 
10 3.14 0.563572 0.382761 0.215987 2.07478 -129.843 1.00983 
10 3.14 0.560432 0.379099 0.212782 2.07053 -129.458 0.992821 
10 3.14 0.567628 0.386591 0.218373 2.05063 -130.297 0.981028 
10 3.145 0.56205 0.381175 0.214789 2.07551 -129.253 1.02437 
10 3.145 0.566076 0.384285 0.216214 2.02997 -129.955 0.993616 
10 3.145 0.559316 0.377616 0.211452 2.05981 -129.393 0.994524 
10 3.15 0.556584 0.375289 0.210054 2.07946 -128.845 1.00287 
10 3.15 0.556542 0.374367 0.208809 2.05169 -128.722 0.990554 
10 3.15 0.555304 0.374357 0.20995 2.09505 -128.772 1.00426 
10 3.155 0.55084 0.368014 0.202977 2.04721 -127.826 0.975795 
10 3.155 0.546842 0.365937 0.202767 2.12046 -127.822 0.990228 
10 3.155 0.554104 0.37189 0.206067 2.05573 -128.288 0.975746 
10 3.16 0.548254 0.366067 0.20218 2.07228 -127.622 0.974752 
10 3.16 0.547056 0.365021 0.201259 2.08072 -127.093 0.997286 
10 3.16 0.548638 0.366674 0.202762 2.07818 -128.049 0.975536 
10 3.165 0.54627 0.364955 0.201841 2.10249 -127.887 0.976472 
10 3.165 0.54785 0.364439 0.199699 2.03157 -127.086 0.971386 
10 3.165 0.548414 0.365736 0.201028 2.05302 -127.535 0.949972 
10 3.17 0.542334 0.359233 0.195433 2.05384 -126.928 0.943897 
10 3.17 0.538392 0.355577 0.193924 2.07291 -126.448 0.967542 
10 3.17 0.541134 0.357586 0.193912 2.0429 -126.38 0.957042 
10 3.175 0.533448 0.350339 0.189844 2.07157 -125.687 0.961878 
10 3.175 0.533452 0.350917 0.189981 2.08965 -125.831 0.963043 
10 3.175 0.536136 0.353087 0.190913 2.06757 -125.952 0.96667 
10 3.18 0.533254 0.349561 0.187841 2.05036 -125.319 0.949575 
10 3.18 0.53303 0.349337 0.18807 2.05082 -125.124 0.959315 
10 3.18 0.533186 0.350523 0.189398 2.08289 -125.585 0.956702 
10 3.185 0.5286 0.345667 0.185705 2.08002 -125.061 0.956656 
10 3.185 0.529316 0.345866 0.185732 2.0625 -124.859 0.959387 
10 3.185 0.529672 0.346585 0.18664 2.07322 -125.08 0.947882 
10 3.19 0.522494 0.338564 0.179683 2.05529 -123.812 0.952794 
10 3.19 0.527536 0.343897 0.183947 2.05651 -124.403 0.962438 
10 3.19 0.527468 0.34415 0.184116 2.0667 -124.699 0.933808 
10 3.195 0.522768 0.339034 0.180058 2.05784 -124.122 0.921313 
10 3.195 0.520616 0.337038 0.179287 2.06564 -123.688 0.949104 
10 3.195 0.520438 0.336372 0.177578 2.05059 -123.812 0.914019 
10 3.2 0.522626 0.338815 0.179908 2.05241 -123.533 0.934413 
10 3.2 0.520868 0.336679 0.177973 2.04298 -123.427 0.928755 
10 3.2 0.520596 0.335247 0.175998 2.00709 -123.561 0.914705 
10 3.205 0.516794 0.332833 0.175141 2.0517 -122.647 0.93886 
10 3.205 0.517056 0.333177 0.175446 2.05399 -123.174 0.934065 
10 3.205 0.518328 0.332941 0.174385 2.00552 -122.936 0.934403 
10 3.21 0.514348 0.328714 0.1702 1.99875 -122.598 0.886207 
10 3.21 0.510122 0.326282 0.17023 2.05788 -122.248 0.916009 
10 3.21 0.509044 0.324949 0.169056 2.05058 -122.045 0.903005 
10 3.215 0.509712 0.32518 0.168525 2.03339 -121.855 0.897958 
10 3.215 0.50766 0.32315 0.167354 2.03519 -121.534 0.926495 
10 3.215 0.503034 0.31782 0.162749 2.01484 -121.182 0.896401 
10 3.22 0.503698 0.318287 0.16292 2.00545 -121.205 0.887326 
10 3.22 0.508976 0.322859 0.165997 1.98144 -121.397 0.881301 
10 3.22 0.506012 0.321561 0.165934 2.03455 -121.336 0.897051 
10 3.225 0.498764 0.313491 0.159496 2.00699 -120.625 0.8825 
10 3.225 0.50419 0.318803 0.162597 2.00295 -121.118 0.871746 
10 3.225 0.500238 0.315838 0.162182 2.03411 -120.597 0.902019 
10 3.23 0.496848 0.311728 0.158301 2.00836 -120.023 0.883405 
10 3.23 0.492096 0.30677 0.15452 2.00035 -120.009 0.870235 
10 3.23 0.501316 0.316062 0.160576 2.00448 -120.641 0.879121 
10 3.235 0.496178 0.311191 0.158147 2.00921 -120.176 0.887264 
10 3.235 0.497936 0.310828 0.156327 1.94398 -119.939 0.868148 
10 3.235 0.492642 0.30691 0.15384 1.98496 -119.315 0.863897 
10 3.24 0.492302 0.305469 0.152261 1.94776 -119.217 0.85938 
10 3.24 0.490874 0.30505 0.15249 1.97816 -118.927 0.872027 
10 3.24 0.492482 0.307142 0.155007 1.99393 -119.547 0.874794 
10 3.245 0.489546 0.304824 0.153798 2.00828 -119.229 0.875827 
10 3.245 0.484458 0.299875 0.149997 2.0085 -118.481 0.863708 
10 3.245 0.485236 0.299618 0.148801 1.97733 -118.154 0.872954 
10 3.25 0.483948 0.298772 0.148182 1.98666 -118.186 0.857735 
10 3.25 0.486672 0.300724 0.148992 1.96536 -118.58 0.835767 
10 3.25 0.483728 0.29749 0.146778 1.95377 -117.984 0.85635 
10 3.255 0.476676 0.29175 0.143404 1.98248 -117.19 0.857104 
10 3.255 0.474926 0.289004 0.140701 1.9493 -117.352 0.837324 
10 3.255 0.479578 0.294341 0.144927 1.97683 -117.805 0.837943 
10 3.26 0.483334 0.296723 0.146114 1.93592 -117.682 0.838644 
10 3.26 0.47894 0.293277 0.144099 1.95994 -117.382 0.849275 
10 3.26 0.477126 0.291775 0.143052 1.96704 -117.336 0.844356 
10 3.265 0.474016 0.288612 0.140442 1.95774 -116.878 0.835643 
10 3.265 0.469496 0.284836 0.138341 1.97272 -116.27 0.840568 
10 3.265 0.47414 0.288815 0.140459 1.96037 -116.68 0.840375 
10 3.27 0.470238 0.284485 0.137399 1.93765 -116.144 0.825577 
10 3.27 0.470484 0.285159 0.137907 1.9512 -116.062 0.82921 
10 3.27 0.472302 0.28639 0.138783 1.93641 -116.678 0.825582 
10 3.275 0.468762 0.282089 0.134336 1.90387 -116.068 0.792842 
10 3.275 0.465822 0.280447 0.134521 1.9376 -115.507 0.824965 
10 3.275 0.46627 0.280171 0.133992 1.91645 -115.745 0.806841 
10 3.28 0.461144 0.277118 0.133572 1.96536 -115.172 0.836872 
10 3.28 0.467472 0.282231 0.135868 1.94211 -115.705 0.813118 
10 3.28 0.465158 0.279925 0.133932 1.9376 -115.61 0.801916 
10 3.285 0.464536 0.279 0.133801 1.9241 -115.07 0.822462 
10 3.285 0.456074 0.270829 0.127829 1.91251 -114.143 0.797545 
10 3.285 0.45979 0.274844 0.131304 1.93112 -114.697 0.821034 
10 3.29 0.460436 0.274558 0.130051 1.90141 -114.308 0.810921 
10 3.29 0.460876 0.275758 0.130762 1.92558 -114.934 0.786447 
10 3.29 0.45744 0.272242 0.129183 1.91461 -114.245 0.824237 
10 3.295 0.45407 0.268889 0.126368 1.90317 -113.884 0.79499 
10 3.295 0.456756 0.270755 0.126731 1.88556 -114.136 0.789462 
10 3.295 0.45965 0.27327 0.128774 1.8814 -114.166 0.794657 
10 3.3 0.44945 0.264286 0.122837 1.88729 -113.218 0.787012 
10 3.3 0.452964 0.267193 0.12442 1.87929 -113.864 0.766281 
10 3.3 0.456232 0.271155 0.128213 1.90932 -114.326 0.80143 
10 3.305 0.44934 0.264245 0.123265 1.88619 -113.143 0.783289 
10 3.305 0.449064 0.262567 0.121165 1.84292 -112.943 0.771311 
10 3.305 0.449678 0.26442 0.123172 1.88228 -113.181 0.787499 
10 3.31 0.44417 0.258293 0.118157 1.84307 -112.377 0.762659 
10 3.31 0.451006 0.26497 0.122619 1.85992 -112.76 0.773215 
10 3.31 0.447798 0.262118 0.120526 1.86086 -112.959 0.752438 
10 3.315 0.44488 0.25974 0.119792 1.86492 -112.617 0.755276 
10 3.315 0.443962 0.258669 0.119222 1.85721 -112.369 0.789971 
10 3.315 0.445634 0.260269 0.120003 1.86061 -112.474 0.778398 
10 3.32 0.443768 0.257582 0.117651 1.82686 -112.209 0.752848 
10 3.32 0.443766 0.257165 0.117028 1.81437 -112.065 0.756118 
10 3.32 0.437286 0.252639 0.114725 1.84999 -111.642 0.752198 
10 3.325 0.4392 0.254981 0.116901 1.86719 -111.619 0.7673 
10 3.325 0.434584 0.250095 0.112975 1.84156 -111.089 0.753814 
10 3.325 0.439106 0.25387 0.115644 1.83628 -111.517 0.747372 
10 3.33 0.43988 0.253899 0.114768 1.81396 -111.426 0.742966 
10 3.33 0.436248 0.25035 0.112039 1.80295 -110.981 0.734513 
10 3.33 0.432204 0.247939 0.111648 1.83599 -111.04 0.746496 
10 3.335 0.43247 0.247929 0.11137 1.82604 -110.4 0.752058 
10 3.335 0.434424 0.249296 0.111707 1.81625 -110.793 0.745506 
10 3.335 0.432462 0.247979 0.111705 1.82775 -110.772 0.748603 
10 3.34 0.430466 0.245542 0.109251 1.80363 -110.103 0.741804 
10 3.34 0.430496 0.245312 0.108766 1.79596 -110.228 0.727208 
10 3.34 0.426874 0.242488 0.107877 1.80438 -109.86 0.741119 
10 3.345 0.42846 0.243749 0.108594 1.79883 -110.355 0.735603 
10 3.345 0.42745 0.24267 0.108035 1.79242 -109.891 0.730128 
10 3.345 0.423878 0.240056 0.10649 1.80518 -109.866 0.742594 
10 3.35 0.423502 0.238031 0.103611 1.75155 -109.018 0.709863 
10 3.35 0.427648 0.241875 0.106232 1.76096 -109.615 0.712935 
10 3.35 0.425944 0.241645 0.106339 1.79751 -109.558 0.726622 
10 3.355 0.418372 0.234393 0.102015 1.76922 -108.453 0.720296 
10 3.355 0.41666 0.232524 0.100799 1.75614 -108.407 0.706129 
10 3.355 0.421912 0.237524 0.10369 1.7739 -108.881 0.711957 
10 3.36 0.417434 0.233105 0.101243 1.7516 -108.507 0.715957 
10 3.36 0.421744 0.236908 0.102799 1.75715 -108.724 0.707926 
10 3.36 0.421364 0.236805 0.103242 1.7636 -108.574 0.715414 
10 3.365 0.416028 0.231681 0.0997397 1.7415 -107.868 0.694097 
10 3.365 0.418654 0.233496 0.100741 1.73032 -108.756 0.698051 
10 3.365 0.417514 0.23218 0.0997436 1.71953 -108.244 0.694622 
10 3.37 0.409534 0.225789 0.0961878 1.72317 -107.613 0.690783 
10 3.37 0.408098 0.22546 0.0963254 1.74826 -107.283 0.693835 
10 3.37 0.415364 0.231045 0.0990467 1.73644 -108.029 0.691083 
10 3.375 0.412208 0.227212 0.0965487 1.69769 -107.542 0.686057 
10 3.375 0.41035 0.226838 0.0969435 1.73189 -107.642 0.690592 
10 3.375 0.407926 0.223871 0.0946591 1.70273 -107.092 0.680873 
10 3.38 0.410194 0.225909 0.0959518 1.70562 -107.034 0.685402 
10 3.38 0.407714 0.2239 0.0946175 1.70618 -106.896 0.681696 
10 3.38 0.404396 0.221938 0.0941777 1.72788 -106.921 0.678166 
10 3.385 0.407014 0.223111 0.0941227 1.69722 -106.708 0.683134 
10 3.385 0.40288 0.219397 0.0912755 1.68639 -106.065 0.670563 
10 3.385 0.40522 0.221902 0.0938866 1.70454 -106.57 0.675179 
10 3.39 0.406076 0.222467 0.0938841 1.6982 -106.469 0.687745 
10 3.39 0.404424 0.220973 0.0928966 1.69365 -106.353 0.673146 
10 3.39 0.401452 0.217911 0.0901442 1.67396 -106.15 0.664703 
10 3.395 0.401988 0.218201 0.0904547 1.66734 -106.05 0.661494 
10 3.395 0.399014 0.21534 0.0885844 1.65325 -105.555 0.661726 
10 3.395 0.399924 0.216718 0.0895189 1.67243 -105.876 0.651162 
10 3.4 0.391802 0.209564 0.0851763 1.64868 -104.652 0.651266 
10 3.4 0.403786 0.219248 0.0910236 1.65307 -105.775 0.661801 
10 3.4 0.39986 0.216635 0.089582 1.66902 -105.486 0.662355 
10 3.405 0.400088 0.216729 0.0901187 1.66398 -105.439 0.67957 
10 3.405 0.395054 0.212194 0.0867518 1.64836 -105.135 0.65455 
10 3.405 0.395936 0.212301 0.0867039 1.63101 -105.185 0.646502 
10 3.41 0.395604 0.212473 0.0871222 1.64136 -104.947 0.653052 
10 3.41 0.392982 0.210567 0.085895 1.64611 -104.969 0.641733 
10 3.41 0.394688 0.21169 0.0864988 1.63964 -105.226 0.653092 
10 3.415 0.38961 0.208056 0.084687 1.64745 -104.274 0.648867 
10 3.415 0.391832 0.209687 0.085316 1.64436 -104.323 0.64309 
10 3.415 0.391554 0.208884 0.0846279 1.62722 -104.543 0.641407 
10 3.42 0.386018 0.205142 0.0829541 1.64129 -103.868 0.633283 
10 3.42 0.38653 0.204501 0.0819576 1.61098 -103.852 0.629497 
10 3.42 0.386764 0.205312 0.0828974 1.62939 -103.967 0.64539 
10 3.425 0.388286 0.205547 0.0822526 1.59945 -103.461 0.637126 
10 3.425 0.385002 0.202833 0.080761 1.59436 -103.383 0.620111 
10 3.425 0.38639 0.204876 0.0829019 1.62273 -103.928 0.633373 
10 3.43 0.383662 0.201268 0.0788206 1.57643 -103.083 0.60871 
10 3.43 0.38387 0.201122 0.0791947 1.56752 -103.371 0.608798 
10 3.43 0.389092 0.206422 0.08268 1.60436 -103.934 0.627962 
10 3.435 0.380722 0.199083 0.0786228 1.57595 -102.768 0.631204 
10 3.435 0.383652 0.201483 0.0798531 1.58063 -102.942 0.619773 
10 3.435 0.38421 0.20196 0.0797859 1.58202 -103.094 0.60013 
10 3.44 0.384798 0.201282 0.0787189 1.54687 -102.92 0.618673 
10 3.44 0.378394 0.197077 0.0771056 1.56671 -102.201 0.613622 
10 3.44 0.382552 0.200976 0.0797181 1.58809 -103.114 0.630789 
10 3.445 0.382046 0.200284 0.0790297 1.57692 -102.998 0.612177 
10 3.445 0.371472 0.191276 0.0739141 1.54672 -101.529 0.605056 
10 3.445 0.377234 0.195221 0.0756865 1.53602 -101.841 0.607693 
10 3.45 0.378306 0.196757 0.0770813 1.55483 -102.557 0.609105 
10 3.45 0.375228 0.194827 0.0762801 1.56612 -102.003 0.595553 
10 3.45 0.377348 0.196289 0.0768141 1.56225 -102.146 0.610593 
10 3.455 0.37262 0.192582 0.0750041 1.55532 -101.19 0.61753 
10 3.455 0.37325 0.193502 0.0757525 1.56836 -101.854 0.613684 
10 3.455 0.372884 0.192432 0.0743939 1.54528 -101.387 0.601809 
10 3.46 0.375454 0.193757 0.074958 1.52575 -101.22 0.610935 
10 3.46 0.372066 0.191616 0.0738529 1.53707 -101.337 0.610952 
10 3.46 0.365466 0.186597 0.0712534 1.53269 -100.723 0.601832 
10 3.465 0.369942 0.189582 0.0727077 1.52165 -100.889 0.590199 
10 3.465 0.369016 0.187665 0.0710535 1.48608 -101.099 0.577236 
10 3.465 0.364692 0.184724 0.0693841 1.49276 -100.595 0.575795 
10 3.47 0.363844 0.184362 0.0694536 1.49798 -100.397 0.590117 
10 3.47 0.363254 0.184081 0.0694164 1.50224 -100.465 0.575847 
10 3.47 0.366398 0.185834 0.0704655 1.48665 -100.329 0.590195 
10 3.475 0.365702 0.185702 0.0704083 1.49537 -99.928 0.595068 
10 3.475 0.367664 0.186981 0.0705128 1.49078 -100.527 0.577648 
10 3.475 0.36543 0.185386 0.069667 1.49201 -100.07 0.584789 
10 3.48 0.363846 0.184761 0.0697871 1.50508 -100.01 0.581351 
10 3.48 0.36029 0.182473 0.0692182 1.51333 -99.9862 0.568134 
10 3.48 0.364632 0.184983 0.0699612 1.495 -99.8474 0.584559 
10 3.485 0.36021 0.181218 0.0677579 1.4768 -99.3825 0.574036 
10 3.485 0.35852 0.181307 0.0688678 1.51422 -99.3715 0.592486 
10 3.485 0.360944 0.181959 0.0681351 1.48289 -99.7942 0.583734 
10 3.49 0.357864 0.17932 0.0664449 1.46857 -99.2897 0.574761 
10 3.49 0.35803 0.178736 0.0657288 1.44844 -98.9426 0.561148 
10 3.49 0.360122 0.180343 0.0665117 1.45143 -99.4036 0.557617 
10 3.495 0.350728 0.173847 0.0639349 1.45457 -98.6169 0.561905 
10 3.495 0.355426 0.176527 0.0646074 1.43632 -99.014 0.566065 
10 3.495 0.356052 0.17687 0.0647322 1.43339 -98.8416 0.557013 
