J: 10.0714 1.25154 -0.104843 0 
nth temperature m m2 m4 ms e sp_h 
2 1 0.999842 0.999687 0.999388 0.000329504 -219.924 0.00759176 
2 1 0.950668 0.935834 0.928993 3.2064 -214.377 4.10379 
2 1.005 0.905034 0.874707 0.856716 5.5344 -210.111 5.66902 
2 1.005 0.999836 0.999675 0.999363 0.000323692 -219.921 0.00742076 
2 1.01 0.9488 0.922905 0.902554 2.24593 -214.19 2.77012 
2 1.01 0.788108 0.775346 0.774149 15.2705 -203.262 9.41869 
2 1.015 0.999838 0.99968 0.999373 0.000348153 -219.924 0.00719308 
2 1.015 0.986398 0.97799 0.969524 0.493532 -218.427 0.616421 
2 1.02 0.970372 0.95936 0.953428 1.73902 -216.954 1.75977 
2 1.02 0.999824 0.999652 0.999317 0.000349904 -219.916 0.00772808 
2 1.025 0.999754 0.999513 0.999047 0.000497511 -219.884 0.0106623 
2 1.025 0.9683 0.958496 0.954304 2.03817 -217.149 1.53401 
2 1.03 0.871458 0.818996 0.788094 5.7822 -207.35 5.40328 
2 1.03 0.934968 0.933931 0.933611 5.8025 -215.085 3.1388 
2 1.035 0.33286 0.282092 0.27371 16.5503 -165.885 11.4974 
2 1.035 0.530156 0.502185 0.499771 21.3642 -184.659 11.651 
2 1.04 0.855468 0.846777 0.845815 11.0531 -211.294 3.789 
2 1.04 0.999806 0.999616 0.999248 0.000392535 -219.908 0.00847195 
2 1.045 0.997332 0.995904 0.994572 0.117964 -219.612 0.168938 
2 1.045 0.999768 0.999541 0.999103 0.000500113 -219.892 0.0100239 
2 1.05 0.975584 0.970305 0.968601 1.76581 -218.181 0.850365 
2 1.05 0.980788 0.975309 0.973066 1.27277 -218.179 1.01657 
2 1.055 0.92575 0.920559 0.919607 6.02333 -213.232 4.61326 
2 1.055 0.92519 0.903338 0.894753 4.4892 -214.174 2.50897 
2 1.06 0.999732 0.99947 0.998966 0.000604545 -219.879 0.0110313 
2 1.06 0.999728 0.999462 0.998947 0.000551511 -219.871 0.0116632 
2 1.065 0.999682 0.999371 0.99877 0.000662805 -219.853 0.0127344 
2 1.065 0.999766 0.999537 0.999093 0.000449319 -219.889 0.00939879 
2 1.07 0.99973 0.999465 0.998952 0.000505336 -219.871 0.0107221 
2 1.07 0.999706 0.999419 0.998863 0.000616221 -219.861 0.0126327 
2 1.075 0.999718 0.999443 0.998913 0.000643765 -219.872 0.0110028 
2 1.075 0.99973 0.999466 0.998953 0.00051787 -219.872 0.0106262 
2 1.08 0.704308 0.654505 0.642695 14.6718 -196.888 8.14896 
2 1.08 0.99271 0.988409 0.984236 0.271816 -219.062 0.343075 
2 1.085 0.983834 0.975796 0.969592 0.725027 -217.72 1.22106 
2 1.085 0.999602 0.999213 0.998461 0.00080752 -219.815 0.0154511 
2 1.09 0.667706 0.618867 0.601288 15.8748 -193.748 8.89296 
2 1.09 0.999604 0.999217 0.998468 0.000792953 -219.815 0.0153856 
2 1.095 0.999642 0.999292 0.998614 0.000700624 -219.831 0.0139839 
2 1.095 0.974884 0.963509 0.955811 1.1973 -217.44 1.05883 
2 1.1 0.880606 0.857006 0.850694 7.41267 -211.332 3.48523 
2 1.1 0.999676 0.999359 0.998745 0.000615911 -219.846 0.0124494 
2 1.105 0.99959 0.999189 0.998413 0.000799267 -219.809 0.0151787 
2 1.105 0.952472 0.929376 0.910871 2.00662 -214.471 2.27376 
2 1.11 0.999604 0.999218 0.998476 0.000908395 -219.821 0.0156184 
2 1.11 0.902594 0.873989 0.859983 5.34352 -209.56 5.4486 
2 1.115 0.776156 0.771813 0.770991 15.1924 -206.813 4.69364 
2 1.115 0.99958 0.999169 0.998376 0.000830816 -219.806 0.0152702 
2 1.12 0.999602 0.999213 0.998461 0.000789428 -219.816 0.0143578 
2 1.12 0.9996 0.999209 0.998456 0.000828571 -219.816 0.0145775 
2 1.125 0.999576 0.999161 0.998359 0.00081602 -219.803 0.0151352 
2 1.125 0.999542 0.999094 0.998227 0.000866688 -219.785 0.0164609 
2 1.13 0.99951 0.999031 0.998102 0.000909726 -219.77 0.0172725 
2 1.13 0.999518 0.999047 0.998135 0.000917493 -219.775 0.0170049 
2 1.135 0.999508 0.999028 0.998103 0.00105004 -219.776 0.0175536 
2 1.135 0.931486 0.912602 0.905305 3.95909 -214.063 2.4616 
2 1.14 0.998272 0.997045 0.995307 0.0436539 -219.583 0.0888669 
2 1.14 0.835016 0.772415 0.738897 6.59323 -204.448 5.07432 
2 1.145 0.999422 0.998858 0.99777 0.00118305 -219.735 0.0204456 
2 1.145 0.999576 0.999162 0.99836 0.00081574 -219.801 0.015213 
2 1.15 0.999458 0.998928 0.997903 0.00101446 -219.747 0.0186838 
2 1.15 0.980802 0.973383 0.968783 0.99217 -218.038 0.722644 
2 1.155 0.981804 0.975661 0.972363 1.01485 -218.176 0.728906 
2 1.155 0.992958 0.991076 0.989708 0.442442 -219.034 0.479003 
2 1.16 0.56218 0.477347 0.452008 13.9052 -186.708 6.81836 
2 1.16 0.99947 0.998953 0.997957 0.00110337 -219.756 0.0178192 
2 1.165 0.963738 0.946653 0.933253 1.5332 -215.705 1.65465 
2 1.165 0.999222 0.998462 0.996993 0.00147594 -219.639 0.0259879 
2 1.17 0.950928 0.931925 0.920747 2.36421 -215.038 1.90031 
2 1.17 0.999404 0.998821 0.997695 0.00111152 -219.722 0.0197205 
2 1.175 0.999322 0.998659 0.997378 0.00125109 -219.684 0.022445 
2 1.175 0.999316 0.998649 0.997365 0.0014172 -219.693 0.0224316 
2 1.18 0.999234 0.998486 0.997043 0.00149265 -219.649 0.024875 
2 1.18 0.999344 0.998702 0.997462 0.00119065 -219.694 0.0213067 
2 1.185 0.99928 0.998577 0.997221 0.00140098 -219.668 0.0241648 
2 1.185 0.9993 0.998616 0.997297 0.00134262 -219.678 0.0228368 
2 1.19 0.999204 0.998426 0.996924 0.00147953 -219.632 0.025262 
2 1.19 0.999266 0.99855 0.997168 0.00143708 -219.661 0.024427 
2 1.195 0.999172 0.998366 0.996815 0.00175685 -219.624 0.0282719 
2 1.195 0.999252 0.998522 0.997111 0.00141929 -219.659 0.0233362 
2 1.2 0.880012 0.862592 0.857481 7.34759 -209.686 4.30257 
2 1.2 0.955798 0.937154 0.925295 1.967 -215.736 1.35234 
2 1.205 0.999178 0.998377 0.996837 0.00171322 -219.626 0.0278155 
2 1.205 0.99922 0.998459 0.996994 0.00155615 -219.643 0.0250077 
2 1.21 0.98537 0.981148 0.978559 0.84246 -218.6 0.406601 
2 1.21 0.999162 0.998347 0.99678 0.00180312 -219.628 0.0264193 
2 1.215 0.999054 0.998132 0.996357 0.00189836 -219.568 0.0301481 
2 1.215 0.999082 0.998185 0.996453 0.0016722 -219.572 0.0289854 
2 1.22 0.999064 0.998151 0.996392 0.00182983 -219.57 0.0296111 
2 1.22 0.999074 0.998171 0.996434 0.00184775 -219.582 0.0288485 
2 1.225 0.999154 0.998328 0.996736 0.00161015 -219.612 0.0260378 
2 1.225 0.952642 0.945168 0.942236 3.07276 -216.317 1.26496 
2 1.23 0.999026 0.998076 0.996243 0.00184482 -219.549 0.0307321 
2 1.23 0.99905 0.998123 0.996337 0.00181606 -219.566 0.0289672 
2 1.235 0.999016 0.998056 0.996204 0.00184549 -219.545 0.0307583 
2 1.235 0.999008 0.998039 0.996169 0.00179886 -219.541 0.0296495 
2 1.24 0.998924 0.997884 0.995907 0.00284857 -219.542 0.0326496 
2 1.24 0.992502 0.990968 0.988871 0.476411 -218.949 0.334693 
2 1.245 0.78667 0.756065 0.747481 11.0213 -203.067 5.40527 
2 1.245 0.998898 0.997823 0.99575 0.00205828 -219.498 0.0321077 
2 1.25 0.9952 0.992102 0.988333 0.134336 -219.061 0.182682 
2 1.25 0.921184 0.91763 0.915612 5.52401 -214.622 1.7942 
2 1.255 0.998824 0.99768 0.995483 0.0024396 -219.464 0.0349842 
2 1.255 0.998692 0.997427 0.995016 0.00327403 -219.425 0.0421979 
2 1.26 0.998728 0.997488 0.995098 0.00238587 -219.419 0.0373119 
2 1.26 0.998802 0.997639 0.995412 0.00265752 -219.472 0.0349011 
2 1.265 0.971458 0.963247 0.958567 1.54276 -216.499 1.4205 
2 1.265 0.99873 0.997496 0.995131 0.00272151 -219.435 0.0378373 
2 1.27 0.99879 0.997609 0.995329 0.00214298 -219.439 0.0345299 
2 1.27 0.998656 0.997347 0.994832 0.00264202 -219.391 0.0395814 
2 1.275 0.998644 0.997321 0.994771 0.00245971 -219.378 0.0384209 
2 1.275 0.998576 0.997208 0.994627 0.00425821 -219.404 0.0420632 
2 1.28 0.998734 0.997497 0.99511 0.00217791 -219.411 0.0345547 
2 1.28 0.998544 0.997129 0.994414 0.00300938 -219.347 0.043442 
2 1.285 0.998568 0.997172 0.994486 0.0026731 -219.351 0.039179 
2 1.285 0.998576 0.99719 0.994528 0.00280562 -219.367 0.0390799 
2 1.29 0.998476 0.996992 0.994137 0.00289592 -219.309 0.0429227 
2 1.29 0.99862 0.997275 0.994684 0.00254384 -219.369 0.0385576 
2 1.295 0.998536 0.997109 0.994363 0.00271326 -219.334 0.0396144 
2 1.295 0.998528 0.997094 0.994337 0.00278558 -219.341 0.040008 
2 1.3 0.998328 0.996701 0.993575 0.00323726 -219.248 0.0460873 
2 1.3 0.976468 0.967837 0.96183 1.10366 -217.137 0.852281 
2 1.305 0.998376 0.996796 0.993762 0.00316955 -219.272 0.0444855 
2 1.305 0.99844 0.996923 0.994014 0.00313612 -219.308 0.0426902 
2 1.31 0.998456 0.99695 0.99405 0.00274932 -219.294 0.0412591 
2 1.31 0.998236 0.996523 0.993241 0.00365254 -219.21 0.0484474 
2 1.315 0.99839 0.996819 0.99379 0.00277475 -219.261 0.0420197 
2 1.315 0.998364 0.996769 0.993697 0.00290521 -219.252 0.0431669 
2 1.32 0.998044 0.996154 0.992561 0.00474652 -219.175 0.0496454 
2 1.32 0.998198 0.996446 0.993087 0.00356915 -219.202 0.046941 
2 1.325 0.998286 0.996616 0.993403 0.00310809 -219.229 0.0432831 
2 1.325 0.998294 0.996631 0.99343 0.0030377 -219.229 0.0432468 
2 1.33 0.998136 0.996324 0.992849 0.00364853 -219.166 0.0503391 
2 1.33 0.998052 0.996156 0.992515 0.00365453 -219.121 0.0511045 
2 1.335 0.998258 0.996565 0.993315 0.00340715 -219.217 0.044922 
2 1.335 0.974906 0.9699 0.965089 1.45753 -217.026 0.93933 
2 1.34 0.998136 0.996327 0.992866 0.00386011 -219.168 0.0507665 
2 1.34 0.99805 0.996151 0.992502 0.00354608 -219.127 0.0492257 
2 1.345 0.998038 0.99613 0.992469 0.00373759 -219.119 0.0505669 
2 1.345 0.998032 0.996114 0.992422 0.00342951 -219.101 0.0495909 
2 1.35 0.997858 0.995775 0.991776 0.00400088 -219.046 0.053481 
2 1.35 0.99774 0.995539 0.991308 0.00401277 -218.986 0.055142 
2 1.355 0.997874 0.995813 0.991877 0.00448119 -219.075 0.0536099 
2 1.355 0.997942 0.99594 0.992099 0.00384684 -219.082 0.0517636 
2 1.36 0.997732 0.995527 0.991294 0.00422178 -218.984 0.0558563 
2 1.36 0.997924 0.995902 0.992013 0.00365369 -219.056 0.0509291 
2 1.365 0.997682 0.995427 0.991099 0.00423347 -218.963 0.0567323 
2 1.365 0.997582 0.995241 0.990775 0.00518925 -218.94 0.0648491 
2 1.37 0.997682 0.995427 0.991095 0.0041713 -218.967 0.0548835 
2 1.37 0.99772 0.995504 0.991258 0.00432712 -218.983 0.0569692 
2 1.375 0.997468 0.99501 0.990307 0.00494465 -218.882 0.0619362 
2 1.375 0.997606 0.995279 0.990818 0.00447336 -218.935 0.0585612 
2 1.38 0.997516 0.995101 0.990471 0.00458476 -218.889 0.0604736 
2 1.38 0.997512 0.995098 0.990479 0.00490216 -218.896 0.0616828 
2 1.385 0.99759 0.995246 0.990749 0.00437198 -218.928 0.0561042 
2 1.385 0.99754 0.995147 0.990555 0.0044266 -218.902 0.0578314 
2 1.39 0.997612 0.99529 0.990838 0.00437248 -218.935 0.0561648 
2 1.39 0.997402 0.994877 0.990038 0.00478924 -218.847 0.0602963 
2 1.395 0.99735 0.994778 0.989855 0.00507366 -218.816 0.0659613 
2 1.395 0.997152 0.994399 0.98916 0.00624293 -218.779 0.0664629 
2 1.4 0.997246 0.994569 0.989436 0.00496396 -218.767 0.0647011 
2 1.4 0.997346 0.994766 0.989815 0.00475116 -218.813 0.0620282 
2 1.405 0.997084 0.994251 0.98882 0.00527665 -218.702 0.0672245 
2 1.405 0.997174 0.994428 0.989165 0.00513407 -218.725 0.0678587 
2 1.41 0.997028 0.994151 0.988665 0.00611399 -218.694 0.0732377 
2 1.41 0.997076 0.994245 0.988843 0.00597519 -218.726 0.0661636 
2 1.415 0.997008 0.994101 0.988531 0.00538855 -218.666 0.0691149 
2 1.415 0.99701 0.99411 0.988566 0.00573144 -218.683 0.0689715 
2 1.42 0.997026 0.994143 0.988635 0.00577432 -218.702 0.0674337 
2 1.42 0.996866 0.993831 0.988043 0.00629141 -218.625 0.076049 
2 1.425 0.996962 0.99401 0.98835 0.00535653 -218.648 0.0675675 
2 1.425 0.99704 0.994159 0.988626 0.00494866 -218.669 0.0648874 
2 1.43 0.996888 0.99387 0.988103 0.00591297 -218.625 0.0728436 
2 1.43 0.996478 0.993084 0.986649 0.00805283 -218.494 0.0829581 
2 1.435 0.996792 0.993681 0.987733 0.00601733 -218.584 0.0726808 
2 1.435 0.996614 0.993335 0.987077 0.00662404 -218.522 0.0764803 
2 1.44 0.99665 0.993402 0.987198 0.00633455 -218.518 0.0754183 
2 1.44 0.996698 0.993504 0.98742 0.00676783 -218.575 0.0695633 
2 1.445 0.996532 0.993173 0.986759 0.00668048 -218.479 0.0760697 
2 1.445 0.996522 0.993154 0.986728 0.00675595 -218.477 0.0786772 
2 1.45 0.996424 0.992956 0.986328 0.00656636 -218.42 0.080236 
2 1.45 0.996258 0.99265 0.985808 0.008295 -218.422 0.0798798 
2 1.455 0.996418 0.992942 0.98629 0.00638414 -218.399 0.0787732 
2 1.455 0.99622 0.992557 0.985562 0.00704547 -218.343 0.0814735 
2 1.46 0.996148 0.992416 0.985291 0.00718644 -218.309 0.0836231 
2 1.46 0.99619 0.992509 0.985512 0.00787424 -218.368 0.0819655 
2 1.465 0.996134 0.992381 0.985197 0.00668219 -218.281 0.0821978 
2 1.465 0.996288 0.992688 0.985804 0.00667174 -218.369 0.0765358 
2 1.47 0.996086 0.992287 0.985017 0.00677555 -218.267 0.0826853 
2 1.47 0.99606 0.992244 0.984963 0.0073739 -218.278 0.0844987 
2 1.475 0.995858 0.991856 0.984247 0.00833653 -218.191 0.0939049 
2 1.475 0.99563 0.991418 0.983433 0.00941445 -218.135 0.0932301 
2 1.48 0.99588 0.991896 0.98431 0.00802605 -218.209 0.0883838 
2 1.48 0.995836 0.991804 0.984117 0.0077798 -218.178 0.0893314 
2 1.485 0.995738 0.991616 0.983768 0.00820171 -218.173 0.0869512 
2 1.485 0.995672 0.991479 0.983477 0.00782683 -218.12 0.0880515 
2 1.49 0.995998 0.992118 0.984705 0.00710497 -218.239 0.0833297 
2 1.49 0.99569 0.991512 0.983533 0.00762577 -218.104 0.088385 
2 1.495 0.99569 0.991513 0.983534 0.00762702 -218.106 0.087175 
2 1.495 0.995806 0.991736 0.983951 0.00713113 -218.137 0.0852624 
2 1.5 0.995302 0.990752 0.982075 0.00842459 -217.945 0.0958339 
2 1.5 0.9952 0.990569 0.981778 0.00970667 -217.965 0.0955906 
2 1.505 0.995228 0.990608 0.9818 0.00859189 -217.928 0.0943531 
2 1.505 0.995236 0.990625 0.981837 0.00868733 -217.933 0.0923754 
2 1.51 0.994934 0.990049 0.980786 0.0102871 -217.818 0.107206 
2 1.51 0.995214 0.990577 0.981729 0.0083824 -217.908 0.0932581 
2 1.515 0.995096 0.990351 0.981309 0.0088786 -217.857 0.0989648 
2 1.515 0.995154 0.990462 0.981517 0.00864398 -217.869 0.0985578 
2 1.52 0.994854 0.989897 0.980507 0.0107236 -217.8 0.101907 
2 1.52 0.995036 0.990231 0.981072 0.00884202 -217.852 0.0952188 
2 1.525 0.994342 0.98889 0.978564 0.0114378 -217.582 0.115228 
2 1.525 0.994946 0.990058 0.980751 0.00920243 -217.792 0.102316 
2 1.53 0.99486 0.989895 0.980459 0.00973467 -217.778 0.101037 
2 1.53 0.99473 0.989645 0.979994 0.0102867 -217.729 0.105499 
2 1.535 0.99457 0.989342 0.979448 0.0112466 -217.69 0.10756 
2 1.535 0.994664 0.989505 0.979686 0.00967343 -217.682 0.102336 
2 1.54 0.994628 0.989428 0.979515 0.00927933 -217.652 0.1036 
2 1.54 0.994256 0.988731 0.978288 0.0121069 -217.534 0.12015 
2 1.545 0.994302 0.988796 0.978324 0.0102973 -217.538 0.108896 
2 1.545 0.993992 0.98819 0.977165 0.0109867 -217.404 0.11394 
2 1.55 0.993778 0.987787 0.976451 0.0124211 -217.348 0.122024 
2 1.55 0.99412 0.988434 0.977614 0.0103165 -217.448 0.111552 
2 1.555 0.993722 0.987674 0.976221 0.0122487 -217.304 0.124854 
2 1.555 0.993804 0.987847 0.976594 0.0128778 -217.378 0.120812 
2 1.56 0.993814 0.987849 0.976539 0.0117086 -217.344 0.11841 
2 1.56 0.994042 0.988283 0.97733 0.0105117 -217.437 0.107137 
2 1.565 0.99384 0.987899 0.976629 0.011546 -217.33 0.118376 
2 1.565 0.993762 0.987748 0.976348 0.0118292 -217.309 0.121374 
2 1.57 0.993604 0.987442 0.975772 0.0122988 -217.27 0.119196 
2 1.57 0.993516 0.987272 0.975455 0.012619 -217.235 0.121041 
2 1.575 0.993624 0.987474 0.975806 0.0117477 -217.253 0.116349 
2 1.575 0.9931 0.986457 0.973888 0.0132971 -217.038 0.132479 
2 1.58 0.993116 0.986529 0.974146 0.0157905 -217.114 0.126119 
2 1.58 0.99327 0.986771 0.974425 0.0117384 -217.105 0.122324 
2 1.585 0.993256 0.98676 0.97446 0.0127469 -217.123 0.124312 
2 1.585 0.993508 0.98725 0.975392 0.0121296 -217.204 0.122073 
2 1.59 0.993294 0.986819 0.974521 0.011705 -217.095 0.120566 
2 1.59 0.992556 0.985421 0.972 0.0159312 -216.935 0.130965 
2 1.595 0.993078 0.986391 0.97368 0.0117044 -217.005 0.122407 
2 1.595 0.992442 0.985177 0.971461 0.0147584 -216.789 0.142155 
2 1.6 0.992456 0.9852 0.971494 0.014468 -216.787 0.13985 
2 1.6 0.992202 0.984754 0.970804 0.0180819 -216.784 0.144144 
2 1.605 0.992356 0.98502 0.971195 0.0155445 -216.792 0.133107 
2 1.605 0.992386 0.985055 0.971187 0.0140353 -216.758 0.134769 
2 1.61 0.991518 0.983433 0.968331 0.0202146 -216.49 0.160067 
2 1.61 0.992352 0.984985 0.971037 0.013798 -216.736 0.1336 
2 1.615 0.991958 0.984232 0.969661 0.0155793 -216.618 0.141515 
2 1.615 0.992134 0.984572 0.970296 0.0149849 -216.706 0.134664 
2 1.62 0.992224 0.984751 0.970644 0.0149589 -216.701 0.13583 
2 1.62 0.992352 0.984984 0.971031 0.0136585 -216.711 0.13346 
2 1.625 0.991872 0.984068 0.969354 0.0158927 -216.541 0.144787 
2 1.625 0.991778 0.983889 0.96903 0.0163322 -216.56 0.140713 
2 1.63 0.991268 0.982912 0.967231 0.0183848 -216.352 0.157332 
2 1.63 0.99185 0.984009 0.969193 0.0149017 -216.523 0.141678 
2 1.635 0.991696 0.983705 0.968599 0.0149189 -216.479 0.13894 
2 1.635 0.991472 0.983281 0.967834 0.0161757 -216.387 0.145852 
2 1.64 0.99047 0.981369 0.964333 0.0205963 -216.052 0.169701 
2 1.64 0.990786 0.981998 0.965571 0.0208014 -216.233 0.158706 
2 1.645 0.9913 0.982934 0.967133 0.0156784 -216.33 0.143308 
2 1.645 0.990794 0.981988 0.965468 0.0191714 -216.186 0.155783 
2 1.65 0.991238 0.982812 0.966901 0.0157035 -216.273 0.150715 
2 1.65 0.990718 0.981821 0.965084 0.0180924 -216.09 0.157453 
2 1.655 0.990962 0.982291 0.965965 0.0172299 -216.196 0.152032 
2 1.655 0.990722 0.981829 0.965111 0.0180857 -216.145 0.154164 
2 1.66 0.990424 0.981275 0.964136 0.0201868 -216.002 0.167287 
2 1.66 0.990644 0.98166 0.964724 0.0171075 -216.046 0.153898 
2 1.665 0.990416 0.98127 0.964156 0.0207848 -216.01 0.167731 
2 1.665 0.990246 0.980892 0.963296 0.0183123 -215.91 0.161381 
2 1.67 0.989486 0.979464 0.960757 0.0228536 -215.696 0.177093 
2 1.67 0.989372 0.979214 0.960188 0.0213704 -215.582 0.180115 
2 1.675 0.989686 0.979824 0.961346 0.0206508 -215.738 0.169062 
2 1.675 0.989862 0.980154 0.961928 0.0195475 -215.763 0.16838 
2 1.68 0.989866 0.980156 0.961909 0.0191418 -215.755 0.163423 
2 1.68 0.989484 0.979505 0.96097 0.0253937 -215.699 0.188246 
2 1.685 0.989228 0.978931 0.959646 0.0213059 -215.515 0.181686 
2 1.685 0.989516 0.979505 0.960769 0.0215695 -215.661 0.170483 
2 1.69 0.988824 0.978173 0.958304 0.0237004 -215.41 0.185137 
2 1.69 0.989056 0.978595 0.959002 0.0214999 -215.468 0.175886 
2 1.695 0.989184 0.97885 0.959506 0.0215395 -215.533 0.175126 
2 1.695 0.98853 0.977609 0.957254 0.024656 -215.351 0.181948 
2 1.7 0.98822 0.976999 0.956083 0.0247124 -215.172 0.194678 
2 1.7 0.988388 0.9773 0.956567 0.0229107 -215.181 0.189535 
2 1.705 0.988932 0.978336 0.958451 0.0205032 -215.372 0.174603 
2 1.705 0.98825 0.977064 0.956217 0.0249652 -215.163 0.194142 
2 1.71 0.987902 0.976377 0.954893 0.0249543 -215.046 0.194689 
2 1.71 0.98828 0.977069 0.956054 0.0217124 -215.132 0.182414 
2 1.715 0.987822 0.976238 0.954686 0.0260091 -215.088 0.191033 
2 1.715 0.987664 0.97595 0.954195 0.0274136 -215.006 0.202145 
2 1.72 0.987464 0.975611 0.95366 0.0305656 -214.932 0.194978 
2 1.72 0.986846 0.974399 0.951362 0.0310682 -214.725 0.204435 
2 1.725 0.988162 0.976845 0.955643 0.0220558 -215.054 0.180491 
2 1.725 0.987002 0.974726 0.952078 0.0320726 -214.797 0.207777 
2 1.73 0.987394 0.975365 0.952891 0.0241624 -214.774 0.195166 
2 1.73 0.987398 0.975371 0.952892 0.024048 -214.793 0.192131 
2 1.735 0.986786 0.974186 0.950675 0.0253458 -214.604 0.198633 
2 1.735 0.987322 0.975227 0.952634 0.0243336 -214.775 0.190649 
2 1.74 0.987158 0.974904 0.952012 0.0242944 -214.69 0.198833 
2 1.74 0.986832 0.974319 0.951054 0.0276853 -214.637 0.19889 
2 1.745 0.986816 0.974248 0.950795 0.025317 -214.578 0.194996 
2 1.745 0.986628 0.97391 0.950242 0.027204 -214.548 0.196635 
2 1.75 0.985976 0.97264 0.947842 0.0280759 -214.281 0.212706 
2 1.75 0.986596 0.973823 0.949997 0.0258064 -214.516 0.194755 
2 1.755 0.985498 0.971746 0.946249 0.0307403 -214.098 0.222345 
2 1.755 0.985398 0.971555 0.945906 0.0311169 -214.126 0.213592 
2 1.76 0.98561 0.97192 0.946445 0.0280277 -214.132 0.211777 
2 1.76 0.985662 0.972084 0.946959 0.0315081 -214.234 0.211603 
2 1.765 0.985522 0.971739 0.946075 0.0274826 -214.085 0.208175 
2 1.765 0.984644 0.970252 0.943876 0.0412619 -213.97 0.227953 
2 1.77 0.985362 0.971445 0.945569 0.0286378 -214.022 0.209345 
2 1.77 0.984856 0.970505 0.94394 0.0318384 -213.916 0.225095 
2 1.775 0.984148 0.969138 0.941387 0.0332842 -213.596 0.241937 
2 1.775 0.98443 0.96973 0.942628 0.0353361 -213.747 0.237991 
2 1.78 0.98407 0.968976 0.94103 0.0327031 -213.558 0.230039 
2 1.78 0.984668 0.970147 0.943274 0.0323399 -213.826 0.218664 
2 1.785 0.980094 0.963469 0.934416 0.161611 -213.211 0.275153 
2 1.785 0.983094 0.967173 0.937927 0.0391522 -213.329 0.244715 
2 1.79 0.982612 0.966242 0.936205 0.0399987 -213.239 0.24245 
2 1.79 0.984358 0.969527 0.942045 0.0316384 -213.65 0.223715 
2 1.795 0.9825 0.965984 0.935592 0.0377799 -213.017 0.257355 
2 1.795 0.98355 0.967964 0.939125 0.0330606 -213.37 0.230571 
2 1.8 0.983428 0.967693 0.938497 0.0312183 -213.257 0.225164 
2 1.8 0.981914 0.965015 0.934196 0.0477765 -212.96 0.257991 
2 1.805 0.981716 0.964552 0.933176 0.04352 -212.883 0.267226 
2 1.805 0.982714 0.966401 0.936367 0.037347 -213.154 0.241659 
2 1.81 0.982418 0.965892 0.935548 0.0412527 -213.046 0.247352 
2 1.81 0.982208 0.965376 0.934303 0.0355671 -212.871 0.242702 
2 1.815 0.981758 0.964564 0.932974 0.0393912 -212.765 0.257403 
2 1.815 0.981654 0.964431 0.932914 0.0433556 -212.799 0.254247 
2 1.82 0.98174 0.964469 0.932595 0.0360227 -212.753 0.236533 
2 1.82 0.981396 0.963842 0.931532 0.0386973 -212.564 0.258588 
2 1.825 0.981272 0.963618 0.931171 0.0396133 -212.537 0.259231 
2 1.825 0.980578 0.962385 0.929186 0.0466644 -212.441 0.266618 
2 1.83 0.981118 0.96328 0.930416 0.0375689 -212.457 0.257277 
2 1.83 0.980294 0.961829 0.928155 0.046616 -212.26 0.289991 
2 1.835 0.980652 0.962445 0.929053 0.0417861 -212.314 0.272105 
2 1.835 0.979754 0.960862 0.926556 0.0514299 -212.168 0.294086 
2 1.84 0.979388 0.960064 0.924785 0.0469057 -212.05 0.267743 
2 1.84 0.979024 0.959506 0.924157 0.0553482 -211.918 0.297749 
2 1.845 0.979252 0.959796 0.924292 0.0466775 -211.98 0.276114 
2 1.845 0.9792 0.959811 0.924591 0.0530298 -211.973 0.27989 
2 1.85 0.980176 0.961479 0.927113 0.039687 -212.137 0.263222 
2 1.85 0.978834 0.958984 0.922747 0.0469038 -211.702 0.284463 
2 1.855 0.977872 0.9572 0.91965 0.0521031 -211.412 0.301358 
2 1.855 0.97871 0.958699 0.922076 0.0445399 -211.637 0.277091 
2 1.86 0.977866 0.95726 0.919962 0.0558218 -211.497 0.301806 
2 1.86 0.978598 0.9585 0.921755 0.0454793 -211.609 0.273328 
2 1.865 0.978076 0.957576 0.920297 0.0506026 -211.496 0.290361 
2 1.865 0.977788 0.957008 0.919177 0.0503328 -211.359 0.290716 
2 1.87 0.975148 0.953226 0.914355 0.123661 -210.996 0.340363 
2 1.87 0.978572 0.958364 0.921234 0.0407038 -211.446 0.271195 
2 1.875 0.976978 0.955512 0.916618 0.0547343 -211.115 0.311162 
2 1.875 0.97676 0.955124 0.915932 0.0567201 -211.002 0.322805 
2 1.88 0.97655 0.954661 0.914952 0.0537818 -211.024 0.295881 
2 1.88 0.976502 0.954564 0.914739 0.0536279 -210.836 0.318082 
2 1.885 0.975904 0.953435 0.91274 0.0555131 -210.807 0.303266 
2 1.885 0.97699 0.955486 0.916421 0.0517825 -211.12 0.293223 
2 1.89 0.97567 0.953144 0.912562 0.0641318 -210.76 0.304824 
2 1.89 0.976096 0.953744 0.913111 0.0518624 -210.775 0.290634 
2 1.895 0.976978 0.955409 0.916099 0.0487234 -210.979 0.2953 
2 1.895 0.974678 0.951064 0.908302 0.0563143 -210.221 0.329346 
2 1.9 0.974538 0.950885 0.908226 0.0610761 -210.212 0.335713 
2 1.9 0.975082 0.951981 0.910274 0.0629649 -210.436 0.320557 
2 1.905 0.974076 0.950049 0.906791 0.0642953 -210.038 0.333464 
2 1.905 0.974878 0.951507 0.909271 0.0587698 -210.285 0.327827 
2 1.91 0.97338 0.948692 0.904288 0.0640553 -209.857 0.341162 
2 1.91 0.973588 0.949174 0.905368 0.0681092 -210.002 0.33653 
2 1.915 0.974446 0.950672 0.907754 0.0588738 -210.191 0.325781 
2 1.915 0.972176 0.947123 0.902496 0.104279 -209.709 0.350691 
2 1.92 0.971786 0.946005 0.900295 0.0852589 -209.592 0.360817 
2 1.92 0.9737 0.949219 0.904937 0.058712 -209.894 0.308975 
2 1.925 0.973406 0.948682 0.904078 0.0603844 -209.832 0.327588 
2 1.925 0.97236 0.94675 0.900732 0.0657803 -209.511 0.339982 
2 1.93 0.972118 0.946241 0.899651 0.063581 -209.368 0.339802 
2 1.93 0.97285 0.947572 0.901906 0.0587874 -209.526 0.337618 
2 1.935 0.972494 0.946926 0.900821 0.061045 -209.496 0.326322 
2 1.935 0.971902 0.945894 0.899144 0.0671991 -209.37 0.322717 
2 1.94 0.971474 0.945077 0.897704 0.0678014 -209.169 0.336968 
2 1.94 0.9686 0.941392 0.893196 0.16528 -208.82 0.393003 
2 1.945 0.971166 0.944481 0.89664 0.0677183 -209.044 0.359781 
2 1.945 0.97003 0.942419 0.893144 0.0751054 -208.801 0.362192 
2 1.95 0.968518 0.939795 0.889002 0.0906402 -208.371 0.395056 
2 1.95 0.96853 0.939556 0.887944 0.0772266 -208.199 0.382026 
2 1.955 0.969606 0.941606 0.891607 0.0752207 -208.672 0.342384 
2 1.955 0.969844 0.942075 0.892483 0.0756039 -208.711 0.344355 
2 1.96 0.968304 0.939362 0.888169 0.089241 -208.292 0.382202 
2 1.96 0.967956 0.938564 0.886408 0.0829093 -208.145 0.388783 
2 1.965 0.967124 0.937269 0.884717 0.0987139 -207.978 0.401651 
2 1.965 0.968024 0.938557 0.886028 0.0756323 -208.048 0.38103 
2 1.97 0.967684 0.937936 0.884945 0.0773602 -207.882 0.372735 
2 1.97 0.967548 0.937702 0.884574 0.0788217 -207.883 0.37614 
2 1.975 0.967296 0.9373 0.883966 0.0829594 -207.825 0.372418 
2 1.975 0.966762 0.936217 0.881905 0.0804372 -207.682 0.373016 
2 1.98 0.966432 0.935549 0.880631 0.0787187 -207.542 0.378844 
2 1.98 0.96541 0.934088 0.879051 0.104641 -207.428 0.401796 
2 1.985 0.965378 0.933647 0.87751 0.0852754 -207.168 0.413865 
2 1.985 0.965206 0.933686 0.878351 0.10393 -207.389 0.399386 
2 1.99 0.965604 0.934286 0.878943 0.0952138 -207.316 0.382477 
2 1.99 0.965904 0.934609 0.879054 0.0823368 -207.267 0.396578 
2 1.995 0.965354 0.933696 0.87782 0.0895847 -207.206 0.406852 
2 1.995 0.96484 0.932761 0.876071 0.0924639 -207.08 0.386005 
2 2 0.96494 0.932885 0.87623 0.0887718 -207.019 0.410935 
2 2 0.9641 0.93125 0.873219 0.0880435 -206.807 0.396288 
2 2.005 0.964736 0.93245 0.87534 0.0865102 -206.954 0.390673 
2 2.005 0.961166 0.926125 0.865205 0.113941 -205.948 0.479923 
2 2.01 0.962712 0.929035 0.870169 0.110476 -206.522 0.418899 
2 2.01 0.962266 0.927901 0.86752 0.0967933 -206.188 0.418269 
2 2.015 0.961292 0.927179 0.867413 0.153664 -206.125 0.433912 
2 2.015 0.961436 0.926616 0.86585 0.111989 -206.069 0.438407 
2 2.02 0.961224 0.926167 0.864894 0.10968 -205.898 0.455313 
2 2.02 0.959386 0.923872 0.863087 0.170807 -205.849 0.477987 
2 2.025 0.960084 0.923882 0.860628 0.104707 -205.634 0.433189 
2 2.025 0.959312 0.922665 0.859036 0.117796 -205.446 0.474066 
2 2.03 0.958732 0.921615 0.857116 0.120595 -205.046 0.469381 
2 2.03 0.961434 0.926238 0.864293 0.0927519 -205.89 0.407732 
2 2.035 0.956676 0.918102 0.851786 0.141185 -204.749 0.483286 
2 2.035 0.95773 0.919755 0.854028 0.123271 -204.865 0.489123 
2 2.04 0.955174 0.91543 0.84758 0.150637 -204.334 0.531717 
2 2.04 0.960478 0.924408 0.860907 0.09263 -205.459 0.413582 
2 2.045 0.957906 0.920087 0.854504 0.122393 -204.912 0.461434 
2 2.045 0.955072 0.915649 0.848071 0.170509 -204.389 0.499727 
2 2.05 0.954278 0.913827 0.844628 0.155127 -204.082 0.49091 
2 2.05 0.956326 0.917214 0.849824 0.129474 -204.489 0.509895 
2 2.055 0.957022 0.918164 0.850528 0.110624 -204.616 0.441855 
2 2.055 0.948478 0.906589 0.837205 0.339593 -203.502 0.580343 
2 2.06 0.954982 0.914784 0.845464 0.135591 -203.937 0.483073 
2 2.06 0.95528 0.91505 0.845352 0.120872 -203.984 0.467363 
2 2.065 0.953624 0.912425 0.841657 0.146537 -203.594 0.503216 
2 2.065 0.950742 0.908722 0.837921 0.233031 -203.291 0.554808 
2 2.07 0.953946 0.912663 0.84154 0.128025 -203.617 0.491789 
2 2.07 0.952036 0.909606 0.83737 0.15619 -203.363 0.515719 
2 2.075 0.952776 0.910848 0.8391 0.147773 -203.484 0.486853 
2 2.075 0.95176 0.908741 0.834993 0.139452 -203.018 0.511548 
2 2.08 0.950336 0.906548 0.832332 0.163925 -202.911 0.524287 
2 2.08 0.952744 0.910981 0.839507 0.156734 -203.597 0.473451 
2 2.085 0.948346 0.903486 0.827402 0.197881 -202.36 0.536261 
2 2.085 0.952594 0.910123 0.837021 0.128882 -203.112 0.495319 
2 2.09 0.947232 0.901421 0.82456 0.199626 -202.007 0.581386 
2 2.09 0.94821 0.903359 0.828267 0.203659 -202.511 0.556866 
2 2.095 0.948428 0.903114 0.826125 0.171739 -202.16 0.531372 
2 2.095 0.949826 0.904964 0.828044 0.133379 -202.277 0.512327 
2 2.1 0.94781 0.901538 0.822791 0.152122 -201.869 0.515696 
2 2.1 0.94734 0.901529 0.824015 0.194086 -202.008 0.535948 
2 2.105 0.94537 0.897563 0.817008 0.18237 -201.339 0.56735 
2 2.105 0.945324 0.897566 0.817137 0.186614 -201.216 0.580192 
2 2.11 0.947064 0.900213 0.820549 0.155599 -201.611 0.516353 
2 2.11 0.944662 0.896148 0.814648 0.178289 -201.141 0.555452 
2 2.115 0.946116 0.899196 0.820001 0.191994 -201.422 0.586611 
2 2.115 0.945656 0.897634 0.81626 0.159263 -201.223 0.534385 
2 2.12 0.942092 0.891238 0.805888 0.174545 -200.199 0.578324 
2 2.12 0.94432 0.895202 0.812294 0.163293 -200.679 0.574822 
2 2.125 0.94426 0.895174 0.812395 0.16692 -200.835 0.552269 
2 2.125 0.937862 0.885503 0.799877 0.278465 -199.722 0.667202 
2 2.13 0.941982 0.891313 0.80648 0.187006 -200.271 0.577771 
2 2.13 0.939118 0.888098 0.803466 0.288979 -200.047 0.60546 
2 2.135 0.941032 0.889526 0.803137 0.186656 -199.83 0.575255 
2 2.135 0.938484 0.886087 0.799415 0.249867 -199.472 0.637307 
2 2.14 0.939254 0.887268 0.800862 0.236895 -199.842 0.587213 
2 2.14 0.935338 0.881231 0.792954 0.297839 -198.882 0.715567 
2 2.145 0.938112 0.88566 0.799117 0.261324 -199.552 0.637551 
2 2.145 0.938834 0.886575 0.799867 0.24083 -199.573 0.600355 
2 2.15 0.937928 0.884302 0.79548 0.213646 -199.214 0.599266 
2 2.15 0.936988 0.882752 0.793318 0.223489 -199.188 0.594903 
2 2.155 0.937118 0.882614 0.791784 0.205296 -198.846 0.588209 
2 2.155 0.93389 0.878193 0.786847 0.280386 -198.328 0.661381 
2 2.16 0.929942 0.871489 0.777185 0.310026 -197.676 0.692908 
2 2.16 0.93564 0.880911 0.79042 0.25409 -198.743 0.595998 
2 2.165 0.931164 0.873912 0.78133 0.316216 -198.071 0.663776 
2 2.165 0.931732 0.874789 0.781197 0.307834 -197.915 0.629778 
2 2.17 0.93231 0.874111 0.778589 0.226232 -197.6 0.643546 
2 2.17 0.932808 0.875232 0.780488 0.235069 -197.73 0.625486 
2 2.175 0.932222 0.873694 0.777222 0.214092 -197.439 0.615188 
2 2.175 0.931994 0.874647 0.780827 0.277445 -197.797 0.648834 
2 2.18 0.931654 0.87319 0.777436 0.239038 -197.388 0.634028 
2 2.18 0.931962 0.873559 0.777843 0.229622 -197.52 0.627337 
2 2.185 0.930948 0.872246 0.776234 0.255468 -197.506 0.615202 
2 2.185 0.925562 0.864859 0.767573 0.375029 -196.453 0.73005 
2 2.19 0.92628 0.865342 0.766834 0.335492 -196.52 0.676197 
2 2.19 0.924396 0.862023 0.761912 0.343169 -196.138 0.696881 
2 2.195 0.930374 0.87115 0.774014 0.253023 -197.087 0.618428 
2 2.195 0.923018 0.860282 0.760431 0.379053 -196.062 0.69973 
2 2.2 0.925848 0.8636 0.762922 0.291144 -196.104 0.671503 
2 2.2 0.923576 0.860408 0.759246 0.337077 -195.664 0.721562 
2 2.205 0.922004 0.856401 0.750998 0.286167 -194.855 0.724267 
2 2.205 0.923206 0.859507 0.757159 0.326444 -195.459 0.691668 
2 2.21 0.922358 0.858116 0.75526 0.333571 -195.251 0.715833 
2 2.21 0.920728 0.856424 0.753338 0.392943 -195.073 0.739317 
2 2.215 0.923054 0.858121 0.753191 0.275066 -195.001 0.679183 
2 2.215 0.919498 0.85372 0.748722 0.372173 -194.754 0.711076 
2 2.22 0.919374 0.852478 0.745545 0.325667 -194.444 0.703396 
2 2.22 0.916876 0.84878 0.741365 0.365672 -193.947 0.763067 
2 2.225 0.922138 0.856411 0.750632 0.272907 -194.808 0.681729 
2 2.225 0.919864 0.853722 0.747916 0.340314 -194.374 0.744271 
2 2.23 0.908148 0.836384 0.725482 0.522469 -192.409 0.86497 
2 2.23 0.916784 0.848641 0.740684 0.36538 -193.991 0.74452 
2 2.235 0.912586 0.84255 0.732846 0.435631 -193.138 0.785713 
2 2.235 0.913406 0.842905 0.732106 0.384551 -192.842 0.794007 
2 2.24 0.90932 0.837254 0.725036 0.463883 -192.326 0.827015 
2 2.24 0.911744 0.840335 0.728439 0.40435 -192.629 0.792497 
2 2.245 0.908178 0.835598 0.723031 0.481527 -192.09 0.871352 
2 2.245 0.906524 0.83445 0.722835 0.564123 -192.106 0.845384 
2 2.25 0.906032 0.831292 0.715752 0.46212 -191.398 0.841498 
2 2.25 0.908312 0.834823 0.720437 0.435208 -191.914 0.792681 
2 2.255 0.902868 0.826547 0.708931 0.504487 -190.745 0.842266 
2 2.255 0.904878 0.830277 0.714877 0.508793 -191.326 0.817466 
2 2.26 0.907868 0.833636 0.717782 0.416464 -191.748 0.765232 
2 2.26 0.906178 0.832047 0.716564 0.481778 -191.53 0.807432 
2 2.265 0.902506 0.826494 0.710156 0.528781 -191.158 0.842002 
2 2.265 0.90058 0.823129 0.704631 0.533541 -190.252 0.883478 
2 2.27 0.905056 0.829224 0.711919 0.444823 -190.983 0.81124 
2 2.27 0.901508 0.824066 0.705017 0.499953 -190.281 0.861883 
2 2.275 0.896128 0.815681 0.694211 0.555395 -189.535 0.891406 
2 2.275 0.894776 0.813329 0.69016 0.558473 -188.984 0.876049 
2 2.28 0.893064 0.811876 0.689782 0.627771 -188.925 0.921732 
2 2.28 0.895562 0.814249 0.690526 0.535861 -189.301 0.842081 
2 2.285 0.891464 0.808806 0.685266 0.616971 -188.446 0.951363 
2 2.285 0.905992 0.829571 0.709677 0.382905 -190.802 0.737773 
2 2.29 0.894012 0.812517 0.689002 0.579039 -188.802 0.86337 
2 2.29 0.88441 0.798363 0.671077 0.706653 -187.275 0.95735 
2 2.295 0.890026 0.805037 0.677606 0.561684 -187.908 0.882795 
2 2.295 0.880412 0.791712 0.661021 0.722739 -186.231 0.973674 
2 2.3 0.893084 0.810365 0.685213 0.555061 -188.511 0.876561 
2 2.3 0.879964 0.791026 0.660608 0.725621 -186.182 1.01244 
2 2.305 0.881076 0.795064 0.668249 0.81427 -186.698 1.01038 
2 2.305 0.886072 0.798454 0.66814 0.578326 -186.796 0.926026 
2 2.31 0.880078 0.791347 0.660258 0.727711 -185.984 0.959754 
2 2.31 0.883006 0.795411 0.665297 0.680154 -186.75 0.924513 
2 2.315 0.883282 0.795973 0.666364 0.681883 -186.655 0.911318 
2 2.315 0.882412 0.79513 0.665469 0.711859 -186.764 0.902226 
2 2.32 0.880702 0.790648 0.657168 0.647056 -185.892 0.908755 
2 2.32 0.880128 0.791034 0.659273 0.707286 -185.793 0.967208 
2 2.325 0.873746 0.781416 0.647717 0.773483 -184.756 1.05008 
2 2.325 0.872904 0.780443 0.645856 0.794923 -184.691 0.995545 
2 2.33 0.877804 0.786816 0.652864 0.69855 -185.442 0.931423 
2 2.33 0.873506 0.781486 0.648481 0.792849 -184.641 1.07142 
2 2.335 0.870008 0.775333 0.638931 0.788838 -184.049 1.02535 
2 2.335 0.874604 0.782864 0.648248 0.767956 -184.737 0.968256 
2 2.34 0.860052 0.76247 0.624592 0.973532 -182.242 1.16195 
2 2.34 0.873808 0.780503 0.643942 0.724895 -184.266 0.979763 
2 2.345 0.87453 0.779686 0.640974 0.634663 -184.109 0.937625 
2 2.345 0.86276 0.76431 0.624292 0.850967 -182.563 1.06175 
2 2.35 0.870938 0.774689 0.634944 0.687496 -183.474 0.977552 
2 2.35 0.869476 0.774588 0.636951 0.791478 -183.532 1.01756 
2 2.355 0.868072 0.77144 0.631856 0.759699 -182.892 1.02238 
2 2.355 0.862002 0.764987 0.626478 0.931612 -182.536 1.07848 
2 2.36 0.855932 0.754904 0.611806 0.944261 -181.332 1.0633 
2 2.36 0.860104 0.759618 0.6162 0.840623 -181.425 1.04816 
2 2.365 0.85558 0.754018 0.610866 0.930272 -181.278 1.08337 
2 2.365 0.860984 0.761594 0.619166 0.858361 -182.16 0.983782 
2 2.37 0.856544 0.752793 0.606083 0.80699 -180.812 0.997788 
2 2.37 0.858978 0.758816 0.616393 0.88494 -181.732 1.04618 
2 2.375 0.85083 0.748061 0.604373 1.0168 -180.55 1.09449 
2 2.375 0.851694 0.748834 0.603303 0.987406 -180.248 1.08835 
2 2.38 0.851166 0.746769 0.599452 0.93638 -180.022 1.01846 
2 2.38 0.847238 0.740574 0.592601 0.956395 -179.014 1.1439 
2 2.385 0.84608 0.738656 0.588986 0.956156 -178.83 1.09282 
2 2.385 0.844172 0.735142 0.583656 0.944065 -178.173 1.10332 
2 2.39 0.848928 0.743432 0.595198 0.952002 -179.572 1.06484 
2 2.39 0.846964 0.740343 0.590514 0.962142 -178.832 1.07702 
2 2.395 0.840572 0.733612 0.585925 1.12949 -178.51 1.12467 
2 2.395 0.837814 0.728197 0.578017 1.09663 -177.423 1.17204 
2 2.4 0.830522 0.719143 0.568545 1.224 -176.809 1.16585 
2 2.4 0.837794 0.728924 0.579298 1.12604 -177.414 1.19162 
2 2.405 0.836186 0.726265 0.575625 1.12506 -177.379 1.14725 
2 2.405 0.833162 0.722367 0.571983 1.17291 -177.092 1.177 
2 2.41 0.830486 0.716989 0.562779 1.13202 -176.294 1.14163 
2 2.41 0.831334 0.717096 0.561603 1.07798 -176.189 1.12103 
2 2.415 0.819106 0.703635 0.550548 1.35403 -174.577 1.31092 
2 2.415 0.8265 0.711273 0.556627 1.1665 -175.452 1.19266 
2 2.42 0.819908 0.703906 0.549353 1.30816 -174.334 1.29236 
2 2.42 0.818714 0.701255 0.544882 1.27942 -174.255 1.23263 
2 2.425 0.812636 0.695981 0.542576 1.46819 -173.86 1.32487 
2 2.425 0.817834 0.701186 0.546296 1.33335 -174.48 1.21733 
2 2.43 0.81674 0.698989 0.542724 1.31378 -173.907 1.23757 
2 2.43 0.824316 0.707115 0.550658 1.13654 -174.691 1.19522 
2 2.435 0.814358 0.69327 0.533049 1.23576 -173.156 1.1765 
2 2.435 0.81254 0.691791 0.532292 1.29651 -173.058 1.21634 
2 2.44 0.801418 0.678347 0.518273 1.47855 -171.134 1.32115 
2 2.44 0.808874 0.686273 0.526067 1.31129 -172.061 1.24409 
2 2.445 0.797958 0.672515 0.511701 1.46332 -171.133 1.25843 
2 2.445 0.80308 0.679562 0.518855 1.41613 -171.484 1.2523 
2 2.45 0.807714 0.686261 0.526542 1.38202 -172.291 1.22202 
2 2.45 0.802414 0.678538 0.518429 1.41511 -171.452 1.27685 
2 2.455 0.792082 0.665187 0.503319 1.53942 -169.832 1.29521 
2 2.455 0.796306 0.671897 0.512047 1.53945 -170.463 1.35227 
2 2.46 0.798378 0.670978 0.506291 1.36468 -169.823 1.27417 
2 2.46 0.79957 0.675195 0.513737 1.45863 -170.837 1.24045 
2 2.465 0.788316 0.658395 0.494236 1.4991 -168.757 1.33265 
2 2.465 0.796456 0.669741 0.506493 1.43605 -170.19 1.24023 
2 2.47 0.786092 0.655855 0.490906 1.53498 -168.301 1.307 
2 2.47 0.777432 0.645352 0.48074 1.65796 -166.838 1.42649 
2 2.475 0.780776 0.650114 0.486541 1.63648 -168.17 1.33197 
2 2.475 0.786634 0.655606 0.489499 1.48739 -168.23 1.29338 
2 2.48 0.76892 0.63594 0.471612 1.80252 -166.379 1.39331 
2 2.48 0.775402 0.640661 0.473204 1.58921 -166.879 1.30984 
2 2.485 0.772054 0.638943 0.473292 1.72539 -166.189 1.38468 
2 2.485 0.773808 0.638494 0.470272 1.59818 -166.112 1.34595 
2 2.49 0.778068 0.644382 0.476814 1.56597 -167.115 1.27652 
2 2.49 0.76995 0.636452 0.471255 1.75215 -166.068 1.37585 
2 2.495 0.760966 0.623207 0.455853 1.76904 -164.554 1.37732 
2 2.495 0.776644 0.641135 0.472081 1.52141 -166.412 1.29205 
2 2.5 0.758578 0.621165 0.454106 1.82899 -164.282 1.43797 
2 2.5 0.76678 0.630687 0.462528 1.70943 -165.168 1.37364 
2 2.505 0.773172 0.637043 0.467929 1.56678 -165.873 1.27011 
2 2.505 0.769526 0.633403 0.464193 1.64604 -165.821 1.25389 
2 2.51 0.751406 0.610015 0.440013 1.80892 -162.741 1.3785 
2 2.51 0.754806 0.611617 0.438246 1.66871 -162.442 1.34353 
2 2.515 0.75182 0.609019 0.437068 1.74099 -162.401 1.3695 
2 2.515 0.75506 0.613951 0.444474 1.74296 -163.366 1.36302 
2 2.52 0.750394 0.608216 0.437279 1.79067 -162.644 1.33268 
2 2.52 0.75082 0.608789 0.438087 1.78802 -163.018 1.32191 
2 2.525 0.73533 0.589676 0.419456 1.93923 -160.461 1.43224 
2 2.525 0.734332 0.588728 0.418564 1.95978 -160.058 1.45087 
2 2.53 0.738306 0.592586 0.420493 1.87708 -160.852 1.33455 
2 2.53 0.742014 0.597099 0.424648 1.83852 -161.233 1.35894 
2 2.535 0.739966 0.594412 0.422547 1.84862 -160.931 1.34226 
2 2.535 0.722146 0.572396 0.40095 2.00792 -158.157 1.46786 
2 2.54 0.72431 0.573861 0.401341 1.93844 -158.428 1.4059 
2 2.54 0.727426 0.576729 0.402374 1.87323 -158.918 1.35638 
2 2.545 0.717184 0.567816 0.396807 2.10071 -157.776 1.427 
2 2.545 0.726194 0.577782 0.405548 1.98132 -158.567 1.41483 
2 2.55 0.715476 0.564565 0.391417 2.06508 -157.383 1.40458 
2 2.55 0.718254 0.568128 0.396185 2.04858 -157.428 1.43903 
2 2.555 0.711862 0.558238 0.384506 2.01527 -156.057 1.45373 
2 2.555 0.710584 0.559338 0.38855 2.12949 -156.848 1.44517 
2 2.56 0.697846 0.54304 0.371168 2.18948 -155.099 1.4312 
2 2.56 0.70258 0.547579 0.374901 2.10783 -155.464 1.42022 
2 2.565 0.694266 0.538339 0.366446 2.19625 -154.59 1.40001 
2 2.565 0.697442 0.544076 0.37356 2.24759 -155.199 1.43271 
2 2.57 0.700466 0.543426 0.368331 2.05343 -154.36 1.40383 
2 2.57 0.698802 0.543944 0.371938 2.16421 -154.956 1.44057 
2 2.575 0.679418 0.520364 0.347939 2.28176 -151.911 1.44062 
2 2.575 0.700828 0.544479 0.370246 2.07065 -154.895 1.37513 
2 2.58 0.703994 0.549833 0.377416 2.10175 -155.49 1.39609 
2 2.58 0.68729 0.531862 0.360979 2.30597 -153.464 1.43665 
2 2.585 0.689422 0.533845 0.363158 2.26471 -153.496 1.48089 
2 2.585 0.677678 0.517451 0.343081 2.25159 -150.948 1.42825 
2 2.59 0.690946 0.532792 0.35769 2.13846 -153.236 1.39711 
2 2.59 0.681904 0.523321 0.350707 2.25204 -152.227 1.39427 
2 2.595 0.673978 0.51523 0.343979 2.35005 -150.684 1.49094 
2 2.595 0.666012 0.503202 0.331101 2.2979 -149.817 1.44406 
2 2.6 0.661624 0.497469 0.324606 2.29701 -149.161 1.4194 
2 2.6 0.677342 0.517903 0.344418 2.27349 -151.317 1.40583 
2 2.605 0.657776 0.495482 0.323876 2.41122 -149.155 1.41126 
2 2.605 0.672678 0.510427 0.335719 2.22386 -150.877 1.33479 
2 2.61 0.661662 0.499174 0.326703 2.35164 -149.412 1.41291 
2 2.61 0.665624 0.500489 0.324859 2.20051 -149.25 1.35737 
2 2.615 0.660932 0.494365 0.317112 2.20015 -148.151 1.35448 
2 2.615 0.654526 0.490497 0.318599 2.37449 -148.074 1.43075 
2 2.62 0.664698 0.501446 0.328051 2.27568 -149.044 1.42529 
2 2.62 0.669792 0.507875 0.333924 2.2616 -149.708 1.39968 
2 2.625 0.639596 0.471649 0.299543 2.38348 -145.716 1.41674 
2 2.625 0.643336 0.476481 0.304005 2.38474 -146.405 1.39704 
2 2.63 0.649418 0.482983 0.310205 2.3285 -147.09 1.40669 
2 2.63 0.649412 0.482835 0.309963 2.32315 -146.677 1.43176 
2 2.635 0.641734 0.474504 0.303149 2.3788 -145.99 1.38089 
2 2.635 0.636516 0.470252 0.300451 2.47057 -145.983 1.42543 
2 2.64 0.637144 0.468909 0.296912 2.38472 -145.49 1.38225 
2 2.64 0.622452 0.451678 0.280594 2.43302 -143.111 1.39648 
2 2.645 0.646988 0.478561 0.303983 2.26722 -146.41 1.33378 
2 2.645 0.636352 0.469112 0.298399 2.42601 -145.101 1.43597 
2 2.65 0.623374 0.452607 0.282047 2.41556 -143.922 1.34243 
2 2.65 0.623668 0.454255 0.282939 2.46388 -143.346 1.39494 
2 2.655 0.6252 0.453498 0.280876 2.35867 -143.104 1.36991 
2 2.655 0.611272 0.438805 0.269962 2.45392 -141.611 1.4055 
2 2.66 0.610794 0.438642 0.269195 2.46515 -141.509 1.4102 
2 2.66 0.614266 0.441778 0.271723 2.42313 -142.512 1.33653 
2 2.665 0.621236 0.448545 0.274825 2.34937 -142.349 1.32 
2 2.665 0.60649 0.434371 0.267117 2.49685 -140.724 1.43892 
2 2.67 0.608264 0.437753 0.269782 2.53812 -141.722 1.37395 
2 2.67 0.606896 0.433836 0.26468 2.45367 -141.432 1.31795 
2 2.675 0.599934 0.425539 0.257833 2.45303 -139.964 1.37186 
2 2.675 0.595784 0.423026 0.256202 2.54458 -140.03 1.32639 
2 2.68 0.59204 0.417535 0.251033 2.50088 -139.104 1.34268 
2 2.68 0.586808 0.412088 0.246335 2.52778 -138.582 1.34878 
2 2.685 0.588982 0.412885 0.245685 2.45756 -137.954 1.36752 
2 2.685 0.586264 0.41181 0.246277 2.53649 -138.07 1.40477 
2 2.69 0.58375 0.409958 0.245457 2.57225 -137.935 1.39256 
2 2.69 0.58554 0.410543 0.244335 2.51622 -137.988 1.34987 
2 2.695 0.594634 0.418647 0.249275 2.41402 -138.868 1.29202 
2 2.695 0.583254 0.408571 0.243226 2.53749 -137.883 1.32215 
2 2.7 0.579188 0.403964 0.239609 2.53723 -137.462 1.34677 
2 2.7 0.572334 0.396594 0.232526 2.5566 -136.167 1.37376 
2 2.705 0.577296 0.400287 0.234099 2.47748 -137.173 1.26455 
2 2.705 0.577496 0.400272 0.233114 2.4684 -136.712 1.27437 
2 2.71 0.56272 0.385338 0.222806 2.53448 -134.921 1.31727 
2 2.71 0.570488 0.394929 0.232143 2.56356 -136.311 1.32265 
2 2.715 0.558086 0.379993 0.217421 2.52423 -134.467 1.28009 
2 2.715 0.565054 0.386959 0.222943 2.49255 -134.816 1.29587 
2 2.72 0.561134 0.382447 0.219685 2.48442 -134.73 1.25198 
2 2.72 0.546876 0.368416 0.208574 2.54936 -132.954 1.27625 
2 2.725 0.550468 0.369775 0.207321 2.44991 -132.663 1.26097 
2 2.725 0.562476 0.384385 0.221595 2.49564 -134.455 1.32127 
2 2.73 0.540366 0.360684 0.201045 2.51608 -132.21 1.22533 
2 2.73 0.558004 0.378446 0.215265 2.45706 -133.896 1.25851 
2 2.735 0.563946 0.385639 0.220929 2.47182 -134.553 1.28667 
2 2.735 0.548708 0.371409 0.212202 2.57143 -132.892 1.31858 
2 2.74 0.54414 0.363666 0.202641 2.46634 -131.684 1.25749 
2 2.74 0.536546 0.355449 0.196051 2.46597 -130.451 1.25938 
2 2.745 0.544084 0.361915 0.200288 2.40026 -131.388 1.22051 
2 2.745 0.535702 0.353118 0.193013 2.40953 -130.754 1.20158 
2 2.75 0.543704 0.362902 0.201231 2.44682 -131.596 1.21395 
2 2.75 0.529186 0.348774 0.192409 2.49951 -129.673 1.26806 
2 2.755 0.537 0.35669 0.19776 2.47989 -130.794 1.24851 
2 2.755 0.515312 0.334465 0.180384 2.50158 -128.842 1.1773 
2 2.76 0.536652 0.354953 0.195095 2.42599 -130.211 1.24643 
2 2.76 0.516824 0.335989 0.181718 2.49572 -128.111 1.21744 
2 2.765 0.522202 0.340942 0.184912 2.46823 -128.68 1.22296 
2 2.765 0.52097 0.338307 0.180993 2.41942 -128.642 1.17607 
2 2.77 0.519356 0.337341 0.181407 2.44082 -127.867 1.20773 
2 2.77 0.509784 0.327089 0.172608 2.42632 -127.689 1.09499 
2 2.775 0.513484 0.331302 0.176425 2.43736 -127.347 1.18623 
2 2.775 0.519782 0.33707 0.179797 2.41069 -128.262 1.14971 
2 2.78 0.521638 0.339321 0.182701 2.41779 -129.125 1.12573 
2 2.78 0.507982 0.325906 0.171639 2.44102 -126.693 1.14562 
2 2.785 0.505172 0.323536 0.171171 2.45375 -126.949 1.13862 
2 2.785 0.505772 0.322579 0.169665 2.39763 -126.311 1.16304 
2 2.79 0.50124 0.318517 0.165703 2.41129 -126.108 1.11354 
2 2.79 0.511666 0.328706 0.173926 2.39799 -127.282 1.14086 
2 2.795 0.488538 0.304852 0.155159 2.36788 -123.816 1.11433 
2 2.795 0.499968 0.317019 0.165114 2.39896 -125.306 1.15595 
2 2.8 0.493462 0.309091 0.158082 2.34235 -124.031 1.11658 
2 2.8 0.48416 0.300813 0.152261 2.37151 -123.295 1.118 
2 2.805 0.486114 0.303361 0.155028 2.39052 -123.942 1.10023 
2 2.805 0.475252 0.2921 0.145947 2.36134 -122.178 1.10157 
2 2.81 0.480072 0.296355 0.148286 2.34469 -123.146 1.05655 
2 2.81 0.486362 0.301875 0.151568 2.3248 -123.941 1.07344 
2 2.815 0.47818 0.293656 0.145834 2.30906 -122.768 1.05292 
2 2.815 0.470966 0.287426 0.142494 2.33097 -121.807 1.10387 
2 2.82 0.482256 0.300196 0.152759 2.39805 -123.443 1.11004 
2 2.82 0.463334 0.27898 0.135445 2.2802 -121.13 1.01633 
2 2.825 0.469254 0.286745 0.142642 2.3556 -121.531 1.06434 
2 2.825 0.48155 0.297732 0.150553 2.33066 -123.452 1.06979 
2 2.83 0.47169 0.288036 0.142834 2.31605 -121.132 1.09191 
2 2.83 0.47305 0.288332 0.142164 2.28112 -122.318 1.00088 
2 2.835 0.468308 0.284346 0.139582 2.29395 -121.639 1.02543 
2 2.835 0.47358 0.288532 0.141563 2.26644 -121.964 1.01667 
2 2.84 0.465546 0.28219 0.138625 2.30482 -121.265 1.05584 
2 2.84 0.45568 0.272982 0.131953 2.30063 -119.785 1.01438 
2 2.845 0.45882 0.277218 0.135838 2.34455 -120.58 1.03885 
2 2.845 0.453844 0.270278 0.129145 2.26022 -118.817 1.02253 
2 2.85 0.451826 0.270249 0.131443 2.31936 -119.687 1.0424 
2 2.85 0.450878 0.268175 0.128416 2.27662 -117.996 1.07465 
2 2.855 0.453782 0.27048 0.129502 2.26137 -118.713 1.04525 
2 2.855 0.451706 0.26837 0.128647 2.25329 -118.495 1.03723 
2 2.86 0.449958 0.266226 0.126085 2.2295 -118.446 1.00683 
2 2.86 0.448004 0.263528 0.123973 2.19653 -118.38 0.96501 
2 2.865 0.444386 0.260035 0.121647 2.18346 -117.59 0.995956 
2 2.865 0.441062 0.25904 0.122182 2.25147 -117.196 1.02488 
2 2.87 0.450528 0.265337 0.124064 2.17286 -118.018 0.9582 
2 2.87 0.44016 0.257024 0.119847 2.20498 -117.142 0.988627 
2 2.875 0.429014 0.247737 0.114348 2.2151 -116.058 0.966721 
2 2.875 0.438206 0.255188 0.118256 2.197 -116.319 0.985266 
2 2.88 0.43227 0.250268 0.115225 2.20174 -116.639 0.956268 
2 2.88 0.435814 0.254381 0.119128 2.23777 -116.372 0.998564 
2 2.885 0.4285 0.246962 0.113751 2.19582 -115.477 0.968636 
2 2.885 0.432138 0.248696 0.11324 2.14739 -116.293 0.902163 
2 2.89 0.429812 0.246314 0.111396 2.13065 -114.866 0.935946 
2 2.89 0.43745 0.253415 0.116751 2.14716 -116.72 0.925937 
2 2.895 0.424164 0.240555 0.107674 2.09465 -115.125 0.926436 
2 2.895 0.425536 0.241078 0.107091 2.07242 -114.794 0.932816 
2 2.9 0.42871 0.244301 0.10955 2.0865 -115.127 0.909219 
2 2.9 0.42141 0.239401 0.107482 2.13154 -114.751 0.906351 
2 2.905 0.42481 0.241705 0.108434 2.10812 -114.521 0.909418 
2 2.905 0.4204 0.237632 0.106296 2.09624 -114.178 0.908318 
2 2.91 0.417482 0.234053 0.10305 2.05366 -113.683 0.907622 
2 2.91 0.41778 0.235741 0.10532 2.10312 -114.023 0.927621 
2 2.915 0.418204 0.235208 0.103906 2.06906 -114.235 0.890514 
2 2.915 0.418904 0.234816 0.102933 2.03551 -113.942 0.890022 
2 2.92 0.406624 0.224504 0.0969512 2.02605 -112.073 0.886173 
2 2.92 0.413162 0.232018 0.10269 2.09983 -113.371 0.910534 
2 2.925 0.418324 0.236279 0.104966 2.09519 -113.941 0.886757 
2 2.925 0.405016 0.223779 0.0964581 2.04243 -112.107 0.852091 
2 2.93 0.404694 0.221376 0.0936513 1.96581 -112.166 0.832845 
2 2.93 0.413864 0.230816 0.100801 2.03185 -113.018 0.88457 
2 2.935 0.40535 0.222839 0.0954994 1.99422 -112.369 0.84572 
2 2.935 0.403528 0.222498 0.096189 2.03283 -111.675 0.890635 
2 2.94 0.398052 0.214564 0.088418 1.9088 -110.758 0.808997 
2 2.94 0.395902 0.214531 0.0900822 1.96574 -110.326 0.850325 
2 2.945 0.38603 0.205774 0.0845083 1.92715 -109.123 0.829834 
2 2.945 0.393994 0.21191 0.0873882 1.92457 -110.652 0.799813 
2 2.95 0.39816 0.217114 0.0919531 1.98584 -111.255 0.835277 
2 2.95 0.39285 0.211068 0.0872651 1.92327 -110.347 0.805679 
2 2.955 0.396942 0.214022 0.0883948 1.91063 -110.492 0.817604 
2 2.955 0.388204 0.208124 0.0863583 1.94319 -109.536 0.849068 
2 2.96 0.38897 0.208555 0.0861187 1.93436 -110.059 0.793889 
2 2.96 0.378574 0.197826 0.0783561 1.84146 -108.074 0.793034 
2 2.965 0.388682 0.207606 0.0852134 1.90665 -109.55 0.818283 
2 2.965 0.38807 0.207571 0.0865765 1.9215 -109.368 0.831384 
2 2.97 0.381204 0.20058 0.0808178 1.86074 -108.036 0.811707 
2 2.97 0.381966 0.201564 0.0818121 1.87429 -108.698 0.80635 
2 2.975 0.38296 0.204869 0.0846599 1.95667 -108.948 0.824766 
2 2.975 0.372976 0.19464 0.0779549 1.86653 -107.687 0.804424 
2 2.98 0.388512 0.206142 0.0836198 1.85236 -108.239 0.807645 
2 2.98 0.384942 0.203607 0.0823782 1.85994 -108.466 0.786503 
2 2.985 0.372366 0.194354 0.0778646 1.86591 -107.899 0.774631 
2 2.985 0.372686 0.194306 0.0777622 1.85633 -106.769 0.775474 
2 2.99 0.364062 0.186238 0.0724811 1.79589 -105.711 0.772119 
2 2.99 0.371234 0.193099 0.0766387 1.84897 -107.161 0.765674 
2 2.995 0.37291 0.193052 0.0760883 1.80267 -106.355 0.796557 
2 2.995 0.370078 0.188369 0.0720768 1.71658 -105.945 0.756504 
2 3 0.373396 0.193979 0.0767537 1.81849 -106.907 0.756646 
2 3 0.36887 0.189565 0.0734887 1.78334 -106.583 0.728076 
2 3.005 0.363284 0.183846 0.0699878 1.72614 -105.282 0.728503 
2 3.005 0.367238 0.187327 0.0715888 1.74585 -106.062 0.72834 
2 3.01 0.358908 0.181242 0.0693959 1.74175 -105.472 0.721833 
2 3.01 0.359916 0.182113 0.0697913 1.74663 -104.877 0.754256 
2 3.015 0.36109 0.182299 0.0696074 1.72183 -105.571 0.739261 
2 3.015 0.363308 0.185096 0.0714323 1.76129 -105.171 0.751129 
2 3.02 0.357588 0.179404 0.0670856 1.70646 -104.419 0.694688 
2 3.02 0.36062 0.183527 0.070801 1.77088 -105.387 0.754273 
2 3.025 0.35955 0.180702 0.0670768 1.70004 -104.945 0.69934 
2 3.025 0.348984 0.174063 0.0651713 1.72805 -103.424 0.726443 
2 3.03 0.35386 0.176848 0.0662996 1.704 -103.437 0.745422 
2 3.03 0.35507 0.176892 0.0651674 1.67713 -103.744 0.705727 
2 3.035 0.351762 0.174901 0.0648914 1.68582 -103.554 0.714651 
2 3.035 0.353636 0.177644 0.0674212 1.73262 -104.189 0.719924 
2 3.04 0.35515 0.177802 0.067254 1.69968 -104.274 0.727543 
2 3.04 0.343482 0.168011 0.0608213 1.64576 -102.915 0.688585 
2 3.045 0.34961 0.172598 0.0634446 1.6542 -103.15 0.695976 
2 3.045 0.352532 0.175558 0.0653724 1.68404 -103.553 0.721021 
2 3.05 0.338752 0.16369 0.0581184 1.60449 -101.99 0.681595 
2 3.05 0.348668 0.172043 0.0632446 1.65487 -102.321 0.716697 
2 3.055 0.342016 0.165241 0.0586093 1.57989 -102.272 0.659983 
2 3.055 0.344036 0.16744 0.0600434 1.60652 -102.863 0.651315 
2 3.06 0.342016 0.166538 0.0598718 1.61972 -102.166 0.646943 
2 3.06 0.33737 0.162567 0.0576705 1.5931 -101.476 0.663828 
2 3.065 0.338434 0.163753 0.0583736 1.60574 -101.471 0.677339 
2 3.065 0.335548 0.161023 0.0567416 1.58011 -101.33 0.667993 
2 3.07 0.337182 0.161386 0.0561838 1.55357 -101.315 0.635493 
2 3.07 0.34448 0.167163 0.0596189 1.57969 -102.414 0.66002 
2 3.075 0.332454 0.157893 0.0543429 1.54041 -100.965 0.644777 
2 3.075 0.33444 0.160098 0.0560291 1.56905 -101.062 0.659575 
2 3.08 0.331398 0.156175 0.0534642 1.50488 -100.574 0.619694 
2 3.08 0.33384 0.158904 0.0553138 1.54076 -100.747 0.651542 
2 3.085 0.333096 0.158694 0.0555923 1.54753 -100.494 0.652288 
2 3.085 0.336566 0.161426 0.0566433 1.56077 -100.538 0.678938 
2 3.09 0.331734 0.157187 0.0545416 1.52555 -100.558 0.630386 
2 3.09 0.330742 0.156073 0.0530874 1.51077 -100.569 0.61514 
2 3.095 0.331322 0.156333 0.0534199 1.50432 -100.015 0.628188 
2 3.095 0.32118 0.148493 0.0492905 1.46484 -98.5407 0.62922 
2 3.1 0.325122 0.151931 0.0509444 1.4912 -98.8238 0.636669 
2 3.1 0.324786 0.150929 0.0503561 1.4659 -99.3662 0.613611 
2 3.105 0.325334 0.152041 0.0516146 1.48789 -99.5448 0.607079 
2 3.105 0.325442 0.152654 0.0522176 1.50538 -99.4622 0.626906 
2 3.11 0.323418 0.150637 0.0509887 1.48032 -98.4722 0.633931 
2 3.11 0.31947 0.146659 0.047587 1.43401 -98.3858 0.59754 
2 3.115 0.320264 0.148347 0.0494371 1.4696 -98.3002 0.616104 
2 3.115 0.324736 0.152041 0.0514502 1.49558 -99.4435 0.609474 
2 3.12 0.319354 0.146119 0.0474355 1.41448 -98.2743 0.584363 
2 3.12 0.316058 0.143728 0.0461281 1.40498 -97.9058 0.571797 
2 3.125 0.31364 0.142131 0.0454789 1.40034 -96.9254 0.588716 
2 3.125 0.314944 0.143504 0.0466205 1.41807 -97.4948 0.599606 
2 3.13 0.312508 0.142342 0.0468573 1.42752 -97.5761 0.6059 
2 3.13 0.314246 0.142826 0.0464669 1.40816 -97.5016 0.593677 
2 3.135 0.317676 0.144071 0.0462524 1.37648 -97.4376 0.573951 
2 3.135 0.313626 0.142264 0.0460508 1.40042 -97.3246 0.593611 
2 3.14 0.31086 0.140378 0.045273 1.39312 -97.195 0.57752 
2 3.14 0.306926 0.137484 0.0440663 1.37836 -96.0642 0.588208 
2 3.145 0.310512 0.139942 0.0444691 1.38392 -96.505 0.577932 
2 3.145 0.309868 0.1385 0.0433247 1.35078 -96.0138 0.58698 
2 3.15 0.310692 0.139782 0.0443678 1.37308 -96.9483 0.564997 
2 3.15 0.30892 0.138607 0.0441713 1.37065 -96.3648 0.589942 
2 3.155 0.312318 0.140832 0.0449375 1.37208 -96.7224 0.578278 
2 3.155 0.306892 0.137033 0.0434089 1.35817 -96.1793 0.567839 
2 3.16 0.300716 0.131969 0.0402094 1.31451 -95.4094 0.546941 
2 3.16 0.304252 0.134751 0.0418365 1.33486 -95.4491 0.560685 
2 3.165 0.30332 0.133773 0.0414525 1.31976 -95.4869 0.569144 
2 3.165 0.298348 0.130422 0.0398616 1.30838 -94.7998 0.556498 
2 3.17 0.306046 0.135548 0.0418667 1.32125 -95.8223 0.550258 
2 3.17 0.303728 0.133591 0.0409348 1.30411 -95.247 0.53786 
2 3.175 0.305416 0.135475 0.041749 1.32902 -95.2875 0.542664 
2 3.175 0.302484 0.133289 0.0412918 1.31631 -94.812 0.555843 
2 3.18 0.298244 0.130176 0.0398062 1.29642 -94.5109 0.553686 
2 3.18 0.299922 0.131316 0.0401136 1.30071 -95.3295 0.538141 
2 3.185 0.299064 0.130865 0.0405028 1.30064 -94.5738 0.570897 
2 3.185 0.298058 0.129284 0.0387543 1.26988 -94.0394 0.535071 
2 3.19 0.29592 0.128014 0.0385615 1.26789 -94.1906 0.532339 
2 3.19 0.295104 0.127448 0.0380836 1.26524 -93.9472 0.521229 
2 3.195 0.296314 0.127784 0.0382308 1.25141 -93.9163 0.532566 
2 3.195 0.294162 0.126787 0.0377884 1.25995 -93.5628 0.536872 
2 3.2 0.290858 0.12455 0.0367798 1.2485 -93.1302 0.538414 
2 3.2 0.295168 0.128299 0.0390354 1.28673 -94.1854 0.549233 
2 3.205 0.289704 0.123438 0.0360793 1.23276 -93.1603 0.522841 
2 3.205 0.29895 0.130388 0.0391988 1.27977 -93.9859 0.537167 
2 3.21 0.290314 0.123629 0.036174 1.22574 -92.9061 0.52023 
2 3.21 0.297112 0.128455 0.038623 1.25171 -93.4818 0.540946 
2 3.215 0.290642 0.123877 0.036029 1.22565 -92.915 0.515956 
2 3.215 0.293054 0.125681 0.0371836 1.23795 -93.3763 0.520406 
2 3.22 0.28712 0.121794 0.0355069 1.22223 -92.5018 0.534196 
2 3.22 0.287238 0.121544 0.0352482 1.21236 -92.7294 0.510896 
2 3.225 0.28545 0.1204 0.0351383 1.20676 -91.9346 0.520866 
2 3.225 0.283078 0.11814 0.0335831 1.1785 -91.6794 0.507752 
2 3.23 0.286732 0.120601 0.0345185 1.18841 -92.4431 0.510555 
2 3.23 0.283476 0.118544 0.0336896 1.18221 -91.9628 0.517473 
2 3.235 0.280786 0.116838 0.0333825 1.17458 -91.3594 0.511351 
2 3.235 0.284444 0.119518 0.034009 1.19351 -91.5724 0.506312 
2 3.24 0.284964 0.119096 0.0336215 1.16948 -92.0257 0.493126 
2 3.24 0.285318 0.119731 0.0342804 1.18286 -91.8854 0.519134 
2 3.245 0.280192 0.115605 0.0321322 1.14321 -91.4726 0.485166 
2 3.245 0.281666 0.117314 0.0328164 1.17036 -91.4194 0.492427 
2 3.25 0.281292 0.116364 0.0324114 1.14579 -91.2822 0.487156 
2 3.25 0.280986 0.11574 0.0319105 1.13191 -91.0167 0.49733 
2 3.255 0.283594 0.117584 0.0327281 1.14158 -90.9085 0.491336 
2 3.255 0.278406 0.114448 0.0314574 1.13481 -91.0741 0.47954 
2 3.26 0.27775 0.11394 0.0311563 1.12868 -90.6694 0.478153 
2 3.26 0.27638 0.11356 0.0315691 1.1403 -90.4782 0.492757 
2 3.265 0.27439 0.111452 0.0301428 1.10758 -89.9844 0.476778 
2 3.265 0.281582 0.116281 0.0321226 1.13301 -90.7088 0.483365 
2 3.27 0.276634 0.11265 0.0305013 1.10469 -90.5245 0.465155 
2 3.27 0.279392 0.114822 0.0316696 1.12423 -90.4246 0.487945 
2 3.275 0.273244 0.111454 0.030558 1.12341 -89.6266 0.485168 
2 3.275 0.273454 0.110485 0.0295203 1.09033 -89.8084 0.466726 
2 3.28 0.27278 0.110331 0.0295619 1.09519 -89.825 0.480169 
2 3.28 0.273748 0.110556 0.0294185 1.08591 -89.6824 0.469357 
2 3.285 0.273234 0.110301 0.0295926 1.08504 -89.6706 0.478847 
2 3.285 0.272126 0.109944 0.0296851 1.09259 -89.4243 0.476651 
2 3.29 0.269106 0.107822 0.0287414 1.07612 -88.9462 0.456917 
2 3.29 0.274802 0.111409 0.0297324 1.09098 -89.683 0.471813 
2 3.295 0.26994 0.108385 0.0289821 1.07791 -88.875 0.459929 
2 3.295 0.268732 0.106932 0.0280696 1.05358 -88.6405 0.457855 
2 3.3 0.27056 0.108893 0.029067 1.08153 -88.757 0.464133 
2 3.3 0.271674 0.109324 0.0291708 1.07628 -89.0962 0.46319 
2 3.305 0.266124 0.10578 0.0275355 1.05772 -88.5216 0.459826 
2 3.305 0.26591 0.105145 0.0271143 1.04197 -88.4622 0.457446 
2 3.31 0.269124 0.107196 0.0279525 1.0504 -88.7532 0.45619 
2 3.31 0.268192 0.106865 0.0276681 1.05553 -88.6212 0.451481 
2 3.315 0.265766 0.104804 0.0269224 1.03084 -88.0732 0.445882 
2 3.315 0.270318 0.107358 0.0276763 1.03426 -88.3465 0.458414 
2 3.32 0.264408 0.104617 0.0273334 1.04535 -87.6907 0.457749 
2 3.32 0.263158 0.103932 0.0272336 1.04457 -87.7602 0.452099 
2 3.325 0.26234 0.102654 0.0261911 1.01749 -87.4204 0.448935 
2 3.325 0.261222 0.102086 0.0259399 1.01802 -87.3101 0.440115 
2 3.33 0.264806 0.103755 0.0262951 1.00998 -87.8514 0.435393 
2 3.33 0.262132 0.102115 0.0258302 1.00306 -87.0509 0.44159 
2 3.335 0.26029 0.10147 0.0259404 1.01107 -87.2163 0.447961 
2 3.335 0.258664 0.100224 0.0249244 0.998994 -86.7304 0.440101 
2 3.34 0.258384 0.100355 0.0255742 1.00577 -86.9089 0.442002 
2 3.34 0.262284 0.102385 0.025882 1.00575 -87.2212 0.433868 
2 3.345 0.260974 0.101354 0.0252737 0.993929 -87.2378 0.420607 
2 3.345 0.261292 0.100978 0.0249031 0.977713 -87.1051 0.426386 
2 3.35 0.259098 0.100419 0.025028 0.993649 -86.7962 0.421655 
2 3.35 0.260148 0.100534 0.0250012 0.980799 -86.4789 0.430714 
2 3.355 0.253854 0.0962348 0.0231852 0.947628 -86.5342 0.424421 
2 3.355 0.259238 0.100052 0.0247388 0.979065 -86.4209 0.430839 
2 3.36 0.25696 0.0985762 0.0244469 0.968684 -85.8675 0.425216 
2 3.36 0.255464 0.0967373 0.0230426 0.936769 -85.9447 0.429445 
2 3.365 0.255338 0.096707 0.0230441 0.936389 -85.575 0.413441 
2 3.365 0.253442 0.0960672 0.0233149 0.946042 -85.6329 0.42317 
2 3.37 0.251696 0.0953971 0.0230316 0.950927 -85.4208 0.409356 
2 3.37 0.255846 0.0973016 0.0236631 0.944937 -85.8415 0.413319 
2 3.375 0.255824 0.09855 0.0248205 0.980862 -85.6141 0.440086 
2 3.375 0.25372 0.0967964 0.0236836 0.960668 -85.2846 0.426546 
2 3.38 0.250868 0.0942447 0.0222654 0.92633 -85.1948 0.401825 
2 3.38 0.249884 0.0942554 0.0229176 0.941223 -85.4062 0.407756 
2 3.385 0.252086 0.0954924 0.023183 0.943723 -84.9693 0.417068 
2 3.385 0.251042 0.0944771 0.02278 0.929247 -85.086 0.416471 
2 3.39 0.252708 0.0953113 0.0227545 0.927727 -85.0513 0.412726 
2 3.39 0.252386 0.095183 0.0226143 0.928741 -84.7079 0.413018 
2 3.395 0.248436 0.0929775 0.0222465 0.92068 -84.4011 0.418538 
2 3.395 0.253658 0.0957479 0.0230118 0.925052 -84.8984 0.406165 
2 3.4 0.247786 0.0929592 0.0224563 0.928272 -84.6442 0.402759 
2 3.4 0.248294 0.0928861 0.022105 0.918712 -84.4468 0.415458 
2 3.405 0.247076 0.0920334 0.0216665 0.910041 -84.0731 0.402766 
2 3.405 0.24761 0.091621 0.0213179 0.89017 -83.7521 0.407536 
2 3.41 0.248198 0.0919486 0.0213005 0.889922 -83.8149 0.400738 
2 3.41 0.248092 0.0928294 0.0219935 0.917296 -84.3764 0.395054 
2 3.415 0.245404 0.0908446 0.0209974 0.896675 -84.3155 0.386837 
2 3.415 0.24454 0.0905992 0.0214216 0.901885 -83.895 0.404934 
2 3.42 0.246156 0.0906809 0.0208621 0.879769 -83.7 0.389416 
2 3.42 0.247638 0.092176 0.0215749 0.90209 -83.97 0.401035 
2 3.425 0.245224 0.0897705 0.0203713 0.865275 -83.6616 0.392084 
2 3.425 0.244924 0.0903845 0.0210225 0.887495 -83.556 0.407583 
2 3.43 0.244228 0.0897514 0.0204413 0.877669 -83.2022 0.393824 
2 3.43 0.243406 0.0893255 0.0205342 0.876939 -83.2003 0.402164 
2 3.435 0.245816 0.090627 0.0209156 0.879227 -83.5106 0.394513 
2 3.435 0.243798 0.0893357 0.0203782 0.8704 -82.908 0.395403 
2 3.44 0.240428 0.0865342 0.019004 0.835132 -82.4067 0.382806 
2 3.44 0.240528 0.0868278 0.0192598 0.842269 -82.2712 0.38642 
2 3.445 0.242016 0.0885215 0.0201636 0.869369 -82.9998 0.396449 
2 3.445 0.241092 0.0878758 0.0199032 0.863582 -82.9874 0.388478 
2 3.45 0.240004 0.0867282 0.0194082 0.844241 -82.139 0.39241 
2 3.45 0.24076 0.0872149 0.0194783 0.847812 -82.1198 0.385206 
2 3.455 0.241462 0.087676 0.0196081 0.850134 -82.597 0.395024 
2 3.455 0.241284 0.0876331 0.0197574 0.851379 -82.0298 0.380143 
2 3.46 0.237634 0.085143 0.0184612 0.828702 -81.9138 0.377156 
2 3.46 0.236452 0.0845331 0.0186109 0.827271 -81.6906 0.388386 
2 3.465 0.238092 0.0851806 0.0184445 0.822302 -81.6017 0.371661 
2 3.465 0.235166 0.0836977 0.0182167 0.819471 -81.7479 0.374973 
2 3.47 0.238416 0.0854949 0.0187217 0.825726 -81.945 0.368996 
2 3.47 0.234612 0.0828235 0.0175988 0.800597 -81.4497 0.361224 
2 3.475 0.234708 0.0830525 0.0177821 0.804738 -81.3168 0.361563 
2 3.475 0.234496 0.083374 0.0180014 0.816853 -81.5235 0.363672 
2 3.48 0.236784 0.0844678 0.0183907 0.816126 -81.199 0.371759 
2 3.48 0.23391 0.0826701 0.0179132 0.80334 -81.3376 0.371892 
2 3.485 0.236066 0.0840046 0.0184483 0.811404 -81.251 0.371912 
2 3.485 0.23509 0.0834212 0.0179094 0.80786 -81.345 0.367439 
2 3.49 0.233538 0.08301 0.0180015 0.815758 -81.0132 0.370077 
2 3.49 0.23312 0.0818894 0.0174008 0.789241 -80.9714 0.363453 
2 3.495 0.236522 0.0843488 0.0183348 0.812766 -81.311 0.37334 
2 3.495 0.231558 0.0818316 0.017782 0.807223 -81.0099 0.366564 
