J: 8.66854 1.22259 -0.0641977 -0.0207783 
nth temperature m m2 m4 ms e sp_h 
3 1 0.999484 0.998979 0.998001 0.00107737 -219.757 0.0233753 
3 1 0.999398 0.99881 0.997674 0.00135976 -219.721 0.0278683 
3 1.005 0.999464 0.99894 0.997928 0.00118932 -219.752 0.0244008 
3 1.005 0.999444 0.998901 0.99785 0.00121899 -219.741 0.0254407 
3 1.01 0.99939 0.998794 0.99764 0.00130573 -219.714 0.0276636 
3 1.01 0.999458 0.998928 0.997903 0.00116299 -219.745 0.0247577 
3 1.015 0.999328 0.998671 0.997402 0.00145305 -219.686 0.0301861 
3 1.015 0.999336 0.998687 0.997434 0.0014541 -219.694 0.0290393 
3 1.02 0.999356 0.998727 0.997511 0.00141032 -219.7 0.0288777 
3 1.02 0.999316 0.998647 0.997353 0.00143648 -219.68 0.0298518 
3 1.025 0.999292 0.9986 0.997263 0.00151988 -219.671 0.0306199 
3 1.025 0.999316 0.998647 0.997353 0.00142167 -219.679 0.0296263 
3 1.03 0.99929 0.998596 0.997256 0.00153164 -219.669 0.0309357 
3 1.03 0.999292 0.9986 0.997265 0.00155133 -219.674 0.0305016 
3 1.035 0.99928 0.998576 0.997214 0.00148808 -219.662 0.0307754 
3 1.035 0.999258 0.998533 0.997131 0.00157386 -219.654 0.0316126 
3 1.04 0.999244 0.998505 0.997078 0.00161428 -219.648 0.0324794 
3 1.04 0.999258 0.998533 0.997132 0.00157398 -219.658 0.0307146 
3 1.045 0.99919 0.998399 0.996871 0.00173243 -219.624 0.0343173 
3 1.045 0.999264 0.998545 0.997157 0.00158644 -219.662 0.0302277 
3 1.05 0.999074 0.998169 0.996423 0.00196405 -219.57 0.038854 
3 1.05 0.999076 0.998173 0.996428 0.00191488 -219.569 0.0383111 
3 1.055 0.999148 0.998315 0.996706 0.00176627 -219.604 0.0347097 
3 1.055 0.999154 0.998327 0.996729 0.00174827 -219.604 0.0353204 
3 1.06 0.999138 0.998296 0.996671 0.00184311 -219.6 0.0353595 
3 1.06 0.999132 0.998284 0.996646 0.00182326 -219.598 0.0349995 
3 1.065 0.998994 0.998013 0.99612 0.00220732 -219.536 0.0411199 
3 1.065 0.999116 0.998253 0.996588 0.00190221 -219.594 0.0355742 
3 1.07 0.998978 0.997979 0.996051 0.00209678 -219.526 0.0406336 
3 1.07 0.999032 0.998087 0.996263 0.00205075 -219.553 0.0387375 
3 1.075 0.99899 0.998004 0.9961 0.00211162 -219.532 0.040427 
3 1.075 0.999044 0.998111 0.99631 0.00202847 -219.559 0.0381599 
3 1.08 0.998902 0.99783 0.995761 0.00229207 -219.494 0.0427804 
3 1.08 0.99902 0.998064 0.99622 0.00211848 -219.55 0.0388617 
3 1.085 0.998898 0.997823 0.995748 0.00233231 -219.491 0.0438799 
3 1.085 0.99891 0.997846 0.995794 0.00230524 -219.498 0.0425395 
3 1.09 0.998808 0.997645 0.995405 0.00257056 -219.451 0.047573 
3 1.09 0.998882 0.997791 0.995688 0.00238441 -219.484 0.0438588 
3 1.095 0.998794 0.997617 0.995349 0.00255211 -219.444 0.0470869 
3 1.095 0.998742 0.997514 0.995142 0.00255502 -219.419 0.0476374 
3 1.1 0.998752 0.997534 0.995185 0.00258568 -219.426 0.0476291 
3 1.1 0.99871 0.997451 0.995024 0.00268872 -219.406 0.0493038 
3 1.105 0.998636 0.997305 0.994739 0.00282891 -219.373 0.0508681 
3 1.105 0.998818 0.997665 0.995441 0.00247628 -219.458 0.0447017 
3 1.11 0.998672 0.997376 0.994879 0.00276724 -219.39 0.0497258 
3 1.11 0.998728 0.997487 0.995095 0.00265784 -219.416 0.0471344 
3 1.115 0.998622 0.997278 0.994687 0.00286826 -219.372 0.0497126 
3 1.115 0.998692 0.997415 0.994949 0.00260172 -219.393 0.0477513 
3 1.12 0.998722 0.997476 0.995077 0.00272203 -219.413 0.0481566 
3 1.12 0.998468 0.996973 0.994089 0.00307616 -219.292 0.0559299 
3 1.125 0.998492 0.99702 0.994182 0.00301919 -219.305 0.0542291 
3 1.125 0.998456 0.99695 0.994049 0.00318721 -219.29 0.0558644 
3 1.13 0.998566 0.997167 0.994468 0.00288705 -219.342 0.0511275 
3 1.13 0.998478 0.996993 0.994129 0.00305518 -219.296 0.054078 
3 1.135 0.99839 0.996819 0.993789 0.00319365 -219.256 0.0568447 
3 1.135 0.99844 0.99692 0.993992 0.00326752 -219.287 0.0554502 
3 1.14 0.998444 0.996926 0.993998 0.00309288 -219.286 0.0540757 
3 1.14 0.998348 0.996739 0.993643 0.00350797 -219.254 0.0579062 
3 1.145 0.998382 0.996805 0.993769 0.00335913 -219.259 0.0565975 
3 1.145 0.998278 0.996597 0.993355 0.00334976 -219.205 0.0589388 
3 1.15 0.998268 0.99658 0.993331 0.00357219 -219.212 0.0603748 
3 1.15 0.998254 0.996552 0.993277 0.00359926 -219.202 0.0607978 
3 1.155 0.998184 0.996412 0.992997 0.00355863 -219.167 0.0611929 
3 1.155 0.99819 0.996426 0.993031 0.00370943 -219.173 0.0631554 
3 1.16 0.998176 0.996401 0.99299 0.00392698 -219.169 0.0636879 
3 1.16 0.998036 0.996123 0.992442 0.00403989 -219.106 0.0674816 
3 1.165 0.998004 0.996058 0.992309 0.00392927 -219.082 0.0677549 
3 1.165 0.9981 0.99625 0.992696 0.00402318 -219.138 0.0654998 
3 1.17 0.997876 0.995807 0.991825 0.00427766 -219.034 0.0707623 
3 1.17 0.998 0.996052 0.992307 0.00412991 -219.092 0.0669286 
3 1.175 0.997978 0.996008 0.992216 0.00406055 -219.074 0.0679157 
3 1.175 0.99813 0.996307 0.992795 0.00367516 -219.14 0.0623767 
3 1.18 0.997768 0.995598 0.991434 0.00480493 -218.992 0.0768961 
3 1.18 0.997846 0.995749 0.991718 0.00443053 -219.018 0.0728907 
3 1.185 0.997758 0.995572 0.991361 0.00429818 -218.973 0.0719864 
3 1.185 0.997796 0.99565 0.991522 0.00445083 -218.997 0.0719485 
3 1.19 0.997778 0.995615 0.99146 0.00456325 -218.99 0.0737573 
3 1.19 0.997682 0.995426 0.991094 0.00478881 -218.955 0.0751439 
3 1.195 0.997514 0.995095 0.990449 0.00508952 -218.878 0.0802893 
3 1.195 0.997664 0.995389 0.991014 0.00463792 -218.933 0.0755753 
3 1.2 0.997576 0.995216 0.990677 0.00480369 -218.898 0.0779775 
3 1.2 0.997624 0.995312 0.990872 0.00486955 -218.921 0.0779169 
3 1.205 0.997468 0.995002 0.99026 0.00494514 -218.841 0.0805255 
3 1.205 0.997538 0.99514 0.990529 0.00481814 -218.882 0.0773323 
3 1.21 0.997416 0.994904 0.990086 0.0054052 -218.832 0.0839148 
3 1.21 0.997474 0.995017 0.990298 0.00514209 -218.854 0.0808653 
3 1.215 0.997468 0.995004 0.990273 0.00510197 -218.854 0.0795536 
3 1.215 0.997442 0.994955 0.990183 0.0052919 -218.85 0.0805691 
3 1.22 0.997284 0.994642 0.989571 0.00547404 -218.776 0.0837389 
3 1.22 0.99726 0.994594 0.989477 0.00548298 -218.769 0.0830577 
3 1.225 0.997226 0.994527 0.989343 0.00547469 -218.744 0.0843171 
3 1.225 0.997222 0.994521 0.989342 0.00568838 -218.749 0.0869523 
3 1.23 0.997106 0.994289 0.988879 0.00561827 -218.691 0.0865646 
3 1.23 0.997174 0.994424 0.989142 0.00552632 -218.719 0.0851364 
3 1.235 0.997048 0.994178 0.988673 0.00594054 -218.664 0.0903917 
3 1.235 0.99695 0.993983 0.988289 0.0059998 -218.618 0.0917835 
3 1.24 0.996996 0.994072 0.988455 0.00574322 -218.638 0.0888661 
3 1.24 0.996974 0.99403 0.988379 0.00589704 -218.631 0.0893356 
3 1.245 0.996944 0.993968 0.988249 0.00571413 -218.611 0.0887965 
3 1.245 0.996842 0.99377 0.987871 0.00607767 -218.573 0.092318 
3 1.25 0.996816 0.993723 0.987795 0.00644657 -218.57 0.095295 
3 1.25 0.996744 0.993581 0.987523 0.00662068 -218.533 0.0990816 
3 1.255 0.996786 0.99366 0.98766 0.00618567 -218.549 0.0924118 
3 1.255 0.99656 0.993214 0.986791 0.00654075 -218.445 0.0989265 
3 1.26 0.996692 0.993476 0.987307 0.00642676 -218.508 0.0949236 
3 1.26 0.996564 0.993225 0.986824 0.0067519 -218.459 0.0987442 
3 1.265 0.996416 0.992932 0.986249 0.00686442 -218.385 0.101138 
3 1.265 0.996472 0.993047 0.98649 0.00715519 -218.412 0.103099 
3 1.27 0.996358 0.992825 0.986067 0.00751936 -218.375 0.105403 
3 1.27 0.996342 0.992785 0.98596 0.00689284 -218.341 0.102767 
3 1.275 0.996258 0.992621 0.985648 0.00713705 -218.314 0.104834 
3 1.275 0.996214 0.992536 0.985486 0.00731813 -218.298 0.105619 
3 1.28 0.995984 0.992086 0.984628 0.00797748 -218.204 0.113265 
3 1.28 0.996378 0.992862 0.986132 0.00725946 -218.377 0.102683 
3 1.285 0.996116 0.992346 0.98513 0.00767895 -218.266 0.108686 
3 1.285 0.996102 0.992313 0.985049 0.00733117 -218.247 0.105325 
3 1.29 0.99606 0.992234 0.984905 0.00760902 -218.229 0.107878 
3 1.29 0.996102 0.992316 0.985065 0.00751361 -218.25 0.10838 
3 1.295 0.995746 0.991613 0.983695 0.00797093 -218.082 0.11541 
3 1.295 0.99571 0.991549 0.983595 0.00854022 -218.08 0.120828 
3 1.3 0.995742 0.991612 0.983715 0.0084238 -218.097 0.118152 
3 1.3 0.99573 0.991584 0.983644 0.00810208 -218.09 0.113899 
3 1.305 0.995684 0.991497 0.983488 0.00843618 -218.06 0.117917 
3 1.305 0.995568 0.991272 0.983064 0.00888562 -218.032 0.120352 
3 1.31 0.995558 0.991249 0.983012 0.00867089 -218.011 0.12184 
3 1.31 0.995676 0.99148 0.983451 0.00831931 -218.061 0.116941 
3 1.315 0.995314 0.990765 0.982061 0.00877881 -217.9 0.122826 
3 1.315 0.995448 0.991032 0.982588 0.00877257 -217.971 0.119599 
3 1.32 0.99545 0.991031 0.982568 0.00836799 -217.946 0.119254 
3 1.32 0.995314 0.99077 0.982087 0.00909708 -217.906 0.125388 
3 1.325 0.995134 0.990418 0.981413 0.00954883 -217.832 0.129116 
3 1.325 0.99535 0.99084 0.982218 0.00892509 -217.92 0.122896 
3 1.33 0.994986 0.990123 0.980828 0.00948119 -217.755 0.130416 
3 1.33 0.994906 0.989968 0.980537 0.00979934 -217.723 0.134496 
3 1.335 0.994862 0.989878 0.98035 0.00956112 -217.699 0.132221 
3 1.335 0.994818 0.989797 0.980215 0.0100724 -217.699 0.135266 
3 1.34 0.994796 0.98975 0.980105 0.00973421 -217.678 0.131563 
3 1.34 0.994628 0.989421 0.979474 0.010133 -217.618 0.133926 
3 1.345 0.99441 0.989001 0.978698 0.0111637 -217.54 0.142894 
3 1.345 0.994568 0.989309 0.979283 0.0106895 -217.609 0.136853 
3 1.35 0.994324 0.988829 0.978352 0.011018 -217.498 0.142363 
3 1.35 0.994374 0.988927 0.978543 0.0109502 -217.502 0.143567 
3 1.355 0.994378 0.988933 0.978546 0.0107478 -217.514 0.137951 
3 1.355 0.994306 0.988792 0.978274 0.0108825 -217.464 0.143405 
3 1.36 0.994266 0.988712 0.978115 0.0108148 -217.445 0.142618 
3 1.36 0.994222 0.988628 0.977961 0.0110599 -217.45 0.14253 
3 1.365 0.993928 0.988053 0.976862 0.0117634 -217.308 0.150243 
3 1.365 0.994214 0.988605 0.97789 0.010491 -217.418 0.140298 
3 1.37 0.993996 0.988188 0.977124 0.0116461 -217.353 0.144993 
3 1.37 0.994038 0.988268 0.977274 0.0114522 -217.363 0.146365 
3 1.375 0.993534 0.98728 0.975372 0.0123862 -217.152 0.154696 
3 1.375 0.993806 0.987812 0.97639 0.0117407 -217.269 0.148609 
3 1.38 0.993362 0.986946 0.974739 0.0128737 -217.085 0.159789 
3 1.38 0.99366 0.987534 0.975887 0.0126119 -217.224 0.154387 
3 1.385 0.99327 0.986769 0.97441 0.0132352 -217.035 0.165121 
3 1.385 0.993748 0.987696 0.976156 0.0115836 -217.229 0.147762 
3 1.39 0.993336 0.986891 0.974619 0.0125404 -217.046 0.159128 
3 1.39 0.99319 0.986614 0.974118 0.0134665 -217.033 0.159641 
3 1.395 0.992988 0.98621 0.973313 0.0132209 -216.915 0.161706 
3 1.395 0.993174 0.986578 0.974034 0.0131445 -216.997 0.161518 
3 1.4 0.993124 0.986476 0.973824 0.0129086 -216.98 0.156071 
3 1.4 0.992836 0.985919 0.972778 0.0139455 -216.863 0.167889 
3 1.405 0.99271 0.985665 0.972266 0.0136324 -216.793 0.167001 
3 1.405 0.992746 0.985738 0.972418 0.0137836 -216.829 0.165655 
3 1.41 0.992572 0.985398 0.971766 0.0141067 -216.744 0.169826 
3 1.41 0.992716 0.985676 0.972287 0.0135478 -216.808 0.163976 
3 1.415 0.992792 0.985831 0.972602 0.0137586 -216.861 0.159572 
3 1.415 0.992558 0.985367 0.971693 0.0138245 -216.708 0.171914 
3 1.42 0.992394 0.985053 0.971116 0.014571 -216.661 0.174986 
3 1.42 0.992364 0.984999 0.971029 0.0149811 -216.669 0.173559 
3 1.425 0.991824 0.983942 0.969002 0.0159293 -216.422 0.186625 
3 1.425 0.992128 0.984532 0.970114 0.0149917 -216.564 0.174407 
3 1.43 0.991978 0.984243 0.969579 0.0155586 -216.517 0.178517 
3 1.43 0.9918 0.983892 0.968898 0.0157231 -216.419 0.184786 
3 1.435 0.991664 0.98363 0.968406 0.0161694 -216.354 0.188428 
3 1.435 0.991454 0.983216 0.967603 0.0163544 -216.294 0.186725 
3 1.44 0.99163 0.983553 0.968223 0.0154877 -216.337 0.179755 
3 1.44 0.991516 0.98333 0.967799 0.0157182 -216.287 0.184969 
3 1.445 0.991154 0.982631 0.966489 0.0169099 -216.165 0.190766 
3 1.445 0.991208 0.982739 0.966708 0.0170229 -216.18 0.193644 
3 1.45 0.991194 0.982709 0.966639 0.0167734 -216.174 0.192096 
3 1.45 0.991212 0.98275 0.966741 0.0171897 -216.195 0.192115 
3 1.455 0.990854 0.982051 0.965405 0.0178138 -216.042 0.200752 
3 1.455 0.991112 0.98255 0.966342 0.0169927 -216.133 0.193046 
3 1.46 0.990504 0.981367 0.964096 0.0183936 -215.893 0.204444 
3 1.46 0.990638 0.981627 0.964586 0.0180598 -215.931 0.200272 
3 1.465 0.99034 0.981035 0.96342 0.0178651 -215.777 0.204354 
3 1.465 0.990488 0.981329 0.964001 0.0179114 -215.871 0.203301 
3 1.47 0.99025 0.980872 0.963156 0.0188474 -215.774 0.208678 
3 1.47 0.990016 0.980415 0.96228 0.0192979 -215.684 0.208421 
3 1.475 0.989934 0.980255 0.961975 0.0193407 -215.66 0.20982 
3 1.475 0.990104 0.980577 0.962556 0.0183749 -215.704 0.20436 
3 1.48 0.98985 0.980093 0.961674 0.0196039 -215.622 0.208786 
3 1.48 0.989882 0.980144 0.961735 0.0187882 -215.602 0.211239 
3 1.485 0.989936 0.980263 0.962008 0.0195176 -215.66 0.20993 
3 1.485 0.98968 0.979767 0.961077 0.0202544 -215.579 0.215136 
3 1.49 0.989244 0.97892 0.959468 0.0212019 -215.389 0.220217 
3 1.49 0.989696 0.979784 0.961055 0.0191616 -215.547 0.206555 
3 1.495 0.989496 0.979396 0.960324 0.0196325 -215.451 0.213451 
3 1.495 0.989102 0.978639 0.958922 0.0211206 -215.313 0.22575 
3 1.5 0.988684 0.97783 0.957404 0.0222472 -215.162 0.231378 
3 1.5 0.988208 0.976893 0.955593 0.0225432 -214.964 0.23583 
3 1.505 0.988704 0.977867 0.957471 0.0220226 -215.146 0.232968 
3 1.505 0.988458 0.977381 0.956519 0.0220134 -215.061 0.229153 
3 1.51 0.988694 0.977833 0.957351 0.0210102 -215.105 0.223937 
3 1.51 0.988648 0.977748 0.957208 0.0214207 -215.111 0.226147 
3 1.515 0.988004 0.976508 0.954899 0.02351 -214.873 0.239485 
3 1.515 0.988252 0.976977 0.955742 0.022098 -214.955 0.230695 
3 1.52 0.987944 0.976373 0.95458 0.0223535 -214.816 0.232411 
3 1.52 0.98793 0.976349 0.954547 0.0225918 -214.834 0.232341 
3 1.525 0.987758 0.976019 0.953937 0.023151 -214.741 0.238751 
3 1.525 0.987646 0.975809 0.953568 0.0239042 -214.729 0.242827 
3 1.53 0.987382 0.975296 0.952599 0.0243782 -214.635 0.24343 
3 1.53 0.987146 0.974832 0.951701 0.0245029 -214.508 0.248783 
3 1.535 0.9872 0.974942 0.951919 0.0246098 -214.571 0.240406 
3 1.535 0.987258 0.975054 0.952135 0.0244639 -214.568 0.24684 
3 1.54 0.986796 0.97415 0.950404 0.0249022 -214.346 0.254974 
3 1.54 0.9868 0.974164 0.950454 0.0253299 -214.388 0.250082 
3 1.545 0.98676 0.974082 0.950283 0.0250552 -214.338 0.250785 
3 1.545 0.986858 0.974259 0.95057 0.0239565 -214.36 0.247182 
3 1.55 0.986428 0.973439 0.949075 0.0257471 -214.232 0.251085 
3 1.55 0.986386 0.973361 0.948926 0.0260219 -214.199 0.253561 
3 1.555 0.986096 0.972792 0.947843 0.0261478 -214.069 0.260327 
3 1.555 0.986394 0.973378 0.948975 0.0260242 -214.194 0.260674 
3 1.56 0.985766 0.972151 0.946633 0.0266816 -213.955 0.264139 
3 1.56 0.98578 0.972194 0.946769 0.0276482 -213.991 0.266915 
3 1.565 0.985828 0.972291 0.946962 0.0277696 -214.009 0.261745 
3 1.565 0.985592 0.971813 0.945993 0.0269092 -213.913 0.259563 
3 1.57 0.98531 0.971272 0.944991 0.0277557 -213.767 0.267164 
3 1.57 0.98551 0.971665 0.945754 0.0276841 -213.861 0.270553 
3 1.575 0.984814 0.970312 0.943191 0.0287686 -213.585 0.272001 
3 1.575 0.984784 0.970252 0.94307 0.028698 -213.561 0.27423 
3 1.58 0.984576 0.969862 0.942382 0.0298798 -213.47 0.283263 
3 1.58 0.984752 0.970207 0.943045 0.0297505 -213.588 0.276434 
3 1.585 0.984206 0.969152 0.941073 0.0309217 -213.336 0.292347 
3 1.585 0.98448 0.969674 0.942025 0.0298504 -213.44 0.283255 
3 1.59 0.983828 0.968404 0.939614 0.0305853 -213.213 0.285046 
3 1.59 0.983956 0.968658 0.940105 0.030734 -213.232 0.285028 
3 1.595 0.984056 0.968864 0.940535 0.0311843 -213.298 0.284391 
3 1.595 0.984148 0.969015 0.940729 0.0293213 -213.291 0.275025 
3 1.6 0.983752 0.968272 0.939418 0.0314852 -213.167 0.29142 
3 1.6 0.983514 0.967797 0.938477 0.0310957 -213.082 0.284376 
3 1.605 0.982886 0.9666 0.936292 0.0333328 -212.803 0.304101 
3 1.605 0.983126 0.967061 0.937147 0.0326597 -212.918 0.297478 
3 1.61 0.982864 0.966531 0.936071 0.0316197 -212.764 0.294652 
3 1.61 0.982818 0.966466 0.936028 0.0331888 -212.797 0.297678 
3 1.615 0.982616 0.966076 0.935304 0.0335626 -212.716 0.300259 
3 1.615 0.982248 0.965375 0.934024 0.0349416 -212.576 0.311348 
3 1.62 0.982018 0.96492 0.933131 0.0345807 -212.506 0.303028 
3 1.62 0.981976 0.964823 0.932892 0.0336849 -212.424 0.303316 
3 1.625 0.981582 0.964085 0.931596 0.0357771 -212.334 0.309232 
3 1.625 0.981446 0.963829 0.931145 0.0364719 -212.282 0.319092 
3 1.63 0.981494 0.96391 0.931257 0.0355269 -212.282 0.311898 
3 1.63 0.981368 0.963673 0.930832 0.0361944 -212.254 0.312875 
3 1.635 0.981428 0.963795 0.931084 0.0363621 -212.249 0.317075 
3 1.635 0.980378 0.961759 0.927247 0.0377674 -211.819 0.327658 
3 1.64 0.98067 0.962331 0.92835 0.0376482 -211.987 0.324809 
3 1.64 0.980632 0.962266 0.928257 0.0382195 -211.935 0.331417 
3 1.645 0.980124 0.961284 0.926412 0.0389681 -211.75 0.330881 
3 1.645 0.98034 0.96171 0.927239 0.0390933 -211.843 0.331428 
3 1.65 0.980078 0.961201 0.926279 0.0393039 -211.72 0.332551 
3 1.65 0.980094 0.96124 0.926368 0.0397304 -211.736 0.327125 
3 1.655 0.97917 0.959452 0.923029 0.0409904 -211.398 0.341756 
3 1.655 0.979912 0.960877 0.925666 0.0392551 -211.677 0.33088 
3 1.66 0.979278 0.959618 0.923192 0.0381108 -211.383 0.328776 
3 1.66 0.979598 0.960254 0.924438 0.0386481 -211.523 0.329635 
3 1.665 0.978372 0.95794 0.920301 0.0437519 -211.125 0.354398 
3 1.665 0.978658 0.958447 0.921094 0.0405909 -211.199 0.337346 
3 1.67 0.978362 0.957891 0.92011 0.0418489 -211.106 0.341904 
3 1.67 0.978866 0.95885 0.921851 0.0402224 -211.272 0.333846 
3 1.675 0.978566 0.958297 0.920888 0.0420957 -211.145 0.33729 
3 1.675 0.978034 0.957276 0.919018 0.043306 -210.967 0.351453 
3 1.68 0.97773 0.956727 0.918108 0.0458671 -210.877 0.35795 
3 1.68 0.977544 0.95635 0.91735 0.0451076 -210.772 0.356579 
3 1.685 0.977638 0.956526 0.917659 0.0444808 -210.799 0.357664 
3 1.685 0.977436 0.956096 0.916736 0.0423968 -210.698 0.352788 
3 1.69 0.9768 0.954912 0.914655 0.0457609 -210.494 0.360931 
3 1.69 0.976408 0.954178 0.913366 0.0476389 -210.397 0.368269 
3 1.695 0.976514 0.954378 0.913716 0.0471249 -210.427 0.362852 
3 1.695 0.977014 0.955344 0.915527 0.0464474 -210.608 0.359408 
3 1.7 0.976234 0.953852 0.912775 0.048194 -210.311 0.366728 
3 1.7 0.975536 0.952518 0.910338 0.0498396 -210.081 0.376671 
3 1.705 0.976198 0.953795 0.912701 0.0488249 -210.275 0.367785 
3 1.705 0.975046 0.951571 0.90856 0.0502415 -209.867 0.374651 
3 1.71 0.975244 0.951951 0.909269 0.0497228 -209.893 0.378524 
3 1.71 0.975174 0.951815 0.909022 0.0497748 -209.921 0.381324 
3 1.715 0.974586 0.950695 0.906968 0.0511259 -209.671 0.386535 
3 1.715 0.97485 0.95121 0.907942 0.0511672 -209.781 0.380777 
3 1.72 0.974512 0.950506 0.906475 0.0483931 -209.577 0.377298 
3 1.72 0.974372 0.950292 0.906249 0.0517864 -209.572 0.392258 
3 1.725 0.973862 0.9493 0.904382 0.0517591 -209.358 0.394484 
3 1.725 0.973854 0.949301 0.904424 0.0526902 -209.396 0.390627 
3 1.73 0.973362 0.948364 0.902713 0.0537883 -209.23 0.391503 
3 1.73 0.973188 0.948012 0.902013 0.053031 -209.13 0.391678 
3 1.735 0.973462 0.9485 0.902801 0.0502418 -209.218 0.378421 
3 1.735 0.97287 0.947394 0.900863 0.0529247 -208.958 0.405496 
3 1.74 0.97229 0.946305 0.898927 0.0549952 -208.804 0.406242 
3 1.74 0.972424 0.946616 0.899666 0.0579336 -208.892 0.41322 
3 1.745 0.972164 0.94606 0.898448 0.0548422 -208.75 0.3975 
3 1.745 0.971494 0.944813 0.896275 0.0580085 -208.509 0.416435 
3 1.75 0.971356 0.944549 0.895798 0.0580755 -208.486 0.415139 
3 1.75 0.971464 0.944754 0.89616 0.0578295 -208.532 0.412047 
3 1.755 0.971498 0.944805 0.896229 0.0568112 -208.499 0.415665 
3 1.755 0.97068 0.943247 0.893367 0.0585628 -208.177 0.418175 
3 1.76 0.970778 0.943435 0.893722 0.0582383 -208.229 0.415033 
3 1.76 0.970596 0.943143 0.893338 0.0617116 -208.139 0.434536 
3 1.765 0.970006 0.941997 0.891183 0.0615207 -208.013 0.423055 
3 1.765 0.969974 0.941941 0.891124 0.0618289 -207.985 0.430345 
3 1.77 0.969182 0.940479 0.888577 0.0658424 -207.695 0.441663 
3 1.77 0.969368 0.940777 0.888964 0.0623006 -207.792 0.420882 
3 1.775 0.969378 0.940807 0.889044 0.0627117 -207.728 0.429875 
3 1.775 0.969072 0.940194 0.887844 0.0615988 -207.588 0.435565 
3 1.78 0.9683 0.938782 0.885454 0.0661567 -207.364 0.449424 
3 1.78 0.96843 0.939007 0.885769 0.0646211 -207.418 0.431902 
3 1.785 0.9679 0.938006 0.884005 0.0658594 -207.238 0.443173 
3 1.785 0.968252 0.938705 0.885343 0.066863 -207.312 0.447241 
3 1.79 0.967828 0.93789 0.883849 0.0669811 -207.171 0.443943 
3 1.79 0.967138 0.936605 0.881552 0.0697904 -206.992 0.442561 
3 1.795 0.966556 0.935453 0.879363 0.0681214 -206.678 0.458083 
3 1.795 0.967134 0.936532 0.881267 0.0659491 -206.882 0.448134 
3 1.8 0.9663 0.935001 0.878656 0.0703106 -206.695 0.453002 
3 1.8 0.966078 0.934591 0.877925 0.0713499 -206.549 0.46202 
3 1.805 0.96524 0.932989 0.875024 0.0720655 -206.278 0.468874 
3 1.805 0.96566 0.933873 0.876866 0.0761022 -206.459 0.477165 
3 1.81 0.964632 0.931875 0.873038 0.0751461 -206.014 0.475525 
3 1.81 0.965156 0.932863 0.874859 0.073855 -206.237 0.47179 
3 1.815 0.964728 0.932048 0.873406 0.0742417 -206.099 0.47063 
3 1.815 0.96404 0.930729 0.870988 0.0746798 -205.879 0.474983 
3 1.82 0.963486 0.929671 0.869043 0.0750268 -205.636 0.476063 
3 1.82 0.96427 0.93114 0.871624 0.0727147 -205.848 0.467263 
3 1.825 0.963528 0.929811 0.869482 0.0780555 -205.695 0.487739 
3 1.825 0.96326 0.929269 0.868408 0.0766867 -205.542 0.482095 
3 1.83 0.961758 0.926527 0.863793 0.0846464 -205.158 0.506388 
3 1.83 0.961934 0.926769 0.863928 0.0793431 -205.127 0.488078 
3 1.835 0.961994 0.926901 0.864126 0.0800209 -205.112 0.479136 
3 1.835 0.96219 0.927311 0.865026 0.081816 -205.207 0.485308 
3 1.84 0.96083 0.92475 0.860517 0.084543 -204.689 0.521116 
3 1.84 0.961748 0.926447 0.863441 0.0808774 -205.057 0.490487 
3 1.845 0.961322 0.925679 0.862172 0.083424 -204.909 0.50638 
3 1.845 0.96072 0.924565 0.86021 0.0857388 -204.727 0.50219 
3 1.85 0.960396 0.923896 0.858874 0.0829926 -204.536 0.503948 
3 1.85 0.96009 0.923297 0.857732 0.0824147 -204.427 0.498827 
3 1.855 0.959688 0.922569 0.856544 0.0845101 -204.25 0.515699 
3 1.855 0.959318 0.921891 0.855378 0.0862736 -204.264 0.505841 
3 1.86 0.959086 0.921466 0.854642 0.0871142 -204.142 0.503903 
3 1.86 0.9592 0.921685 0.855041 0.0871269 -204.109 0.516517 
3 1.865 0.95862 0.920581 0.853045 0.0873317 -203.902 0.510249 
3 1.865 0.957796 0.919072 0.850492 0.0910854 -203.7 0.528046 
3 1.87 0.957916 0.919306 0.850842 0.0910619 -203.729 0.510708 
3 1.87 0.958106 0.919643 0.85144 0.0896242 -203.714 0.524092 
3 1.875 0.957614 0.918791 0.850149 0.0941966 -203.619 0.52812 
3 1.875 0.957004 0.917592 0.847882 0.092573 -203.44 0.523311 
3 1.88 0.955694 0.915305 0.844303 0.103956 -203.095 0.558714 
3 1.88 0.956262 0.916159 0.845232 0.0915781 -203.104 0.532192 
3 1.885 0.954928 0.913795 0.841411 0.10118 -202.703 0.553831 
3 1.885 0.955226 0.914278 0.842065 0.096601 -202.809 0.532526 
3 1.89 0.954742 0.913494 0.840993 0.103784 -202.788 0.539492 
3 1.89 0.955208 0.914298 0.84223 0.0992168 -202.81 0.546322 
3 1.895 0.954702 0.913268 0.84019 0.0956228 -202.599 0.531435 
3 1.895 0.953424 0.910915 0.836184 0.100118 -202.161 0.551282 
3 1.9 0.95301 0.910204 0.83505 0.104003 -202.079 0.545432 
3 1.9 0.95351 0.911079 0.836473 0.099861 -202.205 0.550885 
3 1.905 0.952352 0.909005 0.833049 0.10662 -201.833 0.568241 
3 1.905 0.952732 0.909638 0.833964 0.101802 -201.976 0.547734 
3 1.91 0.951734 0.907862 0.831039 0.108102 -201.658 0.557852 
3 1.91 0.9522 0.908759 0.832724 0.108576 -201.831 0.56304 
3 1.915 0.950618 0.905823 0.827661 0.112168 -201.282 0.586368 
3 1.915 0.951462 0.9073 0.829947 0.105463 -201.5 0.559851 
3 1.92 0.94935 0.903556 0.823809 0.119278 -200.96 0.587217 
3 1.92 0.951352 0.90715 0.829823 0.108284 -201.514 0.561958 
3 1.925 0.949552 0.903749 0.823757 0.109093 -200.854 0.576158 
3 1.925 0.950066 0.904963 0.826361 0.12145 -201.194 0.575288 
3 1.93 0.949746 0.904183 0.82468 0.112204 -200.925 0.574604 
3 1.93 0.94924 0.903311 0.823369 0.116799 -200.846 0.581581 
3 1.935 0.947322 0.89982 0.817464 0.124103 -200.235 0.600628 
3 1.935 0.947696 0.900454 0.818465 0.120238 -200.36 0.599205 
3 1.94 0.947594 0.900237 0.818015 0.118695 -200.213 0.603325 
3 1.94 0.947348 0.899755 0.817102 0.117877 -200.147 0.595878 
3 1.945 0.946938 0.899046 0.815928 0.121052 -200.07 0.586502 
3 1.945 0.946292 0.897954 0.814319 0.127807 -199.933 0.605514 
3 1.95 0.944558 0.894916 0.809405 0.139802 -199.38 0.626067 
3 1.95 0.944586 0.894866 0.809113 0.134505 -199.399 0.61232 
3 1.955 0.944164 0.894092 0.807886 0.135338 -199.231 0.62815 
3 1.955 0.944814 0.89521 0.809616 0.129738 -199.449 0.614013 
3 1.96 0.943988 0.893767 0.807378 0.135393 -199.278 0.626997 
3 1.96 0.943658 0.893134 0.806025 0.134879 -199.006 0.60853 
3 1.965 0.942938 0.891801 0.803785 0.135799 -198.72 0.62801 
3 1.965 0.943056 0.892033 0.804299 0.136302 -198.819 0.634059 
3 1.97 0.942286 0.890582 0.801777 0.135984 -198.546 0.637174 
3 1.97 0.942832 0.891662 0.803721 0.138561 -198.724 0.633319 
3 1.975 0.941488 0.889428 0.800271 0.153322 -198.441 0.64248 
3 1.975 0.941128 0.888538 0.79833 0.142571 -198.264 0.626915 
3 1.98 0.94124 0.888747 0.798849 0.142136 -198.33 0.632935 
3 1.98 0.941276 0.888865 0.799171 0.144673 -198.288 0.643802 
3 1.985 0.938424 0.883624 0.790202 0.150364 -197.396 0.659443 
3 1.985 0.93956 0.885676 0.793645 0.146259 -197.69 0.655092 
3 1.99 0.937664 0.882234 0.787724 0.151758 -197.057 0.651413 
3 1.99 0.940206 0.88673 0.795049 0.137841 -197.844 0.627888 
3 1.995 0.937796 0.882598 0.788739 0.157226 -197.193 0.674687 
3 1.995 0.93719 0.881478 0.786777 0.158058 -197.057 0.654169 
3 2 0.936522 0.880253 0.784827 0.158977 -196.779 0.682188 
3 2 0.937186 0.881521 0.786775 0.160162 -196.971 0.650014 
3 2.005 0.935512 0.87843 0.781743 0.16198 -196.483 0.677827 
3 2.005 0.935428 0.878296 0.781466 0.163091 -196.477 0.659794 
3 2.01 0.933872 0.87542 0.776675 0.164309 -195.992 0.680462 
3 2.01 0.934984 0.877423 0.77989 0.160599 -196.323 0.663451 
3 2.015 0.934772 0.876984 0.779043 0.158104 -196.276 0.645036 
3 2.015 0.933518 0.875054 0.776655 0.178574 -196.054 0.68606 
3 2.02 0.93335 0.874467 0.774956 0.164601 -195.773 0.677009 
3 2.02 0.93325 0.874501 0.775428 0.175513 -195.759 0.680253 
3 2.025 0.93269 0.873312 0.773203 0.167971 -195.687 0.683153 
3 2.025 0.93085 0.870082 0.768023 0.177793 -195.132 0.69285 
3 2.03 0.930384 0.86939 0.767168 0.185999 -194.937 0.704249 
3 2.03 0.928874 0.866895 0.763459 0.201388 -194.631 0.715204 
3 2.035 0.929754 0.868378 0.765906 0.193408 -194.966 0.726027 
3 2.035 0.929056 0.866829 0.762503 0.181043 -194.433 0.707837 
3 2.04 0.93014 0.868879 0.76619 0.182301 -194.999 0.689168 
3 2.04 0.928956 0.866571 0.762046 0.177045 -194.478 0.698218 
3 2.045 0.92781 0.864722 0.759448 0.190259 -194.119 0.713942 
3 2.045 0.926144 0.862004 0.755457 0.208384 -193.847 0.722337 
3 2.05 0.926542 0.862428 0.75558 0.192587 -193.773 0.717232 
3 2.05 0.926066 0.861564 0.754177 0.193462 -193.668 0.717235 
3 2.055 0.926284 0.86195 0.754702 0.192114 -193.533 0.717542 
3 2.055 0.92466 0.859418 0.751359 0.215185 -193.392 0.739635 
3 2.06 0.923276 0.856839 0.746942 0.213596 -192.846 0.750215 
3 2.06 0.924462 0.858746 0.749491 0.199812 -193.066 0.720104 
3 2.065 0.922892 0.85632 0.746439 0.222282 -192.797 0.757831 
3 2.065 0.923272 0.856759 0.746747 0.20957 -192.848 0.739881 
3 2.07 0.922622 0.855824 0.745617 0.221884 -192.736 0.761489 
3 2.07 0.922334 0.855121 0.744077 0.213571 -192.611 0.742462 
3 2.075 0.920118 0.851323 0.738217 0.226777 -191.931 0.766558 
3 2.075 0.920644 0.852163 0.739534 0.220622 -192.328 0.741426 
3 2.08 0.919696 0.85072 0.73706 0.234603 -191.841 0.733907 
3 2.08 0.919602 0.850257 0.736112 0.220656 -191.739 0.739909 
3 2.085 0.918344 0.848301 0.733559 0.237183 -191.482 0.773016 
3 2.085 0.91889 0.84883 0.733747 0.214431 -191.51 0.756637 
3 2.09 0.918268 0.848066 0.732942 0.232044 -191.43 0.765682 
3 2.09 0.917154 0.846111 0.729988 0.236319 -191.012 0.779949 
3 2.095 0.914898 0.842112 0.723507 0.242192 -190.507 0.780068 
3 2.095 0.91741 0.846624 0.730815 0.23783 -191.088 0.765893 
3 2.1 0.915826 0.843799 0.726269 0.241039 -190.687 0.771576 
3 2.1 0.9144 0.841338 0.722572 0.248107 -190.311 0.790022 
3 2.105 0.91323 0.839201 0.719003 0.247618 -189.912 0.787163 
3 2.105 0.913534 0.839781 0.71996 0.248794 -189.997 0.783235 
3 2.11 0.911972 0.837276 0.716316 0.264585 -189.592 0.803585 
3 2.11 0.912736 0.838718 0.718728 0.266891 -189.786 0.811828 
3 2.115 0.910084 0.833867 0.710796 0.26546 -189.06 0.803752 
3 2.115 0.911372 0.836017 0.714099 0.256164 -189.442 0.790878 
3 2.12 0.910516 0.834583 0.711633 0.261497 -189.133 0.78312 
3 2.12 0.90938 0.832779 0.709322 0.273937 -188.866 0.805843 
3 2.125 0.9084 0.831411 0.707709 0.292732 -188.827 0.810404 
3 2.125 0.90822 0.830694 0.706176 0.274358 -188.707 0.81652 
3 2.13 0.906514 0.828165 0.702495 0.300323 -188.281 0.819946 
3 2.13 0.906134 0.82746 0.7017 0.299572 -188.204 0.829989 
3 2.135 0.905378 0.826313 0.700056 0.309313 -188.071 0.83931 
3 2.135 0.905718 0.82674 0.700352 0.300447 -187.976 0.818265 
3 2.14 0.9051 0.825265 0.697414 0.283121 -187.59 0.816213 
3 2.14 0.905554 0.826587 0.700195 0.306489 -187.951 0.828369 
3 2.145 0.904098 0.82377 0.69566 0.297285 -187.563 0.819939 
3 2.145 0.90034 0.817801 0.687251 0.335129 -186.628 0.867233 
3 2.15 0.90051 0.81771 0.686581 0.3159 -186.544 0.863486 
3 2.15 0.902236 0.820556 0.690631 0.303563 -186.91 0.838528 
3 2.155 0.90023 0.817057 0.685225 0.308276 -186.377 0.829891 
3 2.155 0.90055 0.817604 0.686194 0.306887 -186.522 0.852379 
3 2.16 0.898896 0.815015 0.682743 0.324103 -186.079 0.882046 
3 2.16 0.89852 0.814294 0.681323 0.322013 -185.86 0.865871 
3 2.165 0.897526 0.812662 0.678812 0.328384 -185.723 0.850548 
3 2.165 0.896092 0.810238 0.675488 0.335184 -185.458 0.87926 
3 2.17 0.89553 0.809596 0.674865 0.351247 -185.291 0.875988 
3 2.17 0.895946 0.809898 0.674589 0.330832 -185.253 0.863144 
3 2.175 0.892356 0.80466 0.667838 0.384396 -184.652 0.892115 
3 2.175 0.894442 0.807758 0.67182 0.355485 -184.89 0.869869 
3 2.18 0.891234 0.802705 0.664892 0.38564 -184.249 0.89993 
3 2.18 0.890886 0.801907 0.66338 0.377483 -184.113 0.900117 
3 2.185 0.89089 0.802063 0.663995 0.383433 -184.139 0.912808 
3 2.185 0.890182 0.800602 0.66148 0.374292 -183.842 0.898551 
3 2.19 0.888594 0.79789 0.65692 0.378591 -183.462 0.884372 
3 2.19 0.88951 0.799474 0.65958 0.37653 -183.769 0.889865 
3 2.195 0.886718 0.795067 0.653408 0.400807 -182.967 0.9103 
3 2.195 0.888008 0.797534 0.657361 0.408905 -183.402 0.898072 
3 2.2 0.884732 0.792658 0.651291 0.450313 -182.948 0.943436 
3 2.2 0.884916 0.791948 0.648671 0.403251 -182.499 0.902847 
3 2.205 0.883716 0.790287 0.647012 0.423265 -182.392 0.940492 
3 2.205 0.884766 0.791402 0.647187 0.389618 -182.366 0.897965 
3 2.21 0.88244 0.788649 0.645298 0.450174 -182.325 0.929239 
3 2.21 0.883352 0.789066 0.643882 0.39615 -182.014 0.889248 
3 2.215 0.879412 0.783379 0.637196 0.452084 -181.291 0.94642 
3 2.215 0.881232 0.786389 0.64157 0.443283 -181.771 0.946163 
3 2.22 0.87881 0.781856 0.634064 0.430125 -180.922 0.933812 
3 2.22 0.880082 0.78421 0.637911 0.435385 -181.348 0.937222 
3 2.225 0.876218 0.778097 0.629691 0.464696 -180.636 0.951061 
3 2.225 0.878416 0.781776 0.634658 0.456696 -181.208 0.926744 
3 2.23 0.87423 0.774446 0.623927 0.455965 -179.98 0.955206 
3 2.23 0.875676 0.777298 0.628484 0.470372 -180.414 0.9419 
3 2.235 0.873712 0.773635 0.622425 0.459145 -179.817 0.933356 
3 2.235 0.872494 0.772237 0.622006 0.491791 -179.815 0.982312 
3 2.24 0.871664 0.77041 0.618393 0.473744 -179.47 0.958152 
3 2.24 0.870848 0.769991 0.619043 0.518514 -179.6 0.978437 
3 2.245 0.869374 0.766979 0.613836 0.497436 -178.932 0.970863 
3 2.245 0.870514 0.768838 0.616228 0.491922 -179.077 0.959679 
3 2.25 0.867972 0.765099 0.611861 0.521065 -178.653 0.980413 
3 2.25 0.868248 0.765888 0.613059 0.534822 -178.86 0.983356 
3 2.255 0.866304 0.762257 0.607694 0.522154 -178.104 0.992318 
3 2.255 0.864026 0.7586 0.602739 0.534758 -177.848 1.00358 
3 2.26 0.863402 0.757732 0.601205 0.542874 -177.533 0.991489 
3 2.26 0.86235 0.756248 0.599371 0.557563 -177.421 0.970954 
3 2.265 0.860616 0.754108 0.597439 0.593742 -177.062 1.03341 
3 2.265 0.858674 0.750905 0.59261 0.599737 -176.664 1.0226 
3 2.27 0.860854 0.753933 0.596604 0.566687 -177.102 1.00252 
3 2.27 0.85766 0.748854 0.589193 0.584724 -176.305 1.01439 
3 2.275 0.858924 0.751227 0.59303 0.592375 -176.76 1.0118 
3 2.275 0.855962 0.747467 0.588929 0.650373 -176.311 1.03698 
3 2.28 0.856596 0.747491 0.587841 0.60239 -176.038 1.01753 
3 2.28 0.854826 0.744755 0.584449 0.615252 -175.877 1.03375 
3 2.285 0.85122 0.739194 0.577369 0.639746 -175.074 1.05291 
3 2.285 0.851642 0.739983 0.57852 0.642861 -174.979 1.06526 
3 2.29 0.853588 0.742322 0.580029 0.598652 -175.312 1.00268 
3 2.29 0.854484 0.743741 0.582461 0.593822 -175.641 1.01015 
3 2.295 0.84834 0.735016 0.571407 0.66822 -174.116 1.04139 
3 2.295 0.849482 0.736843 0.5743 0.663309 -174.383 1.07435 
3 2.3 0.847498 0.733442 0.56913 0.660382 -174.17 1.04351 
3 2.3 0.845938 0.731359 0.566799 0.684688 -173.764 1.06201 
3 2.305 0.84339 0.727523 0.562086 0.703531 -173.31 1.08532 
3 2.305 0.843374 0.727739 0.562443 0.714076 -173.288 1.07041 
3 2.31 0.842174 0.725551 0.559256 0.70538 -173.019 1.06578 
3 2.31 0.842354 0.725837 0.559578 0.704603 -172.963 1.07033 
3 2.315 0.838084 0.721079 0.556028 0.807537 -172.507 1.14029 
3 2.315 0.839764 0.722096 0.555018 0.729684 -172.785 1.05079 
3 2.32 0.838394 0.719632 0.551135 0.720994 -172.13 1.06151 
3 2.32 0.836376 0.71676 0.547917 0.742913 -171.717 1.08772 
3 2.325 0.83655 0.718172 0.550579 0.789511 -172.102 1.07406 
3 2.325 0.83489 0.715254 0.546525 0.78334 -171.607 1.10777 
3 2.33 0.830836 0.708559 0.53743 0.784142 -170.634 1.09447 
3 2.33 0.82947 0.7072 0.536548 0.823157 -170.56 1.11598 
3 2.335 0.831404 0.709143 0.53781 0.767028 -170.719 1.06407 
3 2.335 0.82779 0.704278 0.532271 0.815472 -170.008 1.10744 
3 2.34 0.827798 0.704092 0.531944 0.805229 -170.011 1.09278 
3 2.34 0.82748 0.703021 0.53019 0.781944 -169.904 1.11369 
3 2.345 0.821862 0.696343 0.524161 0.890641 -169.352 1.12618 
3 2.345 0.826026 0.702002 0.529815 0.83935 -169.674 1.12021 
3 2.35 0.820716 0.694786 0.521597 0.90261 -168.8 1.13923 
3 2.35 0.81966 0.692198 0.517451 0.866191 -168.369 1.13603 
3 2.355 0.816828 0.688907 0.51394 0.921383 -168.148 1.14165 
3 2.355 0.817876 0.690116 0.515186 0.899973 -168.273 1.12771 
3 2.36 0.81692 0.688357 0.512836 0.889791 -167.769 1.13793 
3 2.36 0.820756 0.694114 0.519788 0.867535 -168.579 1.11145 
3 2.365 0.815194 0.686202 0.510725 0.915879 -167.725 1.13122 
3 2.365 0.812942 0.682648 0.505381 0.920656 -166.996 1.14335 
3 2.37 0.81254 0.682132 0.505155 0.924521 -167.005 1.14682 
3 2.37 0.813484 0.68434 0.509412 0.952885 -167.368 1.17494 
3 2.375 0.80796 0.676099 0.498983 0.981046 -166.254 1.18229 
3 2.375 0.808662 0.676296 0.497522 0.941553 -166.223 1.12067 
3 2.38 0.805824 0.672639 0.494175 0.978437 -165.802 1.1675 
3 2.38 0.80616 0.673228 0.495252 0.980443 -165.64 1.21251 
3 2.385 0.802486 0.668352 0.489808 1.02174 -165.182 1.18679 
3 2.385 0.80472 0.671697 0.49302 1.01144 -165.83 1.12284 
3 2.39 0.800542 0.664991 0.484938 1.00934 -164.922 1.16273 
3 2.39 0.802552 0.668063 0.488561 1.00308 -165.092 1.16545 
3 2.395 0.798254 0.662145 0.481645 1.04115 -164.424 1.16819 
3 2.395 0.794884 0.658045 0.478023 1.09412 -163.997 1.21772 
3 2.4 0.793022 0.655039 0.473754 1.08981 -163.469 1.17684 
3 2.4 0.796608 0.659116 0.476804 1.02217 -163.806 1.15181 
3 2.405 0.79037 0.651365 0.46954 1.10938 -163.035 1.20918 
3 2.405 0.791244 0.653601 0.473103 1.14488 -163.33 1.21784 
3 2.41 0.786724 0.645309 0.461285 1.09438 -161.995 1.20053 
3 2.41 0.78885 0.648331 0.464508 1.08076 -162.596 1.153 
3 2.415 0.786196 0.644581 0.461032 1.09636 -162.113 1.18569 
3 2.415 0.783542 0.641748 0.458207 1.15154 -161.623 1.19173 
3 2.42 0.779926 0.637486 0.454074 1.20666 -161.332 1.21215 
3 2.42 0.78011 0.638475 0.4563 1.23568 -161.619 1.21815 
3 2.425 0.778728 0.635305 0.451164 1.19126 -160.851 1.20556 
3 2.425 0.78084 0.638111 0.453354 1.17113 -161.134 1.18929 
3 2.43 0.773282 0.627767 0.442765 1.22642 -159.999 1.21904 
3 2.43 0.772132 0.626616 0.441828 1.25218 -160.111 1.2089 
3 2.435 0.771736 0.625702 0.439595 1.23717 -159.88 1.18063 
3 2.435 0.776132 0.63109 0.445203 1.17902 -160.15 1.19832 
3 2.44 0.77031 0.623503 0.437044 1.23466 -159.287 1.20549 
3 2.44 0.767078 0.619655 0.43322 1.2806 -159.025 1.19325 
3 2.445 0.769948 0.623521 0.437683 1.25565 -159.34 1.21841 
3 2.445 0.764278 0.615917 0.429678 1.30046 -158.596 1.20199 
3 2.45 0.765124 0.616603 0.429953 1.27299 -158.392 1.22387 
3 2.45 0.76067 0.611361 0.425286 1.33642 -157.815 1.25874 
3 2.455 0.755114 0.603631 0.415711 1.36187 -156.845 1.22412 
3 2.455 0.7617 0.613343 0.427312 1.35056 -158.152 1.21588 
3 2.46 0.754604 0.603577 0.416687 1.3882 -156.945 1.22682 
3 2.46 0.757084 0.606962 0.420207 1.3734 -157.255 1.23633 
3 2.465 0.754332 0.602615 0.414634 1.36301 -156.538 1.21987 
3 2.465 0.752262 0.600128 0.412865 1.38865 -156.517 1.23505 
3 2.47 0.748118 0.594257 0.405701 1.39984 -155.766 1.22554 
3 2.47 0.745466 0.590934 0.40243 1.42567 -155.12 1.26313 
3 2.475 0.741048 0.585741 0.397257 1.47833 -154.296 1.28005 
3 2.475 0.744192 0.588914 0.399974 1.41787 -154.976 1.24415 
3 2.48 0.741216 0.586761 0.399605 1.50646 -155.044 1.25886 
3 2.48 0.737634 0.580439 0.390914 1.46514 -153.739 1.23679 
3 2.485 0.737382 0.580607 0.391987 1.4839 -153.957 1.27033 
3 2.485 0.73751 0.580714 0.391526 1.4806 -153.648 1.23425 
3 2.49 0.735438 0.578257 0.389375 1.50151 -153.767 1.24915 
3 2.49 0.734598 0.57664 0.38737 1.48616 -153.481 1.24771 
3 2.495 0.734312 0.5769 0.387645 1.51047 -153.33 1.23779 
3 2.495 0.732018 0.573405 0.384006 1.50521 -152.873 1.25898 
3 2.5 0.728306 0.569201 0.380714 1.55085 -152.621 1.28761 
3 2.5 0.72682 0.566432 0.376272 1.5266 -151.969 1.24451 
3 2.505 0.72398 0.563644 0.374501 1.57674 -152.004 1.24147 
3 2.505 0.722064 0.561651 0.372535 1.60776 -151.411 1.2819 
3 2.51 0.720806 0.560954 0.372921 1.64912 -151.5 1.26567 
3 2.51 0.720408 0.557411 0.366283 1.53079 -150.891 1.24566 
3 2.515 0.721558 0.559738 0.36948 1.55435 -151.196 1.25466 
3 2.515 0.719084 0.556708 0.366241 1.5756 -150.826 1.21713 
3 2.52 0.712482 0.549166 0.359596 1.64825 -150.155 1.24237 
3 2.52 0.707054 0.54304 0.354336 1.71089 -149.214 1.29358 
3 2.525 0.713614 0.550987 0.362436 1.65317 -150.099 1.28511 
3 2.525 0.708268 0.544315 0.354905 1.68994 -149.258 1.2461 
3 2.53 0.706706 0.542435 0.353192 1.69968 -149.211 1.25447 
3 2.53 0.708436 0.544195 0.354224 1.67249 -149.679 1.21437 
3 2.535 0.706254 0.541301 0.351352 1.67679 -149.025 1.23588 
3 2.535 0.698742 0.533439 0.345336 1.78298 -148.125 1.27511 
3 2.54 0.696472 0.528797 0.338363 1.72142 -147.267 1.22714 
3 2.54 0.697454 0.531068 0.342241 1.75692 -147.937 1.25454 
3 2.545 0.693864 0.525975 0.336417 1.7496 -146.814 1.28807 
3 2.545 0.69458 0.527246 0.337783 1.7605 -147.188 1.24847 
3 2.55 0.69017 0.521782 0.332474 1.78223 -146.331 1.26077 
3 2.55 0.689038 0.52024 0.330948 1.78302 -146.331 1.25452 
3 2.555 0.681562 0.512331 0.324263 1.87101 -145.446 1.26346 
3 2.555 0.687244 0.518452 0.32943 1.80615 -146.214 1.27969 
3 2.56 0.684352 0.513958 0.324422 1.78205 -145.601 1.2517 
3 2.56 0.67906 0.508504 0.320292 1.85085 -144.871 1.27462 
3 2.565 0.68129 0.509944 0.320536 1.78512 -144.964 1.25295 
3 2.565 0.676656 0.505657 0.317131 1.86329 -144.622 1.25581 
3 2.57 0.674904 0.503808 0.316282 1.87986 -144.539 1.2467 
3 2.57 0.672036 0.500186 0.311874 1.88924 -143.655 1.27104 
3 2.575 0.667254 0.494655 0.307421 1.91949 -143.296 1.27402 
3 2.575 0.677208 0.505511 0.316455 1.82135 -144.398 1.22584 
3 2.58 0.665374 0.491511 0.303395 1.89104 -142.625 1.25563 
3 2.58 0.668292 0.495515 0.307144 1.89539 -143.036 1.25165 
3 2.585 0.661152 0.486977 0.299813 1.92864 -142.146 1.25077 
3 2.585 0.66518 0.49084 0.302462 1.8714 -142.549 1.25258 
3 2.59 0.661592 0.488153 0.301914 1.94783 -142.236 1.27784 
3 2.59 0.657328 0.482575 0.29534 1.9496 -141.732 1.23883 
3 2.595 0.64989 0.473144 0.286061 1.95711 -140.747 1.20339 
3 2.595 0.654322 0.47957 0.293236 1.98198 -141.542 1.22671 
3 2.6 0.647866 0.469926 0.28279 1.93058 -140.176 1.22555 
3 2.6 0.651692 0.47624 0.289981 1.9822 -140.811 1.26256 
3 2.605 0.645872 0.468139 0.281696 1.95731 -139.38 1.26507 
3 2.605 0.641538 0.463654 0.277753 1.99934 -139.081 1.22623 
3 2.61 0.642042 0.465524 0.280537 2.04237 -139.845 1.23837 
3 2.61 0.645016 0.468522 0.282788 2.0106 -139.881 1.21044 
3 2.615 0.640054 0.463103 0.278239 2.04336 -139.411 1.23203 
3 2.615 0.648224 0.470965 0.284277 1.94151 -140.133 1.23514 
3 2.62 0.63319 0.45455 0.27067 2.04657 -138.421 1.25127 
3 2.62 0.63539 0.456696 0.271858 2.02197 -138.358 1.23267 
3 2.625 0.627912 0.447609 0.263358 2.03183 -137.385 1.20292 
3 2.625 0.626088 0.446045 0.262431 2.0594 -137.243 1.23334 
3 2.63 0.62954 0.450334 0.266501 2.05375 -137.407 1.24258 
3 2.63 0.62796 0.447532 0.262244 2.02276 -136.749 1.20477 
3 2.635 0.618968 0.438593 0.255846 2.10518 -136.175 1.20492 
3 2.635 0.624414 0.443534 0.259524 2.03572 -136.869 1.19894 
3 2.64 0.618898 0.438881 0.256457 2.11541 -136.001 1.21754 
3 2.64 0.618894 0.438005 0.25571 2.08238 -135.963 1.23348 
3 2.645 0.617214 0.435424 0.252202 2.05939 -135.474 1.22156 
3 2.645 0.617648 0.436626 0.253625 2.08456 -135.801 1.19863 
3 2.65 0.613644 0.432674 0.251535 2.11757 -135.678 1.219 
3 2.65 0.603868 0.420643 0.23938 2.11269 -134.022 1.18579 
3 2.655 0.600916 0.418842 0.239509 2.17482 -133.746 1.2141 
3 2.655 0.602878 0.420767 0.241075 2.1584 -134.081 1.19985 
3 2.66 0.599556 0.416414 0.236853 2.14084 -133.642 1.1706 
3 2.66 0.604636 0.422473 0.241811 2.13867 -134.348 1.17076 
3 2.665 0.603266 0.419194 0.238475 2.07371 -133.853 1.15552 
3 2.665 0.60184 0.416906 0.235747 2.05233 -133.417 1.16452 
3 2.67 0.594768 0.41142 0.232217 2.15995 -132.898 1.16823 
3 2.67 0.592916 0.410449 0.232151 2.20598 -132.388 1.19661 
3 2.675 0.59066 0.406411 0.227566 2.15072 -132.046 1.1616 
3 2.675 0.592516 0.407801 0.22852 2.12059 -132.124 1.18005 
3 2.68 0.584532 0.399563 0.222138 2.15988 -131.059 1.1547 
3 2.68 0.591962 0.408999 0.230864 2.18583 -132.491 1.18457 
3 2.685 0.576234 0.391115 0.216526 2.19999 -130.138 1.18861 
3 2.685 0.587944 0.404572 0.227192 2.19345 -131.909 1.17006 
3 2.69 0.578116 0.39247 0.216072 2.16548 -130.448 1.14153 
3 2.69 0.581638 0.397961 0.22236 2.21779 -131.046 1.18489 
3 2.695 0.577456 0.392622 0.217189 2.19542 -130.108 1.16648 
3 2.695 0.571288 0.385429 0.210906 2.19142 -129.49 1.17846 
3 2.7 0.57198 0.385314 0.209472 2.1538 -129.033 1.14058 
3 2.7 0.575774 0.389403 0.213902 2.14396 -129.883 1.14986 
3 2.705 0.564546 0.376673 0.201643 2.14271 -128.092 1.09599 
3 2.705 0.569972 0.383933 0.20902 2.18354 -129.044 1.12847 
3 2.71 0.558828 0.372219 0.200201 2.21145 -127.527 1.14659 
3 2.71 0.573398 0.387515 0.212358 2.16714 -130.065 1.12323 
3 2.715 0.56127 0.374643 0.20193 2.19591 -128.369 1.1102 
3 2.715 0.563408 0.375993 0.202876 2.15706 -128.023 1.14113 
3 2.72 0.560446 0.373716 0.20153 2.19177 -127.69 1.13531 
3 2.72 0.559256 0.37193 0.199321 2.17509 -128.153 1.09969 
3 2.725 0.549788 0.362143 0.191347 2.19727 -126.4 1.08895 
3 2.725 0.554784 0.367288 0.195926 2.1836 -127.105 1.13751 
3 2.73 0.54914 0.361462 0.19146 2.19442 -126.278 1.11182 
3 2.73 0.551398 0.364157 0.193519 2.20211 -126.414 1.1312 
3 2.735 0.544022 0.356338 0.187223 2.2076 -125.625 1.10691 
3 2.735 0.542334 0.354134 0.185074 2.19408 -125.16 1.07593 
3 2.74 0.543524 0.355258 0.186152 2.18392 -125.957 1.05781 
3 2.74 0.541992 0.353796 0.184658 2.19128 -125.195 1.08308 
3 2.745 0.539976 0.351516 0.182849 2.18367 -124.578 1.0799 
3 2.745 0.536736 0.348195 0.180599 2.18977 -124.395 1.08063 
3 2.75 0.544226 0.354386 0.184116 2.11651 -125.197 1.06677 
3 2.75 0.540714 0.352522 0.183744 2.18727 -124.861 1.07163 
3 2.755 0.530994 0.342108 0.175452 2.18343 -124.066 1.05435 
3 2.755 0.533162 0.344441 0.177739 2.18438 -123.933 1.08288 
3 2.76 0.527014 0.338413 0.173123 2.19815 -123.249 1.08972 
3 2.76 0.528918 0.339961 0.173896 2.1814 -123.879 1.03242 
3 2.765 0.522682 0.333714 0.169499 2.18869 -122.917 1.05032 
3 2.765 0.52429 0.33472 0.169585 2.16421 -122.735 1.05758 
3 2.77 0.518184 0.328686 0.165097 2.17225 -122.194 1.02618 
3 2.77 0.52302 0.333767 0.168499 2.17389 -122.645 1.04075 
3 2.775 0.525304 0.336039 0.170741 2.16557 -123.005 1.04334 
3 2.775 0.513432 0.323839 0.162405 2.17034 -121.809 1.05072 
3 2.78 0.519052 0.329228 0.165747 2.15154 -121.817 1.04209 
3 2.78 0.515888 0.324794 0.161055 2.10985 -121.421 1.01722 
3 2.785 0.514622 0.325961 0.163551 2.19479 -121.361 1.02535 
3 2.785 0.508546 0.318337 0.156774 2.14427 -120.17 1.02316 
3 2.79 0.512946 0.32316 0.161206 2.1522 -120.766 1.03872 
3 2.79 0.506414 0.316791 0.156582 2.16257 -120.192 1.03374 
3 2.795 0.504102 0.315752 0.156792 2.20511 -120.442 1.01139 
3 2.795 0.51078 0.321542 0.159798 2.1698 -120.599 1.02748 
3 2.8 0.499482 0.310193 0.151466 2.16823 -119.738 0.980831 
3 2.8 0.502096 0.312003 0.152547 2.13939 -119.713 1.00232 
3 2.805 0.501252 0.311083 0.15187 2.13297 -119.371 0.996832 
3 2.805 0.50073 0.311244 0.152535 2.15736 -120.004 0.99028 
3 2.81 0.488442 0.299179 0.143728 2.15669 -117.772 0.990881 
3 2.81 0.492976 0.30281 0.145943 2.12757 -118.755 0.9854 
3 2.815 0.487474 0.296936 0.141414 2.10675 -117.742 0.961504 
3 2.815 0.490734 0.300621 0.143958 2.12438 -118.381 0.964737 
3 2.82 0.48661 0.297176 0.142301 2.14136 -117.973 0.961682 
3 2.82 0.486722 0.297082 0.141929 2.13417 -117.662 0.959011 
3 2.825 0.485862 0.294372 0.138511 2.06407 -117.193 0.926649 
3 2.825 0.480562 0.290281 0.136166 2.10057 -117.037 0.944592 
3 2.83 0.47995 0.290711 0.137751 2.13282 -117.128 0.95348 
3 2.83 0.481332 0.291599 0.137935 2.11725 -116.937 0.967438 
3 2.835 0.477732 0.288075 0.135414 2.11102 -116.531 0.949021 
3 2.835 0.481438 0.292985 0.139741 2.1588 -117.493 0.944567 
3 2.84 0.479748 0.29025 0.137086 2.11593 -116.669 0.934795 
3 2.84 0.470228 0.279823 0.12915 2.06719 -115.34 0.921912 
3 2.845 0.47358 0.283956 0.132207 2.09763 -115.752 0.927466 
3 2.845 0.469988 0.279775 0.129005 2.06982 -115.181 0.92206 
3 2.85 0.467108 0.278669 0.129738 2.12208 -115.101 0.943101 
3 2.85 0.467092 0.277783 0.129047 2.09152 -115.107 0.936569 
3 2.855 0.464138 0.275001 0.125943 2.08675 -114.748 0.910835 
3 2.855 0.468758 0.278565 0.128235 2.06064 -115.06 0.92321 
3 2.86 0.460592 0.271372 0.123485 2.07086 -114.023 0.919231 
3 2.86 0.461028 0.271432 0.123303 2.05892 -114.593 0.901687 
3 2.865 0.4588 0.269511 0.121785 2.05981 -113.655 0.888534 
3 2.865 0.464726 0.274665 0.125501 2.04868 -114.69 0.894743 
3 2.87 0.455218 0.265165 0.118739 2.01888 -113.306 0.887574 
3 2.87 0.462352 0.272227 0.123883 2.03684 -114.249 0.89645 
3 2.875 0.442606 0.25464 0.112773 2.04311 -111.698 0.901378 
3 2.875 0.453722 0.263554 0.117367 2.00664 -112.622 0.876679 
3 2.88 0.451488 0.261922 0.116725 2.01668 -112.611 0.899504 
3 2.88 0.451524 0.262389 0.117466 2.03178 -113.154 0.88864 
3 2.885 0.447996 0.259757 0.115675 2.04702 -112.256 0.886897 
3 2.885 0.45106 0.262102 0.117048 2.03283 -112.84 0.870115 
3 2.89 0.439516 0.250628 0.109318 1.988 -111.131 0.876987 
3 2.89 0.446324 0.257916 0.114656 2.03153 -112.223 0.876216 
3 2.895 0.440952 0.252935 0.110908 2.02061 -111.462 0.85106 
3 2.895 0.445548 0.257308 0.114318 2.03092 -112.269 0.877715 
3 2.9 0.430612 0.242532 0.104026 1.96916 -110.018 0.831129 
3 2.9 0.438534 0.249328 0.107325 1.96606 -111.146 0.832761 
3 2.905 0.434776 0.246141 0.106449 1.96595 -110.949 0.833269 
3 2.905 0.432476 0.24384 0.10458 1.9554 -110.388 0.83801 
3 2.91 0.436864 0.247703 0.106832 1.9537 -110.928 0.826028 
3 2.91 0.433634 0.24533 0.105231 1.96879 -110.7 0.818472 
3 2.915 0.420588 0.234155 0.0989808 1.96434 -109.389 0.819134 
3 2.915 0.43164 0.243949 0.104712 1.97723 -110.075 0.817849 
3 2.92 0.426606 0.238969 0.101851 1.95126 -109.379 0.824922 
3 2.92 0.427086 0.238177 0.0997467 1.91009 -109.257 0.8081 
3 2.925 0.419552 0.231848 0.0965488 1.90853 -108.806 0.792147 
3 2.925 0.430166 0.241682 0.102846 1.93638 -110.104 0.81101 
3 2.93 0.423942 0.235087 0.0980308 1.88942 -108.644 0.795586 
3 2.93 0.421568 0.233662 0.0980755 1.90931 -108.89 0.803691 
3 2.935 0.419144 0.232068 0.0968115 1.92118 -108.214 0.796439 
3 2.935 0.417718 0.230119 0.0951445 1.89542 -108.219 0.783272 
3 2.94 0.414488 0.227204 0.0938842 1.88449 -107.89 0.808688 
3 2.94 0.416942 0.227994 0.0930793 1.84194 -107.906 0.778903 
3 2.945 0.410328 0.223767 0.0918425 1.88107 -107.509 0.780584 
3 2.945 0.41545 0.228873 0.0953374 1.91085 -108.115 0.786632 
3 2.95 0.412196 0.225391 0.09251 1.88088 -107.339 0.787752 
3 2.95 0.413356 0.226408 0.092733 1.88287 -107.593 0.760073 
3 2.955 0.416434 0.227914 0.0936294 1.84423 -107.869 0.788491 
3 2.955 0.408552 0.221879 0.0905276 1.86004 -106.727 0.782555 
3 2.96 0.40625 0.220604 0.0901298 1.8772 -106.418 0.789694 
3 2.96 0.405186 0.219006 0.0890554 1.85238 -106.568 0.777028 
3 2.965 0.405718 0.219325 0.088247 1.84548 -106.511 0.756673 
3 2.965 0.400384 0.215232 0.0865054 1.85242 -106.121 0.74997 
3 2.97 0.39762 0.213002 0.0854621 1.84851 -105.383 0.769835 
3 2.97 0.401386 0.214941 0.0855793 1.81245 -105.906 0.75487 
3 2.975 0.396708 0.211294 0.0835843 1.81234 -105.05 0.752598 
3 2.975 0.398524 0.211936 0.0834293 1.78535 -105.45 0.72781 
3 2.98 0.395532 0.209333 0.0817775 1.77476 -104.959 0.734718 
3 2.98 0.395426 0.209756 0.0828237 1.79176 -104.905 0.754717 
3 2.985 0.393932 0.208607 0.0822315 1.78976 -104.858 0.739269 
3 2.985 0.393028 0.208353 0.0820093 1.8051 -105.218 0.725246 
3 2.99 0.393356 0.208249 0.0816037 1.78998 -104.774 0.723441 
3 2.99 0.389848 0.204871 0.0795888 1.76888 -103.838 0.750264 
3 2.995 0.390036 0.204658 0.0791371 1.7539 -104.014 0.716325 
3 2.995 0.38699 0.202198 0.0781605 1.75079 -104.11 0.726663 
3 3 0.387046 0.202089 0.077618 1.7428 -104.029 0.705238 
3 3 0.38612 0.200923 0.0766383 1.72781 -103.344 0.70596 
3 3.005 0.381662 0.198093 0.0760497 1.74465 -103.21 0.715138 
3 3.005 0.380864 0.196983 0.0747618 1.72799 -103.288 0.689055 
3 3.01 0.38177 0.197641 0.0750984 1.72401 -103.227 0.698479 
3 3.01 0.383788 0.198598 0.0753583 1.70449 -103.195 0.695448 
3 3.015 0.380318 0.195397 0.0727733 1.68343 -102.514 0.679721 
3 3.015 0.381636 0.197589 0.075219 1.72281 -103.232 0.701471 
3 3.02 0.377428 0.193992 0.0730733 1.70664 -102.207 0.720772 
3 3.02 0.380378 0.195607 0.0736063 1.68607 -102.623 0.695167 
3 3.025 0.379324 0.195238 0.0733769 1.69756 -102.602 0.679034 
3 3.025 0.377278 0.19403 0.0729777 1.70882 -102.29 0.696511 
3 3.03 0.375856 0.192001 0.071443 1.67437 -101.816 0.688689 
3 3.03 0.374226 0.191579 0.0721166 1.70078 -101.83 0.688287 
3 3.035 0.374972 0.190054 0.069521 1.62933 -101.408 0.670191 
3 3.035 0.36904 0.186884 0.0690905 1.67029 -101.568 0.670911 
3 3.04 0.37003 0.187516 0.0698364 1.66426 -101.106 0.696999 
3 3.04 0.372394 0.190009 0.0709058 1.68854 -101.599 0.689275 
3 3.045 0.369076 0.186834 0.068884 1.66229 -101.398 0.662176 
3 3.045 0.366186 0.184426 0.0676428 1.653 -101.159 0.668573 
3 3.05 0.365328 0.183064 0.0667938 1.62622 -100.674 0.670264 
3 3.05 0.364696 0.182656 0.0658746 1.62797 -100.658 0.663937 
3 3.055 0.358856 0.178041 0.0636447 1.61254 -100.103 0.661488 
3 3.055 0.365422 0.18337 0.0665714 1.63132 -100.38 0.661306 
3 3.06 0.361442 0.18043 0.0653007 1.62713 -100.535 0.640222 
3 3.06 0.361196 0.179874 0.0646495 1.61474 -100.219 0.653771 
3 3.065 0.357184 0.176181 0.0625474 1.58568 -99.4156 0.648927 
3 3.065 0.36201 0.180463 0.0649712 1.61214 -99.9481 0.650618 
3 3.07 0.356448 0.175504 0.0620657 1.57812 -99.4448 0.641836 
3 3.07 0.356526 0.176037 0.062916 1.59368 -99.2027 0.650527 
3 3.075 0.355094 0.174504 0.0615437 1.57439 -99.1127 0.632463 
3 3.075 0.354618 0.174287 0.0617292 1.57831 -98.9851 0.645909 
3 3.08 0.355696 0.175203 0.0618778 1.58062 -99.2918 0.62357 
3 3.08 0.353682 0.17365 0.0617152 1.57659 -99.2206 0.635851 
3 3.085 0.351164 0.171877 0.0608164 1.57409 -98.8214 0.638308 
3 3.085 0.351062 0.171867 0.0607812 1.57609 -98.4545 0.643051 
3 3.09 0.34705 0.16807 0.058128 1.5413 -98.0554 0.619298 
3 3.09 0.347626 0.169158 0.0591475 1.56357 -98.25 0.638027 
3 3.095 0.347824 0.16861 0.058591 1.53888 -98.1918 0.618447 
3 3.095 0.346244 0.167935 0.0584261 1.5525 -97.8132 0.626018 
3 3.1 0.343668 0.165734 0.0571772 1.53632 -97.673 0.618451 
3 3.1 0.342846 0.163948 0.0555894 1.49691 -97.2406 0.605964 
3 3.105 0.3465 0.167021 0.0574552 1.51234 -97.2784 0.613888 
3 3.105 0.345024 0.165857 0.0565494 1.50774 -97.325 0.59626 
3 3.11 0.34201 0.16306 0.0550296 1.48196 -96.9324 0.599338 
3 3.11 0.341614 0.163653 0.0556858 1.50975 -96.7711 0.604279 
3 3.115 0.337672 0.16019 0.0540493 1.48212 -96.5225 0.613803 
3 3.115 0.340546 0.162027 0.0543616 1.47849 -96.5466 0.592701 
3 3.12 0.337564 0.161098 0.0548109 1.51116 -96.6082 0.599764 
3 3.12 0.341758 0.162856 0.0550133 1.47619 -96.7924 0.591215 
3 3.125 0.335246 0.159101 0.0540579 1.49476 -96.0218 0.619982 
3 3.125 0.336158 0.159068 0.0533895 1.47411 -96.6116 0.590115 
3 3.13 0.334716 0.157646 0.0521867 1.45722 -95.8918 0.586909 
3 3.13 0.337822 0.159197 0.0526279 1.44004 -95.5528 0.587378 
3 3.135 0.332246 0.155869 0.0516919 1.45076 -95.6478 0.575232 
3 3.135 0.334176 0.157036 0.0520969 1.44697 -96.0708 0.585541 
3 3.14 0.333414 0.155724 0.0508453 1.41907 -95.4406 0.581192 
3 3.14 0.327392 0.151609 0.0492249 1.41476 -95.0828 0.576609 
3 3.145 0.328338 0.152378 0.0496954 1.41725 -95.1525 0.566595 
3 3.145 0.330594 0.154916 0.0511144 1.45067 -95.6554 0.581933 
3 3.15 0.324342 0.148937 0.0475529 1.38854 -94.6838 0.554147 
3 3.15 0.326594 0.150164 0.0479235 1.38097 -94.4902 0.566498 
3 3.155 0.329086 0.152471 0.0493452 1.40012 -94.8446 0.571474 
3 3.155 0.327292 0.151969 0.0496151 1.42152 -94.8653 0.572511 
3 3.16 0.327572 0.151323 0.0485403 1.39302 -94.7844 0.552997 
3 3.16 0.325738 0.150719 0.0489958 1.41183 -94.6026 0.571492 
3 3.165 0.323462 0.147807 0.0466601 1.36427 -93.8086 0.558749 
3 3.165 0.322616 0.14782 0.0470242 1.38197 -94.0185 0.561612 
3 3.17 0.321832 0.147183 0.0470721 1.37561 -93.5495 0.570485 
3 3.17 0.324524 0.149278 0.0479415 1.38682 -93.8799 0.557807 
3 3.175 0.32299 0.147711 0.0466672 1.36658 -93.7421 0.548105 
3 3.175 0.320906 0.146474 0.046796 1.36988 -93.7685 0.556816 
3 3.18 0.318662 0.144162 0.0451674 1.34015 -93.371 0.545835 
3 3.18 0.31761 0.143963 0.0453517 1.35492 -93.5994 0.548795 
3 3.185 0.31766 0.143111 0.0442024 1.32505 -92.5553 0.550767 
3 3.185 0.319584 0.144965 0.0453602 1.34476 -93.2878 0.544593 
3 3.19 0.31439 0.140922 0.043447 1.31915 -92.7899 0.529272 
3 3.19 0.316332 0.142405 0.0442707 1.32725 -92.8919 0.536494 
3 3.195 0.315838 0.142189 0.0441024 1.32817 -92.6335 0.540823 
3 3.195 0.314382 0.14131 0.0440978 1.32938 -92.6771 0.546247 
3 3.2 0.311104 0.138777 0.042656 1.31222 -92.1901 0.523396 
3 3.2 0.313856 0.140226 0.0427585 1.30377 -92.2566 0.526835 
3 3.205 0.313588 0.139505 0.0419244 1.28449 -92.8836 0.511285 
3 3.205 0.313408 0.140222 0.0431871 1.31038 -92.1657 0.537744 
3 3.21 0.308046 0.136793 0.0416896 1.30532 -92.0694 0.526808 
3 3.21 0.310504 0.137384 0.0412628 1.27635 -91.8903 0.521912 
3 3.215 0.31041 0.138186 0.0421923 1.30114 -91.7914 0.532811 
3 3.215 0.308992 0.136381 0.0409645 1.2723 -91.576 0.522397 
3 3.22 0.307948 0.136766 0.0417465 1.3023 -91.552 0.521617 
3 3.22 0.303436 0.133933 0.0406045 1.29997 -91.3333 0.520273 
3 3.225 0.30527 0.134045 0.0399686 1.26684 -90.921 0.507424 
3 3.225 0.306758 0.134863 0.0403667 1.26396 -91.5426 0.502317 
3 3.23 0.306618 0.134516 0.04018 1.25393 -91.2114 0.514535 
3 3.23 0.303696 0.132845 0.0394362 1.2574 -90.8594 0.507273 
3 3.235 0.301632 0.131624 0.0390181 1.25632 -90.6038 0.50692 
3 3.235 0.306672 0.135008 0.0404363 1.26615 -91.0702 0.514579 
3 3.24 0.299412 0.129741 0.0382759 1.23744 -90.3618 0.495403 
3 3.24 0.30403 0.13244 0.0389099 1.23474 -90.4482 0.500747 
3 3.245 0.301138 0.131006 0.0387623 1.2426 -90.6102 0.498822 
3 3.245 0.302338 0.13144 0.0384229 1.23363 -90.1505 0.496621 
3 3.25 0.301794 0.131123 0.0385418 1.2321 -90.4876 0.497586 
3 3.25 0.297538 0.127983 0.0369793 1.21399 -89.5602 0.497961 
3 3.255 0.297124 0.127547 0.0369937 1.20627 -89.3286 0.494071 
3 3.255 0.296926 0.127636 0.0370194 1.21264 -90.0222 0.494398 
3 3.26 0.294914 0.126676 0.0368098 1.21786 -89.5303 0.486946 
3 3.26 0.292356 0.125461 0.0365349 1.22664 -89.3506 0.490511 
3 3.265 0.295804 0.126577 0.0365861 1.19686 -89.3029 0.491774 
3 3.265 0.29478 0.125609 0.0357576 1.18572 -89.2632 0.482299 
3 3.27 0.294182 0.124968 0.0352166 1.17507 -89.4905 0.47269 
3 3.27 0.29268 0.12496 0.035999 1.20179 -88.8991 0.493285 
3 3.275 0.293324 0.124688 0.0354219 1.18011 -88.8809 0.479842 
3 3.275 0.293574 0.124052 0.0347258 1.15623 -88.9059 0.477062 
3 3.28 0.287466 0.120506 0.0337588 1.15455 -88.608 0.479341 
3 3.28 0.29417 0.125717 0.0362708 1.19456 -89.2401 0.487122 
3 3.285 0.292606 0.124076 0.0350878 1.17071 -88.7398 0.475824 
3 3.285 0.292316 0.123951 0.035478 1.17207 -88.8441 0.476132 
3 3.29 0.295068 0.125641 0.0354808 1.17253 -88.925 0.470669 
3 3.29 0.288498 0.120894 0.0334962 1.14477 -88.2122 0.459798 
3 3.295 0.28567 0.118551 0.0321668 1.12121 -87.4674 0.45942 
3 3.295 0.288918 0.120984 0.0332368 1.13841 -87.9502 0.463254 
3 3.3 0.288616 0.121431 0.0343512 1.15551 -87.9039 0.486376 
3 3.3 0.285178 0.118451 0.0327358 1.125 -87.4347 0.462838 
3 3.305 0.284392 0.117527 0.0318706 1.10886 -87.633 0.459068 
3 3.305 0.287346 0.120924 0.0341783 1.16054 -87.8458 0.476386 
3 3.31 0.285834 0.118462 0.0324577 1.1106 -87.5267 0.465648 
3 3.31 0.281816 0.11654 0.0319676 1.12145 -87.5602 0.466187 
3 3.315 0.284922 0.118798 0.032731 1.13477 -87.6585 0.465923 
3 3.315 0.282224 0.116397 0.0314053 1.10849 -86.954 0.458659 
3 3.32 0.281134 0.114847 0.0305199 1.07864 -86.6984 0.444857 
3 3.32 0.280922 0.114749 0.0306106 1.07928 -86.9965 0.458544 
3 3.325 0.276404 0.112331 0.0299507 1.08067 -86.4742 0.44703 
3 3.325 0.280318 0.115292 0.0314073 1.10417 -86.7586 0.459273 
3 3.33 0.278664 0.11383 0.030802 1.08638 -86.4353 0.445266 
3 3.33 0.281546 0.116181 0.0315079 1.10849 -86.7712 0.443552 
3 3.335 0.278906 0.113276 0.0298999 1.0641 -86.1302 0.4537 
3 3.335 0.274704 0.110658 0.0289799 1.05535 -86.1307 0.438987 
3 3.34 0.27634 0.111834 0.0294641 1.06199 -85.707 0.444569 
3 3.34 0.277624 0.11305 0.0297605 1.07709 -86.2754 0.447402 
3 3.345 0.272906 0.10934 0.0284493 1.04223 -85.6264 0.436154 
3 3.345 0.273616 0.10998 0.0287976 1.04975 -85.8334 0.434283 
3 3.35 0.277028 0.112646 0.0300537 1.07168 -85.742 0.446488 
3 3.35 0.275114 0.111794 0.0300359 1.07781 -85.7601 0.446257 
3 3.355 0.27689 0.111861 0.0294852 1.04896 -85.7367 0.443531 
3 3.355 0.27191 0.107659 0.0273039 1.00519 -84.9925 0.428528 
3 3.36 0.2708 0.108146 0.0279665 1.03611 -84.9356 0.425606 
3 3.36 0.277104 0.11181 0.0291552 1.04235 -85.5905 0.429222 
3 3.365 0.273628 0.109308 0.0281322 1.02336 -84.8506 0.432916 
3 3.365 0.269582 0.107245 0.0276396 1.02735 -84.8389 0.432125 
3 3.37 0.271296 0.108325 0.0280259 1.03038 -84.7081 0.425508 
3 3.37 0.268834 0.106447 0.027161 1.01409 -84.6694 0.426223 
3 3.375 0.271768 0.107845 0.0276267 1.00704 -84.7601 0.425886 
3 3.375 0.271108 0.108324 0.0282269 1.03184 -84.5671 0.429498 
3 3.38 0.270432 0.10758 0.0277303 1.01914 -84.635 0.434275 
3 3.38 0.271078 0.10777 0.0275117 1.01439 -84.6338 0.431146 
3 3.385 0.271252 0.10709 0.0267851 0.990023 -84.6854 0.418199 
3 3.385 0.269576 0.10759 0.0279982 1.03157 -84.263 0.434845 
3 3.39 0.269546 0.106687 0.0269463 1.00389 -84.3988 0.417318 
3 3.39 0.270714 0.107406 0.0272722 1.00648 -84.4406 0.421094 
3 3.395 0.265802 0.104235 0.0261864 0.98924 -83.847 0.418061 
3 3.395 0.268954 0.10679 0.0272981 1.01483 -83.9242 0.427696 
3 3.4 0.262368 0.102034 0.025104 0.976376 -83.3391 0.413599 
3 3.4 0.265798 0.104296 0.0262376 0.989624 -83.6682 0.4034 
3 3.405 0.262808 0.102202 0.0252797 0.973099 -83.2957 0.418264 
3 3.405 0.262308 0.101256 0.0248123 0.95303 -83.285 0.402105 
3 3.41 0.262364 0.101648 0.024889 0.962264 -83.123 0.401951 
3 3.41 0.261278 0.100339 0.0241853 0.940563 -82.8037 0.402397 
3 3.415 0.260094 0.100475 0.0246283 0.961245 -82.6998 0.403457 
3 3.415 0.261368 0.100325 0.0241138 0.937379 -82.807 0.397883 
3 3.42 0.259736 0.100422 0.0248714 0.963734 -83.0967 0.411256 
3 3.42 0.263346 0.102096 0.0250421 0.957459 -83.0218 0.407972 
3 3.425 0.259368 0.0998526 0.0243365 0.951264 -82.7326 0.40683 
3 3.425 0.25789 0.0982908 0.0234227 0.927986 -82.4428 0.40215 
3 3.43 0.26068 0.100108 0.0243331 0.937442 -82.4004 0.406816 
3 3.43 0.26081 0.100951 0.0246224 0.960033 -82.6213 0.413608 
3 3.435 0.25563 0.096604 0.0226226 0.909966 -82.0931 0.383748 
3 3.435 0.26096 0.100775 0.0246432 0.95124 -82.4047 0.41302 
3 3.44 0.257902 0.0977775 0.0229652 0.908838 -82.2277 0.386507 
3 3.44 0.26133 0.101284 0.0250935 0.959031 -82.524 0.410936 
3 3.445 0.255148 0.0962853 0.0227093 0.905219 -81.9042 0.399696 
3 3.445 0.256492 0.0977043 0.0235309 0.926449 -81.7382 0.392434 
3 3.45 0.258192 0.0983642 0.0235088 0.918873 -81.8961 0.390425 
3 3.45 0.252796 0.094915 0.0220799 0.898818 -81.6804 0.394703 
3 3.455 0.25252 0.0956399 0.0227871 0.922535 -81.7325 0.393081 
3 3.455 0.257126 0.0973141 0.022882 0.903049 -81.7692 0.387812 
3 3.46 0.253308 0.095363 0.0226325 0.901677 -81.3494 0.391672 
3 3.46 0.255624 0.0972199 0.0232104 0.92128 -81.7104 0.385387 
3 3.465 0.254572 0.0962953 0.0226079 0.908755 -81.3749 0.387304 
3 3.465 0.256006 0.0969617 0.0228267 0.906859 -81.6307 0.385208 
3 3.47 0.252014 0.0936327 0.0215244 0.868058 -81.2026 0.375111 
3 3.47 0.249854 0.0934048 0.0217482 0.89273 -81.0583 0.384637 
3 3.475 0.253844 0.0956873 0.0224455 0.899295 -81.1742 0.387262 
3 3.475 0.252488 0.0946788 0.0220693 0.890032 -80.5493 0.378681 
3 3.48 0.249792 0.0923107 0.0208875 0.859617 -80.4398 0.374356 
3 3.48 0.248982 0.0929657 0.0216158 0.890048 -80.3053 0.38322 
3 3.485 0.24999 0.0934812 0.0218997 0.889132 -80.5338 0.376043 
3 3.485 0.251042 0.0940233 0.0218512 0.889562 -81.0174 0.379209 
3 3.49 0.24996 0.0931342 0.0215927 0.878345 -80.5073 0.378708 
3 3.49 0.247056 0.0911624 0.020687 0.863202 -80.1708 0.375834 
3 3.495 0.24769 0.0916582 0.0209314 0.867178 -80.4512 0.361919 
3 3.495 0.245482 0.089962 0.0199814 0.849803 -80.0723 0.37521 
