J: 3.57825 1.11248 0 0 
nth temperature m m2 m4 ms e sp_h 
1 1 0.99983 0.999664 0.999341 0.00035311 -219.92 0.00777011 
1 1 0.999826 0.999656 0.999326 0.000360972 -219.918 0.0079513 
1 1.005 0.999846 0.999695 0.999403 0.000320028 -219.927 0.00697468 
1 1.005 0.99985 0.999703 0.999419 0.000312189 -219.929 0.00697599 
1 1.01 0.999836 0.999676 0.999367 0.000377535 -219.924 0.00729438 
1 1.01 0.999862 0.999727 0.999466 0.000295144 -219.935 0.00619477 
1 1.015 0.99983 0.999664 0.999341 0.000347892 -219.92 0.00754215 
1 1.015 0.999832 0.999668 0.999349 0.000351899 -219.92 0.0076331 
1 1.02 0.999812 0.999628 0.999272 0.000388692 -219.911 0.0084287 
1 1.02 0.99983 0.999664 0.999343 0.000385402 -219.921 0.00770828 
1 1.025 0.99978 0.999565 0.999148 0.000463571 -219.897 0.00955157 
1 1.025 0.999802 0.999608 0.999233 0.000413736 -219.907 0.00860467 
1 1.03 0.999768 0.999541 0.999104 0.00052293 -219.894 0.0101495 
1 1.03 0.999776 0.999558 0.999136 0.000531051 -219.898 0.00975304 
1 1.035 0.999798 0.9996 0.999218 0.000417314 -219.905 0.0086079 
1 1.035 0.999808 0.99962 0.999258 0.00041383 -219.911 0.00818908 
1 1.04 0.999784 0.999573 0.999164 0.000457052 -219.899 0.00935102 
1 1.04 0.999802 0.999609 0.999235 0.000430846 -219.908 0.00839093 
1 1.045 0.999774 0.999553 0.999127 0.000496548 -219.895 0.00977805 
1 1.045 0.999786 0.999577 0.999171 0.000435809 -219.9 0.00894001 
1 1.05 0.999768 0.999541 0.999102 0.000482493 -219.891 0.00975984 
1 1.05 0.999766 0.999538 0.999098 0.000547166 -219.894 0.00968337 
1 1.055 0.999796 0.999596 0.99921 0.000413117 -219.904 0.00836579 
1 1.055 0.99977 0.999545 0.999111 0.000499251 -219.894 0.00945471 
1 1.06 0.999782 0.999569 0.999156 0.000437026 -219.896 0.00917426 
1 1.06 0.999744 0.999494 0.99901 0.000537214 -219.88 0.0105676 
1 1.065 0.999722 0.99945 0.998923 0.000552368 -219.869 0.0113073 
1 1.065 0.999748 0.999502 0.999026 0.000527371 -219.883 0.0102837 
1 1.07 0.9997 0.999406 0.998838 0.000597196 -219.859 0.0120641 
1 1.07 0.99975 0.999505 0.999032 0.000506308 -219.883 0.00994654 
1 1.075 0.999704 0.999415 0.998856 0.000624408 -219.863 0.0118325 
1 1.075 0.999704 0.999414 0.998854 0.00059464 -219.861 0.0117992 
1 1.08 0.9997 0.999407 0.998839 0.000599074 -219.859 0.0117375 
1 1.08 0.99967 0.999348 0.998725 0.000689917 -219.846 0.0129453 
1 1.085 0.999656 0.99932 0.99867 0.000704301 -219.838 0.0138985 
1 1.085 0.999732 0.99947 0.998962 0.000516883 -219.873 0.0105116 
1 1.09 0.99964 0.999288 0.998608 0.000729394 -219.832 0.0140407 
1 1.09 0.999702 0.99941 0.998845 0.000568 -219.859 0.0113931 
1 1.095 0.999668 0.999343 0.998715 0.00066208 -219.845 0.0128688 
1 1.095 0.99972 0.999446 0.998916 0.000548091 -219.869 0.0106207 
1 1.1 0.999644 0.999297 0.998628 0.000788479 -219.837 0.0134042 
1 1.1 0.999586 0.999181 0.998398 0.000817146 -219.805 0.0162156 
1 1.105 0.999638 0.999284 0.998602 0.000751942 -219.833 0.0135404 
1 1.105 0.999628 0.999265 0.998566 0.000812816 -219.83 0.014149 
1 1.11 0.999596 0.999201 0.998436 0.000770881 -219.809 0.015117 
1 1.11 0.999628 0.999265 0.998565 0.00079474 -219.829 0.0139946 
1 1.115 0.999636 0.99928 0.998592 0.000712781 -219.829 0.0135589 
1 1.115 0.999586 0.999181 0.998398 0.000798978 -219.806 0.015196 
1 1.12 0.999576 0.999161 0.998357 0.000783949 -219.798 0.0156931 
1 1.12 0.999598 0.999205 0.998446 0.000796285 -219.814 0.0146439 
1 1.125 0.999582 0.999174 0.998384 0.000834247 -219.807 0.0150779 
1 1.125 0.999506 0.999023 0.998092 0.000998752 -219.771 0.0183302 
1 1.13 0.999568 0.999146 0.998331 0.00086844 -219.801 0.015576 
1 1.13 0.9995 0.999011 0.998066 0.000969027 -219.766 0.0182209 
1 1.135 0.999488 0.998989 0.998028 0.00111171 -219.765 0.0186668 
1 1.135 0.999488 0.998988 0.998022 0.00102008 -219.763 0.0183631 
1 1.14 0.999446 0.998906 0.997867 0.00120466 -219.75 0.0195339 
1 1.14 0.999448 0.99891 0.997872 0.00117327 -219.748 0.019913 
1 1.145 0.999498 0.999008 0.998061 0.00100157 -219.767 0.0180827 
1 1.145 0.999544 0.999098 0.998235 0.000855202 -219.787 0.015826 
1 1.15 0.99947 0.998953 0.997954 0.00106427 -219.754 0.0187476 
1 1.15 0.999474 0.99896 0.997967 0.0010229 -219.756 0.0182112 
1 1.155 0.99941 0.998834 0.997721 0.00115774 -219.726 0.0206573 
1 1.155 0.999542 0.999095 0.99823 0.000892661 -219.786 0.0159698 
1 1.16 0.999364 0.998744 0.997548 0.00130996 -219.709 0.0222817 
1 1.16 0.99945 0.998913 0.997875 0.00107392 -219.747 0.0186645 
1 1.165 0.999374 0.998763 0.997586 0.00127452 -219.713 0.0211395 
1 1.165 0.999352 0.998719 0.997497 0.00125494 -219.702 0.0213135 
1 1.17 0.999324 0.998664 0.997389 0.00130795 -219.687 0.0231035 
1 1.17 0.999362 0.998739 0.997534 0.00121307 -219.705 0.0212538 
1 1.175 0.999306 0.998628 0.997321 0.00135816 -219.681 0.0231919 
1 1.175 0.999342 0.9987 0.997461 0.00130102 -219.698 0.0220801 
1 1.18 0.99935 0.998716 0.997496 0.00134386 -219.706 0.0216084 
1 1.18 0.999318 0.998652 0.997365 0.00129957 -219.684 0.0224784 
1 1.185 0.999348 0.998712 0.997485 0.00129408 -219.704 0.0208558 
1 1.185 0.9992 0.998419 0.996913 0.00156624 -219.633 0.0263373 
1 1.19 0.999294 0.998605 0.997276 0.00137996 -219.677 0.0229959 
1 1.19 0.999288 0.998593 0.997255 0.00142295 -219.675 0.0230233 
1 1.195 0.999238 0.998494 0.997057 0.00144764 -219.649 0.0244024 
1 1.195 0.99924 0.998498 0.997065 0.00144455 -219.651 0.024253 
1 1.2 0.999256 0.998532 0.997138 0.00158054 -219.665 0.0238641 
1 1.2 0.999164 0.998349 0.996777 0.00165509 -219.618 0.0269267 
1 1.205 0.999162 0.998344 0.996764 0.0015716 -219.614 0.026344 
1 1.205 0.999242 0.998502 0.997077 0.00148261 -219.654 0.0240909 
1 1.21 0.999134 0.998289 0.996659 0.00166033 -219.602 0.027449 
1 1.21 0.999126 0.998274 0.996632 0.00173191 -219.604 0.0271779 
1 1.215 0.999154 0.998328 0.996733 0.00157731 -219.609 0.0265294 
1 1.215 0.99913 0.998281 0.996646 0.0017056 -219.603 0.0272071 
1 1.22 0.99907 0.998163 0.996414 0.00178812 -219.577 0.0285178 
1 1.22 0.999172 0.998365 0.996813 0.00169462 -219.624 0.026107 
1 1.225 0.999052 0.998128 0.996346 0.00184664 -219.567 0.0292756 
1 1.225 0.99908 0.998183 0.996454 0.0017856 -219.577 0.0288554 
1 1.23 0.999064 0.998151 0.996392 0.00180845 -219.576 0.0283384 
1 1.23 0.998984 0.997992 0.99608 0.00190632 -219.533 0.030944 
1 1.235 0.999072 0.998166 0.99642 0.00175051 -219.574 0.0279015 
1 1.235 0.999 0.998025 0.996147 0.00194008 -219.545 0.0302358 
1 1.24 0.998972 0.99797 0.99604 0.00199865 -219.532 0.0312603 
1 1.24 0.99899 0.998006 0.996112 0.00199838 -219.543 0.0302335 
1 1.245 0.998878 0.997784 0.995674 0.00211254 -219.486 0.0332161 
1 1.245 0.998916 0.99786 0.995828 0.00214819 -219.512 0.0322897 
1 1.25 0.998826 0.997682 0.99548 0.00228654 -219.47 0.0343729 
1 1.25 0.998834 0.997698 0.995514 0.00231364 -219.473 0.0346174 
1 1.255 0.99889 0.997808 0.995726 0.00216159 -219.494 0.0326569 
1 1.255 0.998954 0.997935 0.995972 0.00202597 -219.524 0.0308229 
1 1.26 0.998858 0.997745 0.995604 0.00222348 -219.483 0.0332455 
1 1.26 0.998752 0.997535 0.995191 0.00234623 -219.431 0.035952 
1 1.265 0.99879 0.997612 0.995345 0.00237912 -219.45 0.0358999 
1 1.265 0.998814 0.997659 0.995439 0.00235205 -219.462 0.0348658 
1 1.27 0.998792 0.997615 0.995349 0.00231659 -219.448 0.03481 
1 1.27 0.9988 0.99763 0.995374 0.00221732 -219.455 0.0337444 
1 1.275 0.998652 0.997339 0.994815 0.00261827 -219.391 0.0385353 
1 1.275 0.998654 0.997343 0.99482 0.0025779 -219.396 0.0376631 
1 1.28 0.998634 0.997304 0.994749 0.0026886 -219.382 0.0392762 
1 1.28 0.998722 0.997476 0.995078 0.00240677 -219.415 0.0360898 
1 1.285 0.998722 0.997478 0.995089 0.0025406 -219.423 0.0357203 
1 1.285 0.998612 0.99726 0.994657 0.00261428 -219.371 0.0381271 
1 1.29 0.998472 0.996984 0.994122 0.00290738 -219.31 0.0419147 
1 1.29 0.998534 0.997105 0.994356 0.00272642 -219.336 0.040601 
1 1.295 0.998614 0.997264 0.994666 0.00260996 -219.37 0.0383542 
1 1.295 0.998532 0.997101 0.994346 0.00269382 -219.328 0.0398779 
1 1.3 0.998484 0.997006 0.994158 0.00272167 -219.304 0.0413054 
1 1.3 0.998512 0.997063 0.994275 0.00280199 -219.328 0.0399819 
1 1.305 0.998408 0.996858 0.993876 0.00299353 -219.284 0.0423062 
1 1.305 0.99835 0.996742 0.993644 0.00297605 -219.248 0.0441786 
1 1.31 0.998302 0.996652 0.99349 0.0034593 -219.24 0.0468441 
1 1.31 0.998328 0.996701 0.993577 0.00323698 -219.249 0.0451309 
1 1.315 0.998356 0.996755 0.993678 0.00307964 -219.258 0.044276 
1 1.315 0.99847 0.99698 0.994117 0.00289119 -219.308 0.0416103 
1 1.32 0.998282 0.99661 0.993396 0.00324004 -219.224 0.0451841 
1 1.32 0.998372 0.996787 0.993742 0.003078 -219.259 0.0445882 
1 1.325 0.998048 0.996153 0.992524 0.00400526 -219.141 0.0511912 
1 1.325 0.9983 0.996645 0.993464 0.00317509 -219.236 0.0440854 
1 1.33 0.998192 0.996433 0.993055 0.00343542 -219.187 0.0478816 
1 1.33 0.998098 0.996247 0.992693 0.00358665 -219.147 0.0494683 
1 1.335 0.99804 0.996134 0.992476 0.0037452 -219.127 0.0508205 
1 1.335 0.99819 0.996429 0.993045 0.00340104 -219.183 0.0471477 
1 1.34 0.998182 0.996412 0.993008 0.00330857 -219.181 0.0458309 
1 1.34 0.998046 0.996145 0.992493 0.00365238 -219.119 0.0504402 
1 1.345 0.997986 0.996029 0.992277 0.0039185 -219.104 0.0519256 
1 1.345 0.998158 0.996364 0.992913 0.00330759 -219.169 0.0466414 
1 1.35 0.997894 0.995847 0.991921 0.00404183 -219.048 0.0550548 
1 1.35 0.998022 0.996099 0.992408 0.0037487 -219.111 0.0508042 
1 1.355 0.99785 0.995759 0.991745 0.0040072 -219.038 0.0534806 
1 1.355 0.997872 0.995804 0.991838 0.00407613 -219.048 0.0549683 
1 1.36 0.998108 0.996266 0.992726 0.00341914 -219.142 0.0474302 
1 1.36 0.997734 0.995531 0.991305 0.00424892 -218.995 0.0556795 
1 1.365 0.997684 0.995437 0.991137 0.00464734 -218.975 0.0578134 
1 1.365 0.997806 0.995674 0.991585 0.0041631 -219.014 0.0565466 
1 1.37 0.997844 0.995748 0.991725 0.00400523 -219.037 0.0523157 
1 1.37 0.997746 0.995555 0.991356 0.00426274 -218.991 0.056059 
1 1.375 0.99763 0.995326 0.990907 0.00439441 -218.936 0.0578783 
1 1.375 0.997808 0.995678 0.991592 0.00413056 -219.018 0.0536961 
1 1.38 0.997548 0.995167 0.990606 0.00468896 -218.908 0.0604952 
1 1.38 0.997448 0.994969 0.990216 0.00478604 -218.866 0.0608304 
1 1.385 0.997492 0.995051 0.990364 0.00441516 -218.871 0.0598262 
1 1.385 0.997694 0.995449 0.991136 0.00404927 -218.961 0.0544266 
1 1.39 0.997326 0.994728 0.989747 0.00492732 -218.814 0.0631868 
1 1.39 0.997414 0.994901 0.990082 0.00474767 -218.841 0.0627385 
1 1.395 0.9975 0.99507 0.990407 0.00453548 -218.877 0.0592696 
1 1.395 0.997392 0.994866 0.990045 0.00539056 -218.861 0.0633808 
1 1.4 0.997258 0.994595 0.989492 0.00507153 -218.78 0.0644493 
1 1.4 0.997244 0.994569 0.989447 0.00521175 -218.784 0.0642631 
1 1.405 0.997286 0.99465 0.9896 0.0050245 -218.788 0.0646948 
1 1.405 0.997226 0.994531 0.989367 0.00508078 -218.764 0.0647045 
1 1.41 0.997186 0.994454 0.989221 0.00522279 -218.751 0.0644032 
1 1.41 0.997054 0.994194 0.988718 0.00546958 -218.695 0.0677583 
1 1.415 0.997188 0.994456 0.98922 0.00508923 -218.747 0.0644178 
1 1.415 0.996934 0.993963 0.988288 0.00602118 -218.656 0.0714913 
1 1.42 0.997032 0.99415 0.988632 0.00543598 -218.684 0.0681319 
1 1.42 0.996856 0.993812 0.988009 0.00637995 -218.631 0.0725278 
1 1.425 0.996918 0.993927 0.988204 0.00573623 -218.63 0.0696516 
1 1.425 0.996774 0.993645 0.98766 0.00604863 -218.568 0.0748095 
1 1.43 0.996876 0.99385 0.988073 0.00615389 -218.633 0.0703431 
1 1.43 0.996712 0.993524 0.987433 0.00625937 -218.551 0.073893 
1 1.435 0.99671 0.993518 0.987413 0.00607776 -218.538 0.0759401 
1 1.435 0.996714 0.993526 0.98743 0.00608517 -218.545 0.0745297 
1 1.44 0.996566 0.993235 0.986867 0.00635053 -218.477 0.0771169 
1 1.44 0.996726 0.99355 0.987476 0.00604729 -218.552 0.0734163 
1 1.445 0.996532 0.993167 0.986729 0.00629848 -218.457 0.0760343 
1 1.445 0.996624 0.993352 0.987104 0.00641956 -218.517 0.0751438 
1 1.45 0.996438 0.992982 0.986373 0.00644911 -218.434 0.076184 
1 1.45 0.996424 0.992958 0.986338 0.00669877 -218.438 0.0775402 
1 1.455 0.99628 0.992673 0.985782 0.00683997 -218.349 0.0824972 
1 1.455 0.996368 0.992847 0.98612 0.00673598 -218.404 0.0775082 
1 1.46 0.996276 0.992666 0.985768 0.00684739 -218.362 0.079578 
1 1.46 0.996158 0.992433 0.985313 0.0069698 -218.318 0.0806611 
1 1.465 0.99602 0.992164 0.984805 0.00739929 -218.25 0.0867021 
1 1.465 0.996022 0.992174 0.984843 0.00779082 -218.277 0.0837761 
1 1.47 0.996004 0.992135 0.984757 0.00757769 -218.241 0.086621 
1 1.47 0.995974 0.992083 0.984678 0.00808104 -218.244 0.0877507 
1 1.475 0.99585 0.991839 0.984208 0.00826153 -218.203 0.0889888 
1 1.475 0.995994 0.992113 0.984703 0.00735946 -218.245 0.0837971 
1 1.48 0.995774 0.991683 0.983882 0.00790412 -218.149 0.0902641 
1 1.48 0.995958 0.992045 0.984586 0.00764475 -218.231 0.0860762 
1 1.485 0.995854 0.991849 0.984233 0.00832665 -218.209 0.08781 
1 1.485 0.995638 0.991417 0.983375 0.00822983 -218.107 0.0897832 
1 1.49 0.99572 0.991575 0.983669 0.00784977 -218.124 0.0883717 
1 1.49 0.995726 0.991584 0.983676 0.00764114 -218.128 0.0882544 
1 1.495 0.995748 0.991632 0.983782 0.0078609 -218.147 0.0869456 
1 1.495 0.995578 0.991302 0.983159 0.00842849 -218.068 0.0928752 
1 1.5 0.995644 0.991434 0.983424 0.00845768 -218.11 0.0915775 
1 1.5 0.995432 0.991011 0.982585 0.00840623 -218.015 0.0918365 
1 1.505 0.995184 0.990524 0.981646 0.00882433 -217.904 0.0975411 
1 1.505 0.995156 0.990476 0.981578 0.00934323 -217.907 0.100016 
1 1.51 0.9953 0.99076 0.98213 0.0091649 -217.957 0.0951855 
1 1.51 0.995334 0.990815 0.982192 0.00827738 -217.947 0.0933364 
1 1.515 0.995004 0.990178 0.981005 0.00956832 -217.837 0.104182 
1 1.515 0.995192 0.990542 0.981687 0.0088979 -217.9 0.0974965 
1 1.52 0.994948 0.990062 0.980759 0.00924719 -217.8 0.0990896 
1 1.52 0.994794 0.989769 0.980222 0.0100933 -217.753 0.104297 
1 1.525 0.99491 0.98999 0.980628 0.00943553 -217.782 0.101472 
1 1.525 0.994782 0.989741 0.980155 0.00979492 -217.744 0.102772 
1 1.53 0.994842 0.989858 0.980382 0.00965719 -217.759 0.103044 
1 1.53 0.994804 0.989788 0.980261 0.0100106 -217.753 0.103251 
1 1.535 0.994594 0.989386 0.979513 0.0109925 -217.671 0.105787 
1 1.535 0.994226 0.988667 0.97815 0.011845 -217.551 0.116564 
1 1.54 0.994682 0.989538 0.97974 0.00944408 -217.68 0.101456 
1 1.54 0.994772 0.989716 0.98009 0.00938883 -217.721 0.101196 
1 1.545 0.994302 0.988808 0.978394 0.0111257 -217.57 0.110461 
1 1.545 0.994338 0.988871 0.978489 0.0105723 -217.564 0.110906 
1 1.55 0.994088 0.988387 0.977576 0.0113709 -217.458 0.114473 
1 1.55 0.994144 0.988504 0.977814 0.011754 -217.484 0.11205 
1 1.555 0.99409 0.988392 0.977587 0.0113847 -217.464 0.112059 
1 1.555 0.993912 0.988038 0.976892 0.0114094 -217.386 0.113567 
1 1.56 0.993626 0.987482 0.975837 0.0121623 -217.281 0.116515 
1 1.56 0.993488 0.987215 0.975332 0.012574 -217.21 0.123663 
1 1.565 0.993778 0.98778 0.976409 0.0118113 -217.339 0.116743 
1 1.565 0.993816 0.987855 0.976556 0.0117877 -217.335 0.11942 
1 1.57 0.993578 0.987385 0.97564 0.0119489 -217.227 0.121638 
1 1.57 0.993304 0.986868 0.974715 0.0137251 -217.167 0.125948 
1 1.575 0.99342 0.98709 0.97512 0.0130936 -217.205 0.122956 
1 1.575 0.99344 0.987128 0.975196 0.0130442 -217.224 0.12261 
1 1.58 0.99305 0.986362 0.973716 0.0135378 -217.042 0.128211 
1 1.58 0.993124 0.986515 0.974036 0.0138886 -217.104 0.12659 
1 1.585 0.99297 0.986214 0.97346 0.0141463 -217.045 0.127741 
1 1.585 0.993016 0.986288 0.973548 0.013069 -217.02 0.127108 
1 1.59 0.992858 0.985979 0.972953 0.0133127 -216.948 0.127686 
1 1.59 0.993042 0.986358 0.973745 0.0141903 -217.061 0.127943 
1 1.595 0.992964 0.986201 0.973431 0.0140047 -217.015 0.129845 
1 1.595 0.992728 0.98574 0.972548 0.0144801 -216.921 0.133613 
1 1.6 0.992634 0.985553 0.972179 0.0144264 -216.898 0.12908 
1 1.6 0.992544 0.985386 0.97189 0.0151655 -216.835 0.13759 
1 1.605 0.992276 0.984853 0.97084 0.0150143 -216.728 0.139227 
1 1.605 0.992638 0.985554 0.972163 0.0139515 -216.876 0.132689 
1 1.61 0.991986 0.984301 0.969832 0.0164358 -216.625 0.145088 
1 1.61 0.992272 0.984836 0.970775 0.0144322 -216.7 0.13622 
1 1.615 0.992066 0.984441 0.970053 0.0152651 -216.648 0.139733 
1 1.615 0.99196 0.984234 0.969659 0.0154699 -216.589 0.145366 
1 1.62 0.991956 0.984232 0.969668 0.0157293 -216.624 0.139075 
1 1.62 0.991944 0.984204 0.969599 0.015505 -216.573 0.142223 
1 1.625 0.99155 0.983449 0.968206 0.0170534 -216.474 0.146537 
1 1.625 0.992166 0.984634 0.970408 0.0148153 -216.675 0.134768 
1 1.63 0.991842 0.984016 0.969284 0.0163072 -216.58 0.14445 
1 1.63 0.991526 0.983397 0.96809 0.0167602 -216.438 0.145843 
1 1.635 0.991258 0.982882 0.967135 0.0176989 -216.345 0.150047 
1 1.635 0.991286 0.982948 0.96729 0.0183502 -216.348 0.154749 
1 1.64 0.991056 0.98248 0.966348 0.0175905 -216.262 0.151238 
1 1.64 0.991246 0.982842 0.967007 0.0166956 -216.327 0.146807 
1 1.645 0.990738 0.981867 0.965199 0.0185833 -216.125 0.157961 
1 1.645 0.990892 0.982167 0.965774 0.0182617 -216.203 0.154858 
1 1.65 0.991014 0.982409 0.966234 0.0181728 -216.256 0.148928 
1 1.65 0.990934 0.982234 0.965851 0.0172126 -216.186 0.153656 
1 1.655 0.990692 0.981776 0.965026 0.0184605 -216.117 0.158495 
1 1.655 0.990774 0.981936 0.965329 0.018284 -216.151 0.155641 
1 1.66 0.990446 0.981301 0.964139 0.0191591 -216.039 0.159318 
1 1.66 0.990138 0.98072 0.963088 0.0208615 -215.901 0.168596 
1 1.665 0.98995 0.980333 0.962289 0.0199542 -215.802 0.168542 
1 1.665 0.990278 0.980983 0.963546 0.0199689 -215.933 0.162778 
1 1.67 0.990074 0.980575 0.962752 0.0196979 -215.861 0.164254 
1 1.67 0.990074 0.980579 0.962765 0.0198799 -215.881 0.162439 
1 1.675 0.989626 0.979709 0.961126 0.0208537 -215.698 0.170275 
1 1.675 0.989572 0.979608 0.960938 0.0211903 -215.672 0.169281 
1 1.68 0.989464 0.979386 0.960491 0.0206781 -215.626 0.16981 
1 1.68 0.989612 0.979677 0.961053 0.0205148 -215.702 0.170555 
1 1.685 0.989332 0.979129 0.959999 0.0208447 -215.574 0.170768 
1 1.685 0.98905 0.978591 0.959014 0.0219951 -215.456 0.179572 
1 1.69 0.989166 0.978834 0.959535 0.0227612 -215.55 0.176655 
1 1.69 0.98903 0.978557 0.958972 0.0222828 -215.476 0.179669 
1 1.695 0.988344 0.977211 0.95638 0.0228235 -215.168 0.187521 
1 1.695 0.989072 0.978628 0.959068 0.0215232 -215.457 0.175544 
1 1.7 0.98871 0.977943 0.957832 0.0232762 -215.363 0.180252 
1 1.7 0.988668 0.977849 0.957608 0.0226439 -215.319 0.178482 
1 1.705 0.988074 0.976733 0.955629 0.0259455 -215.163 0.19237 
1 1.705 0.988282 0.977098 0.956193 0.0232873 -215.172 0.184962 
1 1.71 0.988226 0.976992 0.956004 0.023451 -215.171 0.1859 
1 1.71 0.988232 0.977039 0.956174 0.0255342 -215.189 0.183122 
1 1.715 0.9878 0.976181 0.954518 0.0252012 -214.979 0.194264 
1 1.715 0.987542 0.975681 0.953575 0.0257468 -214.906 0.192253 
1 1.72 0.98758 0.97577 0.953799 0.0264921 -214.927 0.19783 
1 1.72 0.987506 0.975635 0.953555 0.0271314 -214.918 0.19251 
1 1.725 0.987414 0.975447 0.953171 0.0266871 -214.836 0.198012 
1 1.725 0.987326 0.975282 0.952887 0.0271843 -214.858 0.198451 
1 1.73 0.986924 0.97448 0.951302 0.02663 -214.683 0.195577 
1 1.73 0.986994 0.974639 0.95169 0.0278661 -214.736 0.202138 
1 1.735 0.986936 0.974493 0.951288 0.025958 -214.648 0.193616 
1 1.735 0.986864 0.974376 0.951153 0.0274078 -214.683 0.198803 
1 1.74 0.986498 0.973671 0.949836 0.0283067 -214.513 0.207944 
1 1.74 0.986636 0.973921 0.950247 0.0270324 -214.528 0.200921 
1 1.745 0.98633 0.973345 0.94921 0.0285554 -214.426 0.208856 
1 1.745 0.986274 0.973219 0.948927 0.0276331 -214.394 0.206676 
1 1.75 0.98541 0.971583 0.945946 0.031459 -214.123 0.212916 
1 1.75 0.986008 0.972716 0.948026 0.0288402 -214.33 0.208668 
1 1.755 0.98511 0.971008 0.944906 0.032274 -213.988 0.221778 
1 1.755 0.98545 0.97166 0.946101 0.0312215 -214.11 0.219132 
1 1.76 0.985312 0.97145 0.945872 0.0346467 -214.114 0.220244 
1 1.76 0.984968 0.970716 0.944311 0.031484 -213.948 0.222918 
1 1.765 0.984832 0.970503 0.944068 0.0344981 -213.918 0.23016 
1 1.765 0.9854 0.971546 0.945844 0.0301711 -214.096 0.211578 
1 1.77 0.984758 0.970315 0.943577 0.0319933 -213.874 0.223386 
1 1.77 0.984776 0.97035 0.943647 0.0319678 -213.887 0.22202 
1 1.775 0.984308 0.969457 0.942007 0.0334874 -213.72 0.227346 
1 1.775 0.98444 0.969723 0.942539 0.0338505 -213.763 0.22955 
1 1.78 0.984338 0.969509 0.942081 0.03299 -213.707 0.226399 
1 1.78 0.984182 0.969204 0.941498 0.0331276 -213.607 0.230429 
1 1.785 0.984036 0.968944 0.941079 0.0345698 -213.616 0.23082 
1 1.785 0.983934 0.968745 0.940703 0.0346624 -213.565 0.230549 
1 1.79 0.983566 0.968006 0.939239 0.033741 -213.379 0.236414 
1 1.79 0.983674 0.968229 0.939701 0.0343498 -213.424 0.237393 
1 1.795 0.983406 0.967738 0.938839 0.0362362 -213.346 0.236328 
1 1.795 0.983198 0.967365 0.938242 0.0382737 -213.267 0.248002 
1 1.8 0.982984 0.966931 0.937362 0.0374253 -213.234 0.237259 
1 1.8 0.982296 0.965634 0.935057 0.0404494 -213.027 0.253257 
1 1.805 0.982376 0.965727 0.93504 0.0367886 -212.989 0.242742 
1 1.805 0.982722 0.966439 0.936487 0.0386078 -213.124 0.243744 
1 1.81 0.982042 0.965114 0.933961 0.0390912 -212.858 0.251562 
1 1.81 0.981994 0.965068 0.934035 0.0417715 -212.893 0.256209 
1 1.815 0.981794 0.964639 0.933117 0.0396177 -212.764 0.25895 
1 1.815 0.982328 0.965647 0.934924 0.0373697 -212.94 0.245812 
1 1.82 0.98196 0.964967 0.933731 0.0396351 -212.84 0.247421 
1 1.82 0.981472 0.964028 0.931997 0.0406941 -212.672 0.255339 
1 1.825 0.980884 0.962955 0.930176 0.0449939 -212.507 0.267111 
1 1.825 0.980638 0.962467 0.929246 0.0447361 -212.435 0.27199 
1 1.83 0.980428 0.96203 0.928337 0.0432381 -212.28 0.271096 
1 1.83 0.98072 0.962592 0.929376 0.0426558 -212.393 0.266054 
1 1.835 0.980296 0.961772 0.927836 0.0431255 -212.219 0.266991 
1 1.835 0.979934 0.961095 0.926636 0.0449415 -212.117 0.274187 
1 1.84 0.980234 0.961648 0.927579 0.0428818 -212.165 0.265761 
1 1.84 0.979426 0.960168 0.925063 0.0485147 -211.968 0.282612 
1 1.845 0.979658 0.96066 0.926007 0.0504414 -212.057 0.283405 
1 1.845 0.979646 0.960554 0.925671 0.0459314 -212.021 0.276581 
1 1.85 0.9797 0.960678 0.925957 0.0468319 -212.052 0.272842 
1 1.85 0.978846 0.95906 0.92304 0.049768 -211.768 0.284567 
1 1.855 0.9787 0.958749 0.922377 0.0482841 -211.705 0.281702 
1 1.855 0.978834 0.959013 0.922868 0.0483731 -211.772 0.279555 
1 1.86 0.978256 0.957912 0.920879 0.0498537 -211.606 0.285067 
1 1.86 0.97848 0.958271 0.921304 0.0455747 -211.552 0.27313 
1 1.865 0.978 0.957419 0.919965 0.0501576 -211.413 0.297436 
1 1.865 0.97788 0.957187 0.919519 0.0502898 -211.358 0.295837 
1 1.87 0.977688 0.956862 0.918952 0.0528521 -211.331 0.294302 
1 1.87 0.977598 0.956715 0.918833 0.0544187 -211.328 0.296201 
1 1.875 0.97659 0.954848 0.915577 0.0597212 -211.015 0.309804 
1 1.875 0.97686 0.955257 0.91604 0.0533963 -211.029 0.307561 
1 1.88 0.977446 0.956369 0.918038 0.0514935 -211.224 0.293745 
1 1.88 0.976768 0.955074 0.915697 0.0530954 -210.99 0.305736 
1 1.885 0.976724 0.954996 0.915521 0.053385 -210.94 0.298902 
1 1.885 0.976456 0.954522 0.914809 0.0560212 -210.97 0.307667 
1 1.89 0.975758 0.95319 0.912362 0.0574585 -210.729 0.309548 
1 1.89 0.976002 0.953711 0.91343 0.059821 -210.748 0.320486 
1 1.895 0.975888 0.953394 0.91259 0.0547193 -210.634 0.305508 
1 1.895 0.975222 0.952224 0.910638 0.0615351 -210.468 0.315564 
1 1.9 0.976256 0.954113 0.913958 0.0546096 -210.798 0.298848 
1 1.9 0.975266 0.952258 0.910596 0.0586626 -210.454 0.308337 
1 1.905 0.974608 0.951085 0.908746 0.0642754 -210.3 0.329692 
1 1.905 0.97409 0.950136 0.907066 0.0674179 -210.134 0.335745 
1 1.91 0.973822 0.949506 0.905635 0.0615891 -209.965 0.330258 
1 1.91 0.97422 0.950319 0.907204 0.0635619 -210.155 0.320026 
1 1.915 0.972936 0.94786 0.902748 0.0655676 -209.667 0.3357 
1 1.915 0.97279 0.947605 0.902379 0.0670734 -209.708 0.343346 
1 1.92 0.973266 0.948468 0.90377 0.0636153 -209.738 0.335189 
1 1.92 0.973208 0.948383 0.90369 0.0650807 -209.806 0.33149 
1 1.925 0.973006 0.947961 0.90288 0.0633893 -209.752 0.332813 
1 1.925 0.972434 0.946962 0.901299 0.0692819 -209.569 0.343793 
1 1.93 0.971456 0.94508 0.897832 0.0701285 -209.202 0.354435 
1 1.93 0.971372 0.945013 0.897875 0.0751066 -209.211 0.355074 
1 1.935 0.971046 0.944325 0.896538 0.0720882 -209.11 0.354119 
1 1.935 0.970642 0.943608 0.895332 0.0755632 -209.011 0.356751 
1 1.94 0.970874 0.943998 0.895927 0.0722617 -209.04 0.359935 
1 1.94 0.971066 0.944295 0.896288 0.0683208 -209.012 0.358721 
1 1.945 0.970222 0.942806 0.893889 0.0758597 -208.845 0.358593 
1 1.945 0.970652 0.943583 0.895201 0.0728995 -209.001 0.354942 
1 1.95 0.970476 0.943204 0.894354 0.0708027 -208.763 0.362967 
1 1.95 0.969934 0.942153 0.892409 0.0708223 -208.672 0.354231 
1 1.955 0.969104 0.940841 0.890731 0.0858311 -208.575 0.382381 
1 1.955 0.969706 0.941822 0.89209 0.076325 -208.664 0.363186 
1 1.96 0.968826 0.940167 0.889136 0.0787378 -208.274 0.37493 
1 1.96 0.968002 0.938732 0.886835 0.0869433 -208.117 0.397324 
1 1.965 0.96755 0.937774 0.884884 0.0824874 -207.925 0.382484 
1 1.965 0.968598 0.939728 0.888348 0.0786745 -208.315 0.366309 
1 1.97 0.967034 0.936893 0.883421 0.0882194 -207.771 0.382964 
1 1.97 0.967612 0.937862 0.884891 0.0806689 -207.868 0.377007 
1 1.975 0.967196 0.937194 0.883956 0.0873751 -207.833 0.3835 
1 1.975 0.967406 0.937524 0.884501 0.0835115 -207.875 0.386571 
1 1.98 0.966456 0.935754 0.881379 0.0867152 -207.579 0.391084 
1 1.98 0.96646 0.935884 0.881695 0.0928701 -207.586 0.398491 
1 1.985 0.965328 0.933829 0.878285 0.0992772 -207.214 0.405321 
1 1.985 0.965938 0.934857 0.880017 0.091731 -207.409 0.407304 
1 1.99 0.965552 0.934129 0.878665 0.0923927 -207.306 0.407384 
1 1.99 0.964884 0.933043 0.877029 0.102604 -207.093 0.417755 
1 1.995 0.964274 0.931788 0.874648 0.0984187 -206.929 0.411389 
1 1.995 0.96523 0.933409 0.877086 0.0872044 -207.156 0.393686 
1 2 0.962838 0.929219 0.870361 0.108099 -206.465 0.442734 
1 2 0.96407 0.931387 0.873825 0.0978018 -206.8 0.408329 
1 2.005 0.962794 0.929275 0.870549 0.114869 -206.52 0.429002 
1 2.005 0.96287 0.929041 0.869561 0.0958864 -206.472 0.417814 
1 2.01 0.962012 0.927643 0.867589 0.108276 -206.344 0.432287 
1 2.01 0.962596 0.928688 0.869288 0.104341 -206.381 0.429591 
1 2.015 0.961796 0.927104 0.86628 0.101847 -206.087 0.430337 
1 2.015 0.962436 0.928404 0.868791 0.10525 -206.311 0.424321 
1 2.02 0.96028 0.92442 0.861813 0.112998 -205.668 0.441889 
1 2.02 0.961 0.925899 0.864718 0.117713 -205.95 0.439757 
1 2.025 0.959952 0.923786 0.860621 0.112506 -205.487 0.443831 
1 2.025 0.959102 0.922342 0.858515 0.121748 -205.406 0.450575 
1 2.03 0.95919 0.92253 0.858789 0.122397 -205.321 0.46114 
1 2.03 0.958902 0.921852 0.85733 0.116222 -205.231 0.44822 
1 2.035 0.958894 0.921859 0.857466 0.117009 -205.157 0.465111 
1 2.035 0.95936 0.922878 0.859424 0.123164 -205.416 0.450543 
1 2.04 0.959138 0.922515 0.859078 0.125946 -205.337 0.462595 
1 2.04 0.957044 0.918437 0.851509 0.122732 -204.608 0.467589 
1 2.045 0.95617 0.91709 0.849725 0.138328 -204.517 0.471953 
1 2.045 0.95672 0.918289 0.851878 0.145539 -204.73 0.476823 
1 2.05 0.95603 0.916853 0.849243 0.139518 -204.461 0.470976 
1 2.05 0.9564 0.917488 0.85018 0.135934 -204.476 0.473368 
1 2.055 0.95512 0.915133 0.846311 0.140104 -204.166 0.497282 
1 2.055 0.955024 0.914915 0.845803 0.138419 -204.166 0.485159 
1 2.06 0.954854 0.914599 0.84532 0.138499 -204.01 0.485587 
1 2.06 0.954188 0.913461 0.843424 0.144951 -203.872 0.482281 
1 2.065 0.952398 0.910145 0.837833 0.1493 -203.327 0.512772 
1 2.065 0.955 0.91465 0.84495 0.127115 -203.964 0.469285 
1 2.07 0.952056 0.90998 0.838296 0.172445 -203.399 0.527677 
1 2.07 0.953702 0.912483 0.841746 0.141796 -203.708 0.491004 
1 2.075 0.952226 0.909939 0.837651 0.154429 -203.356 0.507791 
1 2.075 0.9527 0.910575 0.83829 0.141571 -203.329 0.497765 
1 2.08 0.951664 0.908818 0.835468 0.151601 -203.001 0.5132 
1 2.08 0.9516 0.908789 0.83548 0.156088 -203.045 0.501594 
1 2.085 0.950054 0.906149 0.831465 0.170091 -202.732 0.513152 
1 2.085 0.95004 0.905836 0.830476 0.156355 -202.591 0.523941 
1 2.09 0.949832 0.905802 0.83095 0.173239 -202.616 0.531802 
1 2.09 0.949862 0.905937 0.831139 0.176979 -202.634 0.525764 
1 2.095 0.94929 0.904681 0.828951 0.168453 -202.481 0.526806 
1 2.095 0.948928 0.903821 0.827136 0.160216 -202.276 0.531587 
1 2.1 0.947196 0.900921 0.822663 0.178113 -201.872 0.534896 
1 2.1 0.947934 0.902067 0.824106 0.166079 -201.969 0.537393 
1 2.105 0.94688 0.900284 0.821428 0.175864 -201.785 0.533021 
1 2.105 0.945978 0.898713 0.818927 0.182361 -201.567 0.547529 
1 2.11 0.944108 0.895492 0.813836 0.196789 -201.092 0.562868 
1 2.11 0.946428 0.899642 0.820475 0.185587 -201.611 0.533199 
1 2.115 0.944368 0.896036 0.814844 0.198841 -201.155 0.556256 
1 2.115 0.944602 0.896289 0.814974 0.18987 -201.102 0.559587 
1 2.12 0.943394 0.894656 0.813173 0.219998 -200.951 0.582278 
1 2.12 0.943458 0.894169 0.811213 0.191306 -200.685 0.571725 
1 2.125 0.941778 0.891464 0.807609 0.2126 -200.433 0.585501 
1 2.125 0.94285 0.893226 0.809909 0.200444 -200.576 0.569916 
1 2.13 0.941296 0.890514 0.805815 0.210148 -200.21 0.588422 
1 2.13 0.940208 0.88881 0.803064 0.226255 -199.798 0.603168 
1 2.135 0.939834 0.888342 0.802918 0.236722 -199.937 0.609061 
1 2.135 0.940352 0.889127 0.80396 0.227854 -199.939 0.611713 
1 2.14 0.939826 0.888028 0.80172 0.22218 -199.854 0.593912 
1 2.14 0.939358 0.88713 0.800188 0.221347 -199.615 0.585005 
1 2.145 0.93872 0.88615 0.798901 0.231014 -199.478 0.619208 
1 2.145 0.938794 0.886145 0.798707 0.224288 -199.522 0.60565 
1 2.15 0.93641 0.882033 0.792103 0.240429 -198.903 0.619688 
1 2.15 0.936494 0.882269 0.792779 0.2441 -198.983 0.619104 
1 2.155 0.935654 0.880711 0.790151 0.244193 -198.736 0.616942 
1 2.155 0.935666 0.880566 0.789577 0.236435 -198.739 0.609295 
1 2.16 0.933294 0.876669 0.783754 0.260724 -198.107 0.639312 
1 2.16 0.933564 0.877743 0.786211 0.287101 -198.308 0.654546 
1 2.165 0.932848 0.876229 0.783822 0.278225 -198.139 0.650396 
1 2.165 0.933712 0.877138 0.784197 0.245719 -198.246 0.626339 
1 2.17 0.931188 0.872996 0.778113 0.271172 -197.609 0.649127 
1 2.17 0.933064 0.876148 0.7826 0.255302 -197.893 0.641259 
1 2.175 0.929996 0.870924 0.774265 0.277322 -197.088 0.655819 
1 2.175 0.930254 0.871745 0.776506 0.293007 -197.369 0.671582 
1 2.18 0.93018 0.871575 0.776251 0.290835 -197.36 0.662132 
1 2.18 0.927454 0.867733 0.771122 0.346873 -196.954 0.681101 
1 2.185 0.927362 0.866181 0.767071 0.282863 -196.392 0.688836 
1 2.185 0.92655 0.865292 0.766288 0.311067 -196.401 0.694288 
1 2.19 0.926812 0.865736 0.766659 0.308475 -196.432 0.66973 
1 2.19 0.927702 0.867126 0.76878 0.296577 -196.579 0.669616 
1 2.195 0.923256 0.859594 0.757483 0.327659 -195.665 0.702231 
1 2.195 0.926918 0.865428 0.765355 0.284779 -196.208 0.666528 
1 2.2 0.92191 0.857485 0.754585 0.343938 -195.34 0.72207 
1 2.2 0.92494 0.862455 0.761516 0.315491 -195.88 0.685216 
1 2.205 0.922678 0.859087 0.757405 0.351589 -195.544 0.719851 
1 2.205 0.921772 0.857116 0.753758 0.337991 -195.174 0.720718 
1 2.21 0.918658 0.852051 0.746133 0.367366 -194.434 0.74364 
1 2.21 0.919574 0.853852 0.749474 0.372663 -194.698 0.751348 
1 2.215 0.91893 0.852907 0.747721 0.382599 -194.576 0.725031 
1 2.215 0.916864 0.849107 0.742353 0.382256 -194.045 0.788323 
1 2.22 0.918418 0.851148 0.744071 0.344873 -194.186 0.730782 
1 2.22 0.918986 0.852843 0.747595 0.37424 -194.594 0.727883 
1 2.225 0.914774 0.84632 0.738771 0.427369 -193.711 0.787251 
1 2.225 0.918368 0.851111 0.744113 0.346577 -194.158 0.725925 
1 2.23 0.914968 0.846222 0.737681 0.406057 -193.66 0.756483 
1 2.23 0.915328 0.846972 0.739262 0.410157 -193.738 0.767858 
1 2.235 0.913486 0.84389 0.734409 0.422071 -193.291 0.765944 
1 2.235 0.912508 0.841445 0.729587 0.392563 -192.777 0.766347 
1 2.24 0.910026 0.83818 0.726262 0.4479 -192.48 0.826539 
1 2.24 0.912798 0.84312 0.73364 0.442865 -193.215 0.771674 
1 2.245 0.909962 0.83778 0.725107 0.434273 -192.395 0.787514 
1 2.245 0.91063 0.838636 0.725915 0.418202 -192.353 0.784808 
1 2.25 0.907172 0.833199 0.717885 0.455015 -191.646 0.811671 
1 2.25 0.909348 0.83707 0.724371 0.45138 -192.213 0.809619 
1 2.255 0.906462 0.832157 0.716894 0.464914 -191.702 0.794452 
1 2.255 0.907792 0.833856 0.718798 0.433253 -191.655 0.817353 
1 2.26 0.904162 0.828682 0.712509 0.494372 -191.214 0.842181 
1 2.26 0.905674 0.830832 0.715015 0.468432 -191.345 0.829825 
1 2.265 0.901748 0.824681 0.706134 0.50911 -190.504 0.840487 
1 2.265 0.902458 0.825959 0.708483 0.508977 -190.693 0.862921 
1 2.27 0.901914 0.824742 0.706121 0.49749 -190.493 0.84075 
1 2.27 0.898966 0.820007 0.699252 0.522795 -189.915 0.854833 
1 2.275 0.89955 0.820601 0.699384 0.501588 -189.707 0.859714 
1 2.275 0.899568 0.820785 0.699934 0.508222 -189.918 0.855405 
1 2.28 0.896638 0.816619 0.694701 0.555243 -189.348 0.881068 
1 2.28 0.898582 0.819679 0.698867 0.536391 -189.815 0.848059 
1 2.285 0.89612 0.815475 0.693009 0.544584 -189.233 0.874891 
1 2.285 0.896346 0.815711 0.69311 0.537213 -189.438 0.841778 
1 2.29 0.893918 0.812084 0.688415 0.567434 -188.812 0.895149 
1 2.29 0.893868 0.811756 0.687474 0.557024 -188.716 0.889307 
1 2.295 0.891596 0.808137 0.682027 0.574899 -188.177 0.881129 
1 2.295 0.89229 0.808414 0.681555 0.533025 -188.126 0.877944 
1 2.3 0.888218 0.802946 0.674964 0.609323 -187.568 0.90316 
1 2.3 0.892666 0.809599 0.683747 0.554206 -188.227 0.87184 
1 2.305 0.887272 0.801417 0.672733 0.614539 -187.165 0.921064 
1 2.305 0.886866 0.800845 0.671968 0.620974 -187.2 0.908654 
1 2.31 0.882882 0.795503 0.665973 0.693613 -186.457 0.956386 
1 2.31 0.883996 0.796772 0.667197 0.663343 -186.738 0.94038 
1 2.315 0.880844 0.792238 0.661639 0.706347 -186.028 0.99158 
1 2.315 0.883516 0.795468 0.664309 0.642244 -186.323 0.931873 
1 2.32 0.87898 0.788487 0.654994 0.684534 -185.609 0.941844 
1 2.32 0.88254 0.793557 0.661616 0.632746 -186.213 0.927975 
1 2.325 0.878 0.78736 0.654393 0.708645 -185.377 0.982327 
1 2.325 0.878204 0.78824 0.656012 0.731075 -185.564 0.977729 
1 2.33 0.878594 0.788163 0.655211 0.696799 -185.505 0.969021 
1 2.33 0.877158 0.786447 0.653179 0.731367 -185.25 0.973329 
1 2.335 0.872208 0.779127 0.643724 0.787169 -184.447 0.986809 
1 2.335 0.872644 0.779184 0.642998 0.757011 -184.233 0.996604 
1 2.34 0.870706 0.776954 0.640826 0.804492 -184.116 1.00535 
1 2.34 0.87044 0.776355 0.640043 0.798682 -183.942 1.02016 
1 2.345 0.863096 0.76509 0.625079 0.859504 -182.529 1.0518 
1 2.345 0.871612 0.777032 0.639031 0.738799 -183.912 0.983256 
1 2.35 0.8624 0.764207 0.623594 0.87122 -182.381 1.03215 
1 2.35 0.865006 0.768092 0.629202 0.844978 -183.003 1.03861 
1 2.355 0.860096 0.760742 0.619388 0.890748 -182.045 1.05734 
1 2.355 0.860062 0.760429 0.618617 0.879934 -181.822 1.07382 
1 2.36 0.85998 0.760814 0.619302 0.900353 -181.763 1.06435 
1 2.36 0.86335 0.764834 0.623569 0.824591 -182.23 1.03756 
1 2.365 0.859522 0.759447 0.616251 0.873934 -181.42 1.04995 
1 2.365 0.860298 0.760945 0.619817 0.880864 -181.676 1.08697 
1 2.37 0.851958 0.748058 0.602583 0.937799 -180.361 1.10317 
1 2.37 0.858474 0.758108 0.61555 0.891559 -181.319 1.08863 
1 2.375 0.847558 0.742507 0.596271 1.01693 -179.504 1.1356 
1 2.375 0.849334 0.745702 0.600991 1.02458 -180.007 1.12771 
1 2.38 0.849914 0.746055 0.600915 0.995848 -180.088 1.10338 
1 2.38 0.849802 0.745105 0.598323 0.963938 -179.592 1.09769 
1 2.385 0.845392 0.739066 0.59173 1.02216 -179.112 1.11567 
1 2.385 0.844168 0.736391 0.586771 0.996689 -178.721 1.10055 
1 2.39 0.84394 0.737552 0.589691 1.05932 -178.858 1.115 
1 2.39 0.843322 0.735426 0.586547 1.01398 -178.531 1.15099 
1 2.395 0.839452 0.729766 0.578855 1.04747 -177.751 1.15141 
1 2.395 0.837666 0.727397 0.576257 1.07361 -177.482 1.12777 
1 2.4 0.836158 0.724829 0.572325 1.06955 -177.188 1.13301 
1 2.4 0.839624 0.729798 0.578883 1.03455 -178.021 1.12393 
1 2.405 0.833782 0.721987 0.569665 1.11412 -176.955 1.14403 
1 2.405 0.833202 0.720959 0.568384 1.11157 -176.803 1.16245 
1 2.41 0.827166 0.713908 0.561555 1.23255 -175.944 1.21748 
1 2.41 0.829648 0.716048 0.562525 1.15072 -176.122 1.17281 
1 2.415 0.831944 0.718803 0.564383 1.10443 -176.316 1.12992 
1 2.415 0.823428 0.707947 0.553181 1.23864 -175.096 1.22179 
1 2.42 0.824712 0.709351 0.554583 1.20666 -175.23 1.2151 
1 2.42 0.821314 0.704922 0.549818 1.25475 -174.861 1.20914 
1 2.425 0.818414 0.700766 0.544704 1.27689 -174.193 1.24002 
1 2.425 0.820216 0.702586 0.545856 1.23017 -174.377 1.22327 
1 2.43 0.81964 0.701395 0.543626 1.2175 -174.051 1.19379 
1 2.43 0.811344 0.691115 0.533068 1.35127 -173.081 1.23367 
1 2.435 0.810358 0.687907 0.527303 1.28241 -172.588 1.21845 
1 2.435 0.809814 0.688764 0.530247 1.35382 -172.671 1.25944 
1 2.44 0.810278 0.688345 0.528196 1.30305 -172.591 1.22392 
1 2.44 0.806412 0.685387 0.528199 1.43797 -172.615 1.29548 
1 2.445 0.804996 0.681585 0.520907 1.37288 -171.763 1.24292 
1 2.445 0.805266 0.682068 0.522213 1.37483 -171.715 1.28535 
1 2.45 0.802628 0.678282 0.517177 1.39064 -171.283 1.2628 
1 2.45 0.79753 0.672332 0.511262 1.48072 -170.721 1.29226 
1 2.455 0.800504 0.67513 0.51274 1.39808 -170.929 1.2435 
1 2.455 0.798634 0.672762 0.510291 1.42345 -170.584 1.26928 
1 2.46 0.79697 0.67074 0.508501 1.44628 -170.259 1.26824 
1 2.46 0.795526 0.668632 0.506165 1.45409 -170.175 1.26863 
1 2.465 0.79095 0.662851 0.499355 1.51113 -169.548 1.27341 
1 2.465 0.790072 0.661768 0.49894 1.52349 -169.436 1.30014 
1 2.47 0.785492 0.656002 0.492137 1.57914 -168.642 1.31497 
1 2.47 0.78808 0.659193 0.495675 1.54345 -168.959 1.3078 
1 2.475 0.780388 0.647888 0.482104 1.57102 -167.715 1.31396 
1 2.475 0.783298 0.652653 0.487975 1.57967 -168.05 1.29577 
1 2.48 0.78242 0.650825 0.484836 1.55822 -167.931 1.27502 
1 2.48 0.783758 0.651591 0.484925 1.5046 -167.756 1.29621 
1 2.485 0.772254 0.637967 0.470255 1.67365 -166.137 1.32303 
1 2.485 0.779014 0.646367 0.480235 1.58971 -167.371 1.32054 
1 2.49 0.773552 0.637953 0.469466 1.58915 -166.051 1.31911 
1 2.49 0.769396 0.633563 0.46555 1.67039 -165.804 1.33551 
1 2.495 0.767438 0.629997 0.460933 1.64475 -165.088 1.33674 
1 2.495 0.768436 0.631974 0.464023 1.66252 -165.474 1.33103 
1 2.5 0.759282 0.621076 0.453012 1.78267 -164.303 1.35846 
1 2.5 0.7655 0.627752 0.458932 1.67046 -165.069 1.3295 
1 2.505 0.759576 0.620847 0.451994 1.75215 -164.017 1.3856 
1 2.505 0.75279 0.612961 0.444779 1.84705 -163.359 1.40317 
1 2.51 0.753958 0.613771 0.444531 1.80551 -163.307 1.38139 
1 2.51 0.756928 0.617142 0.447262 1.76102 -163.798 1.33918 
1 2.515 0.74783 0.607898 0.440705 1.93433 -162.659 1.43152 
1 2.515 0.749748 0.607705 0.436978 1.81243 -162.597 1.34163 
1 2.52 0.745366 0.602432 0.432188 1.85959 -161.826 1.39833 
1 2.52 0.748406 0.606042 0.435148 1.82263 -162.446 1.35819 
1 2.525 0.743076 0.598573 0.427165 1.83805 -161.507 1.35837 
1 2.525 0.744042 0.601036 0.430568 1.87873 -161.677 1.37699 
1 2.53 0.74091 0.595781 0.423959 1.85111 -160.772 1.38504 
1 2.53 0.736042 0.59105 0.420018 1.94832 -160.537 1.40398 
1 2.535 0.732864 0.585993 0.41431 1.92912 -159.658 1.40261 
1 2.535 0.733474 0.58588 0.413328 1.8894 -159.72 1.40288 
1 2.54 0.730188 0.583282 0.412216 1.97272 -159.518 1.42801 
1 2.54 0.732424 0.586573 0.415992 1.97355 -159.995 1.40037 
1 2.545 0.71995 0.570415 0.398657 2.04665 -157.956 1.43158 
1 2.545 0.727952 0.57982 0.407835 1.96092 -159.297 1.40576 
1 2.55 0.7191 0.568116 0.39459 2.00045 -157.758 1.39071 
1 2.55 0.7216 0.571726 0.399957 2.00077 -158.243 1.41331 
1 2.555 0.714646 0.56344 0.390755 2.06345 -157.287 1.3797 
1 2.555 0.718068 0.567025 0.393732 2.01186 -157.543 1.38446 
1 2.56 0.710256 0.557039 0.38315 2.05372 -156.079 1.41012 
1 2.56 0.706936 0.553075 0.379744 2.08269 -155.661 1.3998 
1 2.565 0.707084 0.553208 0.379012 2.07563 -155.75 1.39246 
1 2.565 0.704094 0.550689 0.378666 2.14195 -155.772 1.45802 
1 2.57 0.703298 0.548823 0.375144 2.10875 -155.139 1.3931 
1 2.57 0.700632 0.54472 0.370244 2.09474 -154.747 1.39843 
1 2.575 0.692042 0.53547 0.362379 2.19604 -153.755 1.4319 
1 2.575 0.68935 0.533726 0.361879 2.27271 -153.67 1.44304 
1 2.58 0.690766 0.535453 0.364069 2.25952 -153.66 1.45441 
1 2.58 0.689478 0.532614 0.360832 2.21837 -153.695 1.43601 
1 2.585 0.683594 0.524354 0.35046 2.2071 -152.173 1.42932 
1 2.585 0.678312 0.518782 0.346555 2.26982 -151.609 1.48105 
1 2.59 0.67977 0.520664 0.348204 2.26166 -151.959 1.42631 
1 2.59 0.683638 0.525585 0.352445 2.24805 -152.448 1.40586 
1 2.595 0.671816 0.510875 0.338137 2.29436 -150.577 1.43268 
1 2.595 0.683522 0.525306 0.352504 2.23907 -152.265 1.4167 
1 2.6 0.673412 0.512219 0.339176 2.25906 -150.586 1.43669 
1 2.6 0.678338 0.516871 0.3418 2.18186 -151.323 1.36144 
1 2.605 0.66614 0.504221 0.331333 2.32161 -150.01 1.4181 
1 2.605 0.66609 0.503458 0.329914 2.29488 -149.726 1.39357 
1 2.61 0.659264 0.495408 0.322949 2.32869 -148.844 1.40158 
1 2.61 0.663854 0.500492 0.326782 2.2908 -149.369 1.40229 
1 2.615 0.66277 0.500282 0.327161 2.33337 -149.44 1.39118 
1 2.615 0.657356 0.49305 0.320303 2.33013 -148.617 1.39782 
1 2.62 0.658996 0.494179 0.32008 2.28639 -148.627 1.37463 
1 2.62 0.651496 0.487055 0.315664 2.38962 -147.885 1.42261 
1 2.625 0.647734 0.482061 0.309741 2.38101 -147.165 1.38576 
1 2.625 0.653112 0.48696 0.314146 2.30113 -147.491 1.41219 
1 2.63 0.650156 0.484831 0.312184 2.36229 -147.37 1.40734 
1 2.63 0.640772 0.47363 0.301985 2.397 -145.946 1.39209 
1 2.635 0.642026 0.475224 0.303081 2.3919 -146.253 1.37974 
1 2.635 0.631156 0.463804 0.294178 2.48373 -145.136 1.4198 
1 2.64 0.638876 0.47062 0.298852 2.3658 -145.639 1.36832 
1 2.64 0.63089 0.461916 0.290727 2.42023 -144.716 1.40679 
1 2.645 0.632144 0.463551 0.292914 2.41759 -145.223 1.35789 
1 2.645 0.633274 0.464051 0.292366 2.38244 -144.872 1.3695 
1 2.65 0.62688 0.4567 0.284611 2.4046 -143.836 1.37292 
1 2.65 0.623502 0.453826 0.283353 2.45551 -143.531 1.38262 
1 2.655 0.624958 0.45518 0.284153 2.43342 -143.31 1.38356 
1 2.655 0.619236 0.447365 0.275945 2.40722 -142.562 1.35942 
1 2.66 0.609952 0.437664 0.268333 2.46702 -141.712 1.37608 
1 2.66 0.621662 0.451213 0.280405 2.43417 -143.07 1.37077 
1 2.665 0.611624 0.440229 0.270922 2.48199 -141.942 1.36256 
1 2.665 0.612186 0.439889 0.26986 2.44344 -141.889 1.34841 
1 2.67 0.607042 0.434475 0.265253 2.47097 -141.136 1.35381 
1 2.67 0.607962 0.43522 0.26679 2.457 -141.431 1.36783 
1 2.675 0.606856 0.433338 0.26304 2.4323 -140.752 1.33594 
1 2.675 0.6037 0.430891 0.262467 2.48363 -140.522 1.36152 
1 2.68 0.593744 0.418807 0.250751 2.47296 -139.154 1.34619 
1 2.68 0.592502 0.418052 0.251435 2.49974 -138.756 1.37964 
1 2.685 0.595778 0.420518 0.251807 2.44194 -138.944 1.35816 
1 2.685 0.593918 0.419122 0.251336 2.4724 -138.848 1.33015 
1 2.69 0.590394 0.414638 0.24664 2.45624 -138.428 1.3286 
1 2.69 0.58331 0.406268 0.238531 2.45416 -136.953 1.32442 
1 2.695 0.584434 0.408205 0.241232 2.4728 -137.629 1.32297 
1 2.695 0.581526 0.407011 0.241758 2.55431 -137.62 1.34781 
1 2.7 0.568894 0.392175 0.228613 2.53833 -136.084 1.32566 
1 2.7 0.585186 0.409414 0.242075 2.48043 -138.065 1.30227 
1 2.705 0.57163 0.394968 0.230441 2.52153 -136.364 1.2945 
1 2.705 0.568332 0.389955 0.225392 2.47519 -135.289 1.27852 
1 2.71 0.566164 0.388425 0.224662 2.50492 -135.07 1.28598 
1 2.71 0.568826 0.391812 0.227926 2.51841 -135.68 1.30599 
1 2.715 0.567234 0.388745 0.223664 2.46741 -135.215 1.27713 
1 2.715 0.560428 0.38332 0.221813 2.55028 -134.685 1.31987 
1 2.72 0.559494 0.380703 0.216592 2.48785 -134.446 1.22828 
1 2.72 0.562174 0.384081 0.220669 2.50154 -134.582 1.28309 
1 2.725 0.553004 0.373581 0.21115 2.48688 -133.236 1.25647 
1 2.725 0.552556 0.374577 0.213842 2.54161 -133.509 1.30475 
1 2.73 0.546364 0.366718 0.206245 2.49833 -132.108 1.27666 
1 2.73 0.551364 0.372097 0.211052 2.4943 -133.062 1.26873 
1 2.735 0.548002 0.368373 0.207279 2.48875 -132.687 1.24035 
1 2.735 0.549824 0.369879 0.207659 2.47066 -132.968 1.23188 
1 2.74 0.53735 0.35776 0.198826 2.5188 -131.461 1.23874 
1 2.74 0.54232 0.361081 0.20048 2.44415 -131.563 1.23766 
1 2.745 0.540426 0.35941 0.198436 2.45353 -131.213 1.20515 
1 2.745 0.539268 0.358452 0.198583 2.46421 -131.179 1.23635 
1 2.75 0.536658 0.355243 0.195628 2.44515 -130.855 1.23105 
1 2.75 0.52975 0.349451 0.191667 2.5024 -130.19 1.22449 
1 2.755 0.53174 0.35051 0.191785 2.45961 -130.47 1.19914 
1 2.755 0.531216 0.350824 0.192896 2.49124 -130.023 1.22995 
1 2.76 0.529532 0.347992 0.189904 2.44885 -129.845 1.2003 
1 2.76 0.525096 0.342606 0.185753 2.42318 -129.441 1.18767 
1 2.765 0.523198 0.340163 0.182907 2.40243 -129.005 1.18252 
1 2.765 0.521586 0.339359 0.183256 2.43426 -128.991 1.19206 
1 2.77 0.518054 0.336302 0.180901 2.45206 -128.088 1.20312 
1 2.77 0.514354 0.331377 0.175408 2.41217 -127.621 1.16223 
1 2.775 0.51633 0.334208 0.178557 2.43644 -127.947 1.16424 
1 2.775 0.510558 0.329351 0.175851 2.47503 -127.204 1.19023 
1 2.78 0.509078 0.327204 0.173743 2.44761 -126.883 1.17569 
1 2.78 0.504352 0.322703 0.170288 2.45799 -126.765 1.16471 
1 2.785 0.504492 0.322763 0.17094 2.45065 -126.648 1.19858 
1 2.785 0.50685 0.323423 0.170007 2.38873 -126.462 1.1379 
1 2.79 0.496554 0.314352 0.164428 2.42962 -125.529 1.14879 
1 2.79 0.50316 0.319469 0.166121 2.3763 -126.28 1.11352 
1 2.795 0.499604 0.31711 0.165232 2.41524 -125.682 1.13432 
1 2.795 0.501302 0.317675 0.164995 2.37464 -126.06 1.10382 
1 2.8 0.488214 0.306161 0.157342 2.42171 -124.917 1.09971 
1 2.8 0.49118 0.309065 0.159821 2.4217 -124.685 1.14152 
1 2.805 0.493396 0.309814 0.15924 2.36627 -124.529 1.12706 
1 2.805 0.487526 0.303807 0.154232 2.3574 -123.869 1.08137 
1 2.81 0.486138 0.303153 0.154923 2.37804 -123.8 1.09975 
1 2.81 0.48765 0.304341 0.154208 2.36792 -123.759 1.07803 
1 2.815 0.483984 0.301255 0.153144 2.38063 -123.658 1.0969 
1 2.815 0.47891 0.294279 0.146025 2.30638 -122.512 1.06932 
1 2.82 0.477826 0.294296 0.147262 2.33964 -122.128 1.09778 
1 2.82 0.478674 0.294859 0.147799 2.33086 -122.794 1.072 
1 2.825 0.476862 0.294591 0.148297 2.37853 -122.249 1.0969 
1 2.825 0.472412 0.288194 0.141904 2.30161 -121.696 1.05669 
1 2.83 0.467782 0.284763 0.140466 2.33013 -121.204 1.04629 
1 2.83 0.468088 0.284351 0.140211 2.30545 -121.463 1.04696 
1 2.835 0.46773 0.282931 0.137887 2.26314 -120.739 1.05107 
1 2.835 0.463978 0.280127 0.136792 2.28753 -120.609 1.05693 
1 2.84 0.457018 0.272543 0.130235 2.24216 -119.662 1.01661 
1 2.84 0.466154 0.281585 0.136872 2.26356 -120.796 1.02393 
1 2.845 0.462466 0.27841 0.135143 2.26838 -120.021 1.0306 
1 2.845 0.457974 0.273486 0.131472 2.24064 -119.805 1.01049 
1 2.85 0.452622 0.269723 0.129621 2.27567 -119.278 1.01526 
1 2.85 0.45546 0.271343 0.130384 2.24207 -119.263 1.03101 
1 2.855 0.454806 0.270529 0.129083 2.23048 -119.211 0.994537 
1 2.855 0.45037 0.266934 0.126669 2.24522 -118.451 1.00849 
1 2.86 0.449658 0.265921 0.125809 2.22829 -118.252 1.01157 
1 2.86 0.44561 0.262209 0.124062 2.22522 -117.905 1.0057 
1 2.865 0.448052 0.264222 0.124548 2.2154 -118.374 0.97173 
1 2.865 0.446168 0.262881 0.123794 2.22741 -118.174 0.98964 
1 2.87 0.44157 0.257956 0.12011 2.19414 -116.935 0.967558 
1 2.87 0.4427 0.259409 0.121419 2.20997 -117.296 0.988414 
1 2.875 0.437732 0.254143 0.117177 2.17507 -116.585 0.968119 
1 2.875 0.438968 0.255244 0.118316 2.1757 -116.969 0.950553 
1 2.88 0.43538 0.25084 0.114243 2.12794 -116.201 0.955427 
1 2.88 0.43277 0.249009 0.113511 2.14301 -116.163 0.926493 
1 2.885 0.43599 0.251707 0.115279 2.13585 -116.05 0.963062 
1 2.885 0.431182 0.248792 0.114491 2.17936 -116.332 0.945939 
1 2.89 0.427132 0.244628 0.111072 2.15178 -115.469 0.938923 
1 2.89 0.429486 0.246925 0.11227 2.16149 -115.527 0.943697 
1 2.895 0.423928 0.24092 0.108208 2.11415 -114.907 0.932814 
1 2.895 0.423616 0.240833 0.108462 2.12028 -115.143 0.916016 
1 2.9 0.423212 0.239961 0.107269 2.09836 -114.642 0.912597 
1 2.9 0.423272 0.239572 0.106174 2.08321 -114.614 0.9039 
1 2.905 0.416984 0.234143 0.103738 2.0746 -113.65 0.894411 
1 2.905 0.41534 0.233642 0.103392 2.10448 -114.067 0.886431 
1 2.91 0.418124 0.235504 0.104167 2.0851 -113.9 0.891035 
1 2.91 0.415956 0.233187 0.10206 2.06762 -113.383 0.896385 
1 2.915 0.416972 0.233313 0.101633 2.03936 -113.261 0.886429 
1 2.915 0.409424 0.227198 0.0988273 2.04358 -112.874 0.875999 
1 2.92 0.412036 0.228685 0.0996104 2.01751 -113.082 0.883741 
1 2.92 0.412364 0.228568 0.0986084 2.00423 -112.671 0.873778 
1 2.925 0.404784 0.22275 0.0954167 2.01368 -112.058 0.856356 
1 2.925 0.409528 0.22669 0.0976607 2.0163 -112.515 0.870065 
1 2.93 0.403752 0.222095 0.0958311 2.01634 -111.788 0.879582 
1 2.93 0.401112 0.220183 0.0948823 2.02362 -111.522 0.879902 
1 2.935 0.396986 0.215491 0.090729 1.97251 -111.032 0.837624 
1 2.935 0.40142 0.219948 0.0940282 2.00374 -111.636 0.851976 
1 2.94 0.39677 0.215266 0.0901283 1.96733 -111.083 0.823789 
1 2.94 0.39624 0.215544 0.0914479 1.99107 -110.636 0.857558 
1 2.945 0.393424 0.211538 0.0882136 1.92718 -110.124 0.829264 
1 2.945 0.397738 0.215632 0.0901297 1.95031 -110.728 0.818614 
1 2.95 0.393754 0.211974 0.0880097 1.92988 -110.071 0.827735 
1 2.95 0.391454 0.210752 0.08762 1.94967 -110.132 0.82882 
1 2.955 0.394532 0.212624 0.0883236 1.92788 -109.925 0.830362 
1 2.955 0.391374 0.211744 0.0887394 1.98208 -110.028 0.844373 
1 2.96 0.383912 0.203945 0.083471 1.91069 -108.953 0.815824 
1 2.96 0.388488 0.207075 0.0848517 1.89702 -109.479 0.80411 
1 2.965 0.38843 0.206934 0.0847403 1.89059 -109.294 0.803804 
1 2.965 0.38784 0.205999 0.0833881 1.87451 -109.005 0.786579 
1 2.97 0.383684 0.202966 0.0817057 1.87719 -108.705 0.782478 
1 2.97 0.378988 0.198988 0.0802269 1.86386 -108.233 0.795993 
1 2.975 0.378938 0.199131 0.0803153 1.8668 -107.859 0.785903 
1 2.975 0.38121 0.201369 0.0816317 1.88395 -108.211 0.790228 
1 2.98 0.375756 0.196253 0.0785671 1.84766 -107.58 0.799302 
1 2.98 0.378384 0.197839 0.078584 1.83439 -107.703 0.769814 
1 2.985 0.37786 0.197299 0.0785418 1.82649 -107.569 0.783559 
1 2.985 0.377034 0.197055 0.0783393 1.8392 -107.658 0.773932 
1 2.99 0.375028 0.194351 0.0762499 1.79614 -107.146 0.75399 
1 2.99 0.374618 0.195576 0.0777164 1.8474 -107.298 0.767874 
1 2.995 0.370858 0.191185 0.0745872 1.79131 -106.441 0.754849 
1 2.995 0.370102 0.190572 0.0739983 1.78954 -106.74 0.745345 
1 3 0.362122 0.183892 0.0701515 1.75865 -105.932 0.721793 
1 3 0.370126 0.189784 0.0730457 1.75968 -106.196 0.741175 
1 3.005 0.36072 0.18159 0.0683564 1.71283 -105.455 0.722937 
1 3.005 0.36826 0.188833 0.0733124 1.77098 -106.303 0.751404 
1 3.01 0.359816 0.182191 0.0694261 1.75162 -105.387 0.721378 
1 3.01 0.362596 0.184616 0.0712078 1.76544 -105.447 0.748779 
1 3.015 0.360756 0.182997 0.0700605 1.75298 -105.056 0.748561 
1 3.015 0.357224 0.180092 0.06855 1.74073 -105.176 0.720731 
1 3.02 0.360146 0.181793 0.068854 1.72475 -104.824 0.72979 
1 3.02 0.354888 0.177449 0.0663742 1.70541 -104.607 0.710502 
1 3.025 0.352942 0.175906 0.0659034 1.69712 -104.191 0.713821 
1 3.025 0.360892 0.182538 0.0692971 1.72877 -104.858 0.734031 
1 3.03 0.355304 0.177212 0.0659152 1.68221 -103.987 0.703658 
1 3.03 0.355704 0.177224 0.0654773 1.67321 -104.178 0.69784 
1 3.035 0.351226 0.174242 0.0645235 1.67652 -103.617 0.706441 
1 3.035 0.355196 0.177152 0.0658447 1.68 -103.773 0.697386 
1 3.04 0.35077 0.173852 0.0645335 1.67146 -103.632 0.70612 
1 3.04 0.347872 0.170838 0.0615797 1.63893 -103.163 0.675952 
1 3.045 0.3473 0.170077 0.0615299 1.62428 -103.054 0.69076 
1 3.045 0.346412 0.169906 0.0619354 1.6389 -102.93 0.688507 
1 3.05 0.344094 0.167301 0.0595604 1.60329 -102.423 0.673269 
1 3.05 0.346574 0.169298 0.0607307 1.61262 -102.818 0.683424 
1 3.055 0.342132 0.166379 0.0596528 1.61457 -102.238 0.672313 
1 3.055 0.343656 0.168217 0.0610048 1.6405 -102.469 0.67294 
1 3.06 0.339208 0.163571 0.057733 1.58526 -102.079 0.655425 
1 3.06 0.345012 0.168158 0.0600902 1.6054 -102.029 0.674786 
1 3.065 0.339266 0.164056 0.0587575 1.59722 -101.507 0.682967 
1 3.065 0.338922 0.163958 0.0584305 1.60163 -101.705 0.666683 
1 3.07 0.338996 0.163768 0.0585304 1.59118 -101.624 0.670476 
1 3.07 0.338282 0.162515 0.0569792 1.56615 -101.64 0.646288 
1 3.075 0.336628 0.161977 0.0574485 1.58239 -100.998 0.666815 
1 3.075 0.337594 0.161546 0.0563912 1.5472 -100.947 0.65607 
1 3.08 0.33685 0.161665 0.0565897 1.56486 -101.102 0.650354 
1 3.08 0.33546 0.160324 0.0559185 1.55164 -101.107 0.642406 
1 3.085 0.32951 0.155694 0.0535064 1.5273 -100.151 0.638653 
1 3.085 0.330524 0.156626 0.0540007 1.53581 -100.226 0.638503 
1 3.09 0.330856 0.156209 0.0537405 1.51274 -100.456 0.641288 
1 3.09 0.328982 0.155044 0.0531006 1.51504 -99.9743 0.627009 
1 3.095 0.331008 0.157396 0.0547465 1.54537 -100.465 0.638141 
1 3.095 0.327798 0.153784 0.0522592 1.49702 -99.6422 0.626983 
1 3.1 0.32667 0.153321 0.0521767 1.50348 -99.3674 0.634349 
1 3.1 0.324532 0.150412 0.0498033 1.45453 -98.9489 0.61605 
1 3.105 0.325352 0.15168 0.0510698 1.47588 -99.0341 0.627435 
1 3.105 0.327466 0.153149 0.0509834 1.47875 -98.9156 0.616173 
1 3.11 0.31887 0.147757 0.0498607 1.48164 -98.6008 0.625189 
1 3.11 0.323892 0.151099 0.0507142 1.48529 -98.9248 0.612549 
1 3.115 0.317496 0.146065 0.0484279 1.45302 -98.3809 0.608273 
1 3.115 0.322916 0.149523 0.04933 1.45259 -98.421 0.602041 
1 3.12 0.321038 0.148442 0.0494154 1.45438 -98.1352 0.607147 
1 3.12 0.319252 0.146764 0.0481219 1.43724 -98.0199 0.604758 
1 3.125 0.31627 0.144995 0.0476735 1.43899 -97.7142 0.60725 
1 3.125 0.323642 0.149412 0.0490401 1.42936 -98.4613 0.595458 
1 3.13 0.314316 0.143062 0.0465171 1.4143 -97.4575 0.592548 
1 3.13 0.31483 0.143593 0.0472131 1.42091 -97.6041 0.605698 
1 3.135 0.315854 0.144205 0.0470944 1.4176 -97.6095 0.583932 
1 3.135 0.31974 0.146292 0.0477596 1.40537 -97.3902 0.593748 
1 3.14 0.3127 0.141746 0.0456559 1.40014 -96.9901 0.591025 
1 3.14 0.309444 0.139278 0.044293 1.38606 -96.9177 0.568824 
1 3.145 0.312506 0.140278 0.0444661 1.35512 -97.0632 0.574901 
1 3.145 0.310404 0.139561 0.0442475 1.37393 -96.8298 0.575965 
1 3.15 0.310928 0.140084 0.0448063 1.37801 -96.4946 0.586005 
1 3.15 0.308362 0.138013 0.043913 1.36273 -96.2758 0.578172 
1 3.155 0.305442 0.134902 0.041625 1.31877 -96.0162 0.554569 
1 3.155 0.310768 0.140457 0.0451391 1.39083 -96.4391 0.579142 
1 3.16 0.30267 0.134165 0.0418324 1.3467 -95.5113 0.564309 
1 3.16 0.30379 0.134356 0.0414706 1.33127 -95.4853 0.564009 
1 3.165 0.303386 0.13302 0.0401344 1.29468 -95.5688 0.541058 
1 3.165 0.306226 0.136197 0.0426139 1.34038 -95.6707 0.568523 
1 3.17 0.302102 0.132995 0.0409047 1.31639 -95.1918 0.562559 
1 3.17 0.300956 0.131944 0.0403499 1.30502 -95.3004 0.550475 
1 3.175 0.301378 0.132375 0.0404836 1.30853 -95.104 0.546879 
1 3.175 0.304812 0.135048 0.0422865 1.32716 -95.5613 0.565359 
1 3.18 0.297746 0.129198 0.0388827 1.275 -94.8105 0.548744 
1 3.18 0.297586 0.129511 0.0394328 1.28785 -94.5052 0.549697 
1 3.185 0.300356 0.130743 0.0392205 1.27251 -94.8958 0.545823 
1 3.185 0.302664 0.133186 0.0406392 1.3055 -94.8302 0.547742 
1 3.19 0.297948 0.12912 0.0384823 1.26481 -94.0231 0.541552 
1 3.19 0.294548 0.126991 0.0378185 1.2612 -93.8719 0.534888 
1 3.195 0.29474 0.1268 0.0377104 1.24972 -93.4974 0.541432 
1 3.195 0.29585 0.128579 0.0391937 1.28487 -93.6752 0.554027 
1 3.2 0.29564 0.1284 0.0383797 1.28116 -94.2509 0.534297 
1 3.2 0.293512 0.126629 0.0378475 1.26498 -93.9234 0.529573 
1 3.205 0.289976 0.124416 0.0368723 1.25834 -92.8994 0.528408 
1 3.205 0.29401 0.126329 0.0371214 1.24454 -93.5142 0.522246 
1 3.21 0.288358 0.122072 0.0356031 1.2125 -93.0007 0.522223 
1 3.21 0.290984 0.124286 0.0365349 1.23409 -93.0953 0.52913 
1 3.215 0.288352 0.122635 0.0356294 1.22826 -92.6118 0.525707 
1 3.215 0.291364 0.124255 0.0365787 1.22433 -93.2662 0.515588 
1 3.22 0.286284 0.12145 0.0354775 1.22645 -92.8027 0.518749 
1 3.22 0.286132 0.120787 0.0347977 1.20855 -92.642 0.506592 
1 3.225 0.287022 0.120263 0.0340919 1.17461 -92.2814 0.506029 
1 3.225 0.291518 0.124471 0.0366558 1.22445 -92.5182 0.533086 
1 3.23 0.287364 0.120671 0.0343777 1.17935 -92.162 0.502786 
1 3.23 0.284544 0.1195 0.0342276 1.19302 -92.1502 0.512134 
1 3.235 0.28399 0.118527 0.0331405 1.17084 -91.574 0.500546 
1 3.235 0.284614 0.119472 0.0339581 1.1891 -91.7313 0.503103 
1 3.24 0.28283 0.117795 0.0335859 1.16673 -91.5273 0.499625 
1 3.24 0.281946 0.116683 0.0323108 1.14783 -91.8853 0.490395 
1 3.245 0.277602 0.113947 0.0316313 1.13664 -91.0434 0.498374 
1 3.245 0.283856 0.117992 0.0329612 1.15309 -91.5727 0.492408 
1 3.25 0.280768 0.116325 0.032559 1.15368 -91.1986 0.492703 
1 3.25 0.284148 0.118653 0.0335658 1.16656 -91.3965 0.501008 
1 3.255 0.280068 0.115377 0.0318006 1.13485 -90.9074 0.473786 
1 3.255 0.281902 0.117286 0.0329131 1.16181 -91.0841 0.48264 
1 3.26 0.280104 0.115194 0.0316609 1.12686 -90.4538 0.486559 
1 3.26 0.27751 0.113611 0.0310573 1.12267 -90.3255 0.485686 
1 3.265 0.278176 0.114346 0.0314953 1.13214 -90.5586 0.497478 
1 3.265 0.27982 0.115705 0.0325338 1.14566 -90.9496 0.490729 
1 3.27 0.279226 0.115164 0.0317427 1.13752 -90.2309 0.488821 
1 3.27 0.278104 0.113727 0.0309237 1.1127 -90.2095 0.489182 
1 3.275 0.273138 0.110754 0.0300184 1.10381 -89.6858 0.485471 
1 3.275 0.274564 0.111696 0.0304007 1.10871 -89.8424 0.481377 
1 3.28 0.27389 0.111463 0.030021 1.11119 -89.4504 0.47786 
1 3.28 0.276846 0.113027 0.030807 1.10925 -89.9326 0.470166 
1 3.285 0.27124 0.109484 0.0293894 1.09322 -89.3092 0.467008 
1 3.285 0.274402 0.111202 0.0301063 1.09302 -89.5536 0.471793 
1 3.29 0.26982 0.107708 0.0284377 1.06093 -89.0783 0.466112 
1 3.29 0.272838 0.110626 0.030148 1.09986 -89.3418 0.47601 
1 3.295 0.268432 0.107645 0.0286156 1.08011 -88.7628 0.474534 
1 3.295 0.27166 0.110004 0.0294642 1.09879 -88.9589 0.473916 
1 3.3 0.269102 0.107026 0.0279345 1.04878 -89.1142 0.452105 
1 3.3 0.270438 0.108596 0.0288003 1.07451 -89.0148 0.461931 
1 3.305 0.266996 0.10593 0.027673 1.04819 -88.5116 0.461717 
1 3.305 0.266644 0.106148 0.0278785 1.06047 -88.329 0.455183 
1 3.31 0.268702 0.107304 0.0285628 1.06053 -88.4917 0.465306 
1 3.31 0.264516 0.104142 0.0268061 1.03244 -88.4013 0.446921 
1 3.315 0.267792 0.106282 0.027645 1.04283 -87.9764 0.457995 
1 3.315 0.266516 0.105066 0.0271933 1.0267 -88.0531 0.443464 
1 3.32 0.264362 0.104787 0.0272016 1.05119 -87.9858 0.449511 
1 3.32 0.265778 0.105823 0.0279206 1.05978 -87.8554 0.459759 
1 3.325 0.265032 0.10391 0.0263949 1.01257 -87.4639 0.445495 
1 3.325 0.260722 0.101456 0.025417 1.00691 -87.1839 0.433072 
1 3.33 0.264896 0.103803 0.026362 1.01002 -87.4148 0.442724 
1 3.33 0.263202 0.103039 0.0260429 1.01393 -87.5419 0.435062 
1 3.335 0.25837 0.100134 0.0250771 1.00087 -87.2926 0.433903 
1 3.335 0.262732 0.102114 0.0256367 0.992088 -87.1918 0.426904 
1 3.34 0.26074 0.101274 0.0255349 0.996664 -86.9437 0.44354 
1 3.34 0.256866 0.0985839 0.0241466 0.97616 -87.0051 0.42258 
1 3.345 0.257966 0.0995888 0.0247425 0.987814 -86.7026 0.434714 
1 3.345 0.26121 0.101677 0.0255788 0.999886 -86.7711 0.436569 
1 3.35 0.25857 0.0992244 0.0242409 0.966149 -86.2662 0.432209 
1 3.35 0.262588 0.102276 0.0257952 0.994718 -86.4191 0.437822 
1 3.355 0.259106 0.0999177 0.024568 0.977103 -86.5103 0.427355 
1 3.355 0.256764 0.0989404 0.0246047 0.983984 -86.1411 0.42602 
1 3.36 0.253404 0.0963474 0.0234078 0.956365 -86.0029 0.425095 
1 3.36 0.254536 0.0970594 0.02368 0.960442 -86.1471 0.42532 
1 3.365 0.254494 0.0965636 0.0232408 0.944917 -85.498 0.407953 
1 3.365 0.254872 0.097346 0.0237439 0.962445 -85.7342 0.425389 
1 3.37 0.256954 0.0985693 0.0241968 0.965696 -85.9581 0.430998 
1 3.37 0.254302 0.0961955 0.0229001 0.935489 -85.5884 0.41418 
1 3.375 0.25141 0.0948695 0.0226908 0.938148 -85.2771 0.412094 
1 3.375 0.25114 0.0949428 0.0227944 0.944341 -85.3764 0.412843 
1 3.38 0.250424 0.0943774 0.0224535 0.93684 -85.1478 0.416923 
1 3.38 0.251732 0.0951188 0.0228975 0.939343 -85.6698 0.405349 
1 3.385 0.248426 0.0928911 0.0220425 0.920993 -84.6528 0.416177 
1 3.385 0.253512 0.0957018 0.022984 0.928612 -85.0181 0.41571 
1 3.39 0.243564 0.0896406 0.0207151 0.894311 -84.0263 0.395325 
1 3.39 0.250094 0.0940324 0.02271 0.928771 -85.0433 0.410371 
1 3.395 0.248464 0.0924676 0.0215673 0.90525 -84.606 0.397597 
1 3.395 0.249138 0.0933593 0.0222515 0.921637 -84.3634 0.408484 
1 3.4 0.249898 0.0936596 0.0221947 0.91796 -84.8441 0.404045 
1 3.4 0.250422 0.0944045 0.0225216 0.932157 -84.7618 0.415522 
1 3.405 0.251574 0.0941624 0.0224144 0.906693 -84.2675 0.403237 
1 3.405 0.24741 0.0919152 0.0214418 0.901717 -84.4161 0.395375 
1 3.41 0.249682 0.0938718 0.0222648 0.924654 -84.3875 0.397906 
1 3.41 0.243488 0.0900942 0.0209637 0.903453 -83.6006 0.399524 
1 3.415 0.244854 0.0905995 0.0212299 0.897394 -83.8249 0.40133 
1 3.415 0.246596 0.0915642 0.0212447 0.900573 -83.8174 0.399654 
1 3.42 0.24684 0.0911062 0.020896 0.882347 -83.4721 0.399362 
1 3.42 0.243794 0.089539 0.0205156 0.880219 -83.3399 0.394111 
1 3.425 0.244804 0.0895038 0.0204157 0.863499 -83.2644 0.392897 
1 3.425 0.243812 0.089229 0.0202396 0.869628 -83.1358 0.39771 
1 3.43 0.24357 0.0888823 0.0199396 0.861689 -83.018 0.3845 
1 3.43 0.243346 0.0891924 0.0203117 0.873909 -83.3675 0.380553 
1 3.435 0.241106 0.0883713 0.0204341 0.880327 -82.8283 0.394748 
1 3.435 0.242766 0.088658 0.020294 0.865288 -83.0006 0.393887 
1 3.44 0.242132 0.0882165 0.0199049 0.860133 -83.2706 0.38961 
1 3.44 0.240642 0.087606 0.0200342 0.863298 -82.7794 0.392128 
1 3.445 0.242648 0.0883306 0.0198822 0.854935 -82.7299 0.38265 
1 3.445 0.24093 0.086696 0.0188206 0.831605 -82.4105 0.377108 
1 3.45 0.240302 0.0867596 0.0193265 0.841 -82.3507 0.378887 
1 3.45 0.239768 0.0865632 0.0193676 0.842739 -82.3987 0.388535 
1 3.455 0.236956 0.0854786 0.0192601 0.848929 -82.2339 0.38483 
1 3.455 0.239708 0.0864563 0.0191233 0.839259 -82.1896 0.383954 
1 3.46 0.238908 0.0860698 0.018979 0.837942 -82.5037 0.377383 
1 3.46 0.23509 0.0831573 0.0177705 0.80607 -81.8906 0.372308 
1 3.465 0.235622 0.083958 0.0184172 0.820788 -81.6786 0.378578 
1 3.465 0.23964 0.0860471 0.0187463 0.825968 -81.8282 0.37429 
1 3.47 0.23757 0.0846907 0.0181511 0.814155 -81.4882 0.363857 
1 3.47 0.237162 0.0847108 0.0185932 0.820315 -81.3662 0.372677 
1 3.475 0.235142 0.083668 0.0182367 0.816581 -81.4606 0.369868 
1 3.475 0.237166 0.0848408 0.0185302 0.822824 -81.4764 0.376012 
1 3.48 0.236058 0.0840027 0.0180823 0.812624 -81.2001 0.364392 
1 3.48 0.235478 0.0834223 0.0178965 0.803804 -81.0438 0.374299 
1 3.485 0.234914 0.0833676 0.0181305 0.808694 -81.0537 0.362994 
1 3.485 0.236498 0.0838137 0.0180516 0.800069 -81.1684 0.376378 
1 3.49 0.234836 0.0827589 0.017365 0.791144 -80.8698 0.365393 
1 3.49 0.233956 0.0831677 0.0181288 0.814678 -81.0794 0.366211 
1 3.495 0.230756 0.0805221 0.0168592 0.780365 -80.6028 0.371281 
1 3.495 0.233516 0.0822275 0.0173895 0.792498 -80.7435 0.356413 
