J: 8.12169 1.2197 -0.0852344 0 
nth temperature m m2 m4 ms e sp_h 
2 1 0.999434 0.99888 0.997809 0.00120396 -219.733 0.0261865 
2 1 0.999414 0.998841 0.997733 0.00127366 -219.725 0.0271783 
2 1.005 0.999366 0.998746 0.997546 0.0013411 -219.703 0.0283016 
2 1.005 0.999452 0.998917 0.997883 0.00124375 -219.749 0.0244245 
2 1.01 0.999404 0.998822 0.997696 0.00131136 -219.723 0.0268008 
2 1.01 0.999352 0.998718 0.997493 0.00137625 -219.696 0.0289486 
2 1.015 0.999348 0.998712 0.997485 0.00151871 -219.696 0.0300753 
2 1.015 0.999388 0.99879 0.997635 0.00135817 -219.715 0.0277465 
2 1.02 0.999336 0.998687 0.997431 0.00139991 -219.688 0.0293973 
2 1.02 0.999316 0.998647 0.997351 0.00140511 -219.68 0.0293162 
2 1.025 0.999266 0.998548 0.99716 0.00153573 -219.659 0.0310976 
2 1.025 0.999294 0.998604 0.99727 0.00150845 -219.67 0.031338 
2 1.03 0.999286 0.998588 0.99724 0.00153109 -219.669 0.0306876 
2 1.03 0.999242 0.998502 0.997074 0.00169567 -219.649 0.0337901 
2 1.035 0.999246 0.99851 0.99709 0.00168034 -219.652 0.0330697 
2 1.035 0.999216 0.99845 0.996971 0.0016952 -219.638 0.033263 
2 1.04 0.999172 0.998364 0.996804 0.00183408 -219.617 0.0359819 
2 1.04 0.999182 0.998383 0.996838 0.00173182 -219.621 0.0340798 
2 1.045 0.99925 0.998517 0.997102 0.00160359 -219.65 0.0318018 
2 1.045 0.99915 0.99832 0.996715 0.00180263 -219.603 0.0361814 
2 1.05 0.99913 0.99828 0.996639 0.0018441 -219.597 0.0359084 
2 1.05 0.999182 0.998383 0.99684 0.0017458 -219.62 0.0346314 
2 1.055 0.999102 0.998225 0.99653 0.00189134 -219.582 0.0370198 
2 1.055 0.999112 0.998244 0.996567 0.00182857 -219.587 0.0360746 
2 1.06 0.999074 0.998171 0.996431 0.00208137 -219.576 0.0385784 
2 1.06 0.999012 0.998048 0.99619 0.00218716 -219.549 0.0396368 
2 1.065 0.99898 0.997985 0.996065 0.00220841 -219.529 0.0418472 
2 1.065 0.999102 0.998224 0.996526 0.00180597 -219.58 0.0358687 
2 1.07 0.999008 0.998039 0.99617 0.00209869 -219.539 0.0403609 
2 1.07 0.998916 0.997858 0.995819 0.00234999 -219.504 0.0434484 
2 1.075 0.99899 0.998004 0.996104 0.0021786 -219.534 0.0407177 
2 1.075 0.998954 0.997933 0.99596 0.00217915 -219.512 0.0419391 
2 1.08 0.998924 0.997874 0.99585 0.00231502 -219.506 0.0429134 
2 1.08 0.998908 0.997842 0.995783 0.00225996 -219.494 0.0429099 
2 1.085 0.998938 0.997901 0.9959 0.00220757 -219.509 0.0414997 
2 1.085 0.998944 0.997914 0.995928 0.00227142 -219.513 0.0424355 
2 1.09 0.99883 0.997687 0.995481 0.0023735 -219.457 0.0448191 
2 1.09 0.998862 0.997751 0.995608 0.00237293 -219.473 0.0448681 
2 1.095 0.998832 0.997692 0.995491 0.00240327 -219.461 0.0445965 
2 1.095 0.998844 0.997715 0.995537 0.00236928 -219.464 0.0444037 
2 1.1 0.998718 0.997468 0.995058 0.00271968 -219.413 0.0483318 
2 1.1 0.99872 0.997472 0.995069 0.00276742 -219.414 0.0488777 
2 1.105 0.998684 0.9974 0.994925 0.00274644 -219.391 0.0507708 
2 1.105 0.998664 0.997361 0.994848 0.00279956 -219.383 0.0504675 
2 1.11 0.998698 0.997427 0.994977 0.00268331 -219.398 0.0492648 
2 1.11 0.998666 0.997365 0.994856 0.00278382 -219.388 0.0497945 
2 1.115 0.998694 0.99742 0.994965 0.00272057 -219.401 0.0481807 
2 1.115 0.998574 0.997182 0.994497 0.00288489 -219.343 0.0520547 
2 1.12 0.998564 0.997163 0.994464 0.00297303 -219.341 0.05261 
2 1.12 0.998492 0.997022 0.99419 0.00316124 -219.311 0.0548895 
2 1.125 0.998616 0.997265 0.994657 0.00274529 -219.362 0.0493601 
2 1.125 0.998488 0.997013 0.994168 0.00306079 -219.304 0.0542411 
2 1.13 0.998512 0.997062 0.994271 0.00316689 -219.32 0.0548758 
2 1.13 0.998342 0.996724 0.993606 0.00332841 -219.234 0.0594352 
2 1.135 0.998438 0.996916 0.993986 0.00329164 -219.288 0.0553631 
2 1.135 0.998346 0.996733 0.993628 0.00340654 -219.242 0.0592741 
2 1.14 0.998406 0.996851 0.993851 0.00316308 -219.264 0.0564047 
2 1.14 0.998386 0.996812 0.993778 0.00326272 -219.257 0.0577875 
2 1.145 0.998264 0.996572 0.993312 0.00353767 -219.21 0.0595074 
2 1.145 0.998252 0.996547 0.993263 0.00351306 -219.199 0.0606939 
2 1.15 0.99819 0.996425 0.993028 0.0036699 -219.17 0.063552 
2 1.15 0.998182 0.996411 0.993001 0.00375782 -219.168 0.0631793 
2 1.155 0.99811 0.996267 0.992717 0.00377384 -219.132 0.0643931 
2 1.155 0.998188 0.996422 0.993022 0.00369149 -219.173 0.0621765 
2 1.16 0.998146 0.996338 0.992855 0.00367954 -219.149 0.0632443 
2 1.16 0.998088 0.996227 0.992652 0.00409175 -219.139 0.0660167 
2 1.165 0.998074 0.996197 0.992583 0.00387386 -219.122 0.0636748 
2 1.165 0.998046 0.996142 0.992479 0.00399501 -219.105 0.0657296 
2 1.17 0.998092 0.996231 0.992644 0.00369569 -219.12 0.0631846 
2 1.17 0.998124 0.996296 0.992776 0.00377441 -219.142 0.0634341 
2 1.175 0.997916 0.995886 0.991984 0.00426017 -219.053 0.070376 
2 1.175 0.997966 0.995985 0.992173 0.00411769 -219.073 0.0681485 
2 1.18 0.997898 0.99585 0.991907 0.00416454 -219.043 0.0682475 
2 1.18 0.997904 0.995864 0.991945 0.00438024 -219.049 0.0698633 
2 1.185 0.997778 0.995613 0.991449 0.00442723 -218.98 0.0732787 
2 1.185 0.997846 0.995749 0.991719 0.00441859 -219.021 0.071911 
2 1.19 0.99766 0.995381 0.991 0.00468945 -218.931 0.0762315 
2 1.19 0.997502 0.995073 0.990412 0.00526723 -218.878 0.0808439 
2 1.195 0.99773 0.995518 0.99126 0.00441231 -218.959 0.0729897 
2 1.195 0.997576 0.995215 0.990673 0.00476353 -218.899 0.0772711 
2 1.2 0.99758 0.995225 0.990704 0.0049653 -218.909 0.0767263 
2 1.2 0.997576 0.995219 0.990697 0.00510369 -218.909 0.0774791 
2 1.205 0.997562 0.995188 0.990622 0.00478806 -218.887 0.0778051 
2 1.205 0.99728 0.994635 0.989558 0.00558022 -218.781 0.0844892 
2 1.21 0.99738 0.994828 0.989922 0.00508559 -218.806 0.0820339 
2 1.21 0.997364 0.994797 0.989863 0.00514475 -218.805 0.0815777 
2 1.215 0.997382 0.994833 0.989933 0.0051149 -218.802 0.0824121 
2 1.215 0.99742 0.994908 0.990082 0.00508836 -218.828 0.0801844 
2 1.22 0.997162 0.9944 0.989092 0.00553982 -218.714 0.0871444 
2 1.22 0.997218 0.994512 0.989319 0.00561151 -218.735 0.0873329 
2 1.225 0.997214 0.994503 0.989297 0.00550189 -218.739 0.0855934 
2 1.225 0.997042 0.994168 0.988657 0.00612002 -218.672 0.0903921 
2 1.23 0.997092 0.994263 0.988829 0.00570598 -218.677 0.0894096 
2 1.23 0.99702 0.99412 0.988548 0.00576257 -218.649 0.0900305 
2 1.235 0.997074 0.994227 0.988761 0.00572944 -218.676 0.0875838 
2 1.235 0.997032 0.994143 0.988593 0.0056932 -218.654 0.0880724 
2 1.24 0.996996 0.994077 0.988481 0.00610451 -218.645 0.0924161 
2 1.24 0.99692 0.993926 0.988185 0.00618981 -218.609 0.0931091 
2 1.245 0.996804 0.993693 0.987716 0.00602294 -218.553 0.0921088 
2 1.245 0.996878 0.993839 0.987999 0.00587736 -218.578 0.0923797 
2 1.25 0.996814 0.993717 0.987779 0.00632715 -218.558 0.0951504 
2 1.25 0.996658 0.993412 0.987196 0.00681528 -218.506 0.0986419 
2 1.255 0.996848 0.993781 0.98789 0.0059717 -218.572 0.0907049 
2 1.255 0.996648 0.993388 0.987132 0.00644176 -218.487 0.0968028 
2 1.26 0.996548 0.99319 0.986746 0.00655267 -218.433 0.0997403 
2 1.26 0.996536 0.993174 0.986741 0.00716196 -218.456 0.10176 
2 1.265 0.996504 0.993109 0.986608 0.00703383 -218.429 0.101121 
2 1.265 0.996454 0.993008 0.9864 0.00688268 -218.402 0.101217 
2 1.27 0.99646 0.99302 0.986428 0.00690617 -218.411 0.101001 
2 1.27 0.996464 0.993029 0.986445 0.0069336 -218.403 0.101805 
2 1.275 0.996088 0.992286 0.985 0.0074648 -218.242 0.108576 
2 1.275 0.996162 0.992437 0.985308 0.00768233 -218.29 0.109264 
2 1.28 0.996074 0.992261 0.984959 0.00763645 -218.245 0.109234 
2 1.28 0.99613 0.992371 0.985172 0.00753305 -218.258 0.109351 
2 1.285 0.996066 0.992246 0.984931 0.00765787 -218.233 0.110324 
2 1.285 0.996016 0.992144 0.984719 0.00746208 -218.205 0.108905 
2 1.29 0.995894 0.991907 0.984271 0.00788688 -218.161 0.112729 
2 1.29 0.995842 0.991807 0.984091 0.00823186 -218.141 0.117069 
2 1.295 0.995786 0.991694 0.983859 0.00805886 -218.1 0.117257 
2 1.295 0.995822 0.991767 0.984008 0.00814396 -218.127 0.11654 
2 1.3 0.995774 0.991672 0.983819 0.00813084 -218.098 0.115935 
2 1.3 0.995728 0.991585 0.983664 0.00848539 -218.104 0.116346 
2 1.305 0.995552 0.991241 0.983009 0.00900347 -218.027 0.12025 
2 1.305 0.995458 0.991049 0.982611 0.00861075 -217.966 0.121071 
2 1.31 0.995532 0.991198 0.982909 0.00866847 -218.006 0.119879 
2 1.31 0.995302 0.99075 0.98206 0.00945716 -217.914 0.126586 
2 1.315 0.995178 0.990504 0.981579 0.00951394 -217.851 0.129506 
2 1.315 0.995424 0.990979 0.982461 0.00834222 -217.927 0.120178 
2 1.32 0.995028 0.990204 0.980978 0.0093454 -217.78 0.12831 
2 1.32 0.995328 0.990798 0.982143 0.00912821 -217.921 0.121413 
2 1.325 0.995054 0.990255 0.981078 0.0092662 -217.786 0.127947 
2 1.325 0.995016 0.990184 0.980952 0.00959092 -217.78 0.130578 
2 1.33 0.995068 0.990289 0.981164 0.00967183 -217.808 0.127574 
2 1.33 0.995056 0.990266 0.981119 0.00970503 -217.797 0.129412 
2 1.335 0.994748 0.989661 0.979958 0.0103263 -217.674 0.135887 
2 1.335 0.99487 0.989899 0.980408 0.00992682 -217.726 0.131158 
2 1.34 0.99465 0.989466 0.979569 0.0102371 -217.63 0.13506 
2 1.34 0.99464 0.989444 0.979516 0.010059 -217.613 0.135419 
2 1.345 0.994566 0.989297 0.979229 0.0100841 -217.579 0.134562 
2 1.345 0.994482 0.989139 0.978949 0.0107354 -217.564 0.140407 
2 1.35 0.99446 0.98909 0.978833 0.0103191 -217.532 0.136662 
2 1.35 0.994548 0.989268 0.979198 0.0105686 -217.587 0.136772 
2 1.355 0.994382 0.988944 0.978578 0.0109637 -217.516 0.140739 
2 1.355 0.993982 0.988156 0.97705 0.0115235 -217.332 0.149817 
2 1.36 0.994156 0.9885 0.97772 0.0112947 -217.43 0.144292 
2 1.36 0.993916 0.988025 0.97679 0.0114783 -217.308 0.146707 
2 1.365 0.993802 0.987807 0.976392 0.0120634 -217.273 0.151228 
2 1.365 0.99384 0.987883 0.976545 0.0121065 -217.295 0.153471 
2 1.37 0.993774 0.987754 0.976297 0.0122392 -217.247 0.154332 
2 1.37 0.993926 0.988047 0.976841 0.0115231 -217.325 0.146266 
2 1.375 0.993964 0.988122 0.976986 0.0114361 -217.331 0.145859 
2 1.375 0.993778 0.987751 0.976251 0.0113721 -217.227 0.149628 
2 1.38 0.993628 0.987465 0.97573 0.0121882 -217.193 0.154431 
2 1.38 0.99354 0.987287 0.97537 0.0119963 -217.126 0.157189 
2 1.385 0.993378 0.986971 0.974768 0.0123804 -217.063 0.158056 
2 1.385 0.993208 0.986641 0.974141 0.0128887 -217.011 0.160541 
2 1.39 0.993054 0.986347 0.973606 0.0137348 -216.972 0.162778 
2 1.39 0.993214 0.986654 0.974171 0.0129317 -216.998 0.16096 
2 1.395 0.992964 0.986171 0.973268 0.0138505 -216.928 0.16709 
2 1.395 0.993006 0.986253 0.973423 0.0137408 -216.935 0.164958 
2 1.4 0.992728 0.985708 0.972375 0.0141941 -216.808 0.171256 
2 1.4 0.992956 0.986148 0.973197 0.0132959 -216.897 0.163737 
2 1.405 0.992812 0.985866 0.972656 0.0135354 -216.823 0.166497 
2 1.405 0.992612 0.985472 0.97189 0.0137379 -216.751 0.168616 
2 1.41 0.99256 0.985373 0.971715 0.0140373 -216.732 0.170517 
2 1.41 0.992626 0.985508 0.971992 0.0143194 -216.763 0.171275 
2 1.415 0.992424 0.985109 0.971211 0.0143579 -216.681 0.171386 
2 1.415 0.992352 0.984973 0.970971 0.0148854 -216.652 0.176083 
2 1.42 0.992528 0.985318 0.971635 0.0145077 -216.729 0.173025 
2 1.42 0.992242 0.984751 0.97052 0.0145418 -216.604 0.172911 
2 1.425 0.992018 0.984311 0.969674 0.0148609 -216.493 0.177239 
2 1.425 0.99193 0.984141 0.969354 0.0151323 -216.463 0.181468 
2 1.43 0.991836 0.983964 0.969038 0.0157251 -216.441 0.182964 
2 1.43 0.991958 0.984201 0.969482 0.0154018 -216.489 0.173338 
2 1.435 0.991494 0.983294 0.967755 0.0163016 -216.294 0.18892 
2 1.435 0.99153 0.983362 0.967876 0.0160543 -216.286 0.190481 
2 1.44 0.991262 0.982845 0.966907 0.0169561 -216.205 0.191945 
2 1.44 0.991462 0.983235 0.967649 0.0165016 -216.276 0.190186 
2 1.445 0.991638 0.983571 0.96827 0.0156039 -216.342 0.184333 
2 1.445 0.991384 0.983077 0.96733 0.0162273 -216.231 0.190567 
2 1.45 0.991124 0.982576 0.966397 0.0171598 -216.158 0.192858 
2 1.45 0.990914 0.982163 0.965604 0.0174431 -216.055 0.198516 
2 1.455 0.99075 0.981837 0.96496 0.0173029 -215.973 0.199585 
2 1.455 0.990746 0.981838 0.964988 0.0178697 -215.997 0.19977 
2 1.46 0.990842 0.982016 0.965298 0.016998 -216.021 0.195742 
2 1.46 0.990474 0.981304 0.963959 0.01816 -215.877 0.200397 
2 1.465 0.990254 0.980872 0.963128 0.0183546 -215.771 0.206692 
2 1.465 0.990152 0.980677 0.962768 0.0188435 -215.729 0.207168 
2 1.47 0.990232 0.980839 0.963097 0.0190167 -215.777 0.205604 
2 1.47 0.989926 0.980232 0.961904 0.0189166 -215.645 0.208858 
2 1.475 0.990124 0.980614 0.96262 0.0181793 -215.722 0.203396 
2 1.475 0.989692 0.979782 0.961077 0.0198119 -215.554 0.217854 
2 1.48 0.989834 0.980061 0.96161 0.0195819 -215.625 0.20849 
2 1.48 0.989904 0.980193 0.961849 0.0191453 -215.654 0.207589 
2 1.485 0.98945 0.979308 0.960161 0.0199662 -215.417 0.220257 
2 1.485 0.989198 0.978821 0.959252 0.0207728 -215.355 0.222233 
2 1.49 0.989496 0.979395 0.960322 0.0196447 -215.446 0.218782 
2 1.49 0.989184 0.978794 0.959199 0.020707 -215.332 0.224476 
2 1.495 0.98894 0.97833 0.958351 0.0218967 -215.26 0.224361 
2 1.495 0.989334 0.979083 0.95974 0.020171 -215.372 0.219689 
2 1.5 0.989148 0.978719 0.959044 0.0203783 -215.327 0.217693 
2 1.5 0.988832 0.978114 0.957932 0.0217171 -215.219 0.225526 
2 1.505 0.988502 0.977474 0.956721 0.0224157 -215.089 0.231613 
2 1.505 0.988618 0.977679 0.957038 0.0208113 -215.09 0.22367 
2 1.51 0.988456 0.977382 0.956535 0.0222792 -215.036 0.232055 
2 1.51 0.988144 0.976769 0.955354 0.0225268 -214.91 0.234217 
2 1.515 0.98786 0.976218 0.954317 0.0231169 -214.795 0.24096 
2 1.515 0.988088 0.976668 0.955195 0.0231145 -214.899 0.240636 
2 1.52 0.987852 0.9762 0.954275 0.0229228 -214.78 0.238688 
2 1.52 0.988 0.976489 0.954825 0.0226895 -214.815 0.240083 
2 1.525 0.98765 0.975802 0.953498 0.022893 -214.706 0.236522 
2 1.525 0.987462 0.975455 0.952912 0.0245271 -214.637 0.248187 
2 1.53 0.98762 0.975751 0.953434 0.0234049 -214.694 0.239128 
2 1.53 0.987212 0.974972 0.952 0.0251024 -214.548 0.247739 
2 1.535 0.98698 0.974519 0.95114 0.0253498 -214.469 0.252453 
2 1.535 0.987028 0.974604 0.951276 0.0247692 -214.478 0.248811 
2 1.54 0.986692 0.973967 0.95013 0.0263803 -214.36 0.261125 
2 1.54 0.986562 0.973702 0.949581 0.0257935 -214.286 0.257478 
2 1.545 0.98637 0.973329 0.948878 0.0261245 -214.212 0.2585 
2 1.545 0.986572 0.973711 0.949563 0.0250465 -214.255 0.254083 
2 1.55 0.985882 0.972388 0.947118 0.0273859 -214.038 0.261749 
2 1.55 0.986098 0.972823 0.947987 0.0279571 -214.11 0.26592 
2 1.555 0.985966 0.972552 0.947429 0.0271876 -214.032 0.263603 
2 1.555 0.98604 0.972668 0.947556 0.0252706 -214 0.259063 
2 1.56 0.985672 0.971985 0.946367 0.0279121 -213.925 0.262034 
2 1.56 0.985774 0.972157 0.946611 0.0260603 -213.978 0.253806 
2 1.565 0.985632 0.971891 0.946143 0.0268703 -213.897 0.260956 
2 1.565 0.985368 0.971395 0.945264 0.0284361 -213.807 0.27433 
2 1.57 0.98457 0.969858 0.942392 0.0305857 -213.514 0.277339 
2 1.57 0.985414 0.971483 0.945422 0.0281585 -213.841 0.265837 
2 1.575 0.984868 0.970434 0.94348 0.0297691 -213.636 0.275092 
2 1.575 0.984868 0.970422 0.943422 0.0290478 -213.59 0.280341 
2 1.58 0.984556 0.969815 0.94226 0.0293698 -213.484 0.27162 
2 1.58 0.983872 0.968514 0.939906 0.0322764 -213.234 0.296483 
2 1.585 0.984414 0.969547 0.941785 0.0300414 -213.424 0.282863 
2 1.585 0.984006 0.968751 0.940277 0.0304954 -213.275 0.28732 
2 1.59 0.983694 0.968155 0.939179 0.0315217 -213.148 0.286248 
2 1.59 0.983962 0.968657 0.940065 0.0299486 -213.218 0.283635 
2 1.595 0.983648 0.968078 0.939082 0.0322841 -213.154 0.293195 
2 1.595 0.984022 0.968786 0.940351 0.0305319 -213.257 0.284254 
2 1.6 0.983016 0.966861 0.936803 0.0337565 -212.881 0.303328 
2 1.6 0.983458 0.967685 0.938253 0.0309451 -213.04 0.286359 
2 1.605 0.983334 0.967462 0.937892 0.0321573 -213.011 0.293188 
2 1.605 0.982932 0.966674 0.936378 0.0323217 -212.837 0.293916 
2 1.61 0.982766 0.966357 0.935796 0.0327944 -212.745 0.29759 
2 1.61 0.982566 0.965977 0.935109 0.0336258 -212.701 0.302353 
2 1.615 0.982406 0.96567 0.934539 0.0339772 -212.617 0.303713 
2 1.615 0.981974 0.964871 0.933169 0.037007 -212.499 0.32409 
2 1.62 0.981732 0.96437 0.93212 0.0353259 -212.371 0.31193 
2 1.62 0.982102 0.965088 0.933471 0.0347865 -212.545 0.305302 
2 1.625 0.98168 0.964299 0.932084 0.0371432 -212.397 0.315582 
2 1.625 0.980822 0.962631 0.928922 0.0381 -212.031 0.32427 
2 1.63 0.981086 0.963143 0.929886 0.037643 -212.141 0.319503 
2 1.63 0.981152 0.963273 0.930135 0.0376413 -212.165 0.315911 
2 1.635 0.98141 0.963783 0.931133 0.0377524 -212.291 0.318646 
2 1.635 0.980928 0.962808 0.929172 0.0359987 -212.037 0.321431 
2 1.64 0.980574 0.962131 0.927922 0.0369141 -211.911 0.318499 
2 1.64 0.980318 0.961654 0.927082 0.0384499 -211.782 0.331665 
2 1.645 0.980482 0.961958 0.927618 0.0372941 -211.848 0.327685 
2 1.645 0.979934 0.960944 0.925867 0.0409602 -211.722 0.340379 
2 1.65 0.979746 0.960578 0.925172 0.0409731 -211.64 0.335286 
2 1.65 0.97976 0.960571 0.925045 0.0388717 -211.598 0.327631 
2 1.655 0.978918 0.95899 0.922221 0.0428707 -211.312 0.341571 
2 1.655 0.979264 0.95964 0.923386 0.0412047 -211.423 0.338064 
2 1.66 0.97905 0.95924 0.922666 0.0422372 -211.357 0.339195 
2 1.66 0.979448 0.959973 0.923941 0.0394082 -211.486 0.33208 
2 1.665 0.97875 0.958636 0.921486 0.0410953 -211.23 0.340662 
2 1.665 0.97842 0.95801 0.920352 0.0423053 -211.101 0.348296 
2 1.67 0.97806 0.957356 0.919258 0.0451686 -211.034 0.354895 
2 1.67 0.978172 0.957518 0.919391 0.0417592 -210.971 0.347726 
2 1.675 0.977608 0.956499 0.917705 0.0466363 -210.828 0.364434 
2 1.675 0.977516 0.956297 0.917234 0.0453152 -210.791 0.352375 
2 1.68 0.97762 0.956474 0.917512 0.0436581 -210.793 0.355971 
2 1.68 0.977414 0.956093 0.916856 0.0449519 -210.718 0.364747 
2 1.685 0.97684 0.95501 0.9149 0.0470845 -210.546 0.365169 
2 1.685 0.976698 0.954724 0.914341 0.0465719 -210.511 0.361532 
2 1.69 0.976468 0.954304 0.913634 0.0481754 -210.417 0.369995 
2 1.69 0.975708 0.952842 0.910919 0.0494615 -210.119 0.379906 
2 1.695 0.976002 0.953391 0.911885 0.0478664 -210.203 0.374459 
2 1.695 0.975836 0.953067 0.91127 0.0478738 -210.084 0.378978 
2 1.7 0.975922 0.953225 0.911543 0.0471276 -210.124 0.372141 
2 1.7 0.975312 0.952074 0.909468 0.0494131 -209.914 0.379047 
2 1.705 0.974884 0.951266 0.908032 0.0508708 -209.777 0.393541 
2 1.705 0.974958 0.951384 0.908163 0.0492937 -209.8 0.380945 
2 1.71 0.975148 0.951761 0.908897 0.0495473 -209.859 0.37854 
2 1.71 0.975362 0.952154 0.90957 0.0481058 -209.937 0.371645 
2 1.715 0.974614 0.950741 0.907042 0.0506677 -209.648 0.387814 
2 1.715 0.974206 0.949947 0.90553 0.0506909 -209.477 0.390529 
2 1.72 0.97375 0.949082 0.903969 0.0519033 -209.307 0.395278 
2 1.72 0.973828 0.949273 0.904451 0.0541806 -209.402 0.398064 
2 1.725 0.973594 0.948796 0.903477 0.0527886 -209.28 0.394069 
2 1.725 0.972866 0.947402 0.900897 0.0541232 -209.016 0.398318 
2 1.73 0.973078 0.947811 0.901667 0.0537553 -209.058 0.400896 
2 1.73 0.973228 0.948074 0.902075 0.0521237 -209.078 0.388912 
2 1.735 0.972158 0.946061 0.898493 0.0558884 -208.751 0.407114 
2 1.735 0.972478 0.946695 0.899725 0.0565821 -208.871 0.409609 
2 1.74 0.971982 0.945759 0.898044 0.0580501 -208.687 0.414523 
2 1.74 0.972268 0.946269 0.898858 0.0553733 -208.793 0.401186 
2 1.745 0.971958 0.945699 0.897882 0.0571236 -208.687 0.401291 
2 1.745 0.971606 0.945031 0.8967 0.0580482 -208.6 0.414876 
2 1.75 0.971416 0.944676 0.896045 0.0586877 -208.486 0.411211 
2 1.75 0.97083 0.943555 0.894009 0.0596818 -208.333 0.416995 
2 1.755 0.970742 0.943369 0.893616 0.058649 -208.206 0.424812 
2 1.755 0.970486 0.942873 0.892678 0.0586851 -208.136 0.418266 
2 1.76 0.970288 0.942513 0.892078 0.0598907 -208.094 0.419174 
2 1.76 0.970362 0.942634 0.89222 0.058638 -208.116 0.405096 
2 1.765 0.969572 0.941178 0.889688 0.0627794 -207.774 0.435512 
2 1.765 0.969852 0.94168 0.890552 0.0604316 -207.869 0.432164 
2 1.77 0.969086 0.940275 0.888146 0.0648025 -207.613 0.448671 
2 1.77 0.969608 0.941233 0.889776 0.0617766 -207.751 0.427901 
2 1.775 0.968808 0.939707 0.887013 0.063005 -207.486 0.441094 
2 1.775 0.968192 0.938561 0.884996 0.0656727 -207.3 0.445506 
2 1.78 0.968824 0.939724 0.886984 0.0620122 -207.498 0.426155 
2 1.78 0.968268 0.938678 0.885132 0.0637775 -207.329 0.436963 
2 1.785 0.96824 0.938592 0.884883 0.0618321 -207.27 0.436693 
2 1.785 0.967708 0.937672 0.883459 0.0679768 -207.108 0.450616 
2 1.79 0.967322 0.936931 0.882099 0.0681133 -207.025 0.444294 
2 1.79 0.96684 0.936055 0.880651 0.0712634 -206.943 0.452102 
2 1.795 0.966694 0.935741 0.879959 0.0692875 -206.862 0.441777 
2 1.795 0.966806 0.935937 0.880274 0.0681648 -206.857 0.446054 
2 1.8 0.96547 0.933405 0.875693 0.0706866 -206.317 0.461536 
2 1.8 0.965794 0.933987 0.876652 0.0682572 -206.439 0.455895 
2 1.805 0.965668 0.933848 0.876699 0.0738722 -206.457 0.46972 
2 1.805 0.965126 0.932801 0.874741 0.0738396 -206.265 0.463492 
2 1.81 0.964774 0.932077 0.873288 0.0711762 -206.057 0.463894 
2 1.81 0.965156 0.932837 0.874742 0.0724053 -206.185 0.465401 
2 1.815 0.964242 0.931116 0.871666 0.0745458 -205.868 0.474788 
2 1.815 0.964078 0.930883 0.871451 0.0791521 -205.892 0.477778 
2 1.82 0.963632 0.929982 0.869691 0.0766906 -205.694 0.476574 
2 1.82 0.963586 0.929841 0.869307 0.0737704 -205.717 0.469554 
2 1.825 0.962662 0.928141 0.866366 0.0779569 -205.347 0.476782 
2 1.825 0.96289 0.928569 0.867147 0.0773615 -205.441 0.484335 
2 1.83 0.96223 0.927397 0.865182 0.0825283 -205.25 0.489303 
2 1.83 0.962058 0.927035 0.864504 0.0808199 -205.205 0.487445 
2 1.835 0.960774 0.924643 0.860296 0.0848088 -204.722 0.501637 
2 1.835 0.961882 0.92671 0.863895 0.0813438 -205.048 0.48704 
2 1.84 0.960476 0.924185 0.859699 0.0908268 -204.679 0.507747 
2 1.84 0.961264 0.925519 0.86172 0.0810088 -204.845 0.498832 
2 1.845 0.960488 0.924102 0.859304 0.0848001 -204.575 0.506282 
2 1.845 0.961022 0.925034 0.860791 0.0797114 -204.672 0.498892 
2 1.85 0.959648 0.92253 0.856569 0.0867955 -204.322 0.516973 
2 1.85 0.959626 0.922468 0.856384 0.0857503 -204.309 0.504849 
2 1.855 0.959142 0.921575 0.854826 0.0874148 -204.089 0.506337 
2 1.855 0.959564 0.922294 0.855884 0.082504 -204.151 0.502176 
2 1.86 0.957962 0.919332 0.850776 0.0882391 -203.704 0.51185 
2 1.86 0.959054 0.921397 0.854512 0.0867067 -204.056 0.520235 
2 1.865 0.957186 0.917988 0.848594 0.0956205 -203.504 0.517815 
2 1.865 0.957728 0.918895 0.850008 0.0885683 -203.562 0.51645 
2 1.87 0.956536 0.916764 0.846527 0.0964193 -203.205 0.545064 
2 1.87 0.957412 0.91838 0.849338 0.0931605 -203.527 0.534505 
2 1.875 0.956922 0.917466 0.847742 0.0942168 -203.383 0.534414 
2 1.875 0.956564 0.91684 0.846747 0.097333 -203.343 0.540592 
2 1.88 0.955806 0.915521 0.844597 0.104041 -203.077 0.541135 
2 1.88 0.95541 0.914638 0.842757 0.0973028 -202.849 0.545882 
2 1.885 0.955456 0.914681 0.842706 0.0947051 -202.804 0.53718 
2 1.885 0.955 0.913923 0.84166 0.100679 -202.71 0.557475 
2 1.89 0.955486 0.914774 0.842929 0.0962997 -202.847 0.535361 
2 1.89 0.95483 0.913499 0.840567 0.0951932 -202.652 0.528958 
2 1.895 0.953566 0.911323 0.837156 0.107407 -202.196 0.570714 
2 1.895 0.953808 0.911682 0.837616 0.101985 -202.324 0.54034 
2 1.9 0.953022 0.910312 0.835465 0.108458 -202.114 0.562017 
2 1.9 0.953254 0.910794 0.836358 0.11058 -202.143 0.571773 
2 1.905 0.951986 0.908299 0.831737 0.106145 -201.644 0.563694 
2 1.905 0.952928 0.910167 0.835286 0.109992 -202.012 0.558614 
2 1.91 0.951366 0.907191 0.829926 0.109628 -201.521 0.566818 
2 1.91 0.952134 0.908607 0.832365 0.107196 -201.761 0.559564 
2 1.915 0.951378 0.907231 0.830049 0.110217 -201.493 0.574668 
2 1.915 0.95097 0.906499 0.828902 0.112532 -201.405 0.584775 
2 1.92 0.950488 0.905682 0.827571 0.117438 -201.251 0.585379 
2 1.92 0.94966 0.9041 0.824822 0.116956 -200.998 0.593697 
2 1.925 0.948026 0.901109 0.819661 0.122395 -200.426 0.601074 
2 1.925 0.948816 0.902503 0.821927 0.116947 -200.67 0.586678 
2 1.93 0.948348 0.901719 0.820778 0.122022 -200.615 0.596123 
2 1.93 0.947584 0.900285 0.818276 0.122773 -200.387 0.597824 
2 1.935 0.94713 0.899488 0.817007 0.125735 -200.211 0.607557 
2 1.935 0.94752 0.900121 0.817848 0.120257 -200.221 0.593902 
2 1.94 0.947028 0.899352 0.816894 0.128332 -200.05 0.625351 
2 1.94 0.94723 0.899629 0.816998 0.122924 -200.128 0.592618 
2 1.945 0.944872 0.895579 0.810657 0.143771 -199.434 0.633649 
2 1.945 0.946758 0.898707 0.815339 0.121121 -199.93 0.599066 
2 1.95 0.94483 0.895239 0.809614 0.130022 -199.394 0.616277 
2 1.95 0.943952 0.893738 0.807271 0.138091 -199.131 0.6237 
2 1.955 0.944208 0.8941 0.807656 0.13153 -199.073 0.617201 
2 1.955 0.944346 0.894469 0.808624 0.137041 -199.344 0.618596 
2 1.96 0.942642 0.891303 0.803151 0.139238 -198.76 0.63515 
2 1.96 0.9427 0.891447 0.803322 0.140983 -198.735 0.628634 
2 1.965 0.94301 0.891932 0.804101 0.135598 -198.79 0.628823 
2 1.965 0.942804 0.891398 0.802844 0.128194 -198.653 0.622213 
2 1.97 0.941258 0.888676 0.798476 0.137514 -198.278 0.638912 
2 1.97 0.94149 0.889271 0.799761 0.14555 -198.385 0.63459 
2 1.975 0.941034 0.888307 0.797892 0.139853 -198.144 0.633615 
2 1.975 0.93986 0.886376 0.795061 0.153887 -197.987 0.646608 
2 1.98 0.939804 0.886203 0.794649 0.150083 -197.872 0.652252 
2 1.98 0.939788 0.886151 0.794573 0.148951 -197.762 0.664259 
2 1.985 0.93915 0.884857 0.791991 0.143768 -197.448 0.641866 
2 1.985 0.938582 0.883895 0.790659 0.149055 -197.417 0.658195 
2 1.99 0.938212 0.88325 0.789604 0.151164 -197.273 0.657469 
2 1.99 0.93695 0.881395 0.787233 0.176865 -197.074 0.685516 
2 1.995 0.937136 0.881306 0.786486 0.154488 -196.946 0.679202 
2 1.995 0.936156 0.879701 0.783987 0.166044 -196.671 0.679563 
2 2 0.93606 0.879684 0.784262 0.17378 -196.77 0.688081 
2 2 0.936484 0.88007 0.784107 0.153402 -196.629 0.6678 
2 2.005 0.935198 0.877889 0.78087 0.164294 -196.385 0.67855 
2 2.005 0.933456 0.874857 0.776106 0.175428 -195.877 0.708818 
2 2.01 0.933656 0.875104 0.776234 0.168692 -195.913 0.67982 
2 2.01 0.934374 0.876424 0.778593 0.167609 -196.162 0.68884 
2 2.015 0.933348 0.874557 0.775326 0.169651 -195.835 0.681089 
2 2.015 0.933122 0.874115 0.774453 0.168656 -195.706 0.68238 
2 2.02 0.931408 0.871063 0.769678 0.175343 -195.259 0.704874 
2 2.02 0.931844 0.871983 0.771181 0.180667 -195.428 0.685411 
2 2.025 0.931068 0.870508 0.768776 0.178768 -195.184 0.700609 
2 2.025 0.93116 0.870975 0.770111 0.193383 -195.369 0.705768 
2 2.03 0.929326 0.867599 0.764302 0.194709 -194.714 0.712869 
2 2.03 0.929858 0.868361 0.765266 0.183483 -194.712 0.715439 
2 2.035 0.928458 0.865958 0.761688 0.192795 -194.408 0.730401 
2 2.035 0.928092 0.865493 0.760988 0.20334 -194.339 0.724751 
2 2.04 0.928346 0.865681 0.760962 0.188972 -194.222 0.7139 
2 2.04 0.92785 0.864678 0.759019 0.184926 -194.079 0.696393 
2 2.045 0.926892 0.863182 0.756954 0.198209 -193.919 0.715486 
2 2.045 0.927682 0.864713 0.759583 0.201427 -194.124 0.72052 
2 2.05 0.926092 0.861763 0.754717 0.200793 -193.682 0.721142 
2 2.05 0.925446 0.860622 0.752972 0.203515 -193.429 0.751634 
2 2.055 0.92509 0.85995 0.751692 0.202381 -193.227 0.738566 
2 2.055 0.924742 0.859402 0.750937 0.207024 -193.254 0.723077 
2 2.06 0.923248 0.856643 0.746553 0.206618 -192.775 0.750554 
2 2.06 0.923944 0.858218 0.749597 0.220647 -193.176 0.752254 
2 2.065 0.92194 0.854541 0.743267 0.221172 -192.496 0.749382 
2 2.065 0.921808 0.854271 0.74287 0.219906 -192.382 0.758424 
2 2.07 0.92097 0.85303 0.741359 0.234028 -192.292 0.765432 
2 2.07 0.922868 0.85601 0.745282 0.208905 -192.63 0.747149 
2 2.075 0.919856 0.850987 0.73811 0.233826 -191.957 0.76759 
2 2.075 0.919306 0.849915 0.736149 0.230934 -191.834 0.768459 
2 2.08 0.917386 0.846734 0.731267 0.246946 -191.297 0.779516 
2 2.08 0.919322 0.849914 0.735987 0.228895 -191.658 0.781672 
2 2.085 0.917292 0.846337 0.730287 0.235623 -191.055 0.774637 
2 2.085 0.917378 0.8467 0.731101 0.245451 -191.212 0.779447 
2 2.09 0.917404 0.846578 0.730637 0.236734 -191.161 0.770829 
2 2.09 0.916678 0.84559 0.729695 0.253162 -191.052 0.787552 
2 2.095 0.91437 0.841532 0.723156 0.26058 -190.468 0.785407 
2 2.095 0.914804 0.842368 0.724637 0.262608 -190.595 0.798639 
2 2.1 0.913152 0.839365 0.719892 0.262799 -190.163 0.796666 
2 2.1 0.913406 0.840063 0.721473 0.273943 -190.185 0.827405 
2 2.105 0.912442 0.837991 0.717341 0.258476 -189.847 0.785655 
2 2.105 0.910846 0.835573 0.714221 0.281821 -189.517 0.821675 
2 2.11 0.910666 0.834949 0.712714 0.267149 -189.241 0.806897 
2 2.11 0.910116 0.834195 0.711826 0.278877 -189.296 0.807577 
2 2.115 0.908716 0.831766 0.708147 0.283761 -188.798 0.841083 
2 2.115 0.910462 0.834693 0.712338 0.271967 -189.27 0.809167 
2 2.12 0.908536 0.83176 0.708584 0.298235 -188.874 0.835726 
2 2.12 0.909214 0.832748 0.709695 0.286692 -188.845 0.823557 
2 2.125 0.906908 0.828757 0.703757 0.295275 -188.435 0.831442 
2 2.125 0.907502 0.829636 0.704814 0.285941 -188.497 0.833216 
2 2.13 0.90621 0.827571 0.70163 0.298345 -188.29 0.807936 
2 2.13 0.90447 0.824792 0.697493 0.315774 -187.687 0.84459 
2 2.135 0.905398 0.826137 0.699242 0.299347 -187.907 0.805218 
2 2.135 0.903294 0.822656 0.694146 0.314581 -187.273 0.846058 
2 2.14 0.904046 0.824116 0.696745 0.318523 -187.54 0.857225 
2 2.14 0.903486 0.823059 0.695156 0.316428 -187.501 0.848555 
2 2.145 0.90029 0.817889 0.687825 0.343465 -186.854 0.868938 
2 2.145 0.901992 0.81998 0.689485 0.297941 -186.919 0.828797 
2 2.15 0.900828 0.818685 0.688829 0.334603 -186.742 0.863897 
2 2.15 0.901308 0.819021 0.688175 0.310012 -186.704 0.831401 
2 2.155 0.898322 0.814198 0.681753 0.334828 -186.052 0.87483 
2 2.155 0.897494 0.812904 0.679493 0.343788 -185.756 0.866341 
2 2.16 0.897016 0.812214 0.678868 0.350777 -185.788 0.86976 
2 2.16 0.895382 0.809316 0.674494 0.35217 -185.306 0.882437 
2 2.165 0.895904 0.81052 0.676668 0.363792 -185.476 0.879114 
2 2.165 0.894906 0.808861 0.674339 0.369697 -185.443 0.882066 
2 2.17 0.892998 0.805677 0.669269 0.379317 -184.569 0.912308 
2 2.17 0.893372 0.806424 0.670548 0.38296 -184.909 0.892678 
2 2.175 0.89143 0.803096 0.665886 0.388434 -184.384 0.916844 
2 2.175 0.891914 0.803853 0.666635 0.383537 -184.418 0.9043 
2 2.18 0.890004 0.800403 0.661386 0.380536 -184.14 0.883777 
2 2.18 0.890952 0.802155 0.664407 0.383481 -184.295 0.90641 
2 2.185 0.887308 0.79647 0.656292 0.418964 -183.459 0.930528 
2 2.185 0.887564 0.796113 0.654708 0.381854 -183.33 0.900412 
2 2.19 0.886304 0.794779 0.653507 0.422098 -183.032 0.917523 
2 2.19 0.886106 0.794557 0.653763 0.427987 -183.241 0.930312 
2 2.195 0.885128 0.792762 0.650888 0.424154 -182.862 0.938331 
2 2.195 0.885008 0.792868 0.651135 0.438675 -182.873 0.939258 
2 2.2 0.883202 0.789664 0.646093 0.437176 -182.363 0.92569 
2 2.2 0.881324 0.787228 0.643537 0.477109 -182.058 0.94381 
2 2.205 0.881708 0.787196 0.642884 0.443859 -182.029 0.933985 
2 2.205 0.882824 0.788117 0.642841 0.396304 -181.823 0.922285 
2 2.21 0.879602 0.783765 0.637809 0.455437 -181.421 0.947055 
2 2.21 0.87849 0.782085 0.63584 0.467902 -181.262 0.963852 
2 2.215 0.878878 0.782541 0.636093 0.456613 -181.238 0.948885 
2 2.215 0.87628 0.779922 0.634252 0.544253 -181.1 0.99541 
2 2.22 0.875182 0.776666 0.627935 0.482992 -180.319 0.978773 
2 2.22 0.876572 0.778912 0.631026 0.47448 -180.679 0.963797 
2 2.225 0.87259 0.772724 0.622973 0.508362 -180.02 0.988776 
2 2.225 0.875772 0.777377 0.628713 0.467425 -180.583 0.947231 
2 2.23 0.874138 0.77493 0.625347 0.484872 -180.088 0.963491 
2 2.23 0.874256 0.775064 0.625391 0.481642 -180.276 0.933637 
2 2.235 0.871604 0.770962 0.619956 0.504193 -179.728 0.963571 
2 2.235 0.870406 0.769836 0.619548 0.547189 -179.648 0.99455 
2 2.24 0.866694 0.763623 0.610266 0.556462 -178.54 1.00361 
2 2.24 0.867674 0.764646 0.611619 0.526248 -178.809 0.998711 
2 2.245 0.866312 0.762438 0.608473 0.531916 -178.486 0.991763 
2 2.245 0.865892 0.761874 0.607431 0.539211 -178.251 0.999024 
2 2.25 0.863652 0.759427 0.605429 0.601441 -178.214 1.00175 
2 2.25 0.863416 0.758141 0.602421 0.5624 -177.729 1.01899 
2 2.255 0.860724 0.754568 0.598623 0.608534 -177.372 1.03882 
2 2.255 0.862504 0.757007 0.600901 0.580678 -177.514 0.992871 
2 2.26 0.861022 0.754864 0.598733 0.597577 -177.223 1.01933 
2 2.26 0.858792 0.751981 0.595525 0.639695 -176.967 1.0383 
2 2.265 0.85876 0.751148 0.593342 0.60392 -176.692 1.02791 
2 2.265 0.859138 0.752244 0.595664 0.623655 -176.922 1.04712 
2 2.27 0.855228 0.746004 0.587087 0.642697 -176.147 1.05085 
2 2.27 0.85505 0.745637 0.586592 0.639916 -176.047 1.05529 
2 2.275 0.852528 0.741636 0.580923 0.651963 -175.625 1.04107 
2 2.275 0.854452 0.744342 0.584241 0.626519 -175.885 1.03584 
2 2.28 0.850336 0.738644 0.577692 0.683034 -175.104 1.08504 
2 2.28 0.849088 0.736782 0.57513 0.694378 -174.906 1.07095 
2 2.285 0.850578 0.739497 0.579026 0.700834 -175.255 1.07348 
2 2.285 0.849948 0.737605 0.575431 0.664914 -174.724 1.05826 
2 2.29 0.8472 0.733484 0.570059 0.687169 -174.267 1.04161 
2 2.29 0.84627 0.732589 0.569654 0.71687 -174.26 1.07048 
2 2.295 0.844484 0.730178 0.566729 0.741799 -173.919 1.08079 
2 2.295 0.841488 0.725043 0.559578 0.73818 -173.078 1.07806 
2 2.3 0.841888 0.725385 0.559404 0.722155 -173.131 1.06789 
2 2.3 0.843506 0.728587 0.56485 0.742796 -173.696 1.09987 
2 2.305 0.838046 0.720401 0.554261 0.784371 -172.43 1.13754 
2 2.305 0.840666 0.724074 0.558499 0.75292 -172.908 1.10941 
2 2.31 0.837172 0.718177 0.550476 0.749791 -172.171 1.08179 
2 2.31 0.834816 0.716039 0.549052 0.827772 -172.038 1.12092 
2 2.315 0.834944 0.715147 0.546778 0.778193 -171.861 1.09965 
2 2.315 0.83701 0.718099 0.550605 0.756512 -172.081 1.11499 
2 2.32 0.83184 0.710804 0.541555 0.812358 -171.21 1.10961 
2 2.32 0.835004 0.715297 0.547252 0.778697 -171.99 1.08608 
2 2.325 0.826106 0.702992 0.53219 0.883487 -170.26 1.12787 
2 2.325 0.829786 0.707908 0.538007 0.832841 -170.722 1.13101 
2 2.33 0.825368 0.701515 0.530267 0.870516 -169.973 1.14359 
2 2.33 0.82427 0.699983 0.528192 0.882508 -169.824 1.13376 
2 2.335 0.823198 0.698394 0.526569 0.888163 -169.609 1.16432 
2 2.335 0.822568 0.697593 0.525103 0.898273 -169.327 1.13402 
2 2.34 0.821862 0.696766 0.524714 0.910654 -169.293 1.14146 
2 2.34 0.821062 0.695103 0.522155 0.895742 -169.176 1.13681 
2 2.345 0.820388 0.694466 0.521545 0.913829 -168.875 1.13792 
2 2.345 0.819324 0.693076 0.520225 0.928953 -168.773 1.15733 
2 2.35 0.81802 0.690633 0.516427 0.913872 -168.506 1.13285 
2 2.35 0.813206 0.684138 0.50898 0.971675 -167.449 1.16668 
2 2.355 0.814234 0.684687 0.508173 0.921848 -167.399 1.13377 
2 2.355 0.814806 0.686564 0.51202 0.962022 -167.943 1.14672 
2 2.36 0.8102 0.678453 0.500395 0.933422 -166.7 1.14645 
2 2.36 0.812696 0.682451 0.505965 0.931211 -167.112 1.15985 
2 2.365 0.80702 0.675584 0.498903 1.0276 -166.427 1.17421 
2 2.365 0.809824 0.67847 0.500961 0.957935 -166.657 1.15018 
2 2.37 0.802804 0.66901 0.490215 1.0344 -165.64 1.14561 
2 2.37 0.806156 0.674475 0.497768 1.03744 -166.363 1.16773 
2 2.375 0.80476 0.671018 0.492449 0.984373 -165.679 1.16514 
2 2.375 0.805158 0.671916 0.493739 0.99521 -166.068 1.15779 
2 2.38 0.798666 0.662947 0.482927 1.05376 -164.649 1.18287 
2 2.38 0.799874 0.664884 0.486193 1.05402 -165.193 1.18435 
2 2.385 0.793682 0.656906 0.477226 1.13101 -164.016 1.21115 
2 2.385 0.796994 0.661724 0.483231 1.11214 -164.793 1.20983 
2 2.39 0.794734 0.657649 0.477349 1.08983 -164.181 1.19218 
2 2.39 0.79278 0.65598 0.476503 1.1498 -163.754 1.22548 
2 2.395 0.793654 0.65478 0.472653 1.03938 -163.608 1.1842 
2 2.395 0.78867 0.649359 0.467674 1.14234 -162.904 1.21187 
2 2.4 0.785004 0.644703 0.463278 1.18632 -162.236 1.2679 
2 2.4 0.786582 0.646953 0.465415 1.17675 -162.638 1.20217 
2 2.405 0.783886 0.642506 0.45933 1.16542 -162.018 1.18825 
2 2.405 0.78131 0.639475 0.456851 1.20705 -161.782 1.2409 
2 2.41 0.780346 0.638121 0.455312 1.21084 -161.593 1.20787 
2 2.41 0.775114 0.631799 0.449084 1.28621 -160.867 1.25318 
2 2.415 0.77807 0.634682 0.451115 1.21278 -160.91 1.23564 
2 2.415 0.780534 0.638093 0.454888 1.19501 -161.593 1.21416 
2 2.42 0.77472 0.629374 0.444031 1.20589 -160.313 1.20991 
2 2.42 0.774804 0.631125 0.448361 1.27287 -160.919 1.23527 
2 2.425 0.771796 0.626748 0.442782 1.28162 -160.302 1.20367 
2 2.425 0.773648 0.628787 0.444206 1.24766 -160.122 1.20785 
2 2.43 0.767124 0.620607 0.436242 1.32215 -159.354 1.23599 
2 2.43 0.766918 0.619693 0.43435 1.29754 -159.134 1.23473 
2 2.435 0.763494 0.615935 0.43124 1.35573 -158.699 1.2541 
2 2.435 0.763222 0.615665 0.431205 1.36168 -158.636 1.26454 
2 2.44 0.75693 0.607195 0.422153 1.40378 -157.59 1.28772 
2 2.44 0.763046 0.614376 0.428176 1.3171 -158.424 1.22505 
2 2.445 0.75412 0.602413 0.415432 1.37899 -156.861 1.26567 
2 2.445 0.755506 0.605137 0.419076 1.40481 -157.514 1.24785 
2 2.45 0.74971 0.597756 0.411205 1.45678 -156.38 1.28462 
2 2.45 0.750268 0.598964 0.412979 1.47191 -156.632 1.29133 
2 2.455 0.74991 0.598236 0.411759 1.46114 -156.316 1.24546 
2 2.455 0.75171 0.59937 0.411731 1.39725 -156.526 1.2304 
2 2.46 0.748324 0.595499 0.40809 1.4435 -155.898 1.25219 
2 2.46 0.746326 0.591474 0.402846 1.40127 -155.475 1.2469 
2 2.465 0.741776 0.586791 0.398472 1.48314 -154.697 1.26816 
2 2.465 0.741092 0.587021 0.399885 1.53363 -154.961 1.27463 
2 2.47 0.737496 0.581601 0.393888 1.52633 -154.336 1.27871 
2 2.47 0.74061 0.584935 0.396185 1.47499 -154.663 1.23758 
2 2.475 0.736122 0.57942 0.391246 1.51696 -153.841 1.27723 
2 2.475 0.73608 0.579851 0.392422 1.53685 -154.319 1.25721 
2 2.48 0.734576 0.578029 0.390475 1.5495 -154.002 1.26387 
2 2.48 0.732552 0.576119 0.388738 1.59219 -153.734 1.26031 
2 2.485 0.730356 0.572614 0.384141 1.57721 -153.184 1.25552 
2 2.485 0.728858 0.570658 0.382236 1.58648 -152.818 1.26734 
2 2.49 0.725338 0.566245 0.378239 1.61163 -152.788 1.2787 
2 2.49 0.727462 0.569549 0.381542 1.62041 -152.906 1.27003 
2 2.495 0.71998 0.559021 0.370099 1.62925 -151.174 1.2787 
2 2.495 0.722264 0.562106 0.373918 1.62086 -152.025 1.26989 
2 2.5 0.719102 0.558729 0.371091 1.66487 -151.636 1.28455 
2 2.5 0.716732 0.556381 0.369212 1.70707 -151.158 1.3017 
2 2.505 0.712138 0.549678 0.361313 1.6981 -150.283 1.28395 
2 2.505 0.715558 0.553205 0.36387 1.64398 -150.649 1.28839 
2 2.51 0.710662 0.547723 0.359341 1.70048 -150.056 1.27799 
2 2.51 0.712496 0.550116 0.361462 1.69185 -150.375 1.2602 
2 2.515 0.70714 0.543307 0.354413 1.7201 -149.568 1.25993 
2 2.515 0.71012 0.546352 0.357216 1.67324 -149.925 1.2504 
2 2.52 0.70524 0.540699 0.351675 1.71967 -148.936 1.27687 
2 2.52 0.704166 0.539795 0.35077 1.74387 -149.111 1.26935 
2 2.525 0.697522 0.533418 0.347299 1.85668 -148.444 1.31223 
2 2.525 0.69376 0.527743 0.340388 1.8392 -147.724 1.32573 
2 2.53 0.692922 0.525846 0.337243 1.80654 -147.431 1.2551 
2 2.53 0.68833 0.521334 0.334376 1.8789 -146.908 1.32095 
2 2.535 0.686312 0.517936 0.330035 1.85055 -146.844 1.27045 
2 2.535 0.691562 0.523412 0.333983 1.78121 -147.003 1.24033 
2 2.54 0.682016 0.513044 0.325393 1.88576 -145.76 1.2732 
2 2.54 0.687976 0.519317 0.330242 1.81126 -146.372 1.25962 
2 2.545 0.679672 0.509931 0.321617 1.88515 -145.553 1.25317 
2 2.545 0.685392 0.51719 0.329775 1.86356 -146.462 1.27979 
2 2.55 0.677162 0.506931 0.319221 1.89737 -145.18 1.27632 
2 2.55 0.677814 0.507419 0.319997 1.88183 -145.054 1.29975 
2 2.555 0.677588 0.506951 0.319297 1.87185 -145.126 1.25921 
2 2.555 0.675694 0.504087 0.316291 1.86008 -144.746 1.25992 
2 2.56 0.670718 0.498834 0.311722 1.91296 -144.152 1.26853 
2 2.56 0.66857 0.497764 0.311898 1.98354 -144.076 1.28723 
2 2.565 0.672764 0.500724 0.312644 1.87575 -144.312 1.2484 
2 2.565 0.664944 0.491391 0.304232 1.91972 -143.235 1.26577 
2 2.57 0.659848 0.485314 0.298408 1.94221 -142.15 1.27439 
2 2.57 0.660538 0.488327 0.302788 2.02397 -142.781 1.29008 
2 2.575 0.65728 0.483672 0.297755 2.006 -142.24 1.27814 
2 2.575 0.6563 0.482858 0.296678 2.02438 -142.106 1.26351 
2 2.58 0.657324 0.482512 0.295248 1.95495 -142.105 1.23098 
2 2.58 0.651534 0.477444 0.292608 2.05222 -141.438 1.29107 
2 2.585 0.65155 0.475336 0.288891 1.9659 -141.302 1.23954 
2 2.585 0.648372 0.47177 0.285916 1.98777 -140.718 1.229 
2 2.59 0.645572 0.469855 0.285056 2.04989 -140.279 1.25318 
2 2.59 0.64653 0.470266 0.285268 2.01797 -140.516 1.27035 
2 2.595 0.641836 0.465115 0.28029 2.04863 -139.96 1.23301 
2 2.595 0.639234 0.462826 0.279607 2.08888 -139.955 1.27363 
2 2.6 0.64019 0.463713 0.279437 2.07193 -139.585 1.27238 
2 2.6 0.643366 0.465945 0.279777 2.00097 -140.018 1.20232 
2 2.605 0.634922 0.457002 0.273122 2.06816 -139.014 1.25203 
2 2.605 0.6381 0.460097 0.275259 2.03169 -139.201 1.24002 
2 2.61 0.627536 0.448494 0.265432 2.0955 -137.906 1.2237 
2 2.61 0.630774 0.451178 0.267532 2.04224 -138.118 1.24482 
2 2.615 0.624596 0.445093 0.262191 2.1022 -137.418 1.23628 
2 2.615 0.62168 0.441315 0.25871 2.09671 -136.727 1.24347 
2 2.62 0.625868 0.445336 0.261171 2.04675 -137.282 1.20068 
2 2.62 0.631048 0.451383 0.266838 2.02906 -137.9 1.20917 
2 2.625 0.612656 0.43222 0.251628 2.16656 -135.454 1.2697 
2 2.625 0.61756 0.437634 0.256145 2.14298 -136.334 1.22295 
2 2.63 0.618172 0.436326 0.253312 2.06042 -136.009 1.21235 
2 2.63 0.62058 0.440041 0.2577 2.08828 -136.65 1.20707 
2 2.635 0.6065 0.424271 0.243205 2.14153 -134.54 1.19502 
2 2.635 0.6108 0.429347 0.248427 2.1355 -135.427 1.21579 
2 2.64 0.609742 0.427866 0.246834 2.12427 -135.292 1.20179 
2 2.64 0.600364 0.418731 0.239815 2.2081 -134.265 1.19748 
2 2.645 0.601768 0.419414 0.239795 2.16595 -134.21 1.2019 
2 2.645 0.6035 0.421493 0.241347 2.16561 -134.099 1.19568 
2 2.65 0.599058 0.415513 0.235768 2.13744 -133.578 1.18844 
2 2.65 0.60257 0.419737 0.240324 2.13759 -134.117 1.21259 
2 2.655 0.599932 0.416541 0.23666 2.13268 -133.675 1.18702 
2 2.655 0.596222 0.413381 0.23504 2.18081 -133.451 1.20712 
2 2.66 0.590604 0.405889 0.227385 2.14572 -132.152 1.16363 
2 2.66 0.596188 0.413125 0.234868 2.16859 -133.492 1.19344 
2 2.665 0.58416 0.399822 0.223824 2.1981 -131.664 1.2147 
2 2.665 0.587702 0.404016 0.226878 2.19972 -132.135 1.18714 
2 2.67 0.585648 0.401035 0.223447 2.17422 -131.813 1.13004 
2 2.67 0.58612 0.401209 0.223491 2.16 -131.41 1.16282 
2 2.675 0.569876 0.384255 0.210782 2.22417 -129.64 1.18697 
2 2.675 0.584588 0.400611 0.224015 2.20068 -131.949 1.16163 
2 2.68 0.571486 0.387167 0.214052 2.26011 -129.534 1.22494 
2 2.68 0.57994 0.394992 0.218559 2.18888 -131.103 1.14962 
2 2.685 0.574826 0.388737 0.213949 2.17178 -129.941 1.18259 
2 2.685 0.569644 0.383592 0.210014 2.20104 -129.485 1.18874 
2 2.69 0.565002 0.37881 0.205999 2.21498 -129.238 1.15395 
2 2.69 0.56693 0.382076 0.209092 2.25524 -129.61 1.14932 
2 2.695 0.56589 0.379999 0.206723 2.2177 -129.141 1.12489 
2 2.695 0.566478 0.381124 0.208019 2.23476 -129.622 1.13791 
2 2.7 0.560158 0.373698 0.201816 2.2193 -128.205 1.15515 
2 2.7 0.55673 0.370319 0.199423 2.23596 -127.808 1.13933 
2 2.705 0.553466 0.366141 0.195154 2.21134 -127.74 1.1171 
2 2.705 0.552446 0.366947 0.197317 2.28282 -127.376 1.15022 
2 2.71 0.547998 0.360283 0.190724 2.21334 -126.616 1.12957 
2 2.71 0.551866 0.364575 0.194023 2.21472 -127.093 1.09874 
2 2.715 0.542612 0.355614 0.187482 2.25364 -126.143 1.1214 
2 2.715 0.545868 0.357994 0.188563 2.21074 -126.662 1.08504 
2 2.72 0.540302 0.352436 0.184678 2.22462 -125.467 1.12329 
2 2.72 0.534862 0.346181 0.179049 2.20968 -124.903 1.07186 
2 2.725 0.53934 0.351411 0.183992 2.22104 -125.564 1.10284 
2 2.725 0.540532 0.352223 0.184193 2.20362 -125.348 1.12684 
2 2.73 0.535254 0.34712 0.180027 2.22064 -124.938 1.08281 
2 2.73 0.54419 0.354175 0.184162 2.12571 -125.633 1.06922 
2 2.735 0.526046 0.338697 0.174508 2.26589 -124.054 1.0884 
2 2.735 0.535192 0.34782 0.181601 2.2446 -125.052 1.10448 
2 2.74 0.528764 0.33955 0.174481 2.18827 -123.886 1.11009 
2 2.74 0.530118 0.342091 0.176683 2.22869 -124.285 1.09672 
2 2.745 0.522346 0.333597 0.169697 2.21319 -123.095 1.05221 
2 2.745 0.527802 0.339286 0.174353 2.21171 -124.391 1.04114 
2 2.75 0.520378 0.331701 0.168088 2.21483 -122.398 1.06029 
2 2.75 0.523562 0.334108 0.169618 2.18148 -123.476 1.04544 
2 2.755 0.51834 0.330054 0.167772 2.22785 -122.773 1.07053 
2 2.755 0.518574 0.32915 0.165964 2.18625 -122.536 1.05465 
2 2.76 0.517686 0.32872 0.165725 2.20003 -122.273 1.03585 
2 2.76 0.520468 0.331298 0.167102 2.1888 -122.456 1.04314 
2 2.765 0.511178 0.322745 0.161404 2.22215 -121.494 1.03947 
2 2.765 0.505326 0.316398 0.157095 2.20772 -120.594 1.04566 
2 2.77 0.505926 0.316616 0.156498 2.18971 -120.957 1.03131 
2 2.77 0.518584 0.330218 0.16703 2.21259 -122.3 1.05852 
2 2.775 0.503264 0.315398 0.15712 2.23869 -120.577 1.03571 
2 2.775 0.500574 0.312191 0.153946 2.22043 -120.358 1.03568 
2 2.78 0.499256 0.309875 0.151788 2.18051 -119.806 1.02055 
2 2.78 0.506876 0.317095 0.156417 2.16446 -120.914 1.01685 
2 2.785 0.496898 0.308183 0.151817 2.2002 -120.116 1.02231 
2 2.785 0.492402 0.303023 0.146956 2.17462 -119.225 1.00505 
2 2.79 0.494414 0.304159 0.147049 2.14028 -119.188 1.00164 
2 2.79 0.49742 0.30897 0.152 2.20587 -119.966 1.01991 
2 2.795 0.48882 0.299189 0.143504 2.15543 -118.548 0.986325 
2 2.795 0.495338 0.305996 0.148578 2.16946 -119.134 0.984126 
2 2.8 0.481694 0.292933 0.140267 2.17514 -117.819 0.989214 
2 2.8 0.484214 0.293759 0.139076 2.1177 -117.905 0.973852 
2 2.805 0.481276 0.292254 0.138936 2.16142 -117.463 0.98534 
2 2.805 0.484076 0.293864 0.138814 2.12243 -117.618 0.952571 
2 2.81 0.481748 0.292651 0.138862 2.15552 -117.957 0.937297 
2 2.81 0.480392 0.28997 0.136784 2.10652 -117.32 0.969262 
2 2.815 0.479968 0.290804 0.137967 2.14689 -117.066 0.967021 
2 2.815 0.48097 0.291259 0.137279 2.12885 -117.344 0.929255 
2 2.82 0.466908 0.27817 0.129382 2.13358 -115.589 0.973975 
2 2.82 0.474824 0.284588 0.132636 2.09681 -116.275 0.943771 
2 2.825 0.474108 0.285269 0.133781 2.14128 -116.479 0.942451 
2 2.825 0.463908 0.275652 0.127403 2.13952 -115.322 0.94553 
2 2.83 0.468584 0.28046 0.130872 2.15156 -115.875 0.937803 
2 2.83 0.471116 0.280986 0.130005 2.08605 -115.976 0.911939 
2 2.835 0.470204 0.280201 0.129342 2.08499 -116.218 0.890757 
2 2.835 0.466398 0.276851 0.127635 2.09255 -115.431 0.915246 
2 2.84 0.462444 0.273359 0.124994 2.09524 -114.688 0.920012 
2 2.84 0.45973 0.270782 0.123824 2.09261 -114.648 0.91869 
2 2.845 0.46024 0.271021 0.124035 2.08084 -114.376 0.946369 
2 2.845 0.455734 0.267725 0.122173 2.11009 -114.295 0.917959 
2 2.85 0.451498 0.263317 0.118697 2.08655 -113.377 0.914728 
2 2.85 0.45435 0.265244 0.11969 2.06351 -114.17 0.876542 
2 2.855 0.453206 0.264972 0.119492 2.08672 -113.648 0.887667 
2 2.855 0.453006 0.264311 0.118939 2.06993 -113.603 0.903816 
2 2.86 0.442766 0.25495 0.112687 2.05972 -112.524 0.880531 
2 2.86 0.44989 0.260968 0.1162 2.04778 -112.74 0.878165 
2 2.865 0.443482 0.256779 0.115127 2.09782 -112.951 0.895255 
2 2.865 0.444448 0.256026 0.11358 2.04162 -112.213 0.900299 
2 2.87 0.443632 0.254733 0.112336 2.01825 -112.409 0.893096 
2 2.87 0.43977 0.251257 0.110188 2.016 -111.944 0.890028 
2 2.875 0.445262 0.255907 0.112977 2.00519 -112.687 0.88055 
2 2.875 0.439786 0.251127 0.109661 2.0075 -112.029 0.836873 
2 2.88 0.44184 0.252442 0.110021 1.98679 -112.11 0.867125 
2 2.88 0.438282 0.250109 0.108783 2.01451 -111.601 0.861435 
2 2.885 0.436646 0.248741 0.108049 2.0132 -110.93 0.851445 
2 2.885 0.432526 0.244406 0.105981 1.98708 -110.852 0.859313 
2 2.89 0.42796 0.240709 0.103489 1.99166 -110.133 0.873787 
2 2.89 0.43469 0.246542 0.106974 1.99263 -110.89 0.841961 
2 2.895 0.424708 0.23639 0.0997678 1.93482 -109.345 0.834423 
2 2.895 0.425948 0.23838 0.101677 1.96713 -110.097 0.844757 
2 2.9 0.42338 0.235614 0.0992213 1.94358 -109.73 0.821629 
2 2.9 0.425594 0.237838 0.101187 1.95544 -109.656 0.841214 
2 2.905 0.42591 0.238343 0.101583 1.9602 -109.615 0.841009 
2 2.905 0.42259 0.236805 0.101319 2.00423 -110.134 0.832912 
2 2.91 0.421366 0.234947 0.0998233 1.97244 -109.389 0.825502 
2 2.91 0.422234 0.234733 0.0986114 1.93991 -109.427 0.790246 
2 2.915 0.417546 0.230415 0.0961805 1.9235 -108.71 0.813391 
2 2.915 0.416144 0.228848 0.0944881 1.90984 -108.115 0.794966 
2 2.92 0.417482 0.231496 0.0973969 1.95906 -109.133 0.806613 
2 2.92 0.417294 0.22987 0.095833 1.90877 -108.815 0.80272 
2 2.925 0.414108 0.228082 0.0951301 1.93492 -108.53 0.793957 
2 2.925 0.407454 0.2218 0.090587 1.90704 -107.482 0.786145 
2 2.93 0.406922 0.220999 0.0900133 1.89126 -107.128 0.777381 
2 2.93 0.409102 0.223702 0.0926243 1.92278 -107.485 0.8182 
2 2.935 0.40963 0.222933 0.0914947 1.87857 -107.47 0.806062 
2 2.935 0.408204 0.221829 0.0907591 1.8807 -107.437 0.800309 
2 2.94 0.409722 0.223608 0.0921384 1.89576 -107.931 0.771903 
2 2.94 0.403204 0.217973 0.0884828 1.88433 -107.047 0.772222 
2 2.945 0.397524 0.212982 0.085801 1.86608 -106.454 0.758789 
2 2.945 0.40392 0.218229 0.0883489 1.87022 -106.851 0.790306 
2 2.95 0.400736 0.214537 0.0856334 1.82875 -106.221 0.772619 
2 2.95 0.402644 0.216594 0.086742 1.8465 -106.353 0.747966 
2 2.955 0.395992 0.211019 0.0836363 1.83451 -105.236 0.763888 
2 2.955 0.399524 0.214441 0.0859798 1.85521 -106.214 0.755649 
2 2.96 0.391916 0.207694 0.081915 1.82757 -105.303 0.726918 
2 2.96 0.398324 0.212698 0.0843862 1.82555 -106.117 0.744074 
2 2.965 0.39248 0.207248 0.081595 1.79452 -105.888 0.722391 
2 2.965 0.395374 0.20924 0.0821968 1.78481 -105.611 0.7324 
2 2.97 0.389232 0.205485 0.0805471 1.81762 -104.652 0.742542 
2 2.97 0.392712 0.208061 0.0823764 1.81272 -104.876 0.735782 
2 2.975 0.388708 0.203104 0.0778711 1.74825 -104.37 0.713094 
2 2.975 0.389112 0.20481 0.0799399 1.79502 -104.573 0.738905 
2 2.98 0.384164 0.200049 0.077121 1.76063 -103.973 0.743715 
2 2.98 0.384042 0.20113 0.0782776 1.80007 -104.307 0.757824 
2 2.985 0.385118 0.201878 0.0789446 1.79436 -104.199 0.736346 
2 2.985 0.380668 0.197508 0.0755698 1.76214 -103.606 0.71484 
2 2.99 0.383458 0.199029 0.0763084 1.73878 -103.623 0.714195 
2 2.99 0.38161 0.197518 0.0754547 1.73551 -103.317 0.718855 
2 2.995 0.379422 0.195686 0.0743049 1.72704 -103.278 0.717166 
2 2.995 0.38184 0.198104 0.0762032 1.7463 -103.599 0.728762 
2 3 0.380366 0.196429 0.0747183 1.72501 -103.218 0.715063 
2 3 0.375464 0.192481 0.0722887 1.71693 -102.751 0.688437 
2 3.005 0.372424 0.189695 0.0708742 1.69703 -102.581 0.701142 
2 3.005 0.374492 0.191058 0.07129 1.69097 -102.676 0.702454 
2 3.01 0.370598 0.187757 0.0691099 1.67489 -101.746 0.67499 
2 3.01 0.375864 0.193173 0.0731834 1.72424 -102.611 0.704157 
2 3.015 0.373442 0.190585 0.0708736 1.69572 -102.332 0.672618 
2 3.015 0.368826 0.186594 0.0688891 1.67699 -101.722 0.689693 
2 3.02 0.370612 0.188175 0.0699681 1.68284 -102.011 0.697373 
2 3.02 0.365714 0.182937 0.0661563 1.6288 -100.969 0.659062 
2 3.025 0.368308 0.186501 0.0689121 1.68101 -101.866 0.662861 
2 3.025 0.361944 0.181006 0.0659559 1.65299 -101.314 0.661357 
2 3.03 0.365888 0.184128 0.0678286 1.65854 -101.338 0.683161 
2 3.03 0.363382 0.182183 0.0664096 1.65467 -101.015 0.66687 
2 3.035 0.361186 0.180052 0.0649506 1.63415 -100.828 0.662461 
2 3.035 0.364364 0.183253 0.0668474 1.66367 -101.219 0.657144 
2 3.04 0.35934 0.179047 0.0648412 1.64217 -100.261 0.672936 
2 3.04 0.353964 0.173958 0.0616098 1.6009 -99.6825 0.649403 
2 3.045 0.357196 0.176271 0.0629275 1.59875 -100.123 0.670603 
2 3.045 0.358932 0.177662 0.0634672 1.6036 -99.9725 0.641631 
2 3.05 0.359306 0.177619 0.0629794 1.59077 -100.359 0.634682 
2 3.05 0.355008 0.174903 0.0620152 1.60236 -99.3337 0.646399 
2 3.055 0.351968 0.17304 0.0613313 1.6091 -99.3072 0.652814 
2 3.055 0.352226 0.172314 0.0606979 1.5794 -99.1545 0.648218 
2 3.06 0.34971 0.170856 0.0603857 1.5869 -99.1863 0.641273 
2 3.06 0.34928 0.169936 0.059369 1.56664 -98.8502 0.648418 
2 3.065 0.348596 0.169586 0.0590497 1.56825 -98.8937 0.632093 
2 3.065 0.35017 0.170127 0.0589089 1.55001 -99.0101 0.61442 
2 3.07 0.34452 0.165563 0.0568769 1.52668 -98.114 0.602182 
2 3.07 0.34868 0.169668 0.0596166 1.56645 -98.6752 0.637802 
2 3.075 0.345272 0.166238 0.0573146 1.52928 -98.2839 0.627733 
2 3.075 0.348724 0.16911 0.058594 1.54475 -98.6942 0.624211 
2 3.08 0.343538 0.165071 0.0563718 1.52769 -97.455 0.625829 
2 3.08 0.34495 0.167071 0.0584796 1.56106 -98.1153 0.633001 
2 3.085 0.342862 0.16461 0.0562775 1.5253 -97.8815 0.613758 
2 3.085 0.342454 0.165483 0.0573765 1.56265 -98.0062 0.620712 
2 3.09 0.342334 0.164213 0.0561787 1.52171 -97.733 0.616032 
2 3.09 0.337008 0.159593 0.0538615 1.48927 -97.0903 0.607477 
2 3.095 0.33824 0.161507 0.0547506 1.52183 -96.6797 0.6185 
2 3.095 0.34261 0.164232 0.0558351 1.51373 -97.5338 0.595854 
2 3.1 0.33869 0.160669 0.053643 1.48253 -97.1524 0.595962 
2 3.1 0.338952 0.161376 0.0542431 1.49961 -96.6851 0.611856 
2 3.105 0.33562 0.158494 0.0529982 1.47675 -96.7665 0.603998 
2 3.105 0.33976 0.161626 0.054187 1.48757 -97.1428 0.603596 
2 3.11 0.334814 0.157924 0.0525029 1.47343 -96.5286 0.589762 
2 3.11 0.331298 0.155487 0.0519187 1.47037 -96.1527 0.602719 
2 3.115 0.330728 0.155377 0.0521169 1.4766 -96.113 0.597508 
2 3.115 0.332746 0.156115 0.0515013 1.45732 -96.1785 0.586058 
2 3.12 0.326608 0.151608 0.0494398 1.44024 -95.6281 0.570394 
2 3.12 0.331064 0.155492 0.0519364 1.47079 -95.6731 0.598681 
2 3.125 0.331882 0.154659 0.0504809 1.42443 -95.7124 0.584811 
2 3.125 0.32897 0.152745 0.0495475 1.42475 -95.6342 0.568481 
2 3.13 0.328272 0.152046 0.0493383 1.41481 -95.3374 0.576905 
2 3.13 0.322352 0.147612 0.0472711 1.39622 -95.2429 0.564991 
2 3.135 0.326036 0.150975 0.0490272 1.42504 -94.935 0.588348 
2 3.135 0.324632 0.150346 0.0490045 1.43415 -95.1586 0.57064 
2 3.14 0.323662 0.148905 0.0479067 1.40597 -94.6631 0.569534 
2 3.14 0.323966 0.148447 0.0474936 1.38514 -95.0484 0.560516 
2 3.145 0.320476 0.146307 0.0462452 1.38638 -94.2298 0.562976 
2 3.145 0.324714 0.148519 0.046585 1.36978 -94.5956 0.562508 
2 3.15 0.316932 0.144371 0.0459667 1.39444 -94.0241 0.55809 
2 3.15 0.324564 0.148966 0.0476413 1.38488 -94.4407 0.574586 
2 3.155 0.320396 0.146343 0.0468007 1.38477 -94.292 0.556964 
2 3.155 0.317638 0.144356 0.0456304 1.37758 -93.9022 0.549116 
2 3.16 0.320326 0.145372 0.0454105 1.35328 -93.8896 0.553233 
2 3.16 0.319192 0.145089 0.0459183 1.36726 -94.0848 0.551782 
2 3.165 0.313128 0.139625 0.0426558 1.3136 -93.0906 0.538507 
2 3.165 0.317892 0.14404 0.0452683 1.35814 -93.7015 0.539549 
2 3.17 0.315028 0.141205 0.0439037 1.32372 -93.0336 0.552608 
2 3.17 0.314024 0.140709 0.0437701 1.32802 -93.383 0.530363 
2 3.175 0.31455 0.14083 0.0434693 1.31933 -93.0298 0.544528 
2 3.175 0.313642 0.140273 0.0431543 1.31973 -93.3166 0.534888 
2 3.18 0.30831 0.136729 0.0418603 1.31052 -92.7446 0.541291 
2 3.18 0.314448 0.141145 0.0435136 1.32916 -92.6745 0.545188 
2 3.185 0.30897 0.136839 0.0416384 1.29911 -92.5332 0.527341 
2 3.185 0.30943 0.137017 0.0412142 1.29577 -92.2587 0.520983 
2 3.19 0.307066 0.135501 0.0409499 1.29191 -91.9294 0.526356 
2 3.19 0.30922 0.137069 0.0415456 1.29945 -91.9655 0.527304 
2 3.195 0.307686 0.136534 0.0416771 1.31027 -92.1134 0.532001 
2 3.195 0.311302 0.138044 0.0419621 1.28749 -92.1881 0.534856 
2 3.2 0.30532 0.134262 0.0402778 1.28254 -91.7782 0.525807 
2 3.2 0.303938 0.133361 0.0400552 1.2807 -91.3463 0.534642 
2 3.205 0.305342 0.133093 0.0392106 1.24367 -91.9121 0.50788 
2 3.205 0.306468 0.134892 0.0402854 1.27829 -91.7583 0.519295 
2 3.21 0.302392 0.131748 0.0389727 1.25567 -91.1895 0.51282 
2 3.21 0.304032 0.133048 0.0396969 1.2652 -91.3417 0.512057 
2 3.215 0.308536 0.136352 0.0412221 1.28017 -91.3695 0.521862 
2 3.215 0.302678 0.132553 0.0395897 1.27336 -91.3372 0.50919 
2 3.22 0.29821 0.128817 0.0378958 1.23875 -90.6243 0.505926 
2 3.22 0.298822 0.129034 0.0378511 1.23414 -90.9804 0.505086 
2 3.225 0.297094 0.127343 0.0364607 1.21171 -90.2266 0.502016 
2 3.225 0.300874 0.130425 0.0382357 1.23721 -90.6612 0.505432 
2 3.23 0.298102 0.128691 0.0376365 1.23302 -90.3849 0.515342 
2 3.23 0.296114 0.127895 0.0374178 1.24494 -90.385 0.49605 
2 3.235 0.294814 0.126392 0.0368726 1.2203 -90.032 0.50097 
2 3.235 0.295464 0.126539 0.0365289 1.21298 -89.7669 0.503599 
2 3.24 0.295188 0.125759 0.0357507 1.19206 -89.8765 0.492177 
2 3.24 0.294614 0.126193 0.0364895 1.21593 -90.13 0.499005 
2 3.245 0.292362 0.124685 0.0361296 1.2083 -89.7113 0.499539 
2 3.245 0.292858 0.124501 0.0357807 1.19368 -89.4318 0.50681 
2 3.25 0.29116 0.123179 0.0346954 1.18169 -89.2174 0.483963 
2 3.25 0.29148 0.123271 0.0350817 1.17877 -89.3897 0.491787 
2 3.255 0.290618 0.123267 0.0351455 1.19227 -89.3982 0.489174 
2 3.255 0.292354 0.123619 0.0346185 1.17197 -88.9211 0.484941 
2 3.26 0.28978 0.121377 0.0336217 1.14737 -88.8132 0.46673 
2 3.26 0.290448 0.123246 0.0353654 1.19281 -89.0694 0.492701 
2 3.265 0.284996 0.118131 0.0324226 1.13042 -88.5113 0.472173 
2 3.265 0.291432 0.123132 0.0347123 1.16995 -89.0546 0.481652 
2 3.27 0.289126 0.121317 0.0339632 1.15363 -88.7116 0.473749 
2 3.27 0.289028 0.12089 0.0335976 1.1423 -88.2678 0.478716 
2 3.275 0.285172 0.119913 0.0337736 1.17833 -88.3901 0.485409 
2 3.275 0.29067 0.121842 0.0336569 1.14054 -88.1711 0.466459 
2 3.28 0.283374 0.117042 0.031858 1.12017 -87.8676 0.470116 
2 3.28 0.283054 0.117753 0.032373 1.14737 -87.819 0.461637 
2 3.285 0.285794 0.118062 0.0319091 1.10758 -88.0619 0.451477 
2 3.285 0.28409 0.117277 0.0318931 1.11323 -87.976 0.460192 
2 3.29 0.279854 0.114884 0.0311895 1.11143 -87.4501 0.466786 
2 3.29 0.281212 0.116084 0.0316661 1.12475 -87.3774 0.463742 
2 3.295 0.282344 0.116003 0.0312907 1.1012 -87.3437 0.466337 
2 3.295 0.284364 0.117374 0.0316793 1.10809 -87.4846 0.44504 
2 3.3 0.279242 0.11489 0.0311142 1.11861 -87.3254 0.451245 
2 3.3 0.280896 0.11581 0.0313999 1.1184 -87.477 0.467111 
2 3.305 0.280534 0.115507 0.0316491 1.11371 -87.0504 0.459427 
2 3.305 0.28167 0.115544 0.0311696 1.09549 -87.2481 0.459642 
2 3.31 0.277192 0.113 0.0301212 1.0926 -86.634 0.460037 
2 3.31 0.27898 0.114004 0.0305514 1.09287 -87.1571 0.454628 
2 3.315 0.279134 0.113929 0.0305338 1.08636 -86.9314 0.451595 
2 3.315 0.27828 0.11288 0.0297427 1.06909 -86.3725 0.445823 
2 3.32 0.275866 0.111846 0.0297557 1.07661 -86.4253 0.454094 
2 3.32 0.278552 0.113202 0.029935 1.07262 -86.6114 0.45259 
2 3.325 0.272964 0.109276 0.0286659 1.04562 -86.2274 0.445994 
2 3.325 0.273236 0.109211 0.0282208 1.03918 -86.274 0.444539 
2 3.33 0.278204 0.113184 0.0300459 1.07466 -86.4215 0.456033 
2 3.33 0.274792 0.110444 0.028695 1.04906 -86.0802 0.432818 
2 3.335 0.27795 0.112577 0.0294535 1.05908 -86.2618 0.428127 
2 3.335 0.267812 0.106158 0.0274546 1.03251 -85.3684 0.439776 
2 3.34 0.269018 0.106688 0.0273903 1.02746 -85.7006 0.43417 
2 3.34 0.270842 0.108394 0.0286322 1.04906 -85.7354 0.452004 
2 3.345 0.27035 0.107687 0.0276924 1.03432 -85.2149 0.437647 
2 3.345 0.271748 0.108431 0.028028 1.03391 -85.4939 0.437318 
2 3.35 0.271066 0.108086 0.027924 1.03311 -85.1415 0.428792 
2 3.35 0.271234 0.109035 0.028549 1.05872 -85.4686 0.436435 
2 3.355 0.267772 0.105866 0.0269057 1.01831 -84.9282 0.435537 
2 3.355 0.263964 0.103523 0.0261722 1.00884 -84.6538 0.427841 
2 3.36 0.27059 0.10706 0.0271847 1.00719 -84.7227 0.43229 
2 3.36 0.263094 0.102186 0.0251157 0.98119 -84.7263 0.412763 
2 3.365 0.265436 0.104008 0.0260717 0.997092 -84.4062 0.422455 
2 3.365 0.267494 0.105036 0.0262929 0.995035 -84.5437 0.421292 
2 3.37 0.2656 0.103769 0.0258358 0.98592 -84.3566 0.427552 
2 3.37 0.26431 0.103471 0.0261399 0.997373 -84.4223 0.420795 
2 3.375 0.264174 0.103997 0.0263604 1.01359 -84.2 0.414119 
2 3.375 0.265918 0.104313 0.0259703 0.995562 -84.0622 0.412225 
2 3.38 0.26308 0.10207 0.0249322 0.972162 -84.0422 0.40788 
2 3.38 0.267648 0.105208 0.0266331 0.993264 -84.3505 0.430274 
2 3.385 0.26113 0.101126 0.0250203 0.973045 -83.6034 0.417111 
2 3.385 0.262526 0.101403 0.0248909 0.959628 -83.4433 0.417341 
2 3.39 0.260806 0.10152 0.0253217 0.988204 -83.3396 0.419015 
2 3.39 0.26311 0.102554 0.0253124 0.983093 -83.6966 0.408229 
2 3.395 0.260596 0.0996444 0.0237471 0.934731 -83.4038 0.396497 
2 3.395 0.261664 0.101407 0.0249488 0.970232 -83.4085 0.402255 
2 3.4 0.262458 0.101418 0.024681 0.956887 -83.3535 0.409973 
2 3.4 0.260806 0.10067 0.0248127 0.960288 -83.0546 0.413125 
2 3.405 0.260158 0.10005 0.0243034 0.950588 -83.2112 0.406551 
2 3.405 0.26166 0.101521 0.0251251 0.970783 -82.9655 0.416117 
2 3.41 0.256618 0.097344 0.0230436 0.923494 -82.4375 0.400462 
2 3.41 0.257156 0.0981379 0.0236164 0.938672 -82.8809 0.400986 
2 3.415 0.25835 0.0985187 0.0234762 0.930423 -82.4048 0.401074 
2 3.415 0.257342 0.0986374 0.0240742 0.949121 -82.8805 0.399067 
2 3.42 0.254426 0.0961772 0.0225453 0.919434 -82.2302 0.393599 
2 3.42 0.253742 0.095561 0.02234 0.911579 -82.0595 0.3932 
2 3.425 0.255684 0.0969918 0.0231208 0.92314 -82.5747 0.399349 
2 3.425 0.254924 0.0961691 0.0225693 0.910449 -82.3178 0.395564 
2 3.43 0.252986 0.09531 0.0224598 0.912771 -81.9882 0.388074 
2 3.43 0.254764 0.0967398 0.0229783 0.928138 -82.073 0.391352 
2 3.435 0.254202 0.096584 0.0228927 0.930577 -82.3466 0.39228 
2 3.435 0.253786 0.0957975 0.0224413 0.913832 -81.9954 0.387211 
2 3.44 0.250038 0.0938555 0.022152 0.910944 -81.8818 0.392322 
2 3.44 0.25191 0.0943198 0.021977 0.897127 -81.6827 0.391132 
2 3.445 0.25184 0.0950013 0.0225425 0.91663 -81.6774 0.39094 
2 3.445 0.252938 0.0952579 0.0224383 0.90799 -81.7627 0.396667 
2 3.45 0.251572 0.0940209 0.0216958 0.890794 -81.5509 0.38618 
2 3.45 0.249674 0.0926552 0.0214414 0.878784 -80.9392 0.385317 
2 3.455 0.251772 0.0939651 0.0216946 0.884978 -81.4017 0.38378 
2 3.455 0.249502 0.0922309 0.0210455 0.867718 -81.4254 0.38465 
2 3.46 0.250126 0.0926379 0.0211492 0.869216 -81.2117 0.388022 
2 3.46 0.246626 0.0907027 0.0205712 0.863535 -80.8246 0.37904 
2 3.465 0.250038 0.0927983 0.0212426 0.873861 -80.7458 0.378557 
2 3.465 0.25113 0.0933379 0.0210661 0.873639 -80.932 0.375652 
2 3.47 0.245346 0.0898052 0.0201148 0.853331 -80.5426 0.372993 
2 3.47 0.247036 0.0914241 0.02092 0.876003 -80.8781 0.374143 
2 3.475 0.246516 0.090741 0.0205117 0.862472 -80.7324 0.386562 
2 3.475 0.249022 0.0928308 0.0217753 0.886872 -80.952 0.389012 
2 3.48 0.244892 0.0893543 0.0198048 0.844317 -80.0717 0.369616 
2 3.48 0.245448 0.0898094 0.0202341 0.849561 -80.3315 0.366759 
2 3.485 0.243126 0.0890967 0.0201418 0.860443 -79.8824 0.37237 
2 3.485 0.247162 0.0904832 0.0201675 0.843446 -80.102 0.377916 
2 3.49 0.24558 0.0901328 0.0201513 0.854535 -79.822 0.377724 
2 3.49 0.241962 0.0876867 0.0192946 0.834988 -79.8356 0.365061 
2 3.495 0.239912 0.0875302 0.0198661 0.857581 -79.6712 0.368113 
2 3.495 0.244546 0.089287 0.0200822 0.843612 -79.7762 0.364233 
