J: 10.6435 1.25435 -0.0882902 -0.0161296 
nth temperature m m2 m4 ms e sp_h 
3 1 0.977748 0.96612 0.956791 1.0129 -217.545 1.19199 
3 1 0.999858 0.999719 0.99945 0.000297984 -219.933 0.0064997 
3 1.005 0.67688 0.607384 0.585814 14.8475 -195.371 9.2037 
3 1.005 0.999826 0.999656 0.999327 0.000383057 -219.918 0.00823891 
3 1.01 0.925856 0.902705 0.89303 4.50452 -213.166 3.74198 
3 1.01 0.709726 0.69957 0.698882 19.392 -199.283 9.79588 
3 1.015 0.999814 0.999632 0.99928 0.000402503 -219.914 0.00824994 
3 1.015 0.999844 0.999691 0.999394 0.000304992 -219.925 0.00692316 
3 1.02 0.999868 0.999739 0.999488 0.000257115 -219.937 0.00580778 
3 1.02 0.419314 0.338007 0.323548 15.9003 -173.743 9.97955 
3 1.025 0.59114 0.482966 0.446143 13.0263 -185.341 9.11558 
3 1.025 0.999834 0.999671 0.999357 0.000336824 -219.921 0.00722317 
3 1.03 0.999826 0.999656 0.999326 0.000350459 -219.917 0.00766713 
3 1.03 0.999802 0.999608 0.999231 0.00038066 -219.905 0.00851495 
3 1.035 0.658248 0.619662 0.613862 18.0069 -199.491 6.23724 
3 1.035 0.998484 0.997389 0.995968 0.0404581 -219.716 0.0829598 
3 1.04 0.87701 0.830014 0.803775 5.85267 -206.675 6.51366 
3 1.04 0.995538 0.993236 0.991215 0.205736 -219.407 0.268071 
3 1.045 0.67697 0.617532 0.595555 15.2386 -188.262 13.5832 
3 1.045 0.974648 0.966892 0.963535 1.62236 -217.89 0.999547 
3 1.05 0.98858 0.981864 0.974916 0.435625 -218.263 0.771248 
3 1.05 0.503798 0.449059 0.441182 18.595 -189.761 6.99919 
3 1.055 0.96587 0.946223 0.926917 1.26241 -215.23 2.34026 
3 1.055 0.69187 0.587749 0.540001 10.3379 -188.761 10.0309 
3 1.06 0.99973 0.999466 0.998954 0.000540292 -219.873 0.0110949 
3 1.06 0.999772 0.999549 0.999116 0.000440379 -219.892 0.00924723 
3 1.065 0.999772 0.999549 0.999116 0.000445823 -219.892 0.00916224 
3 1.065 0.99973 0.999466 0.998955 0.000552779 -219.874 0.0108339 
3 1.07 0.999688 0.999382 0.998789 0.00057408 -219.85 0.0123615 
3 1.07 0.978216 0.96648 0.956494 0.894701 -217.441 1.08357 
3 1.075 0.999754 0.999513 0.999047 0.000481812 -219.883 0.0100109 
3 1.075 0.999674 0.999356 0.998742 0.000723137 -219.853 0.0128216 
3 1.08 0.999652 0.999313 0.998663 0.000855453 -219.844 0.0140864 
3 1.08 0.99973 0.999466 0.998955 0.000537694 -219.873 0.0108458 
3 1.085 0.99384 0.989978 0.985902 0.208315 -219.174 0.269799 
3 1.085 0.952444 0.929287 0.911548 2.04032 -214.418 2.5157 
3 1.09 0.091804 0.0110758 0.0002356 0.242923 -154.124 0.601493 
3 1.09 0.999692 0.99939 0.998806 0.000578453 -219.854 0.0117675 
3 1.095 0.996034 0.993968 0.992108 0.172047 -219.443 0.203632 
3 1.095 0.999606 0.999221 0.998478 0.000822353 -219.82 0.0148797 
3 1.1 0.923962 0.909196 0.905199 5.04458 -213.147 3.60387 
3 1.1 0.987904 0.982308 0.978237 0.577652 -218.588 0.605357 
3 1.105 0.999652 0.999312 0.998655 0.000705782 -219.84 0.0129289 
3 1.105 0.984312 0.976425 0.970124 0.68374 -217.818 1.07485 
3 1.11 0.999624 0.999257 0.998548 0.000787263 -219.825 0.0146648 
3 1.11 0.99959 0.999189 0.998412 0.000774045 -219.807 0.0150355 
3 1.115 0.999622 0.999253 0.998539 0.000765661 -219.824 0.0140613 
3 1.115 0.999588 0.999185 0.998403 0.000759664 -219.804 0.0151136 
3 1.12 0.999612 0.999232 0.998498 0.000743701 -219.818 0.0141407 
3 1.12 0.99952 0.999052 0.998148 0.001008 -219.783 0.0172696 
3 1.125 0.95142 0.94533 0.943752 3.56712 -216.863 1.19558 
3 1.125 0.999494 0.998999 0.998041 0.000955019 -219.763 0.0179857 
3 1.13 0.999564 0.999138 0.998313 0.000832735 -219.796 0.0157006 
3 1.13 0.99954 0.99909 0.998221 0.000901628 -219.787 0.0163964 
3 1.135 0.970658 0.966141 0.964557 2.11137 -217.398 1.28111 
3 1.135 0.820216 0.800464 0.796314 11.252 -205.678 6.1296 
3 1.14 0.939828 0.916474 0.903324 2.91207 -214.812 1.76402 
3 1.14 0.999578 0.999165 0.998366 0.00078087 -219.8 0.0150838 
3 1.145 0.999438 0.998889 0.997829 0.00110779 -219.741 0.0195776 
3 1.145 0.99325 0.99054 0.988489 0.348863 -219.114 0.338104 
3 1.15 0.999448 0.998908 0.997865 0.00104481 -219.743 0.0188823 
3 1.15 0.99947 0.998952 0.997952 0.0010434 -219.755 0.0185791 
3 1.155 0.99948 0.998972 0.997989 0.000987844 -219.757 0.0182138 
3 1.155 0.969764 0.956937 0.948659 1.42809 -216.609 1.38703 
3 1.16 0.99944 0.998892 0.997833 0.00104193 -219.737 0.019352 
3 1.16 0.999384 0.998782 0.997619 0.00117418 -219.713 0.0209922 
3 1.165 0.999406 0.998825 0.997703 0.00111306 -219.724 0.0197504 
3 1.165 0.99932 0.998656 0.997374 0.0013337 -219.688 0.0230153 
3 1.17 0.973972 0.967248 0.964315 1.59199 -217.443 1.11565 
3 1.17 0.99927 0.998559 0.997194 0.00161257 -219.671 0.0257968 
3 1.175 0.999358 0.998731 0.99752 0.0012279 -219.702 0.0213755 
3 1.175 0.999368 0.99875 0.997554 0.00114388 -219.703 0.020841 
3 1.18 0.913032 0.901017 0.897886 5.711 -212.857 3.04219 
3 1.18 0.99928 0.998576 0.997216 0.00133912 -219.663 0.0240801 
3 1.185 0.999368 0.99875 0.997554 0.00114098 -219.702 0.0209 
3 1.185 0.999286 0.998588 0.99724 0.00133082 -219.668 0.0233128 
3 1.19 0.999396 0.998806 0.997665 0.00111892 -219.717 0.0201346 
3 1.19 0.9993 0.998616 0.997294 0.00129664 -219.675 0.022669 
3 1.195 0.999176 0.998373 0.996826 0.00168377 -219.63 0.0257789 
3 1.195 0.99918 0.99838 0.996836 0.00159059 -219.623 0.0270041 
3 1.2 0.999224 0.998467 0.997006 0.00150315 -219.641 0.0255688 
3 1.2 0.98936 0.9824 0.974439 0.297219 -218.175 0.550038 
3 1.205 0.999242 0.998501 0.99707 0.00138302 -219.648 0.0236475 
3 1.205 0.9993 0.998616 0.997293 0.00127386 -219.669 0.0231802 
3 1.21 0.999154 0.998335 0.99677 0.0021392 -219.63 0.0269558 
3 1.21 0.999184 0.998386 0.99684 0.0013929 -219.614 0.0251754 
3 1.215 0.999164 0.998349 0.996779 0.00166758 -219.616 0.027202 
3 1.215 0.998912 0.997864 0.995881 0.00321451 -219.545 0.0362736 
3 1.22 0.999084 0.99819 0.996464 0.00171483 -219.579 0.0282328 
3 1.22 0.999152 0.998324 0.996726 0.00158696 -219.612 0.0257538 
3 1.225 0.999044 0.998113 0.996324 0.00198254 -219.575 0.0288707 
3 1.225 0.983482 0.982336 0.98063 1.23261 -218.385 0.616449 
3 1.23 0.99908 0.998182 0.996449 0.0017133 -219.579 0.0278373 
3 1.23 0.999086 0.998194 0.996475 0.00174346 -219.576 0.0284924 
3 1.235 0.999028 0.99808 0.996254 0.00188625 -219.557 0.0289803 
3 1.235 0.970114 0.954995 0.942534 1.12335 -216.906 0.776663 
3 1.24 0.998862 0.997753 0.995619 0.00223427 -219.486 0.0342617 
3 1.24 0.998866 0.997761 0.995636 0.00226081 -219.488 0.034462 
3 1.245 0.998962 0.997949 0.995995 0.00191506 -219.526 0.0304156 
3 1.245 0.98032 0.970097 0.961045 0.728512 -217.69 0.589067 
3 1.25 0.797986 0.78706 0.784179 12.0222 -204.993 5.04639 
3 1.25 0.998946 0.997918 0.99594 0.00202633 -219.526 0.03042 
3 1.255 0.988368 0.985249 0.982652 0.667523 -218.546 0.444777 
3 1.255 0.99887 0.997771 0.995661 0.00236837 -219.483 0.0357044 
3 1.26 0.998864 0.997757 0.995625 0.00217694 -219.483 0.0337764 
3 1.26 0.9988 0.997628 0.995368 0.00214603 -219.448 0.0345313 
3 1.265 0.920954 0.915751 0.913246 5.34343 -215.334 1.20367 
3 1.265 0.99893 0.997885 0.995865 0.00184783 -219.504 0.0300954 
3 1.27 0.998702 0.997438 0.995006 0.00251616 -219.414 0.0376868 
3 1.27 0.998622 0.997285 0.994725 0.00304103 -219.395 0.0402402 
3 1.275 0.99868 0.997394 0.994918 0.00251118 -219.395 0.0386705 
3 1.275 0.998754 0.99754 0.995203 0.00236608 -219.437 0.0353441 
3 1.28 0.998682 0.997397 0.994921 0.00242366 -219.398 0.0373929 
3 1.28 0.998656 0.99735 0.994849 0.00285888 -219.407 0.0373148 
3 1.285 0.975264 0.971479 0.968571 1.58283 -217.434 0.878375 
3 1.285 0.998598 0.997234 0.994614 0.00278244 -219.374 0.0396919 
3 1.29 0.998566 0.997169 0.99448 0.002684 -219.355 0.0386278 
3 1.29 0.998676 0.997385 0.994897 0.00240054 -219.394 0.0370457 
3 1.295 0.998596 0.99723 0.994608 0.00280068 -219.37 0.03906 
3 1.295 0.99863 0.997295 0.994725 0.00254541 -219.376 0.0380578 
3 1.3 0.99854 0.997119 0.99439 0.00284526 -219.347 0.0393219 
3 1.3 0.988054 0.981711 0.97552 0.420023 -218.378 0.297512 
3 1.305 0.99834 0.996728 0.993643 0.00349766 -219.268 0.0453309 
3 1.305 0.998526 0.997089 0.99432 0.00264424 -219.328 0.0397819 
3 1.31 0.99835 0.996741 0.99364 0.00290973 -219.243 0.0441407 
3 1.31 0.998286 0.996617 0.99341 0.00322918 -219.234 0.0452872 
3 1.315 0.99831 0.996666 0.993507 0.00324744 -219.247 0.0438886 
3 1.315 0.998312 0.99667 0.99352 0.00331792 -219.24 0.0465876 
3 1.32 0.99838 0.996802 0.993769 0.00301936 -219.272 0.0419443 
3 1.32 0.99832 0.996683 0.99353 0.00301042 -219.237 0.0438062 
3 1.325 0.998194 0.996436 0.993059 0.00339761 -219.187 0.0477341 
3 1.325 0.998202 0.99645 0.993077 0.00320658 -219.189 0.0455186 
3 1.33 0.99824 0.996526 0.993229 0.00321371 -219.206 0.0447654 
3 1.33 0.998058 0.996177 0.992585 0.00427884 -219.138 0.0539506 
3 1.335 0.998136 0.996323 0.992843 0.00355697 -219.158 0.0509598 
3 1.335 0.998046 0.996146 0.992503 0.0037919 -219.129 0.0505671 
3 1.34 0.998226 0.996498 0.993176 0.00322485 -219.2 0.0448335 
3 1.34 0.998198 0.996445 0.993082 0.00345021 -219.187 0.0471564 
3 1.345 0.997954 0.995963 0.99214 0.00379583 -219.08 0.052403 
3 1.345 0.997984 0.996021 0.992248 0.00365916 -219.094 0.0493833 
3 1.35 0.997984 0.996022 0.992253 0.00370487 -219.094 0.0504265 
3 1.35 0.998004 0.996064 0.992346 0.00387674 -219.112 0.0523397 
3 1.355 0.998026 0.996103 0.992402 0.00345855 -219.099 0.0499756 
3 1.355 0.99775 0.995565 0.991382 0.00444705 -219.023 0.0538572 
3 1.36 0.99786 0.995776 0.991772 0.00381621 -219.038 0.052245 
3 1.36 0.997938 0.995931 0.992073 0.00370207 -219.072 0.0504768 
3 1.365 0.997548 0.995173 0.990642 0.00522694 -218.924 0.0620658 
3 1.365 0.997824 0.995704 0.991623 0.00372638 -219.005 0.0529472 
3 1.37 0.997798 0.99566 0.991563 0.00428549 -219.007 0.0558149 
3 1.37 0.997502 0.995079 0.990449 0.00505401 -218.897 0.0628529 
3 1.375 0.997758 0.995575 0.991376 0.00389043 -218.983 0.0544656 
3 1.375 0.997616 0.995296 0.99084 0.0042412 -218.929 0.0575891 
3 1.38 0.997638 0.995342 0.990939 0.00438123 -218.949 0.0569337 
3 1.38 0.99733 0.994741 0.989793 0.00536457 -218.83 0.0638973 
3 1.385 0.997696 0.995452 0.991139 0.00397773 -218.965 0.0529403 
3 1.385 0.99686 0.994009 0.988918 0.0201805 -218.843 0.0714185 
3 1.39 0.997384 0.994841 0.989962 0.00473932 -218.818 0.0639944 
3 1.39 0.997426 0.994924 0.990126 0.00471184 -218.85 0.0612525 
3 1.395 0.997412 0.994897 0.990075 0.00473851 -218.849 0.0607363 
3 1.395 0.997452 0.994972 0.990207 0.00440915 -218.849 0.0595275 
3 1.4 0.997174 0.994435 0.989205 0.00565527 -218.775 0.0659422 
3 1.4 0.997442 0.994957 0.990197 0.00476405 -218.861 0.05987 
3 1.405 0.997152 0.994388 0.9891 0.00541273 -218.743 0.0666408 
3 1.405 0.997182 0.994445 0.989201 0.00518853 -218.749 0.0649284 
3 1.41 0.99694 0.993973 0.988305 0.00595152 -218.654 0.0724908 
3 1.41 0.996916 0.993922 0.98819 0.00569141 -218.632 0.0726343 
3 1.415 0.99691 0.993915 0.988194 0.0060277 -218.658 0.0697701 
3 1.415 0.997256 0.994591 0.989486 0.00504244 -218.781 0.0630296 
3 1.42 0.996948 0.993981 0.98829 0.00531587 -218.637 0.0687641 
3 1.42 0.996848 0.993788 0.987927 0.00574542 -218.603 0.0697349 
3 1.425 0.997034 0.994151 0.988623 0.00521283 -218.682 0.0663188 
3 1.425 0.996896 0.993879 0.988097 0.00546001 -218.622 0.0687843 
3 1.43 0.99658 0.993273 0.986976 0.00706459 -218.514 0.0812912 
3 1.43 0.997032 0.994144 0.9886 0.00501196 -218.66 0.0656803 
3 1.435 0.996838 0.993768 0.987893 0.00574507 -218.589 0.071925 
3 1.435 0.996754 0.993601 0.987559 0.00572986 -218.555 0.071952 
3 1.44 0.996534 0.993181 0.98679 0.00701298 -218.485 0.0783388 
3 1.44 0.996694 0.993482 0.987326 0.00576044 -218.521 0.072255 
3 1.445 0.996546 0.993198 0.986801 0.00647958 -218.482 0.076772 
3 1.445 0.996388 0.99291 0.986323 0.00833726 -218.449 0.0859657 
3 1.45 0.996466 0.993039 0.986487 0.00648489 -218.457 0.0752893 
3 1.45 0.996288 0.992694 0.98584 0.00717662 -218.377 0.0850908 
3 1.455 0.99635 0.99282 0.9861 0.00736203 -218.397 0.084742 
3 1.455 0.996332 0.99277 0.985951 0.00638803 -218.37 0.0786388 
3 1.46 0.996226 0.992579 0.985642 0.00775047 -218.353 0.0844313 
3 1.46 0.99655 0.993203 0.986804 0.00626147 -218.481 0.0743785 
3 1.465 0.996156 0.992432 0.985321 0.00714974 -218.314 0.0815906 
3 1.465 0.996028 0.992183 0.984852 0.0075893 -218.283 0.0821874 
3 1.47 0.99583 0.991803 0.984153 0.00857218 -218.21 0.0916847 
3 1.47 0.995872 0.991893 0.984351 0.00897957 -218.253 0.0892989 
3 1.475 0.995964 0.992054 0.98459 0.00741632 -218.207 0.0896697 
3 1.475 0.995946 0.992015 0.984504 0.0072356 -218.222 0.0836584 
3 1.48 0.995936 0.991999 0.984486 0.00747864 -218.22 0.0850865 
3 1.48 0.996068 0.992253 0.984954 0.00684185 -218.264 0.0800143 
3 1.485 0.995542 0.991232 0.983031 0.00864688 -218.073 0.0940173 
3 1.485 0.995716 0.991573 0.983682 0.00824023 -218.133 0.0914103 
3 1.49 0.995566 0.991276 0.983102 0.00833152 -218.074 0.0911765 
3 1.49 0.995574 0.99129 0.983127 0.008245 -218.074 0.091854 
3 1.495 0.995498 0.991149 0.982879 0.00888375 -218.06 0.0905723 
3 1.495 0.995386 0.990934 0.982483 0.00940943 -218.02 0.0966546 
3 1.5 0.995358 0.99086 0.982276 0.00818746 -217.955 0.096545 
3 1.5 0.995522 0.991182 0.982895 0.0078765 -218.033 0.0898915 
3 1.505 0.995236 0.990623 0.981825 0.00852255 -217.891 0.0996886 
3 1.505 0.995292 0.990728 0.982009 0.0080847 -217.913 0.0960631 
3 1.51 0.995016 0.9902 0.98104 0.00948078 -217.821 0.104044 
3 1.51 0.995442 0.991028 0.982611 0.00818441 -218.011 0.0908244 
3 1.515 0.995068 0.990294 0.981196 0.00885514 -217.851 0.0965873 
3 1.515 0.995198 0.990551 0.981698 0.00873009 -217.92 0.0953703 
3 1.52 0.99488 0.989931 0.980513 0.00949642 -217.789 0.0998883 
3 1.52 0.995186 0.990526 0.981643 0.00860957 -217.884 0.0975247 
3 1.525 0.994696 0.989577 0.979862 0.0103153 -217.724 0.108223 
3 1.525 0.994806 0.989788 0.98025 0.00979556 -217.752 0.104129 
3 1.53 0.994544 0.98928 0.979294 0.0106295 -217.655 0.109708 
3 1.53 0.994826 0.989829 0.980334 0.00982416 -217.772 0.101205 
3 1.535 0.994312 0.988834 0.978463 0.0115783 -217.573 0.112258 
3 1.535 0.99459 0.989358 0.979394 0.00966592 -217.652 0.103119 
3 1.54 0.99461 0.989396 0.979467 0.00955506 -217.651 0.104483 
3 1.54 0.993988 0.988222 0.977361 0.0136062 -217.466 0.121983 
3 1.545 0.994038 0.988286 0.977371 0.0113045 -217.426 0.116435 
3 1.545 0.994476 0.989129 0.978939 0.00950974 -217.587 0.1028 
3 1.55 0.994378 0.988946 0.978616 0.010206 -217.573 0.104731 
3 1.55 0.993984 0.988175 0.97714 0.0110328 -217.386 0.116532 
3 1.555 0.994216 0.988622 0.977974 0.0100827 -217.49 0.108885 
3 1.555 0.993954 0.988121 0.977052 0.0113161 -217.398 0.117807 
3 1.56 0.99388 0.987966 0.976722 0.0108298 -217.345 0.114478 
3 1.56 0.99407 0.988347 0.977483 0.0110048 -217.477 0.10815 
3 1.565 0.9934 0.987054 0.975068 0.0134313 -217.219 0.126016 
3 1.565 0.99357 0.987369 0.975611 0.0120214 -217.21 0.12414 
3 1.57 0.99352 0.987269 0.97541 0.0119191 -217.202 0.121449 
3 1.57 0.99388 0.987965 0.976711 0.0106437 -217.364 0.108238 
3 1.575 0.99322 0.986701 0.974386 0.013635 -217.14 0.125164 
3 1.575 0.99354 0.987309 0.975491 0.0119028 -217.229 0.119425 
3 1.58 0.992942 0.986169 0.973412 0.0148902 -217.04 0.135594 
3 1.58 0.9931 0.986475 0.973985 0.0143943 -217.079 0.132576 
3 1.585 0.993338 0.986925 0.974794 0.0129349 -217.141 0.123977 
3 1.585 0.993218 0.986684 0.974307 0.012722 -217.108 0.122891 
3 1.59 0.993044 0.986344 0.973658 0.0130323 -217.047 0.12413 
3 1.59 0.992996 0.986243 0.973445 0.0127286 -217.029 0.124075 
3 1.595 0.993006 0.986281 0.973581 0.0138234 -217.042 0.127333 
3 1.595 0.992966 0.986187 0.973347 0.0129055 -216.991 0.128215 
3 1.6 0.992898 0.986061 0.973126 0.0134001 -216.986 0.125493 
3 1.6 0.992268 0.984823 0.970737 0.0142035 -216.707 0.136871 
3 1.605 0.992212 0.984741 0.970679 0.0159842 -216.705 0.151895 
3 1.605 0.992254 0.984809 0.970756 0.0150106 -216.733 0.138317 
3 1.61 0.991798 0.983949 0.969217 0.017757 -216.59 0.149539 
3 1.61 0.99224 0.984787 0.970735 0.0153455 -216.724 0.140825 
3 1.615 0.991734 0.983789 0.968793 0.0156454 -216.51 0.143956 
3 1.615 0.992018 0.984375 0.97001 0.017016 -216.657 0.141724 
3 1.62 0.992254 0.984824 0.970831 0.0158296 -216.728 0.135426 
3 1.62 0.991796 0.983942 0.969198 0.0174601 -216.6 0.148194 
3 1.625 0.991794 0.983913 0.969058 0.0158807 -216.541 0.146069 
3 1.625 0.991958 0.984226 0.969628 0.0151192 -216.596 0.140204 
3 1.63 0.991638 0.983621 0.968541 0.0168857 -216.529 0.143308 
3 1.63 0.991826 0.983958 0.969078 0.0146568 -216.531 0.138276 
3 1.635 0.99063 0.981707 0.965068 0.02195 -216.219 0.164948 
3 1.635 0.991178 0.982725 0.966838 0.0178332 -216.333 0.149772 
3 1.64 0.990734 0.981887 0.965322 0.0203379 -216.142 0.163095 
3 1.64 0.99115 0.982685 0.966811 0.0186852 -216.33 0.155674 
3 1.645 0.990564 0.981674 0.965288 0.0277934 -216.229 0.175303 
3 1.645 0.990784 0.981961 0.965397 0.0187493 -216.16 0.155892 
3 1.65 0.990648 0.98168 0.964809 0.0179576 -216.096 0.156316 
3 1.65 0.99075 0.981889 0.965241 0.0183708 -216.138 0.158984 
3 1.655 0.990614 0.981626 0.964746 0.0187373 -216.069 0.162833 
3 1.655 0.990696 0.981798 0.965115 0.0193012 -216.096 0.168487 
3 1.66 0.990524 0.981445 0.964385 0.0184943 -216.079 0.157114 
3 1.66 0.990642 0.981664 0.964765 0.0176426 -216.045 0.158373 
3 1.665 0.99057 0.981525 0.964502 0.0177919 -216.036 0.154595 
3 1.665 0.989964 0.980407 0.962572 0.0227026 -215.865 0.172284 
3 1.67 0.990118 0.980662 0.96292 0.0196495 -215.884 0.166092 
3 1.67 0.990356 0.981102 0.963676 0.0177936 -215.957 0.153454 
3 1.675 0.989166 0.978969 0.960208 0.0310367 -215.68 0.193679 
3 1.675 0.989526 0.979504 0.960706 0.0204093 -215.635 0.178438 
3 1.68 0.989418 0.979299 0.960332 0.0209227 -215.63 0.169173 
3 1.68 0.989014 0.978561 0.959091 0.0245278 -215.557 0.176446 
3 1.685 0.989398 0.979259 0.960257 0.0208212 -215.589 0.175341 
3 1.685 0.989082 0.978633 0.959033 0.020769 -215.479 0.174084 
3 1.69 0.988218 0.977139 0.956769 0.0333553 -215.275 0.217197 
3 1.69 0.988892 0.97827 0.958362 0.02148 -215.391 0.17776 
3 1.695 0.989016 0.978518 0.958855 0.0215358 -215.443 0.177062 
3 1.695 0.989108 0.978678 0.959097 0.0202528 -215.446 0.174652 
3 1.7 0.988216 0.977003 0.956112 0.0253987 -215.184 0.188638 
3 1.7 0.987966 0.976551 0.955382 0.027879 -215.162 0.19794 
3 1.705 0.988456 0.977425 0.95677 0.0222508 -215.268 0.171203 
3 1.705 0.98797 0.976515 0.955169 0.0252175 -215.076 0.196925 
3 1.71 0.988866 0.978208 0.958211 0.0206125 -215.347 0.173701 
3 1.71 0.988328 0.977177 0.956307 0.0225032 -215.184 0.180729 
3 1.715 0.987824 0.976208 0.954509 0.0239991 -215.01 0.18545 
3 1.715 0.987766 0.976179 0.954673 0.0289988 -215.044 0.18515 
3 1.72 0.987132 0.974906 0.952186 0.0276939 -214.741 0.2096 
3 1.72 0.987044 0.974848 0.952405 0.0344501 -214.835 0.208539 
3 1.725 0.986636 0.973944 0.950368 0.0285799 -214.614 0.205995 
3 1.725 0.987542 0.975647 0.953409 0.0236498 -214.838 0.194375 
3 1.73 0.98725 0.975144 0.952654 0.0278033 -214.857 0.193737 
3 1.73 0.987456 0.975473 0.95305 0.0233161 -214.803 0.187699 
3 1.735 0.986372 0.973423 0.94936 0.0284102 -214.446 0.21182 
3 1.735 0.987012 0.974629 0.951518 0.0251407 -214.684 0.191892 
3 1.74 0.986794 0.974227 0.950821 0.0266783 -214.631 0.191052 
3 1.74 0.98711 0.974818 0.951869 0.0248257 -214.697 0.191404 
3 1.745 0.985944 0.97265 0.948089 0.0323547 -214.398 0.214661 
3 1.745 0.985936 0.972551 0.947636 0.0275693 -214.255 0.213236 
3 1.75 0.986068 0.972834 0.948253 0.0287988 -214.346 0.210768 
3 1.75 0.986562 0.973783 0.950007 0.02732 -214.503 0.203652 
3 1.755 0.986208 0.973073 0.948599 0.0266177 -214.306 0.207257 
3 1.755 0.986022 0.972693 0.947817 0.025847 -214.243 0.203252 
3 1.76 0.985452 0.97166 0.94609 0.0309475 -214.061 0.221186 
3 1.76 0.985398 0.971552 0.945901 0.0308512 -214.079 0.223534 
3 1.765 0.984998 0.970796 0.944539 0.0325722 -213.935 0.2342 
3 1.765 0.984926 0.970696 0.944457 0.0349425 -213.981 0.229816 
3 1.77 0.985036 0.970837 0.944511 0.0305581 -213.973 0.216584 
3 1.77 0.98425 0.969325 0.941706 0.0325773 -213.638 0.238608 
3 1.775 0.98452 0.969865 0.942751 0.0329628 -213.764 0.221307 
3 1.775 0.984858 0.970516 0.943978 0.0321555 -213.909 0.221236 
3 1.78 0.984268 0.969365 0.941796 0.0326665 -213.687 0.22585 
3 1.78 0.983514 0.967952 0.939298 0.0366613 -213.457 0.247033 
3 1.785 0.984628 0.970024 0.942905 0.0298096 -213.762 0.217859 
3 1.785 0.983992 0.96883 0.940786 0.0330209 -213.564 0.232208 
3 1.79 0.983558 0.96803 0.939389 0.0359386 -213.447 0.229612 
3 1.79 0.982586 0.966146 0.93588 0.0374879 -213.11 0.246901 
3 1.795 0.983386 0.967688 0.938733 0.0356287 -213.397 0.228476 
3 1.795 0.983642 0.968132 0.939413 0.0323374 -213.427 0.228604 
3 1.8 0.98222 0.965474 0.93473 0.0398951 -212.962 0.25988 
3 1.8 0.982448 0.96596 0.935783 0.0420226 -213.106 0.254409 
3 1.805 0.982002 0.965166 0.934451 0.0464195 -212.927 0.2726 
3 1.805 0.982628 0.96624 0.936081 0.0377692 -213.139 0.239296 
3 1.81 0.983204 0.967306 0.937913 0.0340141 -213.183 0.234071 
3 1.81 0.982216 0.965421 0.934456 0.0371784 -212.885 0.245471 
3 1.815 0.981512 0.964133 0.932285 0.0422454 -212.73 0.26037 
3 1.815 0.98143 0.963931 0.931796 0.0399909 -212.612 0.2729 
3 1.82 0.981222 0.963587 0.931311 0.0434103 -212.551 0.281535 
3 1.82 0.982436 0.965844 0.935246 0.0364696 -212.944 0.245581 
3 1.825 0.981698 0.964432 0.932667 0.0384108 -212.675 0.25641 
3 1.825 0.980374 0.96202 0.928573 0.0485688 -212.326 0.280771 
3 1.83 0.980296 0.961789 0.927931 0.044205 -212.276 0.270522 
3 1.83 0.980904 0.962981 0.930195 0.0441564 -212.525 0.261342 
3 1.835 0.981272 0.963607 0.931124 0.0388263 -212.547 0.257633 
3 1.835 0.98086 0.962784 0.929494 0.038024 -212.318 0.262141 
3 1.84 0.979786 0.960847 0.926272 0.0470693 -212.008 0.290412 
3 1.84 0.980598 0.962332 0.928811 0.0412567 -212.29 0.262146 
3 1.845 0.978466 0.958438 0.92224 0.056512 -211.743 0.305042 
3 1.845 0.978756 0.959022 0.923386 0.0573687 -211.891 0.296361 
3 1.85 0.979402 0.960087 0.924828 0.0463958 -211.977 0.270747 
3 1.85 0.978724 0.958925 0.923063 0.0553801 -211.76 0.299982 
3 1.855 0.978558 0.958474 0.921873 0.0484205 -211.648 0.289053 
3 1.855 0.978194 0.957758 0.92051 0.0482188 -211.54 0.289758 
3 1.86 0.978582 0.958532 0.921991 0.0488704 -211.728 0.267442 
3 1.86 0.979458 0.960134 0.924711 0.0427821 -211.854 0.273408 
3 1.865 0.978362 0.958109 0.921216 0.0491795 -211.531 0.290003 
3 1.865 0.97783 0.957157 0.919645 0.053918 -211.448 0.29253 
3 1.87 0.977628 0.956566 0.917943 0.0432713 -211.169 0.274834 
3 1.87 0.977426 0.956391 0.918286 0.0550275 -211.352 0.295813 
3 1.875 0.97697 0.9554 0.91611 0.0495861 -211.021 0.293721 
3 1.875 0.974548 0.951807 0.911702 0.110014 -210.798 0.329045 
3 1.88 0.977146 0.955713 0.9166 0.0477987 -211.094 0.285269 
3 1.88 0.977876 0.95711 0.919176 0.0462154 -211.351 0.279252 
3 1.885 0.974322 0.950821 0.908767 0.0805114 -210.405 0.327102 
3 1.885 0.975424 0.952658 0.911721 0.0639544 -210.652 0.326552 
3 1.89 0.974678 0.951354 0.909676 0.0717903 -210.533 0.337207 
3 1.89 0.975102 0.951957 0.910208 0.0599561 -210.494 0.330789 
3 1.895 0.975468 0.95262 0.911244 0.0570818 -210.544 0.311077 
3 1.895 0.974864 0.951594 0.90974 0.0651241 -210.372 0.336425 
3 1.9 0.97491 0.951674 0.909834 0.064449 -210.44 0.319687 
3 1.9 0.9745 0.950748 0.907806 0.0577932 -210.227 0.326181 
3 1.905 0.973928 0.949733 0.906176 0.0628583 -210.115 0.329095 
3 1.905 0.974532 0.950837 0.908004 0.0590205 -210.203 0.317474 
3 1.91 0.974898 0.951495 0.909124 0.0559837 -210.251 0.322722 
3 1.91 0.97329 0.948617 0.904406 0.0693139 -209.894 0.342367 
3 1.915 0.974048 0.949956 0.906522 0.0619621 -210.118 0.313166 
3 1.915 0.973346 0.948647 0.904243 0.0649945 -209.921 0.329927 
3 1.92 0.97344 0.948795 0.904439 0.0630212 -209.941 0.327478 
3 1.92 0.973258 0.948387 0.903466 0.060218 -209.713 0.321716 
3 1.925 0.970922 0.944523 0.897795 0.0952618 -209.264 0.37353 
3 1.925 0.97246 0.946942 0.901088 0.0656347 -209.496 0.350151 
3 1.93 0.972286 0.946562 0.900216 0.0633147 -209.498 0.319907 
3 1.93 0.972038 0.946248 0.900117 0.0720252 -209.447 0.350437 
3 1.935 0.971704 0.945491 0.898412 0.0662685 -209.231 0.344729 
3 1.935 0.972774 0.947399 0.901507 0.0573429 -209.488 0.331261 
3 1.94 0.97035 0.942972 0.894004 0.0717834 -208.768 0.369528 
3 1.94 0.971618 0.945289 0.897939 0.0643228 -209.213 0.338062 
3 1.945 0.969898 0.94229 0.893179 0.0816159 -208.776 0.36347 
3 1.945 0.968678 0.939859 0.888538 0.078232 -208.282 0.38298 
3 1.95 0.969956 0.942253 0.892771 0.0737394 -208.687 0.367599 
3 1.95 0.970068 0.942425 0.892955 0.0714623 -208.752 0.349997 
3 1.955 0.969102 0.940713 0.89014 0.0795127 -208.508 0.357203 
3 1.955 0.968114 0.938851 0.88693 0.0821464 -208.245 0.379265 
3 1.96 0.969704 0.941753 0.891774 0.0728119 -208.568 0.354021 
3 1.96 0.969762 0.94176 0.891517 0.0674094 -208.584 0.341542 
3 1.965 0.967406 0.937751 0.885441 0.0954866 -207.949 0.413359 
3 1.965 0.970382 0.942929 0.893608 0.0655234 -208.754 0.337538 
3 1.97 0.966978 0.936746 0.883202 0.0862572 -207.764 0.39805 
3 1.97 0.96893 0.940234 0.888884 0.0714992 -208.21 0.358684 
3 1.975 0.966338 0.935726 0.881862 0.0970344 -207.603 0.417546 
3 1.975 0.965642 0.934491 0.879789 0.102617 -207.523 0.403929 
3 1.98 0.966472 0.935706 0.881113 0.0827249 -207.53 0.385069 
3 1.98 0.966326 0.935382 0.880394 0.0806233 -207.383 0.394328 
3 1.985 0.965764 0.934429 0.879014 0.0870759 -207.285 0.407979 
3 1.985 0.965884 0.934625 0.87917 0.0852846 -207.397 0.376592 
3 1.99 0.964714 0.932396 0.875207 0.0865718 -206.952 0.39944 
3 1.99 0.965068 0.933233 0.877169 0.0943073 -207.188 0.41026 
3 1.995 0.966334 0.935454 0.880678 0.0828351 -207.515 0.387164 
3 1.995 0.963658 0.930553 0.87229 0.0960531 -206.678 0.411602 
3 2 0.963858 0.931016 0.873388 0.0997018 -206.849 0.415922 
3 2 0.96305 0.929513 0.870713 0.102397 -206.585 0.413696 
3 2.005 0.964342 0.931707 0.874004 0.0873609 -206.79 0.403616 
3 2.005 0.96292 0.929023 0.869243 0.0902002 -206.337 0.415229 
3 2.01 0.962056 0.927442 0.86654 0.0940385 -205.975 0.438085 
3 2.01 0.96031 0.924916 0.863909 0.135337 -205.918 0.469461 
3 2.015 0.960634 0.925828 0.864776 0.149386 -205.886 0.453703 
3 2.015 0.962278 0.928093 0.868206 0.104939 -206.209 0.434523 
3 2.02 0.961554 0.926643 0.865453 0.101843 -205.924 0.437071 
3 2.02 0.96169 0.926753 0.865299 0.0943081 -205.92 0.423806 
3 2.025 0.961712 0.92697 0.866158 0.102721 -206.019 0.427075 
3 2.025 0.959956 0.924131 0.861984 0.129153 -205.669 0.450849 
3 2.03 0.960762 0.925094 0.862578 0.099997 -205.625 0.440276 
3 2.03 0.95855 0.923152 0.861713 0.21351 -205.652 0.449302 
3 2.035 0.956738 0.918894 0.853594 0.174284 -204.831 0.492293 
3 2.035 0.958614 0.92113 0.855759 0.107599 -205.079 0.449213 
3 2.04 0.957146 0.918535 0.851599 0.117971 -204.548 0.491819 
3 2.04 0.959968 0.923787 0.860737 0.110227 -205.478 0.442597 
3 2.045 0.9554 0.915541 0.84692 0.134555 -204.259 0.482227 
3 2.045 0.957572 0.919439 0.853281 0.122008 -204.764 0.450321 
3 2.05 0.95627 0.917013 0.849053 0.1249 -204.378 0.471028 
3 2.05 0.954638 0.914148 0.844666 0.1373 -203.906 0.513575 
3 2.055 0.956244 0.916944 0.848973 0.123693 -204.416 0.46411 
3 2.055 0.957072 0.918184 0.850305 0.106911 -204.503 0.433098 
3 2.06 0.95274 0.911206 0.840335 0.169523 -203.451 0.540247 
3 2.06 0.956608 0.917346 0.848996 0.109076 -204.271 0.455649 
3 2.065 0.954224 0.914395 0.845791 0.186506 -204.015 0.50699 
3 2.065 0.951236 0.908775 0.837342 0.19007 -203.464 0.540343 
3 2.07 0.949824 0.905869 0.831463 0.178893 -202.623 0.571088 
3 2.07 0.952266 0.909802 0.837079 0.144498 -203.27 0.509607 
3 2.075 0.951524 0.908558 0.835332 0.152281 -203.181 0.505579 
3 2.075 0.951254 0.908094 0.834527 0.154677 -203 0.52882 
3 2.08 0.951366 0.907972 0.83364 0.13823 -202.927 0.505416 
3 2.08 0.952192 0.90988 0.837437 0.154357 -203.236 0.504984 
3 2.085 0.950198 0.905895 0.830319 0.144792 -202.503 0.540591 
3 2.085 0.949788 0.905756 0.831253 0.175472 -202.891 0.508835 
3 2.09 0.950674 0.906835 0.83191 0.146114 -202.668 0.499287 
3 2.09 0.948952 0.904675 0.828752 0.199308 -202.425 0.514292 
3 2.095 0.94634 0.899457 0.820431 0.186057 -201.593 0.566493 
3 2.095 0.950282 0.906204 0.831015 0.151202 -202.573 0.528084 
3 2.1 0.946578 0.900034 0.821578 0.191621 -201.643 0.570239 
3 2.1 0.946614 0.901254 0.824843 0.246494 -202.119 0.560349 
3 2.105 0.949984 0.905382 0.828826 0.138371 -202.27 0.500183 
3 2.105 0.945648 0.897998 0.817692 0.178068 -201.4 0.557411 
3 2.11 0.946636 0.899666 0.820252 0.168074 -201.402 0.559776 
3 2.11 0.946132 0.899032 0.819516 0.183257 -201.572 0.530094 
3 2.115 0.945822 0.898538 0.818724 0.187177 -201.376 0.53415 
3 2.115 0.945616 0.897467 0.815807 0.154961 -201.102 0.546971 
3 2.12 0.940026 0.888577 0.803308 0.23247 -200.091 0.599863 
3 2.12 0.943856 0.896742 0.816546 0.277261 -201.337 0.515287 
3 2.125 0.943508 0.894165 0.811438 0.186244 -200.629 0.580702 
3 2.125 0.94316 0.893711 0.81082 0.195777 -200.639 0.568192 
3 2.13 0.943228 0.893217 0.808761 0.166091 -200.388 0.55701 
3 2.13 0.939758 0.88823 0.802565 0.238711 -199.799 0.629488 
3 2.135 0.942554 0.892027 0.806753 0.169491 -200.23 0.529261 
3 2.135 0.940528 0.889109 0.803175 0.211535 -200.119 0.537585 
3 2.14 0.940106 0.887625 0.799733 0.178753 -199.616 0.584226 
3 2.14 0.938566 0.885547 0.797777 0.216848 -199.506 0.609799 
3 2.145 0.938292 0.885526 0.798316 0.239342 -199.451 0.625676 
3 2.145 0.935944 0.881092 0.790816 0.237808 -198.805 0.630739 
3 2.15 0.93734 0.883015 0.792641 0.20507 -198.924 0.600211 
3 2.15 0.937106 0.883058 0.793375 0.227478 -198.978 0.606802 
3 2.155 0.93192 0.875349 0.783304 0.318968 -198.015 0.707771 
3 2.155 0.939808 0.886957 0.798295 0.172505 -199.374 0.574296 
3 2.16 0.936274 0.882047 0.791782 0.251737 -198.783 0.598732 
3 2.16 0.937302 0.88262 0.791343 0.189102 -198.842 0.558417 
3 2.165 0.931962 0.875289 0.78344 0.311102 -197.925 0.702976 
3 2.165 0.93241 0.876279 0.783938 0.318268 -198.153 0.618116 
3 2.17 0.937066 0.882549 0.79207 0.205382 -198.728 0.600324 
3 2.17 0.934274 0.878098 0.785789 0.241035 -198.335 0.604903 
3 2.175 0.932474 0.874356 0.778825 0.222924 -197.473 0.643675 
3 2.175 0.929432 0.869959 0.772965 0.281147 -197.091 0.652082 
3 2.18 0.925216 0.864971 0.768711 0.410403 -196.801 0.732842 
3 2.18 0.928334 0.867963 0.769655 0.282511 -196.788 0.654575 
3 2.185 0.934074 0.877974 0.785472 0.25077 -198.146 0.596225 
3 2.185 0.929996 0.87075 0.773528 0.268082 -197.018 0.621333 
3 2.19 0.926158 0.864913 0.766494 0.326234 -196.61 0.681025 
3 2.19 0.929898 0.86981 0.771201 0.232847 -196.665 0.655432 
3 2.195 0.925378 0.863251 0.762732 0.315568 -196.13 0.680504 
3 2.195 0.92642 0.864685 0.76497 0.293 -196.181 0.699218 
3 2.2 0.925682 0.863494 0.76314 0.300298 -196.084 0.692913 
3 2.2 0.924284 0.861358 0.760013 0.320762 -195.802 0.708097 
3 2.205 0.926252 0.863546 0.761713 0.254115 -195.783 0.68131 
3 2.205 0.918956 0.852765 0.748164 0.375729 -194.635 0.787857 
3 2.21 0.921554 0.855958 0.751121 0.30298 -194.954 0.737902 
3 2.21 0.923022 0.85823 0.753836 0.283266 -195.178 0.683572 
3 2.215 0.920004 0.854579 0.749299 0.368907 -194.593 0.726931 
3 2.215 0.91613 0.847655 0.740218 0.377457 -193.983 0.782893 
3 2.22 0.914518 0.845588 0.737397 0.416432 -193.631 0.783892 
3 2.22 0.922106 0.857856 0.754685 0.341301 -195.174 0.703094 
3 2.225 0.914136 0.844093 0.733862 0.379711 -193.335 0.758857 
3 2.225 0.92091 0.854784 0.748341 0.301502 -194.567 0.684706 
3 2.23 0.910956 0.84089 0.730931 0.495496 -193.154 0.777369 
3 2.23 0.914958 0.845089 0.734796 0.35611 -193.429 0.741149 
3 2.235 0.913296 0.843953 0.735005 0.440434 -193.275 0.795918 
3 2.235 0.91522 0.84458 0.732492 0.311064 -193.149 0.730507 
3 2.24 0.90665 0.833951 0.721603 0.532906 -192.151 0.841028 
3 2.24 0.912832 0.841761 0.730095 0.379399 -192.936 0.745253 
3 2.245 0.906374 0.832981 0.718729 0.510809 -191.983 0.794763 
3 2.245 0.915188 0.845604 0.735606 0.357889 -193.37 0.747543 
3 2.25 0.913952 0.843714 0.732815 0.373589 -193.162 0.738646 
3 2.25 0.915818 0.8465 0.736275 0.345667 -193.262 0.725377 
3 2.255 0.908918 0.835878 0.721848 0.432214 -192.085 0.789205 
3 2.255 0.909756 0.836433 0.722098 0.38923 -191.988 0.802845 
3 2.26 0.908426 0.834085 0.717887 0.391473 -191.519 0.794063 
3 2.26 0.907896 0.832821 0.715787 0.378147 -191.492 0.769828 
3 2.265 0.904978 0.82865 0.710583 0.426712 -190.985 0.802474 
3 2.265 0.902632 0.826306 0.709011 0.510433 -190.737 0.868556 
3 2.27 0.898726 0.821521 0.702856 0.608477 -190.325 0.856106 
3 2.27 0.897366 0.818182 0.697697 0.56899 -189.619 0.912961 
3 2.275 0.900876 0.82374 0.705381 0.534605 -190.272 0.862564 
3 2.275 0.906578 0.831387 0.71382 0.417743 -190.994 0.775372 
3 2.28 0.897428 0.818279 0.697506 0.565889 -189.625 0.84848 
3 2.28 0.897218 0.818773 0.698725 0.604076 -189.697 0.879503 
3 2.285 0.894368 0.811241 0.685319 0.496562 -188.195 0.924316 
3 2.285 0.89399 0.811308 0.686459 0.529106 -188.557 0.906138 
3 2.29 0.893008 0.810258 0.685327 0.558721 -188.673 0.87285 
3 2.29 0.890106 0.806524 0.681418 0.621638 -188.142 0.929204 
3 2.295 0.894152 0.810916 0.685003 0.497103 -188.444 0.883503 
3 2.295 0.894606 0.812599 0.688027 0.53503 -188.712 0.877172 
3 2.3 0.892102 0.807189 0.678824 0.493164 -187.938 0.856537 
3 2.3 0.886966 0.80104 0.672185 0.623085 -187.211 0.897601 
3 2.305 0.886576 0.800628 0.672535 0.63389 -187.016 0.961789 
3 2.305 0.882206 0.794691 0.665003 0.711669 -186.708 0.920015 
3 2.31 0.880768 0.792528 0.662479 0.726222 -186.179 0.981271 
3 2.31 0.887048 0.800441 0.670535 0.588187 -186.87 0.912551 
3 2.315 0.88519 0.798741 0.669647 0.65573 -186.985 0.90683 
3 2.315 0.885166 0.798718 0.670171 0.65657 -187.11 0.923325 
3 2.32 0.88301 0.79541 0.665913 0.676859 -186.606 0.954487 
3 2.32 0.882508 0.793007 0.659717 0.611481 -185.889 0.91533 
3 2.325 0.87725 0.786773 0.654925 0.740002 -185.452 1.01028 
3 2.325 0.881764 0.791682 0.658131 0.609642 -185.927 0.92713 
3 2.33 0.86495 0.768968 0.631698 0.893961 -183.272 1.05565 
3 2.33 0.868206 0.77434 0.63916 0.882337 -183.935 1.06121 
3 2.335 0.86536 0.771221 0.636162 0.958149 -183.72 1.06246 
3 2.335 0.874874 0.782011 0.646644 0.711216 -184.456 1.01551 
3 2.34 0.871554 0.777983 0.641618 0.785343 -184.003 1.00254 
3 2.34 0.866406 0.770828 0.633186 0.861916 -183.581 0.992168 
3 2.345 0.876492 0.782964 0.6453 0.627978 -184.607 0.921066 
3 2.345 0.864724 0.768198 0.629403 0.872103 -182.817 1.04798 
3 2.35 0.864422 0.766851 0.626641 0.835125 -182.567 1.06723 
3 2.35 0.868156 0.77312 0.63577 0.826592 -183.591 0.994221 
3 2.355 0.862556 0.763488 0.622172 0.827408 -182.299 1.04888 
3 2.355 0.863974 0.765371 0.624233 0.803404 -182.26 1.05849 
3 2.36 0.86264 0.765203 0.624998 0.892169 -182.451 1.02049 
3 2.36 0.866488 0.769288 0.628213 0.783345 -182.995 0.940937 
3 2.365 0.858316 0.758063 0.615555 0.903031 -181.325 1.06972 
3 2.365 0.863132 0.764714 0.622364 0.833716 -182.04 1.00149 
3 2.37 0.857716 0.757502 0.614398 0.92088 -181.131 1.04361 
3 2.37 0.860716 0.758988 0.613875 0.766081 -181.328 1.04991 
3 2.375 0.850176 0.746991 0.602893 1.01861 -179.99 1.15832 
3 2.375 0.850172 0.746208 0.600975 0.985925 -180.154 1.11167 
3 2.38 0.849524 0.744668 0.597644 0.965426 -179.819 1.06233 
3 2.38 0.85146 0.747955 0.602857 0.965178 -180.229 1.06543 
3 2.385 0.85105 0.745792 0.597599 0.90172 -179.561 1.09391 
3 2.385 0.83885 0.731475 0.583993 1.16586 -178.225 1.17966 
3 2.39 0.839548 0.731206 0.581928 1.10312 -178.174 1.12436 
3 2.39 0.836218 0.727705 0.579273 1.19012 -178.039 1.15329 
3 2.395 0.835106 0.725453 0.575329 1.17124 -177.311 1.18268 
3 2.395 0.83916 0.731387 0.582598 1.13561 -178.275 1.13579 
3 2.4 0.82537 0.711059 0.557788 1.24266 -175.838 1.20071 
3 2.4 0.833934 0.722874 0.571575 1.14285 -176.984 1.20227 
3 2.405 0.833344 0.723579 0.572973 1.21067 -177.11 1.15007 
3 2.405 0.835808 0.723183 0.56943 1.02318 -176.814 1.11945 
3 2.41 0.825808 0.712473 0.560763 1.26616 -175.828 1.23153 
3 2.41 0.83898 0.729338 0.57815 1.05605 -177.394 1.14593 
3 2.415 0.828908 0.714835 0.560193 1.14892 -175.726 1.18645 
3 2.415 0.818764 0.703606 0.551497 1.37603 -175.059 1.28056 
3 2.42 0.83323 0.718212 0.56113 0.989232 -176.206 1.10088 
3 2.42 0.816372 0.698817 0.543022 1.33695 -173.935 1.25335 
3 2.425 0.818286 0.702391 0.548184 1.35253 -174.453 1.2683 
3 2.425 0.829368 0.714255 0.557716 1.0888 -175.338 1.13868 
3 2.43 0.805326 0.684654 0.527821 1.48577 -172.476 1.29789 
3 2.43 0.813016 0.693329 0.53601 1.33061 -173.346 1.26263 
3 2.435 0.811108 0.689463 0.530366 1.29638 -172.834 1.23836 
3 2.435 0.802486 0.678393 0.517914 1.41313 -171.468 1.2866 
3 2.44 0.804978 0.681603 0.521853 1.37761 -171.965 1.2818 
3 2.44 0.805716 0.681459 0.519324 1.32298 -171.531 1.25077 
3 2.445 0.796248 0.669132 0.507014 1.43644 -170.387 1.29568 
3 2.445 0.817034 0.696959 0.537235 1.20305 -173.368 1.18617 
3 2.45 0.78746 0.659165 0.498341 1.59478 -169.145 1.39775 
3 2.45 0.799042 0.674086 0.513109 1.45378 -170.814 1.29391 
3 2.455 0.79261 0.667768 0.50723 1.61049 -169.787 1.35499 
3 2.455 0.79626 0.670207 0.508718 1.47362 -170.442 1.28786 
3 2.46 0.799904 0.673632 0.510937 1.37338 -170.736 1.26156 
3 2.46 0.798012 0.671838 0.509147 1.42335 -170.336 1.30183 
3 2.465 0.789018 0.659619 0.49665 1.50382 -169.127 1.32079 
3 2.465 0.800864 0.674524 0.51055 1.34447 -170.58 1.22324 
3 2.47 0.786646 0.657834 0.494305 1.57985 -168.924 1.30225 
3 2.47 0.793524 0.666388 0.503756 1.48616 -169.382 1.30263 
3 2.475 0.790988 0.66197 0.496626 1.46699 -169.062 1.25307 
3 2.475 0.78142 0.649921 0.485128 1.58802 -167.575 1.36793 
3 2.48 0.782378 0.650142 0.48453 1.53335 -168.011 1.30415 
3 2.48 0.775418 0.643323 0.478693 1.69556 -167.41 1.32254 
3 2.485 0.769378 0.633946 0.467046 1.6903 -165.909 1.3661 
3 2.485 0.774004 0.640263 0.474481 1.65716 -166.457 1.37533 
3 2.49 0.769646 0.634113 0.466571 1.67705 -165.847 1.35429 
3 2.49 0.7746 0.639946 0.473245 1.60405 -166.536 1.32885 
3 2.495 0.753116 0.61233 0.442721 1.80946 -163.304 1.43466 
3 2.495 0.769346 0.631239 0.460718 1.577 -165.325 1.2972 
3 2.5 0.76894 0.632233 0.463372 1.63857 -165.012 1.36706 
3 2.5 0.758414 0.619216 0.450483 1.76096 -163.891 1.3872 
3 2.505 0.759836 0.622148 0.45442 1.78831 -164.118 1.3827 
3 2.505 0.76041 0.622344 0.453669 1.7613 -164.317 1.35179 
3 2.51 0.75598 0.61666 0.447644 1.79897 -163.991 1.29703 
3 2.51 0.759044 0.618952 0.448706 1.70534 -163.51 1.39117 
3 2.515 0.749446 0.606831 0.434933 1.79569 -162.377 1.34725 
3 2.515 0.753574 0.612745 0.44157 1.78416 -163.163 1.30069 
3 2.52 0.741796 0.600638 0.432057 1.99908 -161.449 1.45407 
3 2.52 0.754458 0.613295 0.442621 1.74954 -163.136 1.34449 
3 2.525 0.738722 0.594406 0.424317 1.92856 -160.672 1.42346 
3 2.525 0.753626 0.612888 0.444002 1.77964 -163.336 1.32765 
3 2.53 0.742092 0.59817 0.42736 1.87626 -161.553 1.35374 
3 2.53 0.747516 0.603986 0.43215 1.78679 -161.867 1.33962 
3 2.535 0.725872 0.576639 0.403862 1.96248 -158.883 1.39604 
3 2.535 0.733286 0.585458 0.413015 1.88363 -159.996 1.37501 
3 2.54 0.74206 0.596635 0.423741 1.81031 -161.097 1.32591 
3 2.54 0.729614 0.582092 0.410812 1.95889 -159.078 1.46314 
3 2.545 0.727772 0.580888 0.409699 2.01318 -158.971 1.41457 
3 2.545 0.725342 0.576735 0.404392 1.98878 -158.672 1.38025 
3 2.55 0.717544 0.566184 0.393525 2.01234 -157.693 1.38563 
3 2.55 0.71259 0.561445 0.38941 2.10432 -157.092 1.41754 
3 2.555 0.726642 0.576596 0.401675 1.90166 -158.259 1.34983 
3 2.555 0.701992 0.549177 0.377734 2.20683 -155.636 1.44491 
3 2.56 0.725622 0.574681 0.398579 1.88099 -158.063 1.30126 
3 2.56 0.703852 0.550092 0.378661 2.13612 -155.684 1.45875 
3 2.565 0.703312 0.5493 0.376264 2.13069 -155.506 1.40952 
3 2.565 0.694012 0.540848 0.370633 2.3078 -154.726 1.46949 
3 2.57 0.697622 0.543263 0.372314 2.20182 -154.961 1.49872 
3 2.57 0.690232 0.532998 0.360273 2.20149 -153.768 1.42953 
3 2.575 0.690096 0.532822 0.359598 2.19766 -153.38 1.43875 
3 2.575 0.695362 0.539052 0.365126 2.15626 -154.125 1.38637 
3 2.58 0.69063 0.534551 0.361395 2.23184 -153.287 1.43867 
3 2.58 0.69469 0.536759 0.36198 2.0994 -153.272 1.42814 
3 2.585 0.676366 0.517675 0.346071 2.32896 -151.284 1.47812 
3 2.585 0.690242 0.531872 0.357537 2.14462 -153.498 1.38903 
3 2.59 0.682796 0.524911 0.351961 2.26642 -152.32 1.40251 
3 2.59 0.687798 0.530203 0.357228 2.20606 -153.087 1.424 
3 2.595 0.676944 0.516651 0.343317 2.25041 -151.137 1.41194 
3 2.595 0.671938 0.510817 0.338067 2.2858 -150.694 1.44313 
3 2.6 0.682774 0.523099 0.348804 2.1892 -151.86 1.37593 
3 2.6 0.679344 0.518427 0.344423 2.18917 -151.699 1.36108 
3 2.605 0.672128 0.511051 0.33771 2.27621 -150.714 1.38862 
3 2.605 0.659734 0.496353 0.323324 2.34564 -148.865 1.38229 
3 2.61 0.658588 0.494456 0.321744 2.32634 -148.875 1.38601 
3 2.61 0.657062 0.494155 0.322804 2.39175 -148.784 1.43201 
3 2.615 0.668676 0.505917 0.331172 2.24817 -149.812 1.38039 
3 2.615 0.654406 0.486984 0.312693 2.24616 -147.279 1.41314 
3 2.62 0.658768 0.49401 0.32022 2.2914 -148.545 1.38809 
3 2.62 0.65356 0.488555 0.31652 2.34406 -147.725 1.45014 
3 2.625 0.645468 0.478922 0.307302 2.37307 -146.823 1.41859 
3 2.625 0.660296 0.497137 0.324711 2.32939 -149.26 1.38507 
3 2.63 0.653972 0.487942 0.313645 2.29134 -147.984 1.31769 
3 2.63 0.632842 0.464861 0.295702 2.44762 -145.07 1.45681 
3 2.635 0.647582 0.481401 0.308781 2.35439 -147.428 1.32168 
3 2.635 0.641714 0.475062 0.303519 2.40097 -146.092 1.4175 
3 2.64 0.631148 0.461783 0.290694 2.40285 -144.774 1.38449 
3 2.64 0.62157 0.450284 0.280407 2.42178 -143.585 1.41375 
3 2.645 0.638092 0.469598 0.297478 2.36055 -145.153 1.42149 
3 2.645 0.621748 0.453785 0.285157 2.54117 -143.168 1.48271 
3 2.65 0.627658 0.459599 0.290016 2.47716 -144.68 1.38185 
3 2.65 0.614206 0.440446 0.269603 2.38479 -141.51 1.39857 
3 2.655 0.610772 0.43972 0.27095 2.51141 -141.732 1.3975 
3 2.655 0.62721 0.457103 0.285332 2.39963 -143.745 1.35177 
3 2.66 0.61531 0.442375 0.271805 2.3973 -142.435 1.32879 
3 2.66 0.609852 0.437136 0.2671 2.45176 -141.559 1.38901 
3 2.665 0.600234 0.427871 0.260175 2.53622 -140.009 1.41038 
3 2.665 0.598954 0.425583 0.258289 2.50796 -140.031 1.36884 
3 2.67 0.610284 0.436041 0.265462 2.38183 -140.895 1.37957 
3 2.67 0.600948 0.427487 0.260399 2.48496 -140.109 1.38862 
3 2.675 0.596774 0.423097 0.255522 2.50308 -140.038 1.33225 
3 2.675 0.59706 0.425875 0.259872 2.5942 -139.544 1.42728 
3 2.68 0.595754 0.421042 0.252889 2.46713 -139.472 1.35671 
3 2.68 0.600318 0.424859 0.254545 2.40587 -140.461 1.25371 
3 2.685 0.59356 0.418281 0.250228 2.4569 -139.083 1.32749 
3 2.685 0.589306 0.416004 0.249968 2.55948 -139.005 1.34955 
3 2.69 0.58729 0.412512 0.246345 2.51309 -138.584 1.31453 
3 2.69 0.588204 0.411982 0.243657 2.45346 -138.1 1.32688 
3 2.695 0.576144 0.398962 0.232449 2.48685 -136.7 1.29395 
3 2.695 0.5805 0.403632 0.236992 2.47315 -137.177 1.3093 
3 2.7 0.576846 0.401331 0.236694 2.54001 -137.324 1.32277 
3 2.7 0.572666 0.394205 0.228798 2.45403 -135.688 1.30602 
3 2.705 0.579624 0.403247 0.236321 2.48737 -136.664 1.31454 
3 2.705 0.576124 0.399747 0.235128 2.5075 -136.858 1.31108 
3 2.71 0.580436 0.404568 0.237836 2.49675 -137.516 1.26156 
3 2.71 0.56414 0.385577 0.222447 2.48423 -134.811 1.31929 
3 2.715 0.577974 0.399176 0.231513 2.39859 -136.446 1.29346 
3 2.715 0.576676 0.398426 0.231476 2.42617 -136.365 1.2688 
3 2.72 0.574024 0.397421 0.231855 2.49696 -136.27 1.28481 
3 2.72 0.55948 0.379746 0.216197 2.45323 -133.821 1.28615 
3 2.725 0.564394 0.385562 0.221257 2.4595 -134.945 1.25959 
3 2.725 0.54417 0.365054 0.205053 2.52965 -132.235 1.26038 
3 2.73 0.552238 0.37218 0.210325 2.46204 -133.033 1.27665 
3 2.73 0.547438 0.369498 0.210133 2.55712 -133.356 1.26042 
3 2.735 0.536236 0.355329 0.195696 2.47825 -130.991 1.21683 
3 2.735 0.548572 0.370072 0.209217 2.52798 -132.552 1.29422 
3 2.74 0.548516 0.367688 0.205424 2.43863 -132.822 1.21255 
3 2.74 0.544054 0.363693 0.201856 2.47073 -131.78 1.18879 
3 2.745 0.54257 0.363426 0.204058 2.51526 -131.896 1.2511 
3 2.745 0.541788 0.359634 0.19746 2.40802 -131.425 1.18029 
3 2.75 0.53505 0.355746 0.1976 2.5261 -131.206 1.22694 
3 2.75 0.528458 0.348624 0.192096 2.52204 -130.149 1.24698 
3 2.755 0.526986 0.346096 0.188249 2.48211 -129.802 1.20915 
3 2.755 0.525282 0.342839 0.185465 2.42897 -129.218 1.21501 
3 2.76 0.520922 0.339558 0.183028 2.47095 -128.758 1.20824 
3 2.76 0.528406 0.347469 0.189866 2.47305 -129.747 1.23242 
3 2.765 0.525844 0.345785 0.188982 2.50536 -129.675 1.1686 
3 2.765 0.502746 0.320541 0.168786 2.45162 -126.51 1.1603 
3 2.77 0.51301 0.332075 0.178107 2.4872 -127.702 1.20262 
3 2.77 0.512988 0.330757 0.176174 2.44045 -127.984 1.17857 
3 2.775 0.518418 0.333756 0.175956 2.34231 -127.153 1.19488 
3 2.775 0.512922 0.331921 0.177542 2.48045 -127.861 1.1828 
3 2.78 0.50218 0.316813 0.163002 2.32475 -125.127 1.14555 
3 2.78 0.50932 0.324969 0.169631 2.35837 -127.401 1.08295 
3 2.785 0.502626 0.322937 0.172307 2.52437 -126.004 1.22401 
3 2.785 0.495084 0.313727 0.163349 2.46389 -125.151 1.15584 
3 2.79 0.498028 0.316079 0.164923 2.43897 -125.935 1.13356 
3 2.79 0.4943 0.311 0.160312 2.38951 -125.344 1.09862 
3 2.795 0.497916 0.316166 0.165787 2.44171 -125.438 1.16317 
3 2.795 0.507408 0.324607 0.171132 2.4023 -126.572 1.1585 
3 2.8 0.498908 0.314277 0.161368 2.33455 -125.223 1.09119 
3 2.8 0.49444 0.312223 0.162015 2.41971 -125.515 1.12252 
3 2.805 0.48792 0.304364 0.155123 2.36358 -123.663 1.13239 
3 2.805 0.488674 0.304409 0.155053 2.33891 -123.786 1.12173 
3 2.81 0.48613 0.302741 0.153092 2.36365 -124.164 1.06995 
3 2.81 0.492406 0.30754 0.156049 2.31589 -123.95 1.08244 
3 2.815 0.494596 0.31017 0.158583 2.32842 -125.116 1.07288 
3 2.815 0.48968 0.30704 0.156771 2.3891 -124.23 1.09779 
3 2.82 0.479296 0.295975 0.149025 2.34929 -122.313 1.10581 
3 2.82 0.471378 0.287345 0.141667 2.31019 -121.987 1.06579 
3 2.825 0.47526 0.291352 0.144685 2.31787 -122.608 1.01923 
3 2.825 0.472308 0.28988 0.145209 2.36479 -121.909 1.05373 
3 2.83 0.45346 0.269902 0.129195 2.27123 -118.966 1.02511 
3 2.83 0.472534 0.288714 0.143111 2.31187 -121.873 1.05756 
3 2.835 0.475276 0.289024 0.141117 2.22704 -121.849 1.00089 
3 2.835 0.466866 0.282895 0.138679 2.29032 -121.057 1.02944 
3 2.84 0.457472 0.274057 0.132462 2.28085 -119.624 1.02883 
3 2.84 0.46999 0.286382 0.140674 2.30604 -122.063 0.997143 
3 2.845 0.448598 0.264065 0.123689 2.20825 -118.486 0.968362 
3 2.845 0.458942 0.27527 0.13326 2.27213 -119.638 1.05153 
3 2.85 0.46458 0.281716 0.138709 2.31164 -120.934 1.03736 
3 2.85 0.452452 0.269582 0.129265 2.27612 -119.248 1.00958 
3 2.855 0.45856 0.276064 0.134838 2.30425 -120.01 1.04015 
3 2.855 0.455886 0.272069 0.130677 2.24997 -118.941 1.01135 
3 2.86 0.445964 0.262377 0.1237 2.22005 -117.39 1.01329 
3 2.86 0.446874 0.262525 0.123417 2.19679 -118.052 0.981768 
3 2.865 0.443834 0.260537 0.122289 2.21808 -117.521 0.983975 
3 2.865 0.452124 0.268015 0.127994 2.21987 -118.345 0.994318 
3 2.87 0.439222 0.254897 0.117617 2.15962 -117.122 0.948292 
3 2.87 0.449106 0.265067 0.124619 2.20804 -118.51 0.990487 
3 2.875 0.433138 0.248233 0.111331 2.10868 -116.525 0.90325 
3 2.875 0.44699 0.263696 0.124179 2.22246 -118.572 0.96302 
3 2.88 0.435404 0.252551 0.116584 2.18659 -116.411 0.977712 
3 2.88 0.440368 0.257334 0.119469 2.20175 -117.139 0.95119 
3 2.885 0.429702 0.245426 0.111109 2.10684 -115.562 0.928058 
3 2.885 0.420292 0.237809 0.106321 2.12005 -114.159 0.911174 
3 2.89 0.426198 0.242793 0.109587 2.11587 -115.225 0.92012 
3 2.89 0.427494 0.244323 0.110692 2.13052 -115.36 0.930394 
3 2.895 0.423072 0.240101 0.107889 2.11093 -114.374 0.946534 
3 2.895 0.415868 0.232639 0.101532 2.06192 -113.63 0.904149 
3 2.9 0.41215 0.230166 0.101014 2.07924 -113.829 0.871624 
3 2.9 0.424312 0.241508 0.10895 2.11956 -115.212 0.921731 
3 2.905 0.413376 0.230171 0.100018 2.041 -113.363 0.888199 
3 2.905 0.415678 0.230632 0.0990503 1.99117 -113.108 0.872573 
3 2.91 0.415404 0.231531 0.101013 2.02648 -113.483 0.872887 
3 2.91 0.41541 0.23098 0.100558 2.00736 -113.341 0.8635 
3 2.915 0.411026 0.228221 0.0994042 2.03358 -112.987 0.893397 
3 2.915 0.412844 0.228745 0.0985175 2.00017 -112.081 0.877346 
3 2.92 0.409962 0.226477 0.0973134 2.00027 -112.54 0.861835 
3 2.92 0.40461 0.223337 0.0970482 2.04203 -111.717 0.888829 
3 2.925 0.41191 0.228573 0.0986505 2.01378 -112.426 0.880362 
3 2.925 0.40566 0.224541 0.0974653 2.05063 -112.698 0.894843 
3 2.93 0.411392 0.229211 0.0998022 2.04666 -112.723 0.886819 
3 2.93 0.41254 0.229765 0.100283 2.03329 -112.889 0.877238 
3 2.935 0.401308 0.218474 0.0917648 1.95659 -111.023 0.867603 
3 2.935 0.397824 0.217256 0.0920624 2.00995 -111.004 0.867665 
3 2.94 0.406256 0.225131 0.0977246 2.04377 -111.792 0.8746 
3 2.94 0.397414 0.21585 0.0908216 1.96981 -110.437 0.840101 
3 2.945 0.395272 0.214726 0.090755 1.98594 -110.531 0.860157 
3 2.945 0.396944 0.214633 0.0897008 1.93782 -110.54 0.84044 
3 2.95 0.389814 0.208553 0.085568 1.91856 -109.555 0.814948 
3 2.95 0.389456 0.207788 0.0850721 1.90211 -109.316 0.806851 
3 2.955 0.384468 0.205717 0.0855338 1.95944 -109.068 0.865368 
3 2.955 0.39392 0.211874 0.0878318 1.91882 -110.008 0.823456 
3 2.96 0.395296 0.213802 0.0897422 1.94402 -110.382 0.840112 
3 2.96 0.386522 0.207404 0.0865925 1.95961 -109.395 0.851307 
3 2.965 0.383364 0.203171 0.0827096 1.89555 -108.888 0.794312 
3 2.965 0.373576 0.194802 0.0779036 1.86316 -107.331 0.805854 
3 2.97 0.390188 0.208651 0.0857263 1.89915 -110.197 0.777213 
3 2.97 0.38459 0.205307 0.0847912 1.93257 -109.743 0.786293 
3 2.975 0.385824 0.204764 0.0838352 1.87912 -108.948 0.793174 
3 2.975 0.38013 0.200707 0.0814492 1.88934 -108.091 0.820563 
3 2.98 0.377002 0.196712 0.0781835 1.83159 -108.217 0.771743 
3 2.98 0.378348 0.197864 0.0788235 1.83615 -108.312 0.772787 
3 2.985 0.382982 0.201514 0.0803645 1.83714 -108.008 0.765655 
3 2.985 0.37322 0.192613 0.0750147 1.78626 -106.499 0.756091 
3 2.99 0.377162 0.197341 0.0790797 1.84246 -107.245 0.800214 
3 2.99 0.367324 0.188336 0.0729629 1.78624 -105.845 0.784419 
3 2.995 0.371022 0.190113 0.0730656 1.75144 -106.522 0.717824 
3 2.995 0.368362 0.18903 0.0730918 1.78096 -106.184 0.74015 
3 3 0.36307 0.184578 0.0709083 1.75861 -105.815 0.743738 
3 3 0.366594 0.187197 0.0721744 1.76019 -105.371 0.740834 
3 3.005 0.370802 0.191574 0.0749876 1.79966 -106.574 0.753918 
3 3.005 0.36882 0.187637 0.0710272 1.71742 -106.05 0.721822 
3 3.01 0.360712 0.182465 0.0692897 1.73925 -105.328 0.715209 
3 3.01 0.361298 0.181668 0.0675976 1.69874 -105.138 0.691474 
3 3.015 0.354446 0.176691 0.0657174 1.6935 -104.528 0.709194 
3 3.015 0.359082 0.18093 0.0681571 1.7244 -105.456 0.715639 
3 3.02 0.36046 0.182322 0.06942 1.73477 -105.131 0.733262 
3 3.02 0.349766 0.173028 0.0641495 1.67854 -103.969 0.717877 
3 3.025 0.353514 0.176791 0.0661833 1.71301 -103.915 0.72205 
3 3.025 0.344118 0.169803 0.0626875 1.69872 -103.298 0.713323 
3 3.03 0.350872 0.174757 0.0653269 1.70448 -103.777 0.710562 
3 3.03 0.35316 0.176999 0.0669468 1.72531 -103.912 0.734711 
3 3.035 0.357292 0.179113 0.0673052 1.6954 -104.776 0.702166 
3 3.035 0.350484 0.173847 0.0642213 1.68066 -103.66 0.699836 
3 3.04 0.354046 0.175503 0.0644329 1.64983 -103.676 0.689042 
3 3.04 0.34541 0.168317 0.0604611 1.61213 -102.848 0.655328 
3 3.045 0.348234 0.170798 0.062141 1.62665 -102.55 0.669375 
3 3.045 0.345396 0.168997 0.0612047 1.63215 -102.055 0.701352 
3 3.05 0.34394 0.167948 0.0604356 1.62799 -102.532 0.666626 
3 3.05 0.342358 0.166094 0.0591134 1.60279 -102.331 0.654544 
3 3.055 0.343238 0.166899 0.0594836 1.60676 -102.114 0.665058 
3 3.055 0.345958 0.16912 0.0612647 1.6181 -102.592 0.687091 
3 3.06 0.338984 0.163875 0.0585054 1.60016 -101.872 0.66136 
3 3.06 0.34491 0.167981 0.0600785 1.6019 -102.34 0.671018 
3 3.065 0.335254 0.160718 0.0564264 1.5766 -101.286 0.652276 
3 3.065 0.336294 0.161703 0.0571017 1.58594 -101.202 0.665503 
3 3.07 0.335874 0.161403 0.0568857 1.58277 -101.65 0.649155 
3 3.07 0.33613 0.160062 0.0555183 1.53351 -100.981 0.640713 
3 3.075 0.335748 0.159928 0.0553215 1.53499 -100.312 0.655656 
3 3.075 0.335068 0.161253 0.0575253 1.59292 -100.868 0.68866 
3 3.08 0.331176 0.156842 0.0540273 1.53131 -100.44 0.649466 
3 3.08 0.332374 0.158733 0.0554058 1.5669 -100.214 0.662468 
3 3.085 0.332498 0.158333 0.0549056 1.54874 -100.45 0.619774 
3 3.085 0.330556 0.155643 0.0531571 1.50328 -100.269 0.640651 
3 3.09 0.322996 0.150971 0.0517678 1.50952 -99.1138 0.657206 
3 3.09 0.33003 0.157108 0.0548796 1.5595 -100.351 0.648732 
3 3.095 0.321428 0.148253 0.0487203 1.45193 -98.7321 0.605085 
3 3.095 0.32505 0.151857 0.0510122 1.49271 -99.6313 0.6302 
3 3.1 0.326136 0.153114 0.0526465 1.50806 -99.9831 0.62592 
3 3.1 0.327632 0.153431 0.0518458 1.48672 -99.0954 0.640348 
3 3.105 0.321588 0.148794 0.0495651 1.46136 -99.0103 0.636214 
3 3.105 0.325086 0.15241 0.0518632 1.50495 -99.54 0.627149 
3 3.11 0.32105 0.148588 0.0490887 1.4635 -98.22 0.60948 
3 3.11 0.3186 0.145934 0.0476037 1.42855 -98.4739 0.596393 
3 3.115 0.321732 0.14903 0.0495745 1.46128 -98.6176 0.610969 
3 3.115 0.32771 0.153648 0.0517593 1.48488 -99.665 0.60942 
3 3.12 0.318752 0.145483 0.0468606 1.40642 -97.9645 0.584825 
3 3.12 0.320636 0.148443 0.0498403 1.46269 -98.4306 0.61644 
3 3.125 0.314902 0.143698 0.0467804 1.42512 -97.3269 0.599647 
3 3.125 0.314186 0.142148 0.0457148 1.38992 -97.2921 0.595723 
3 3.13 0.313918 0.142091 0.045692 1.39126 -97.3088 0.602302 
3 3.13 0.307602 0.13834 0.0441357 1.39683 -96.7653 0.585752 
3 3.135 0.314134 0.142259 0.045463 1.39009 -97.0225 0.579117 
3 3.135 0.317422 0.145339 0.0472548 1.42209 -97.6213 0.584386 
3 3.14 0.304412 0.135074 0.0423516 1.35054 -96.3766 0.56821 
3 3.14 0.318654 0.146098 0.0476406 1.41904 -97.9664 0.584385 
3 3.145 0.311464 0.140618 0.0451372 1.38659 -97.5847 0.575179 
3 3.145 0.310644 0.139787 0.044375 1.37637 -96.7148 0.579111 
3 3.15 0.310696 0.139821 0.0446096 1.37424 -96.836 0.566628 
3 3.15 0.307202 0.136729 0.0426133 1.34464 -96.7266 0.565646 
3 3.155 0.305214 0.13462 0.0412281 1.31425 -95.5422 0.555178 
3 3.155 0.306966 0.137206 0.0432486 1.36222 -96.1779 0.572916 
3 3.16 0.305928 0.136446 0.0428342 1.35614 -96.4042 0.546809 
3 3.16 0.306602 0.136568 0.0428827 1.34693 -95.9524 0.558902 
3 3.165 0.305708 0.135545 0.0417966 1.32978 -95.4214 0.547215 
3 3.165 0.301568 0.131564 0.0396131 1.28344 -95.283 0.534613 
3 3.17 0.302432 0.133297 0.0415563 1.31961 -95.1933 0.566064 
3 3.17 0.301006 0.131847 0.0402024 1.30101 -95.0792 0.542867 
3 3.175 0.30341 0.132579 0.0401125 1.27628 -95.0589 0.549001 
3 3.175 0.30066 0.132235 0.0406238 1.31775 -94.701 0.558391 
3 3.18 0.302042 0.132671 0.040529 1.30318 -94.6668 0.551524 
3 3.18 0.296662 0.129136 0.0393778 1.29332 -94.2961 0.547926 
3 3.185 0.30138 0.132144 0.0404713 1.29716 -95.0008 0.550145 
3 3.185 0.300034 0.131313 0.039999 1.29648 -94.645 0.544688 
3 3.19 0.295306 0.127539 0.0378518 1.26438 -93.8813 0.522333 
3 3.19 0.29426 0.126582 0.0378217 1.2537 -93.5727 0.548309 
3 3.195 0.294124 0.127258 0.0385083 1.27542 -93.8602 0.539446 
3 3.195 0.2949 0.127934 0.0383512 1.28226 -94.4906 0.525413 
3 3.2 0.29589 0.128027 0.0382052 1.26488 -93.8054 0.538574 
3 3.2 0.292978 0.125272 0.0366588 1.23239 -93.3014 0.508199 
3 3.205 0.293856 0.127189 0.0384056 1.27418 -93.3698 0.541297 
3 3.205 0.295906 0.127657 0.0377763 1.25106 -93.6908 0.518831 
3 3.21 0.292084 0.124427 0.0361837 1.21851 -93.2499 0.511748 
3 3.21 0.286376 0.121587 0.0357301 1.2329 -92.8154 0.528242 
3 3.215 0.288864 0.122414 0.0352898 1.21218 -92.1692 0.518987 
3 3.215 0.287354 0.120912 0.0345422 1.19251 -92.41 0.502141 
3 3.22 0.287178 0.121372 0.0349779 1.20809 -92.5384 0.507092 
3 3.22 0.28905 0.122597 0.0355031 1.21263 -92.8658 0.502896 
3 3.225 0.287516 0.121214 0.0348805 1.19531 -92.388 0.5104 
3 3.225 0.28306 0.118848 0.0340097 1.20076 -92.4576 0.501999 
3 3.23 0.287128 0.120686 0.0343426 1.18401 -91.9342 0.506657 
3 3.23 0.286996 0.120297 0.0338103 1.17432 -91.9182 0.489078 
3 3.235 0.286548 0.120766 0.0346017 1.19495 -91.7527 0.516159 
3 3.235 0.283392 0.117927 0.0334579 1.16277 -92.0289 0.50181 
3 3.24 0.282534 0.118296 0.0337137 1.18736 -91.3166 0.506252 
3 3.24 0.282448 0.116777 0.0321553 1.14199 -91.6721 0.481605 
3 3.245 0.28428 0.118823 0.0336288 1.17127 -91.613 0.503972 
3 3.245 0.28003 0.11571 0.0324542 1.14926 -90.9822 0.496516 
3 3.25 0.282424 0.117576 0.0332884 1.16347 -91.4998 0.499508 
3 3.25 0.280034 0.115919 0.0323307 1.15384 -91.0874 0.489503 
3 3.255 0.279386 0.11577 0.032411 1.15864 -91.0201 0.486632 
3 3.255 0.280692 0.116109 0.0321994 1.14659 -90.9176 0.508987 
3 3.26 0.27413 0.111307 0.0298632 1.1092 -90.2874 0.473862 
3 3.26 0.277306 0.113749 0.0311598 1.13037 -90.4223 0.495523 
3 3.265 0.277236 0.113319 0.0310318 1.11666 -90.6086 0.477735 
3 3.265 0.274228 0.111392 0.0302583 1.10846 -90.6368 0.475746 
3 3.27 0.27295 0.110057 0.0293749 1.08732 -89.7341 0.472864 
3 3.27 0.276908 0.113237 0.0307178 1.11802 -90.609 0.464076 
3 3.275 0.27325 0.110023 0.0291782 1.0796 -89.4246 0.463536 
3 3.275 0.272732 0.109839 0.0292563 1.08263 -89.5314 0.468894 
3 3.28 0.27051 0.108009 0.0283945 1.06199 -89.0894 0.452922 
3 3.28 0.27792 0.11407 0.0311229 1.12288 -89.9778 0.477946 
3 3.285 0.275436 0.112051 0.030296 1.10155 -89.9449 0.461013 
3 3.285 0.271142 0.109252 0.0293515 1.08779 -89.6102 0.47591 
3 3.29 0.269324 0.107377 0.0279575 1.05902 -88.7407 0.464049 
3 3.29 0.272956 0.110105 0.0295427 1.08206 -89.58 0.457694 
3 3.295 0.26941 0.107409 0.0280115 1.05699 -89.0347 0.453361 
3 3.295 0.273546 0.110631 0.0294119 1.08661 -89.4781 0.462576 
3 3.3 0.267662 0.107038 0.0285704 1.07258 -88.7073 0.464689 
3 3.3 0.268076 0.106995 0.0282478 1.06454 -88.6934 0.463095 
3 3.305 0.270724 0.108542 0.0287891 1.06657 -88.775 0.461445 
3 3.305 0.267822 0.107043 0.028288 1.06851 -88.8708 0.459167 
3 3.31 0.266646 0.105531 0.0275054 1.0402 -88.589 0.455218 
3 3.31 0.271056 0.109018 0.0288846 1.07391 -88.5938 0.452462 
3 3.315 0.263662 0.10389 0.0269985 1.03686 -87.7661 0.454398 
3 3.315 0.2666 0.105584 0.0274567 1.04098 -87.9315 0.448921 
3 3.32 0.26532 0.104481 0.0267749 1.0267 -88.0621 0.455643 
3 3.32 0.26707 0.106508 0.028115 1.0597 -88.4505 0.456516 
3 3.325 0.262156 0.10327 0.0268686 1.03893 -87.5664 0.454245 
3 3.325 0.266146 0.104654 0.0266513 1.01716 -87.9803 0.437625 
3 3.33 0.2624 0.102461 0.0259532 1.00922 -87.0499 0.448264 
3 3.33 0.260114 0.100561 0.0250528 0.988032 -87.1113 0.436137 
3 3.335 0.260602 0.101716 0.0260145 1.01358 -87.0554 0.443492 
3 3.335 0.263252 0.102515 0.0256596 0.995907 -87.0272 0.442867 
3 3.34 0.260978 0.101801 0.0259053 1.00872 -87.1165 0.44126 
3 3.34 0.261114 0.100623 0.0246408 0.971332 -86.489 0.431791 
3 3.345 0.256564 0.0987083 0.0245653 0.983056 -86.3391 0.436073 
3 3.345 0.260916 0.101553 0.0258272 1.00076 -86.945 0.44556 
3 3.35 0.254182 0.0969149 0.0235018 0.964371 -86.4446 0.417683 
3 3.35 0.258888 0.100778 0.025401 1.00763 -86.4146 0.439806 
3 3.355 0.257386 0.0991242 0.0245204 0.97993 -85.9334 0.435286 
3 3.355 0.252944 0.096135 0.0232267 0.958399 -86.1164 0.424065 
3 3.36 0.255412 0.0978517 0.0243053 0.970726 -86.4238 0.431736 
3 3.36 0.25371 0.0961584 0.0230849 0.946119 -85.8946 0.407228 
3 3.365 0.254244 0.0970407 0.0238483 0.962874 -86.0045 0.430081 
3 3.365 0.256142 0.0983254 0.02437 0.972264 -86.1976 0.434416 
3 3.37 0.25701 0.098394 0.0241383 0.959639 -85.9755 0.425443 
3 3.37 0.254164 0.09714 0.0237739 0.965598 -85.7176 0.419237 
3 3.375 0.250674 0.0943736 0.0226466 0.934403 -85.4354 0.41415 
3 3.375 0.249326 0.0930816 0.0218933 0.916092 -84.8805 0.407097 
3 3.38 0.253474 0.0962112 0.0232318 0.945624 -85.2448 0.418012 
3 3.38 0.251044 0.0948579 0.0227943 0.941859 -85.318 0.406807 
3 3.385 0.252266 0.0945781 0.0224478 0.914032 -85.1615 0.409996 
3 3.385 0.249964 0.0941094 0.0225172 0.934341 -84.6442 0.410229 
3 3.39 0.250688 0.0946747 0.0230719 0.938945 -84.6581 0.41525 
3 3.39 0.249336 0.0931569 0.0221187 0.914113 -84.5751 0.409589 
3 3.395 0.25043 0.0944488 0.0226318 0.934717 -84.8145 0.412574 
3 3.395 0.246434 0.0917512 0.0215115 0.913741 -84.47 0.401363 
3 3.4 0.24681 0.0920708 0.0216553 0.916341 -84.4495 0.402456 
3 3.4 0.250726 0.094628 0.0228156 0.93425 -84.7032 0.409508 
3 3.405 0.248018 0.0917797 0.0210409 0.888893 -84.4743 0.394112 
3 3.405 0.246474 0.0913876 0.021391 0.899798 -83.9962 0.403928 
3 3.41 0.249104 0.0928917 0.021648 0.904366 -84.1451 0.412504 
3 3.41 0.247254 0.0917024 0.0214758 0.896417 -84.026 0.413326 
3 3.415 0.245728 0.0904849 0.0208532 0.881483 -83.4955 0.399369 
3 3.415 0.245136 0.0900836 0.0204533 0.878241 -83.7084 0.387825 
3 3.42 0.247266 0.0917986 0.0212895 0.896436 -84.1044 0.396039 
3 3.42 0.244642 0.0902359 0.0207397 0.888485 -83.6218 0.400956 
3 3.425 0.24525 0.0907548 0.021275 0.893641 -83.159 0.397069 
3 3.425 0.243842 0.0901564 0.0208151 0.896276 -83.7226 0.387457 
3 3.43 0.24395 0.0900073 0.0209593 0.889088 -83.1032 0.40697 
3 3.43 0.243522 0.0896229 0.0205393 0.883964 -83.0312 0.400162 
3 3.435 0.243486 0.0891098 0.0202895 0.868249 -83.0834 0.399773 
3 3.435 0.245004 0.0900576 0.0207147 0.874254 -82.9659 0.380143 
3 3.44 0.242278 0.0882248 0.0197268 0.85832 -83.1753 0.390398 
3 3.44 0.241334 0.0873545 0.019414 0.846291 -82.5718 0.383454 
3 3.445 0.242184 0.0875178 0.0193543 0.837871 -82.5758 0.375327 
3 3.445 0.241282 0.0877407 0.0198307 0.857001 -82.538 0.392499 
3 3.45 0.23883 0.0862776 0.0193745 0.847475 -82.7905 0.386782 
3 3.45 0.238886 0.0860114 0.0190083 0.838982 -82.3673 0.383042 
3 3.455 0.24142 0.0871298 0.0192628 0.834912 -82.1873 0.380597 
3 3.455 0.238024 0.0856892 0.0189458 0.840341 -81.75 0.381386 
3 3.46 0.238716 0.0857394 0.0188425 0.831041 -81.9331 0.377829 
3 3.46 0.235802 0.084602 0.0188318 0.838135 -82.0283 0.381767 
3 3.465 0.234678 0.0832012 0.0180461 0.811757 -81.4707 0.380492 
3 3.465 0.236494 0.0842073 0.0180916 0.816101 -81.9713 0.372986 
3 3.47 0.238426 0.0857502 0.0189425 0.832946 -81.6152 0.382491 
3 3.47 0.235862 0.0842376 0.0183208 0.8244 -81.7476 0.380376 
3 3.475 0.235054 0.0828744 0.0174409 0.794937 -81.6354 0.367151 
3 3.475 0.23756 0.0854914 0.0191069 0.836161 -82.0245 0.374641 
3 3.48 0.2371 0.0844958 0.0181794 0.812627 -81.4655 0.372466 
3 3.48 0.234 0.0829863 0.0179628 0.811216 -81.3867 0.36726 
3 3.485 0.23646 0.0841866 0.0181372 0.811283 -81.4662 0.364505 
3 3.485 0.236216 0.0840376 0.0182708 0.810319 -81.3194 0.365897 
3 3.49 0.233892 0.0825634 0.017508 0.798223 -81.0082 0.353176 
3 3.49 0.230342 0.0804388 0.0169543 0.784567 -80.571 0.36662 
3 3.495 0.233738 0.0826195 0.0175986 0.800745 -80.7018 0.36241 
3 3.495 0.235552 0.0836564 0.0180298 0.806056 -81.3098 0.370316 
