size temperature m m^2 m^4 mag_sus
80 2.2 0.785265 4.84702 
80 2.2 0.784666 5.20786 
80 2.2 0.785089 4.5638 
80 2.2 0.785072 4.75381 
80 2.2 0.78441 5.22783 
80 2.201 0.783608 4.8769 
80 2.201 0.783548 4.88001 
80 2.201 0.783624 4.80854 
80 2.201 0.783419 5.0946 
80 2.201 0.783397 5.05647 
80 2.202 0.783141 4.91523 
80 2.202 0.781878 5.46972 
80 2.202 0.781355 5.76726 
80 2.202 0.782204 4.92554 
80 2.202 0.781021 5.29913 
80 2.203 0.781034 5.12776 
80 2.203 0.780632 5.31056 
80 2.203 0.780991 4.94845 
80 2.203 0.78039 5.29007 
80 2.203 0.780087 5.48091 
80 2.204 0.780134 5.29285 
80 2.204 0.779954 5.41793 
80 2.204 0.779437 5.52905 
80 2.204 0.779642 5.36046 
80 2.204 0.778924 5.39632 
80 2.205 0.778161 5.55479 
80 2.205 0.777818 5.22826 
80 2.205 0.778195 5.51063 
80 2.205 0.778495 5.42584 
80 2.205 0.777271 6.33532 
80 2.206 0.77711 6.08561 
80 2.206 0.776538 6.65534 
80 2.206 0.775836 5.881 
80 2.206 0.776429 5.63081 
80 2.206 0.776491 5.30633 
80 2.207 0.774915 5.89667 
80 2.207 0.775136 5.61711 
80 2.207 0.775098 5.64456 
80 2.207 0.77548 5.76175 
80 2.207 0.774664 5.99265 
80 2.208 0.773642 6.00338 
80 2.208 0.77318 5.94658 
80 2.208 0.772692 6.57942 
80 2.208 0.773712 6.27688 
80 2.208 0.773056 6.34252 
80 2.209 0.771705 6.25258 
80 2.209 0.772202 6.29723 
80 2.209 0.77248 6.37826 
80 2.209 0.772952 5.91007 
80 2.209 0.772478 6.10842 
80 2.21 0.770451 6.20314 
80 2.21 0.770418 6.72622 
80 2.21 0.770312 6.28319 
80 2.21 0.769905 6.80054 
80 2.21 0.770382 6.70487 
80 2.211 0.768394 6.70345 
80 2.211 0.768087 7.05196 
80 2.211 0.769471 6.32163 
80 2.211 0.769289 6.54403 
80 2.211 0.768499 6.64394 
80 2.212 0.767416 6.90219 
80 2.212 0.768181 6.42575 
80 2.212 0.767091 6.9137 
80 2.212 0.767595 6.25591 
80 2.212 0.766606 7.24721 
80 2.213 0.76487 7.53483 
80 2.213 0.765496 7.05431 
80 2.213 0.764751 7.21517 
80 2.213 0.764943 6.6082 
80 2.213 0.766169 7.063 
80 2.214 0.763281 8.56444 
80 2.214 0.76282 8.40488 
80 2.214 0.764044 7.74468 
80 2.214 0.764927 6.46652 
80 2.214 0.76485 6.92732 
80 2.215 0.761999 8.08024 
80 2.215 0.762402 6.87185 
80 2.215 0.76274 7.21321 
80 2.215 0.762345 7.73651 
80 2.215 0.761049 8.5488 
80 2.216 0.759006 9.69245 
80 2.216 0.76062 7.53251 
80 2.216 0.760735 7.83747 
80 2.216 0.759827 8.47527 
80 2.216 0.760096 8.09715 
80 2.217 0.75818 7.65331 
80 2.217 0.759226 9.00363 
80 2.217 0.757639 8.57187 
80 2.217 0.758967 8.42951 
