size temperature err_m err_ms
16 2.2 0.00308015 0.123938
16 2.201 0.00303905 0.124885
16 2.202 0.0030786 0.123268
16 2.203 0.00313473 0.116951
16 2.204 0.00283668 0.108529
16 2.205 0.00283477 0.10271
16 2.206 0.00339149 0.145057
16 2.207 0.00309255 0.12893
16 2.208 0.00310172 0.117535
16 2.209 0.00303806 0.11371
16 2.21 0.00297422 0.109623
16 2.211 0.00303237 0.106032
16 2.212 0.00302412 0.105956
16 2.213 0.00311885 0.125479
16 2.214 0.00308276 0.114347
16 2.215 0.00322544 0.125072
16 2.216 0.00313392 0.129912
16 2.217 0.00322992 0.129673
16 2.218 0.00307006 0.119229
16 2.219 0.00306841 0.104088
16 2.22 0.00331581 0.131272
16 2.221 0.0032856 0.132765
16 2.222 0.00333335 0.125613
16 2.223 0.0031261 0.114353
16 2.224 0.00339199 0.128401
16 2.225 0.00324284 0.129187
16 2.226 0.0031919 0.122533
16 2.227 0.00327686 0.120819
16 2.228 0.00329553 0.129069
16 2.229 0.00313447 0.108374
16 2.23 0.00346176 0.126621
16 2.231 0.00332968 0.129296
16 2.232 0.00318004 0.124469
16 2.233 0.00339494 0.122401
16 2.234 0.00348741 0.133372
16 2.235 0.00359166 0.140752
16 2.236 0.00358764 0.137984
16 2.237 0.00361619 0.137415
16 2.238 0.00373319 0.153147
16 2.239 0.00358023 0.137986
16 2.24 0.00341741 0.130211
16 2.241 0.00348076 0.123456
16 2.242 0.00360223 0.137698
16 2.243 0.00384614 0.14569
16 2.244 0.0034078 0.119173
16 2.245 0.00362044 0.142737
16 2.246 0.00376467 0.138261
16 2.247 0.00366659 0.140275
16 2.248 0.00362631 0.138957
16 2.249 0.00372518 0.133359
16 2.25 0.00368488 0.128602
16 2.251 0.00371665 0.14697
16 2.252 0.00388635 0.145689
16 2.253 0.00374859 0.133354
16 2.254 0.00349657 0.125302
16 2.255 0.00375775 0.139388
16 2.256 0.00380303 0.139014
16 2.257 0.00363985 0.139703
16 2.258 0.00375157 0.121899
16 2.259 0.00391496 0.13945
16 2.26 0.00386079 0.144808
16 2.261 0.00371791 0.132689
16 2.262 0.00387163 0.143144
16 2.263 0.004173 0.158524
16 2.264 0.0036966 0.136687
16 2.265 0.0037203 0.135661
16 2.266 0.00401452 0.145448
16 2.267 0.00410613 0.150317
16 2.268 0.00401606 0.146372
16 2.269 0.0038365 0.132495
16 2.27 0.00397847 0.138267
16 2.271 0.0037697 0.132988
16 2.272 0.0040456 0.139482
16 2.273 0.00414666 0.146484
16 2.274 0.00393294 0.142776
16 2.275 0.00427996 0.14278
16 2.276 0.00393306 0.138202
16 2.277 0.00388248 0.133893
16 2.278 0.00407984 0.145187
16 2.279 0.00414485 0.14696
16 2.28 0.0043294 0.156459
16 2.281 0.00424883 0.145232
16 2.282 0.00446768 0.15581
16 2.283 0.00429134 0.142732
16 2.284 0.00418181 0.145025
16 2.285 0.0042088 0.132726
16 2.286 0.00422197 0.14201
16 2.287 0.00428794 0.141163
16 2.288 0.00413921 0.136908
16 2.289 0.00423232 0.144498
16 2.29 0.00424242 0.138069
16 2.291 0.00445722 0.150155
16 2.292 0.00439671 0.143997
16 2.293 0.00445717 0.152402
16 2.294 0.00397725 0.126871
16 2.295 0.00424117 0.142317
16 2.296 0.0041095 0.128658
16 2.297 0.00442123 0.137527
16 2.298 0.00411559 0.127316
16 2.299 0.00403442 0.128637
16 2.3 0.00453865 0.146741
16 2.301 0.00431374 0.132546
16 2.302 0.00458616 0.149243
16 2.303 0.0047067 0.144829
16 2.304 0.00435889 0.136523
16 2.305 0.00428924 0.141035
16 2.306 0.00437539 0.142495
16 2.307 0.00425096 0.127766
16 2.308 0.00443711 0.135246
16 2.309 0.00450801 0.138453
16 2.31 0.0046925 0.139988
16 2.311 0.00446669 0.133062
16 2.312 0.0045662 0.140694
16 2.313 0.00471361 0.130574
16 2.314 0.00466848 0.139102
16 2.315 0.00462707 0.131499
16 2.316 0.00471625 0.140303
16 2.317 0.00461444 0.139475
16 2.318 0.0046596 0.130671
16 2.319 0.00467251 0.135908
16 2.32 0.00483267 0.135296
16 2.321 0.00444212 0.125824
16 2.322 0.00475791 0.149009
16 2.323 0.00465922 0.132646
16 2.324 0.00469131 0.131559
16 2.325 0.00465356 0.132394
16 2.326 0.00473789 0.13439
16 2.327 0.00480402 0.133409
16 2.328 0.00506407 0.145382
16 2.329 0.00480519 0.135029
16 2.33 0.00480069 0.128143
16 2.331 0.00465105 0.125237
16 2.332 0.00474676 0.129465
16 2.333 0.00496684 0.13032
16 2.334 0.00468611 0.122428
16 2.335 0.00481571 0.136568
16 2.336 0.00475435 0.125136
16 2.337 0.00494068 0.13414
16 2.338 0.00503295 0.12799
16 2.339 0.00487905 0.124905
16 2.34 0.00486303 0.11741
16 2.341 0.00501404 0.12056
16 2.342 0.0048423 0.121205
16 2.343 0.00492313 0.129434
16 2.344 0.00469509 0.122533
16 2.345 0.00494352 0.129194
16 2.346 0.00476325 0.11332
16 2.347 0.0049792 0.121952
16 2.348 0.00486763 0.1194
16 2.349 0.00496752 0.12191
16 2.35 0.00489382 0.120043
16 2.351 0.00501137 0.122969
16 2.352 0.00477942 0.116972
16 2.353 0.00504236 0.121342
16 2.354 0.00530223 0.129312
16 2.355 0.00495706 0.123679
16 2.356 0.00493043 0.119206
16 2.357 0.00498514 0.110302
16 2.358 0.00505339 0.118056
16 2.359 0.00496824 0.118268
16 2.36 0.00464595 0.112295
16 2.361 0.00514173 0.111375
16 2.362 0.00513036 0.121744
16 2.363 0.00481704 0.107672
16 2.364 0.00494237 0.117116
16 2.365 0.00494359 0.10903
16 2.366 0.00524461 0.120188
16 2.367 0.00502442 0.112158
16 2.368 0.00517224 0.111994
16 2.369 0.00493132 0.10907
16 2.37 0.00503805 0.119134
16 2.371 0.00482049 0.108624
16 2.372 0.00525598 0.115485
16 2.373 0.00486288 0.106088
16 2.374 0.00483026 0.103853
16 2.375 0.00510613 0.106492
16 2.376 0.00503894 0.111755
16 2.377 0.00504098 0.105709
16 2.378 0.00502902 0.103589
16 2.379 0.00514663 0.108056
16 2.38 0.00510256 0.101396
16 2.381 0.00515346 0.10976
16 2.382 0.00510837 0.10636
16 2.383 0.00502164 0.105771
16 2.384 0.00500457 0.101367
16 2.385 0.00495454 0.106548
16 2.386 0.00513786 0.108982
16 2.387 0.00498298 0.104276
16 2.388 0.0050688 0.101534
16 2.389 0.00478866 0.0945028
16 2.39 0.00468023 0.0995445
16 2.391 0.00516386 0.108825
16 2.392 0.00516292 0.0975277
16 2.393 0.00495113 0.0983098
16 2.394 0.00496339 0.104093
16 2.395 0.00524935 0.103543
16 2.396 0.00521499 0.0962776
16 2.397 0.00501195 0.0936467
16 2.398 0.00494967 0.103019
16 2.399 0.00520599 0.100651
16 2.4 0.00519028 0.0993916
16 2.401 0.00494858 0.090662
16 2.402 0.00509763 0.102565
16 2.403 0.00496882 0.0931675
16 2.404 0.00520264 0.0935672
16 2.405 0.00521339 0.0937282
16 2.406 0.00494021 0.0949084
16 2.407 0.00535778 0.102216
16 2.408 0.00511057 0.0978832
16 2.409 0.00500576 0.0955666
16 2.41 0.00503974 0.0966709
16 2.411 0.00507971 0.0908743
16 2.412 0.00521133 0.0926541
16 2.413 0.00486937 0.0851791
16 2.414 0.00511849 0.0934556
16 2.415 0.0050104 0.0861368
16 2.416 0.00518426 0.0938661
16 2.417 0.00507454 0.0907739
16 2.418 0.00513536 0.0887853
16 2.419 0.0050739 0.0902343
16 2.42 0.00503946 0.0959004
16 2.421 0.00530121 0.0912265
16 2.422 0.00512221 0.0917298
16 2.423 0.00497887 0.0873332
16 2.424 0.00494126 0.08623
16 2.425 0.00520796 0.0900788
16 2.426 0.00492647 0.0884059
16 2.427 0.00495174 0.0831743
16 2.428 0.00511269 0.0882578
16 2.429 0.00516474 0.091517
16 2.43 0.00507283 0.0879207
16 2.431 0.00506626 0.0901056
16 2.432 0.00483369 0.0844052
16 2.433 0.00503155 0.0859071
16 2.434 0.00531862 0.0864963
16 2.435 0.00526836 0.0912758
16 2.436 0.0050731 0.0851509
16 2.437 0.00479965 0.0878594
16 2.438 0.00495781 0.0902509
16 2.439 0.00505816 0.085491
16 2.44 0.00499722 0.0815652
16 2.441 0.00497453 0.0788536
16 2.442 0.00484932 0.0840992
16 2.443 0.00480061 0.0819065
16 2.444 0.00492684 0.0857874
16 2.445 0.00474098 0.0849542
16 2.446 0.00485871 0.0886545
16 2.447 0.00489878 0.0840683
16 2.448 0.00507501 0.0864785
16 2.449 0.00492132 0.0858765
16 2.45 0.00515388 0.076139
16 2.451 0.00517481 0.0823334
16 2.452 0.00510125 0.088304
16 2.453 0.00501112 0.0871983
16 2.454 0.00498486 0.0852861
16 2.455 0.00485325 0.0790659
16 2.456 0.00507049 0.0901193
16 2.457 0.00506261 0.0828049
16 2.458 0.00506517 0.0851877
16 2.459 0.00490392 0.0833282
16 2.46 0.00500729 0.0856455
16 2.461 0.00481705 0.0867373
16 2.462 0.00489577 0.0828356
16 2.463 0.0049198 0.0776603
16 2.464 0.0048011 0.0849253
16 2.465 0.00487367 0.0795586
16 2.466 0.00476442 0.0831012
16 2.467 0.00497336 0.0791868
16 2.468 0.00492688 0.0843726
16 2.469 0.00488673 0.08306
16 2.47 0.00477119 0.0815842
16 2.471 0.00483392 0.0844534
16 2.472 0.00491394 0.0825826
16 2.473 0.00501693 0.0838647
16 2.474 0.00485288 0.0774368
16 2.475 0.00520077 0.0800129
16 2.476 0.00484899 0.086559
16 2.477 0.00467143 0.0794643
16 2.478 0.00495428 0.0810732
16 2.479 0.00488146 0.0833822
16 2.48 0.00475881 0.0810624
16 2.481 0.00468105 0.087387
16 2.482 0.00479976 0.0805345
16 2.483 0.00470891 0.0825009
16 2.484 0.00492454 0.0815233
16 2.485 0.00475947 0.0790361
16 2.486 0.00454978 0.0807545
16 2.487 0.00442346 0.0795383
16 2.488 0.00484974 0.082843
16 2.489 0.00478646 0.0786181
16 2.49 0.00472473 0.0824812
16 2.491 0.00456371 0.0791714
16 2.492 0.00468888 0.0756536
16 2.493 0.00470972 0.0774043
16 2.494 0.00463925 0.0812089
16 2.495 0.00467362 0.0738676
16 2.496 0.00463079 0.0774299
16 2.497 0.00474366 0.081711
16 2.498 0.00459324 0.0802134
16 2.499 0.0047747 0.0797083
32 2.2 0.00238963 0.250967
32 2.201 0.00187636 0.377124
32 2.202 0.00221246 0.493923
32 2.203 0.00274858 0.31595
32 2.204 0.0024804 0.326773
32 2.205 0.00260696 0.321891
32 2.206 0.00222171 0.325576
32 2.207 0.00225156 0.289378
32 2.208 0.00262498 0.311294
32 2.209 0.00194747 0.320933
32 2.21 0.00257499 0.319482
32 2.211 0.00243763 0.282985
32 2.212 0.00204124 0.258897
32 2.213 0.00263264 0.390324
32 2.214 0.00257435 0.464764
32 2.215 0.0031838 0.354805
32 2.216 0.00246821 0.299909
32 2.217 0.00205453 0.300533
32 2.218 0.00274965 0.313521
32 2.219 0.00235037 0.418472
32 2.22 0.00241305 0.355298
32 2.221 0.00285273 0.376814
32 2.222 0.00237521 0.349493
32 2.223 0.00285053 0.301114
32 2.224 0.00249101 0.336231
32 2.225 0.00249934 0.388144
32 2.226 0.00280636 0.4262
32 2.227 0.00283019 0.411161
32 2.228 0.0029648 0.394408
32 2.229 0.00274622 0.418643
32 2.23 0.00336374 0.386115
32 2.231 0.0029826 0.37781
32 2.232 0.0031343 0.491365
32 2.233 0.00363187 0.517759
32 2.234 0.00335863 0.456486
32 2.235 0.00318536 0.407343
32 2.236 0.00303385 0.460305
32 2.237 0.00300532 0.494846
32 2.238 0.00286768 0.422658
32 2.239 0.00345946 0.77274
32 2.24 0.00299755 0.422558
32 2.241 0.00337545 0.449308
32 2.242 0.00300445 0.451875
32 2.243 0.00357491 0.548636
32 2.244 0.00311195 0.454991
32 2.245 0.00363434 0.439161
32 2.246 0.00357351 0.436848
32 2.247 0.00332679 0.450647
32 2.248 0.00408146 0.575034
32 2.249 0.00332931 0.572628
32 2.25 0.00338789 0.478329
32 2.251 0.00331722 0.498231
32 2.252 0.00390279 0.459697
32 2.253 0.00351462 0.496277
32 2.254 0.00343942 0.471379
32 2.255 0.00313363 0.418326
32 2.256 0.0039213 0.444688
32 2.257 0.00401198 0.495568
32 2.258 0.00391151 0.48476
32 2.259 0.00402641 0.550963
32 2.26 0.00373428 0.499157
32 2.261 0.00358334 0.640621
32 2.262 0.00398258 0.472896
32 2.263 0.00353188 0.423916
32 2.264 0.00430791 0.485181
32 2.265 0.00411116 0.526579
32 2.266 0.00465456 0.743571
32 2.267 0.00418012 0.542192
32 2.268 0.00457854 0.513387
32 2.269 0.00442878 0.490849
32 2.27 0.0042514 0.530502
32 2.271 0.00427781 0.56627
32 2.272 0.0040664 0.536559
32 2.273 0.00449089 0.535737
32 2.274 0.00440831 0.548416
32 2.275 0.00443033 0.561997
32 2.276 0.00459587 0.555186
32 2.277 0.00441127 0.52397
32 2.278 0.0042797 0.513715
32 2.279 0.00481886 0.510912
32 2.28 0.00474998 0.522087
32 2.281 0.00480026 0.570372
32 2.282 0.00465292 0.511912
32 2.283 0.0048124 0.65382
32 2.284 0.00453554 0.539416
32 2.285 0.004443 0.489666
32 2.286 0.00522346 0.483921
32 2.287 0.00528538 0.555997
32 2.288 0.00479577 0.602553
32 2.289 0.00450767 0.50669
32 2.29 0.00500665 0.548459
32 2.291 0.00535698 0.549635
32 2.292 0.00482797 0.543245
32 2.293 0.00488007 0.489076
32 2.294 0.00487495 0.563305
32 2.295 0.00519126 0.570194
32 2.296 0.00457665 0.485106
32 2.297 0.00529893 0.552238
32 2.298 0.00509292 0.534354
32 2.299 0.00511574 0.491998
32 2.3 0.00493677 0.503709
32 2.301 0.00543356 0.52192
32 2.302 0.00478906 0.565335
32 2.303 0.00590942 0.463574
32 2.304 0.00508179 0.449273
32 2.305 0.00518832 0.497074
32 2.306 0.00518597 0.475274
32 2.307 0.00525654 0.453076
32 2.308 0.00511431 0.574366
32 2.309 0.00560332 0.461214
32 2.31 0.00521086 0.400216
32 2.311 0.00538977 0.475361
32 2.312 0.00549138 0.425629
32 2.313 0.00549251 0.493028
32 2.314 0.00555347 0.422824
32 2.315 0.00550497 0.458405
32 2.316 0.00577828 0.455864
32 2.317 0.00539066 0.432282
32 2.318 0.00558882 0.450332
32 2.319 0.0049837 0.438774
32 2.32 0.00519308 0.464253
32 2.321 0.00505865 0.40234
32 2.322 0.00609006 0.410574
32 2.323 0.00541744 0.380059
32 2.324 0.00605515 0.441974
32 2.325 0.00529725 0.409241
32 2.326 0.00534016 0.39395
32 2.327 0.00523203 0.415605
32 2.328 0.00563389 0.407248
32 2.329 0.0054438 0.383684
32 2.33 0.005161 0.446162
32 2.331 0.00507154 0.429914
32 2.332 0.00592275 0.347743
32 2.333 0.00551803 0.358245
32 2.334 0.00535294 0.38346
32 2.335 0.0052968 0.347087
32 2.336 0.00586461 0.374977
32 2.337 0.00499371 0.338738
32 2.338 0.0056656 0.372689
32 2.339 0.00554515 0.33834
32 2.34 0.00532714 0.390522
32 2.341 0.0053758 0.332829
32 2.342 0.00575295 0.348181
32 2.343 0.00543675 0.377798
32 2.344 0.00530866 0.353089
32 2.345 0.00520955 0.340037
32 2.346 0.00568895 0.322878
32 2.347 0.00545997 0.513039
32 2.348 0.00516103 0.353115
32 2.349 0.00515711 0.353853
32 2.35 0.00541477 0.346837
32 2.351 0.00501219 0.314443
32 2.352 0.00596522 0.354088
32 2.353 0.00498455 0.351361
32 2.354 0.00591668 0.337416
32 2.355 0.00514389 0.327409
32 2.356 0.00583524 0.335292
32 2.357 0.00598878 0.348799
32 2.358 0.00516281 0.329777
32 2.359 0.00564244 0.335782
32 2.36 0.00530324 0.35296
32 2.361 0.00522843 0.328663
32 2.362 0.00634612 0.461598
32 2.363 0.00455958 0.312697
32 2.364 0.00488359 0.306965
32 2.365 0.00554641 0.313468
32 2.366 0.00509324 0.350868
32 2.367 0.00568721 0.306706
32 2.368 0.00523982 0.333441
32 2.369 0.00614679 0.363163
32 2.37 0.00556104 0.291378
32 2.371 0.00524917 0.30886
32 2.372 0.00510093 0.320207
32 2.373 0.00518372 0.327616
32 2.374 0.00473023 0.328092
32 2.375 0.00488043 0.308254
32 2.376 0.0047699 0.304423
32 2.377 0.00507257 0.335378
32 2.378 0.00465769 0.313541
32 2.379 0.00517293 0.333303
32 2.38 0.00566868 0.329077
32 2.381 0.00517078 0.337746
32 2.382 0.00487437 0.316603
32 2.383 0.00549865 0.365387
32 2.384 0.00460548 0.302893
32 2.385 0.00488474 0.307312
32 2.386 0.00491706 0.34089
32 2.387 0.00521458 0.311029
32 2.388 0.0053559 0.343243
32 2.389 0.00447833 0.32867
32 2.39 0.00472027 0.301433
32 2.391 0.00492029 0.332896
32 2.392 0.00449653 0.338231
32 2.393 0.00477786 0.321716
32 2.394 0.00461373 0.292007
32 2.395 0.00459202 0.30829
32 2.396 0.00470256 0.317643
32 2.397 0.00454312 0.336482
32 2.398 0.00446347 0.300584
32 2.399 0.00503103 0.30233
32 2.4 0.00464993 0.31478
32 2.401 0.0045519 0.311294
32 2.402 0.00455146 0.312535
32 2.403 0.00473128 0.336033
32 2.404 0.00428916 0.308277
32 2.405 0.00438281 0.3305
32 2.406 0.0045716 0.346375
32 2.407 0.00478113 0.29792
32 2.408 0.00453228 0.3093
32 2.409 0.00498 0.283062
32 2.41 0.0044886 0.309829
32 2.411 0.00415215 0.290048
32 2.412 0.00429745 0.31236
32 2.413 0.00461376 0.303577
32 2.414 0.00448151 0.306591
32 2.415 0.00518733 0.314898
32 2.416 0.004425 0.306107
32 2.417 0.00424904 0.274087
32 2.418 0.00525145 0.361137
32 2.419 0.00439794 0.296807
32 2.42 0.00431983 0.316908
32 2.421 0.00444412 0.313588
32 2.422 0.00415507 0.306107
32 2.423 0.00424565 0.295231
32 2.424 0.00455558 0.293701
32 2.425 0.00429829 0.329172
32 2.426 0.00404245 0.276437
32 2.427 0.00420466 0.282068
32 2.428 0.00378645 0.277228
32 2.429 0.00393512 0.273903
32 2.43 0.00419567 0.295305
32 2.431 0.00457435 0.307805
32 2.432 0.00436151 0.279707
32 2.433 0.00411597 0.316584
32 2.434 0.00420006 0.298858
32 2.435 0.00455274 0.284534
32 2.436 0.00408189 0.289728
32 2.437 0.00426574 0.301042
32 2.438 0.0045355 0.29938
32 2.439 0.00395207 0.277651
32 2.44 0.00384916 0.298508
32 2.441 0.00367101 0.257641
32 2.442 0.00415215 0.288788
32 2.443 0.00385428 0.296943
32 2.444 0.00388363 0.293106
32 2.445 0.00375311 0.283935
32 2.446 0.00394174 0.280121
32 2.447 0.00435921 0.264636
32 2.448 0.00394661 0.263781
32 2.449 0.00568338 0.522271
32 2.45 0.00358125 0.259573
32 2.451 0.00369041 0.269475
32 2.452 0.00416207 0.254719
32 2.453 0.00374101 0.276362
32 2.454 0.00389836 0.270027
32 2.455 0.00366042 0.276349
32 2.456 0.00523534 0.449608
32 2.457 0.00377728 0.25857
32 2.458 0.0035621 0.259927
32 2.459 0.00426173 0.283715
32 2.46 0.00366373 0.260066
32 2.461 0.00386224 0.254433
32 2.462 0.00382079 0.272645
32 2.463 0.00419926 0.280993
32 2.464 0.00361386 0.256875
32 2.465 0.00424669 0.261377
32 2.466 0.00375188 0.258655
32 2.467 0.00338754 0.235321
32 2.468 0.00360173 0.27711
32 2.469 0.00380285 0.278235
32 2.47 0.00332176 0.233366
32 2.471 0.00331712 0.283209
32 2.472 0.00364905 0.282176
32 2.473 0.00343831 0.240051
32 2.474 0.00353986 0.236226
32 2.475 0.00337937 0.249591
32 2.476 0.00326425 0.249405
32 2.477 0.00414184 0.248664
32 2.478 0.0037605 0.263124
32 2.479 0.00400983 0.230287
32 2.48 0.00323933 0.221391
32 2.481 0.00315627 0.2316
32 2.482 0.00527578 0.49967
32 2.483 0.003984 0.255183
32 2.484 0.00328731 0.226309
32 2.485 0.00336147 0.238579
32 2.486 0.00340106 0.271153
32 2.487 0.00426586 0.24585
32 2.488 0.00335775 0.211882
32 2.489 0.00336287 0.254312
32 2.49 0.00414036 0.246307
32 2.491 0.00318783 0.222127
32 2.492 0.0032064 0.230059
32 2.493 0.00342797 0.227868
32 2.494 0.00321405 0.243194
32 2.495 0.00339388 0.228939
32 2.496 0.0033253 0.24949
32 2.497 0.00322858 0.226261
32 2.498 0.00534847 0.531338
32 2.499 0.00391879 0.231022
48 2.2 0.00197368 0.352103
48 2.201 0.001739 0.211268
48 2.202 0.0019509 0.40021
48 2.203 0.00164477 0.289644
48 2.204 0.00196528 0.373328
48 2.205 0.00203929 0.331797
48 2.206 0.00175859 0.323125
48 2.207 0.00180896 0.456224
48 2.208 0.00203674 0.424182
48 2.209 0.00162377 0.30773
48 2.21 0.00171671 0.41894
48 2.211 0.00196488 0.536719
48 2.212 0.0016853 0.406389
48 2.213 0.00208549 0.467925
48 2.214 0.00173997 0.383068
48 2.215 0.0019104 0.514481
48 2.216 0.00205049 0.59779
48 2.217 0.00217848 0.350902
48 2.218 0.0019074 0.529796
48 2.219 0.00179779 0.563443
48 2.22 0.00216781 0.45371
48 2.221 0.00261272 0.809754
48 2.222 0.0023963 1.12747
48 2.223 0.0020853 0.663079
48 2.224 0.00207155 0.589159
48 2.225 0.00239091 0.688118
48 2.226 0.00260691 0.577266
48 2.227 0.00233685 0.513996
48 2.228 0.0022841 0.554817
48 2.229 0.00251558 0.759256
48 2.23 0.00268973 0.904554
48 2.231 0.00291306 0.950302
48 2.232 0.00305586 0.963892
48 2.233 0.00288798 0.763999
48 2.234 0.00225317 0.624744
48 2.235 0.00256449 0.777246
48 2.236 0.00294508 0.813578
48 2.237 0.00278346 0.878656
48 2.238 0.00258898 0.726106
48 2.239 0.00269923 0.785554
48 2.24 0.00290987 0.804647
48 2.241 0.00262024 0.70773
48 2.242 0.00254362 1.05648
48 2.243 0.00306005 0.788067
48 2.244 0.00330268 0.981666
48 2.245 0.00342612 1.04875
48 2.246 0.00347532 1.03151
48 2.247 0.0028539 0.942074
48 2.248 0.00386824 1.24698
48 2.249 0.00299289 0.895503
48 2.25 0.00356897 1.01648
48 2.251 0.00332372 1.1477
48 2.252 0.00369029 1.1942
48 2.253 0.00340161 0.792916
48 2.254 0.00337031 1.01889
48 2.255 0.0033585 1.01482
48 2.256 0.00348563 1.12713
48 2.257 0.00396859 1.22765
48 2.258 0.00355006 1.15486
48 2.259 0.00364732 1.13389
48 2.26 0.00420784 1.1846
48 2.261 0.00376757 1.18046
48 2.262 0.00387649 1.21825
48 2.263 0.00376835 1.03415
48 2.264 0.00422736 1.13357
48 2.265 0.00400878 1.09967
48 2.266 0.00386746 1.11556
48 2.267 0.00356237 0.94517
48 2.268 0.00460421 1.2484
48 2.269 0.00422404 1.04938
48 2.27 0.0042032 1.15901
48 2.271 0.00421054 1.20229
48 2.272 0.00496528 1.19197
48 2.273 0.00443725 1.22082
48 2.274 0.0046147 0.997576
48 2.275 0.0047732 1.07758
48 2.276 0.00488129 1.26347
48 2.277 0.00488868 1.14872
48 2.278 0.00496927 1.12215
48 2.279 0.00506691 1.23206
48 2.28 0.00484428 1.12753
48 2.281 0.00513612 1.13602
48 2.282 0.00461314 1.08954
48 2.283 0.00468222 1.14306
48 2.284 0.00473149 1.07699
48 2.285 0.00537305 1.34945
48 2.286 0.00523626 1.10698
48 2.287 0.0046877 1.02495
48 2.288 0.00467019 1.12199
48 2.289 0.00551423 1.58409
48 2.29 0.00497584 1.09476
48 2.291 0.00481672 0.929609
48 2.292 0.005764 1.7194
48 2.293 0.00581838 0.987307
48 2.294 0.00543208 0.966821
48 2.295 0.00595612 1.01478
48 2.296 0.00506315 1.03571
48 2.297 0.00548328 0.977053
48 2.298 0.00609747 0.975717
48 2.299 0.00505759 1.03278
48 2.3 0.00583714 0.99603
48 2.301 0.00540195 0.886441
48 2.302 0.00583439 0.864917
48 2.303 0.00493859 0.879377
48 2.304 0.00593347 0.978458
48 2.305 0.00561627 1.10725
48 2.306 0.00584185 0.899889
48 2.307 0.00572023 0.882165
48 2.308 0.00566757 0.960823
48 2.309 0.00599943 0.918124
48 2.31 0.00632429 0.815942
48 2.311 0.00640114 0.854762
48 2.312 0.00616415 0.77951
48 2.313 0.00564309 0.801565
48 2.314 0.00567444 0.837324
48 2.315 0.00525293 0.686613
48 2.316 0.00590018 0.787796
48 2.317 0.00570217 0.824128
48 2.318 0.00554662 0.869851
48 2.319 0.00557412 0.943197
48 2.32 0.00513289 0.752124
48 2.321 0.00531593 0.727139
48 2.322 0.00578839 0.768589
48 2.323 0.00503169 0.786082
48 2.324 0.00592948 0.735029
48 2.325 0.00618729 0.767226
48 2.326 0.00514352 0.686646
48 2.327 0.00588432 0.621104
48 2.328 0.00537072 0.713585
48 2.329 0.00557132 0.726979
48 2.33 0.0054906 0.682085
48 2.331 0.00540167 0.844219
48 2.332 0.005176 0.678143
48 2.333 0.00512261 0.748725
48 2.334 0.00555888 0.739456
48 2.335 0.00569666 0.739983
48 2.336 0.00524237 0.684352
48 2.337 0.00492892 0.737741
48 2.338 0.00518424 0.674642
48 2.339 0.00573647 0.765219
48 2.34 0.00482843 0.668175
48 2.341 0.00546917 0.697771
48 2.342 0.00529251 0.70164
48 2.343 0.00489168 0.692315
48 2.344 0.00504426 0.699487
48 2.345 0.00572734 0.761918
48 2.346 0.00515285 0.66781
48 2.347 0.00479605 0.618306
48 2.348 0.00544709 0.724997
48 2.349 0.00468233 0.680694
48 2.35 0.00481163 0.649605
48 2.351 0.00543542 0.78842
48 2.352 0.00488351 0.665083
48 2.353 0.00538959 0.667796
48 2.354 0.00430921 0.663567
48 2.355 0.00492251 0.712392
48 2.356 0.0046475 0.678548
48 2.357 0.00440232 0.668115
48 2.358 0.00465621 0.689989
48 2.359 0.00434794 0.643037
48 2.36 0.00482051 0.664071
48 2.361 0.00447865 0.668355
48 2.362 0.00425817 0.643974
48 2.363 0.00435961 0.710586
48 2.364 0.00459783 0.657172
48 2.365 0.00440574 0.696517
48 2.366 0.00440963 0.68503
48 2.367 0.00489594 0.627704
48 2.368 0.004215 0.67346
48 2.369 0.00419691 0.632452
48 2.37 0.00437471 0.659858
48 2.371 0.00404158 0.645579
48 2.372 0.00413968 0.665659
48 2.373 0.00417253 0.724044
48 2.374 0.00420226 0.696366
48 2.375 0.0043716 0.653781
48 2.376 0.00488565 0.698546
48 2.377 0.00432825 0.678863
48 2.378 0.00417234 0.583969
48 2.379 0.0048958 0.761108
48 2.38 0.00380302 0.641399
48 2.381 0.00381916 0.682922
48 2.382 0.00459971 0.545443
48 2.383 0.00404618 0.619631
48 2.384 0.00368644 0.544358
48 2.385 0.00377148 0.671991
48 2.386 0.00409623 0.692468
48 2.387 0.00369688 0.611333
48 2.388 0.00366084 0.641071
48 2.389 0.0037608 0.612852
48 2.39 0.00407112 0.645297
48 2.391 0.00347602 0.552243
48 2.392 0.00361321 0.601934
48 2.393 0.00437411 0.647088
48 2.394 0.00351781 0.563037
48 2.395 0.00341119 0.590688
48 2.396 0.00380425 0.516614
48 2.397 0.00365603 0.570078
48 2.398 0.00387197 0.609551
48 2.399 0.0032529 0.565847
48 2.4 0.00405338 0.53773
48 2.401 0.00391976 0.668948
48 2.402 0.00417028 0.802327
48 2.403 0.00350861 0.553029
48 2.404 0.00374397 0.555434
48 2.405 0.00382916 0.577753
48 2.406 0.00326142 0.584862
48 2.407 0.00392613 0.593975
48 2.408 0.00356258 0.548626
48 2.409 0.00319708 0.466128
48 2.41 0.00368088 0.548436
48 2.411 0.00364335 0.510135
48 2.412 0.00324257 0.480694
48 2.413 0.00449436 0.673509
48 2.414 0.00339269 0.449392
48 2.415 0.00387493 0.517136
48 2.416 0.00331677 0.481922
48 2.417 0.00352949 0.550164
48 2.418 0.00373669 0.54842
48 2.419 0.00453866 0.737041
48 2.42 0.00354913 0.491795
48 2.421 0.00368174 0.507589
48 2.422 0.00313153 0.42972
48 2.423 0.00325362 0.461582
48 2.424 0.00328981 0.474
48 2.425 0.00428033 0.622471
48 2.426 0.00371491 0.488132
48 2.427 0.00319331 0.471122
48 2.428 0.0032382 0.452015
48 2.429 0.00376866 0.494549
48 2.43 0.00314774 0.467608
48 2.431 0.00294229 0.409282
48 2.432 0.00316158 0.454922
48 2.433 0.00394885 0.475815
48 2.434 0.00311274 0.415681
48 2.435 0.00293031 0.425101
48 2.436 0.00295832 0.421586
48 2.437 0.00303056 0.383466
48 2.438 0.00304245 0.425404
48 2.439 0.0030394 0.442608
48 2.44 0.00341169 0.420483
48 2.441 0.00292146 0.379635
48 2.442 0.00289619 0.410788
48 2.443 0.00319514 0.418356
48 2.444 0.00307268 0.428029
48 2.445 0.00266715 0.434805
48 2.446 0.00307864 0.422792
48 2.447 0.0027598 0.397581
48 2.448 0.00325427 0.397162
48 2.449 0.00299759 0.415464
48 2.45 0.00326557 0.375492
48 2.451 0.00311267 0.439478
48 2.452 0.00292614 0.417218
48 2.453 0.003074 0.406781
48 2.454 0.00294623 0.391401
48 2.455 0.00291014 0.352508
48 2.456 0.00291348 0.444687
48 2.457 0.00308621 0.440734
48 2.458 0.00303271 0.40734
48 2.459 0.00275974 0.38347
48 2.46 0.0036155 0.475329
48 2.461 0.00283711 0.404909
48 2.462 0.00332179 0.394409
48 2.463 0.00302257 0.405136
48 2.464 0.00337006 0.350752
48 2.465 0.00297343 0.44536
48 2.466 0.00295523 0.435112
48 2.467 0.00350712 0.440035
48 2.468 0.0027356 0.388758
48 2.469 0.00274553 0.351736
48 2.47 0.0026973 0.389633
48 2.471 0.00302611 0.416542
48 2.472 0.00282129 0.364937
48 2.473 0.00300978 0.380218
48 2.474 0.0031312 0.416052
48 2.475 0.00296394 0.337702
48 2.476 0.00312103 0.394538
48 2.477 0.00257324 0.340112
48 2.478 0.00278259 0.3192
48 2.479 0.00256898 0.337
48 2.48 0.00275739 0.372075
48 2.481 0.00280825 0.352041
48 2.482 0.00275365 0.374036
48 2.483 0.00274527 0.295518
48 2.484 0.00330876 0.40781
48 2.485 0.00306461 0.335368
48 2.486 0.00283212 0.330713
48 2.487 0.00267157 0.3721
48 2.488 0.00270807 0.32144
48 2.489 0.00285527 0.339654
48 2.49 0.00258363 0.365113
48 2.491 0.00267622 0.330176
48 2.492 0.00365303 0.444831
48 2.493 0.00281647 0.30607
48 2.494 0.00284571 0.3242
48 2.495 0.00271044 0.335489
48 2.496 0.00277863 0.287888
48 2.497 0.00289578 0.351605
48 2.498 0.00277281 0.325492
48 2.499 0.00270843 0.36925
64 2.2 0.00132487 0.182629
64 2.201 0.00142751 0.296748
64 2.202 0.00141817 0.34761
64 2.203 0.00142651 0.465667
64 2.204 0.00136647 0.359648
64 2.205 0.00137391 0.218671
64 2.206 0.00144248 0.314125
64 2.207 0.00139462 0.287535
64 2.208 0.00146518 0.365495
64 2.209 0.00145451 0.243766
64 2.21 0.00151868 0.429804
64 2.211 0.00146178 0.331519
64 2.212 0.00143593 0.322133
64 2.213 0.0016185 0.469345
64 2.214 0.00154276 0.392642
64 2.215 0.00171986 0.555175
64 2.216 0.00157522 0.544367
64 2.217 0.00169152 0.540346
64 2.218 0.00174928 0.669136
64 2.219 0.00155347 0.504603
64 2.22 0.00168503 0.606115
64 2.221 0.00182955 0.786705
64 2.222 0.00167757 0.54336
64 2.223 0.00174503 0.642585
64 2.224 0.00179617 0.591908
64 2.225 0.00178755 0.768018
64 2.226 0.00212943 0.963274
64 2.227 0.00221756 1.0478
64 2.228 0.00199224 0.73775
64 2.229 0.00191217 0.693462
64 2.23 0.00214595 0.847571
64 2.231 0.00219912 1.04867
64 2.232 0.00229989 1.00675
64 2.233 0.00222044 0.871977
64 2.234 0.00244151 1.24691
64 2.235 0.00206599 0.958113
64 2.236 0.00216789 0.912037
64 2.237 0.0025739 1.45649
64 2.238 0.0022147 1.05006
64 2.239 0.00239253 1.10779
64 2.24 0.00220011 0.970672
64 2.241 0.00255669 1.3121
64 2.242 0.00256617 1.26748
64 2.243 0.00251961 1.32188
64 2.244 0.00260925 1.29442
64 2.245 0.00261315 1.31415
64 2.246 0.00289008 1.6921
64 2.247 0.00275752 1.33745
64 2.248 0.00285846 1.4999
64 2.249 0.0033515 1.72911
64 2.25 0.00325161 1.80329
64 2.251 0.00337129 1.96008
64 2.252 0.00319658 1.69006
64 2.253 0.00279082 1.2161
64 2.254 0.00329597 1.82542
64 2.255 0.00339145 1.86849
64 2.256 0.00312538 1.52794
64 2.257 0.00336976 1.69036
64 2.258 0.00375613 1.97534
64 2.259 0.00373572 1.8308
64 2.26 0.00372041 1.79567
64 2.261 0.00371955 1.96382
64 2.262 0.00380661 1.93434
64 2.263 0.00387345 1.94039
64 2.264 0.00379171 1.81627
64 2.265 0.00399573 1.81298
64 2.266 0.00429753 2.21356
64 2.267 0.00385656 1.79029
64 2.268 0.0045668 2.1047
64 2.269 0.00433981 1.93015
64 2.27 0.00405929 1.88541
64 2.271 0.00459083 2.15023
64 2.272 0.0047374 1.99237
64 2.273 0.00437762 1.87691
64 2.274 0.00458492 1.8868
64 2.275 0.00492473 2.27085
64 2.276 0.00528889 2.32429
64 2.277 0.00490246 1.92253
64 2.278 0.00476626 1.71731
64 2.279 0.00546531 2.02467
64 2.28 0.00500867 1.78747
64 2.281 0.00470417 1.74397
64 2.282 0.00555049 2.17224
64 2.283 0.00501395 1.88903
64 2.284 0.00520874 1.77684
64 2.285 0.00498509 1.706
64 2.286 0.00524147 1.68072
64 2.287 0.0055978 1.8182
64 2.288 0.00563683 1.85921
64 2.289 0.00511079 1.59715
64 2.29 0.00557023 1.66659
64 2.291 0.00570357 1.57768
64 2.292 0.0052191 1.67307
64 2.293 0.00558594 1.64237
64 2.294 0.00584159 1.60545
64 2.295 0.00557246 1.50955
64 2.296 0.00537368 1.4653
64 2.297 0.00546339 1.48221
64 2.298 0.00532208 1.35691
64 2.299 0.00526143 1.4145
64 2.3 0.00577047 1.45422
64 2.301 0.00552946 1.22392
64 2.302 0.00541184 1.51639
64 2.303 0.0057476 1.39564
64 2.304 0.0056524 1.33565
64 2.305 0.00544528 1.27021
64 2.306 0.00540718 1.1628
64 2.307 0.00550844 1.30977
64 2.308 0.00556683 1.21337
64 2.309 0.00582237 1.30112
64 2.31 0.00599098 1.31451
64 2.311 0.00562822 1.25834
64 2.312 0.00555011 1.24684
64 2.313 0.00557412 1.19127
64 2.314 0.00534528 1.21308
64 2.315 0.00559215 1.1594
64 2.316 0.00545874 1.20929
64 2.317 0.00555734 1.11983
64 2.318 0.00574686 1.24116
64 2.319 0.0052076 1.16053
64 2.32 0.00482769 1.25829
64 2.321 0.00528052 1.20158
64 2.322 0.00539669 1.29959
64 2.323 0.00523334 1.20324
64 2.324 0.00468946 1.19934
64 2.325 0.00484362 1.08146
64 2.326 0.00506336 1.24401
64 2.327 0.00500542 1.14389
64 2.328 0.00486437 1.11326
64 2.329 0.00512855 1.2266
64 2.33 0.00451716 1.01869
64 2.331 0.00506717 1.23407
64 2.332 0.00514671 1.18385
64 2.333 0.00504859 1.30988
64 2.334 0.00497423 1.17456
64 2.335 0.00489019 1.27211
64 2.336 0.00463251 1.19701
64 2.337 0.00447159 1.25606
64 2.338 0.00483574 1.3524
64 2.339 0.00438927 1.11574
64 2.34 0.00497932 1.28363
64 2.341 0.00452711 1.1761
64 2.342 0.00459968 1.18657
64 2.343 0.00446124 1.13492
64 2.344 0.00430183 1.09932
64 2.345 0.00435224 1.14036
64 2.346 0.00448902 1.27986
64 2.347 0.00437797 1.18288
64 2.348 0.00408369 1.05345
64 2.349 0.00433394 1.09453
64 2.35 0.00424427 1.10598
64 2.351 0.00422179 1.05973
64 2.352 0.00390249 1.03209
64 2.353 0.00414295 1.19
64 2.354 0.00415007 1.11758
64 2.355 0.00390292 1.05379
64 2.356 0.003958 0.970858
64 2.357 0.00377 1.0303
64 2.358 0.00363548 0.945216
64 2.359 0.00371539 1.02056
64 2.36 0.00407961 1.14271
64 2.361 0.00385883 1.11618
64 2.362 0.00356021 1.04241
64 2.363 0.00347359 0.957833
64 2.364 0.00372142 0.9866
64 2.365 0.00365861 1.01065
64 2.366 0.00356012 0.918593
64 2.367 0.00365365 1.04416
64 2.368 0.0035815 0.993876
64 2.369 0.00336705 0.938689
64 2.37 0.00319319 0.806474
64 2.371 0.00346731 0.914693
64 2.372 0.00333788 0.878896
64 2.373 0.00341728 0.901451
64 2.374 0.00335266 0.873686
64 2.375 0.00322082 0.794838
64 2.376 0.00331336 0.87212
64 2.377 0.00355065 0.905179
64 2.378 0.00340429 0.914344
64 2.379 0.00340025 0.893593
64 2.38 0.00353908 0.890775
64 2.381 0.00339972 0.858913
64 2.382 0.00318322 0.8353
64 2.383 0.00333623 0.854406
64 2.384 0.0031027 0.786273
64 2.385 0.00318688 0.802281
64 2.386 0.0031464 0.774943
64 2.387 0.00336848 0.899203
64 2.388 0.00297571 0.827117
64 2.389 0.00326283 0.805751
64 2.39 0.00307546 0.822687
64 2.391 0.00336415 0.889001
64 2.392 0.00308164 0.771767
64 2.393 0.00330122 0.806082
64 2.394 0.00305138 0.715095
64 2.395 0.00319264 0.84374
64 2.396 0.00304127 0.683761
64 2.397 0.00318415 0.814554
64 2.398 0.00293745 0.697733
64 2.399 0.00322646 0.748836
64 2.4 0.00300268 0.682404
64 2.401 0.00319695 0.834685
64 2.402 0.00296594 0.711585
64 2.403 0.00297521 0.727327
64 2.404 0.00305617 0.699519
64 2.405 0.00301896 0.732751
64 2.406 0.00318398 0.703993
64 2.407 0.00310697 0.757647
64 2.408 0.00296421 0.749541
64 2.409 0.00314509 0.723407
64 2.41 0.00284693 0.61087
64 2.411 0.00318795 0.671946
64 2.412 0.00308288 0.760136
64 2.413 0.00287621 0.7077
64 2.414 0.00280809 0.613843
64 2.415 0.00296248 0.661394
64 2.416 0.00280987 0.611427
64 2.417 0.00300274 0.710381
64 2.418 0.00277899 0.636799
64 2.419 0.0028881 0.598676
64 2.42 0.00270747 0.560825
64 2.421 0.0027106 0.59403
64 2.422 0.00255612 0.542065
64 2.423 0.00271427 0.64344
64 2.424 0.00278439 0.570123
64 2.425 0.0028985 0.654348
64 2.426 0.00297995 0.666708
64 2.427 0.00275238 0.599534
64 2.428 0.00303463 0.73078
64 2.429 0.00279236 0.609398
64 2.43 0.00267235 0.591296
64 2.431 0.00286255 0.620273
64 2.432 0.00264791 0.530042
64 2.433 0.00283034 0.638312
64 2.434 0.00257534 0.59083
64 2.435 0.00268167 0.521711
64 2.436 0.00275404 0.553882
64 2.437 0.0028157 0.622238
64 2.438 0.00284429 0.539895
64 2.439 0.00252405 0.461715
64 2.44 0.00281426 0.533452
64 2.441 0.0028089 0.561805
64 2.442 0.00265905 0.538842
64 2.443 0.00256811 0.522794
64 2.444 0.00268025 0.47923
64 2.445 0.0025544 0.437796
64 2.446 0.00241129 0.478204
64 2.447 0.00258518 0.540443
64 2.448 0.00264088 0.518721
64 2.449 0.00258754 0.472681
64 2.45 0.00277813 0.603503
64 2.451 0.00271803 0.49334
64 2.452 0.0026275 0.484135
64 2.453 0.00261139 0.538704
64 2.454 0.00268147 0.566205
64 2.455 0.00230214 0.377561
64 2.456 0.00245989 0.427237
64 2.457 0.00240083 0.442655
64 2.458 0.00266238 0.515557
64 2.459 0.00262223 0.523504
64 2.46 0.00270202 0.536115
64 2.461 0.00269981 0.470953
64 2.462 0.0024105 0.414721
64 2.463 0.00262847 0.494835
64 2.464 0.00242312 0.48264
64 2.465 0.00260905 0.451824
64 2.466 0.00250791 0.425883
64 2.467 0.00245909 0.415568
64 2.468 0.00262399 0.51588
64 2.469 0.00273497 0.550559
64 2.47 0.00281303 0.45475
64 2.471 0.00262839 0.498231
64 2.472 0.00259601 0.543507
64 2.473 0.00241768 0.393812
64 2.474 0.00261961 0.443502
64 2.475 0.0027228 0.527301
64 2.476 0.00247009 0.507246
64 2.477 0.00244331 0.442017
64 2.478 0.0025888 0.423534
64 2.479 0.00252898 0.425328
64 2.48 0.00248189 0.413643
64 2.481 0.00233725 0.386934
64 2.482 0.00226381 0.370064
64 2.483 0.00250652 0.441484
64 2.484 0.00259183 0.488879
64 2.485 0.00245137 0.438213
64 2.486 0.00249991 0.416487
64 2.487 0.00242181 0.411203
64 2.488 0.00263585 0.481403
64 2.489 0.00250784 0.458967
64 2.49 0.00240958 0.356905
64 2.491 0.00248589 0.464779
64 2.492 0.00243738 0.340331
64 2.493 0.00237266 0.392757
64 2.494 0.0024601 0.381261
64 2.495 0.00221864 0.327611
64 2.496 0.00270055 0.481409
64 2.497 0.00262389 0.483445
64 2.498 0.0022803 0.334122
64 2.499 0.00245393 0.413452
80 2.2 0.00135793 0.141348
80 2.201 0.00154395 0.186173
80 2.202 0.00156793 0.297337
80 2.203 0.000964526 0.385686
80 2.204 0.00128261 0.28129
80 2.205 0.00141144 0.305953
80 2.206 0.00166684 0.249634
80 2.207 0.000994474 0.400086
80 2.208 0.00125428 0.337763
80 2.209 0.000938992 0.305126
80 2.21 0.00160713 0.319509
80 2.211 0.00149803 0.374216
80 2.212 0.00168649 0.530146
80 2.213 0.0009689 1.20562
80 2.214 0.0019419 0.327183
80 2.215 0.00155142 0.547945
80 2.216 0.00153452 0.694324
80 2.217 0.00141569 0.358778
80 2.218 0.00131498 0.418343
80 2.219 0.00205778 0.717989
80 2.22 0.00166927 0.810049
80 2.221 0.0015257 0.571525
80 2.222 0.00147591 0.513383
80 2.223 0.0012881 0.479993
80 2.224 0.00148608 0.732574
80 2.225 0.00147529 0.953653
80 2.226 0.00126436 0.67752
80 2.227 0.00183717 0.926325
80 2.228 0.00206619 1.41608
80 2.229 0.00177668 1.02299
80 2.23 0.00194117 0.902936
80 2.231 0.00195386 0.954532
80 2.232 0.00199963 1.04772
80 2.233 0.00206481 1.02783
80 2.234 0.00201899 1.30784
80 2.235 0.00194028 1.11949
80 2.236 0.00169421 1.17284
80 2.237 0.00180659 1.20134
80 2.238 0.00257945 1.43333
80 2.239 0.00249398 1.13164
80 2.24 0.00227879 1.465
80 2.241 0.00255621 1.92629
80 2.242 0.00209223 1.72448
80 2.243 0.00217072 1.88509
80 2.244 0.00262007 1.88012
80 2.245 0.0024206 1.4276
80 2.246 0.00284652 1.96569
80 2.247 0.00198274 2.06423
80 2.248 0.00263995 2.27619
80 2.249 0.00317053 2.03278
80 2.25 0.00259485 2.00794
80 2.251 0.00320642 2.24247
80 2.252 0.00353166 2.55592
80 2.253 0.00305779 2.30213
80 2.254 0.00279469 2.22876
80 2.255 0.00324009 2.58099
80 2.256 0.00330254 2.5582
80 2.257 0.00388189 2.46442
80 2.258 0.00383529 2.41492
80 2.259 0.00385962 2.98445
80 2.26 0.00529081 5.23628
80 2.261 0.00383399 2.36932
80 2.262 0.00464691 2.79618
80 2.263 0.00431776 3.13651
80 2.264 0.00426484 3.22471
80 2.265 0.00431603 2.9154
80 2.266 0.00401394 3.76659
80 2.267 0.00510864 7.0714
80 2.268 0.00435899 2.68227
80 2.269 0.00491926 3.22811
80 2.27 0.00455092 3.15247
80 2.271 0.00533956 3.28401
80 2.272 0.00528191 3.51358
80 2.273 0.00530207 3.38435
80 2.274 0.00520936 2.95862
80 2.275 0.00573854 3.19143
80 2.276 0.00484183 3.28922
80 2.277 0.00557106 2.81488
80 2.278 0.00525171 3.58232
80 2.279 0.00581982 3.2721
80 2.28 0.0048074 2.49478
80 2.281 0.00617155 3.39199
80 2.282 0.00547182 2.9829
80 2.283 0.00564631 2.86085
80 2.284 0.00526298 2.65913
80 2.285 0.00521742 2.63817
80 2.286 0.00545836 2.56348
80 2.287 0.00703284 2.45905
80 2.288 0.0064134 2.65072
80 2.289 0.00603604 2.5023
80 2.29 0.0057347 2.5225
80 2.291 0.00518032 2.30493
80 2.292 0.00617947 2.89107
80 2.293 0.00746091 4.13718
80 2.294 0.00557716 2.26481
80 2.295 0.00593599 2.3698
80 2.296 0.00650258 2.316
80 2.297 0.0064123 2.21066
80 2.298 0.00650671 2.0801
80 2.299 0.00593018 1.98938
80 2.3 0.0055901 2.27329
80 2.301 0.00528124 2.0532
80 2.302 0.00560937 2.55023
80 2.303 0.00582786 2.02054
80 2.304 0.00604965 3.13408
80 2.305 0.00581858 1.94934
80 2.306 0.00574929 1.91657
80 2.307 0.00553504 1.93286
80 2.308 0.0057069 2.3102
80 2.309 0.00541416 1.89191
80 2.31 0.00556778 1.85929
80 2.311 0.00481041 2.00261
80 2.312 0.00621585 2.14505
80 2.313 0.00562934 2.10189
80 2.314 0.00730955 2.96283
80 2.315 0.00540641 1.96982
80 2.316 0.00498855 1.92322
80 2.317 0.00504322 2.1723
80 2.318 0.00580257 1.95366
80 2.319 0.00481066 1.82776
80 2.32 0.00495861 1.91851
80 2.321 0.00490404 1.9234
80 2.322 0.00556496 2.05034
80 2.323 0.00480234 1.80388
80 2.324 0.00449168 1.79482
80 2.325 0.00439033 1.75574
80 2.326 0.00458913 1.7105
80 2.327 0.00453367 1.88151
80 2.328 0.00434651 1.78011
80 2.329 0.00681661 3.10652
80 2.33 0.00440877 1.92801
80 2.331 0.00418294 1.59773
80 2.332 0.0058289 2.87783
80 2.333 0.00470011 1.82845
80 2.334 0.00432774 1.61926
80 2.335 0.00409701 1.67664
80 2.336 0.00403163 1.81174
80 2.337 0.00350611 1.51758
80 2.338 0.00412453 1.4784
80 2.339 0.00392741 1.58785
80 2.34 0.00382261 1.57385
80 2.341 0.00497275 1.87765
80 2.342 0.00441647 1.77199
80 2.343 0.00350778 1.45767
80 2.344 0.00375926 1.57716
80 2.345 0.00386502 1.76077
80 2.346 0.00534926 1.82245
80 2.347 0.00396099 1.70482
80 2.348 0.00351266 1.40373
80 2.349 0.00497731 1.70271
80 2.35 0.00355758 1.58854
80 2.351 0.0074193 4.42019
80 2.352 0.00348128 1.37122
80 2.353 0.00469788 1.51862
80 2.354 0.00345533 1.30062
80 2.355 0.00310669 1.22591
80 2.356 0.00327273 1.34298
80 2.357 0.00395938 1.30861
80 2.358 0.00325388 1.35625
80 2.359 0.0034429 1.35409
80 2.36 0.00353993 1.2839
80 2.361 0.00305534 1.32551
80 2.362 0.00336341 1.17203
80 2.363 0.00387481 2.06731
80 2.364 0.00302711 1.38203
80 2.365 0.00557346 2.3231
80 2.366 0.0029418 1.35589
80 2.367 0.00325141 1.17495
80 2.368 0.00431614 1.12059
80 2.369 0.00278817 1.16498
80 2.37 0.0034427 1.37356
80 2.371 0.00302324 1.16377
80 2.372 0.00319072 1.21753
80 2.373 0.00289694 1.1192
80 2.374 0.00275013 0.845254
80 2.375 0.00318052 1.19619
80 2.376 0.00262706 1.04313
80 2.377 0.00300349 1.1106
80 2.378 0.00485391 1.8942
80 2.379 0.00282071 1.04202
80 2.38 0.0038396 1.26287
80 2.381 0.00304799 1.05655
80 2.382 0.00346279 1.10051
80 2.383 0.00302644 1.27731
80 2.384 0.00388746 0.951442
80 2.385 0.00281732 1.00358
80 2.386 0.0026957 0.871708
80 2.387 0.00272034 1.02858
80 2.388 0.00256064 0.93235
80 2.389 0.0028399 0.961597
80 2.39 0.00270414 1.12616
80 2.391 0.00270357 0.92637
80 2.392 0.00264502 0.896661
80 2.393 0.00255133 0.838967
80 2.394 0.00264005 0.895515
80 2.395 0.00315055 0.93172
80 2.396 0.0028564 0.986901
80 2.397 0.00326192 0.989535
80 2.398 0.00334889 0.897307
80 2.399 0.00263845 0.912033
80 2.4 0.00261974 0.901173
80 2.401 0.00266634 0.747388
80 2.402 0.0027694 0.817956
80 2.403 0.00256299 0.866571
80 2.404 0.00327848 0.99757
80 2.405 0.00358639 0.995891
80 2.406 0.00261706 0.907638
80 2.407 0.00276425 1.0866
80 2.408 0.00246282 0.872865
80 2.409 0.00266011 0.883114
80 2.41 0.00258502 0.666098
80 2.411 0.00232103 0.673437
80 2.412 0.00258421 0.743965
80 2.413 0.0025621 0.755236
80 2.414 0.00241741 0.752439
80 2.415 0.00263566 0.929557
80 2.416 0.00248762 0.818383
80 2.417 0.00262866 0.905301
80 2.418 0.00260356 0.740875
80 2.419 0.00231446 0.723158
80 2.42 0.00238138 0.788117
80 2.421 0.00455801 1.27207
80 2.422 0.0025163 0.80058
80 2.423 0.00254145 0.729975
80 2.424 0.00300843 0.95945
80 2.425 0.00237629 0.765445
80 2.426 0.00261531 0.779632
80 2.427 0.00273162 0.843257
80 2.428 0.00286093 0.681433
80 2.429 0.00302756 0.800054
80 2.43 0.00232513 0.670108
80 2.431 0.00308997 0.669944
80 2.432 0.00264282 0.743255
80 2.433 0.0024545 0.625683
80 2.434 0.00303592 0.675726
80 2.435 0.00220613 0.638538
80 2.436 0.00234056 0.641992
80 2.437 0.00250558 0.795479
80 2.438 0.00208167 0.566007
80 2.439 0.00237655 0.771151
80 2.44 0.00236164 0.664261
80 2.441 0.00304604 0.620271
80 2.442 0.0024999 0.669531
80 2.443 0.00251087 0.712016
80 2.444 0.00245569 0.63902
80 2.445 0.00272946 0.733577
80 2.446 0.00241813 0.642818
80 2.447 0.00301951 0.580276
80 2.448 0.00246806 0.617715
80 2.449 0.00237576 0.742132
80 2.45 0.0036543 0.951496
80 2.451 0.00251647 0.665133
80 2.452 0.00233609 0.704284
80 2.453 0.00239255 0.638286
80 2.454 0.00243026 0.588173
80 2.455 0.0026276 0.544207
80 2.456 0.00243165 0.607081
80 2.457 0.0026359 0.656329
80 2.458 0.00288573 0.5179
80 2.459 0.00229139 0.673664
80 2.46 0.00239082 0.514491
80 2.461 0.00205892 0.54719
80 2.462 0.00216035 0.633765
80 2.463 0.00223688 0.594752
80 2.464 0.00232875 0.717004
80 2.465 0.00230261 0.594437
80 2.466 0.00199547 0.447693
80 2.467 0.00214363 0.502542
80 2.468 0.0024285 0.541849
80 2.469 0.00262135 0.629792
80 2.47 0.00227489 0.526242
80 2.471 0.00228895 0.561256
80 2.472 0.002518 0.608365
80 2.473 0.00223846 0.586179
80 2.474 0.00199336 0.539963
80 2.475 0.00324547 0.641252
80 2.476 0.00403781 0.908091
80 2.477 0.0023728 0.637558
80 2.478 0.00212271 0.451221
80 2.479 0.00240843 0.556131
80 2.48 0.00234602 0.499615
80 2.481 0.00239091 0.63906
80 2.482 0.00211663 0.509378
80 2.483 0.00229738 0.611617
80 2.484 0.00205427 0.492954
80 2.485 0.0025762 0.525966
80 2.486 0.0022848 0.532476
80 2.487 0.00380818 0.761484
80 2.488 0.00267964 0.578086
80 2.489 0.00230589 0.575479
80 2.49 0.00238526 0.589766
80 2.491 0.00308947 0.70364
80 2.492 0.00229949 0.504399
80 2.493 0.00213885 0.547958
80 2.494 0.00294462 0.521923
80 2.495 0.00296534 0.503682
80 2.496 0.00216002 0.498707
80 2.497 0.0021323 0.457983
80 2.498 0.00234091 0.49724
80 2.499 0.00275082 0.578316
