size temperature err_m err_ms
16 2.2 0.00153804 0.0811398
16 2.201 0.00145765 0.0755962
16 2.202 0.00150007 0.0778518
16 2.203 0.00154016 0.080472
16 2.204 0.00152367 0.0782575
16 2.205 0.00156599 0.0808198
16 2.206 0.00162017 0.084999
16 2.207 0.00154124 0.0786064
16 2.208 0.00152765 0.0759438
16 2.209 0.00159664 0.0806397
16 2.21 0.00155928 0.0793542
16 2.211 0.00155279 0.0816337
16 2.212 0.00156876 0.0784572
16 2.213 0.00160061 0.079851
16 2.214 0.00153021 0.0747073
16 2.215 0.00158092 0.0779526
16 2.216 0.00158894 0.0793953
16 2.217 0.00163051 0.0823778
16 2.218 0.00159686 0.0792903
16 2.219 0.00163095 0.081835
16 2.22 0.00167511 0.0820735
16 2.221 0.00162589 0.0793267
16 2.222 0.00164881 0.0821282
16 2.223 0.00159592 0.0780164
16 2.224 0.00167779 0.0831469
16 2.225 0.00165822 0.0797421
16 2.226 0.00165962 0.0810856
16 2.227 0.00169145 0.0836887
16 2.228 0.00163188 0.0788347
16 2.229 0.00170466 0.0836471
16 2.23 0.00174529 0.0861688
16 2.231 0.00177306 0.084243
16 2.232 0.00175707 0.0860668
16 2.233 0.00169384 0.0816047
16 2.234 0.0017756 0.0856797
16 2.235 0.0016931 0.0801929
16 2.236 0.00182614 0.0885325
16 2.237 0.00177839 0.0829642
16 2.238 0.00185546 0.0894076
16 2.239 0.00178216 0.0833367
16 2.24 0.00186843 0.0907265
16 2.241 0.00187911 0.0894211
16 2.242 0.00180525 0.0856375
16 2.243 0.0018089 0.0839795
16 2.244 0.00187063 0.0883682
16 2.245 0.00183779 0.0869131
16 2.246 0.00186682 0.0879524
16 2.247 0.00194401 0.0919074
16 2.248 0.0018059 0.0827798
16 2.249 0.00185712 0.0859866
16 2.25 0.00199619 0.0928397
16 2.251 0.00201955 0.0938699
16 2.252 0.00187103 0.0854714
16 2.253 0.00187526 0.084645
16 2.254 0.00200522 0.0913603
16 2.255 0.00199699 0.0916239
16 2.256 0.00196726 0.0913218
16 2.257 0.00183016 0.0811231
16 2.258 0.00200626 0.0918802
16 2.259 0.00190445 0.0841662
16 2.26 0.00204501 0.0912487
16 2.261 0.0019417 0.0854472
16 2.262 0.00196617 0.0874952
16 2.263 0.00200417 0.0882599
16 2.264 0.00199601 0.0850287
16 2.265 0.00202255 0.0879337
16 2.266 0.00205648 0.0916137
16 2.267 0.00204236 0.0881357
16 2.268 0.00214954 0.092484
16 2.269 0.0021727 0.0911412
16 2.27 0.00209227 0.0910961
16 2.271 0.00204119 0.0879409
16 2.272 0.00202643 0.0860277
16 2.273 0.00202681 0.0845016
16 2.274 0.00209421 0.0894164
16 2.275 0.00211896 0.0875714
16 2.276 0.00211679 0.088816
16 2.277 0.00212629 0.088805
16 2.278 0.00212074 0.0874039
16 2.279 0.00214149 0.0877596
16 2.28 0.00212496 0.0901385
16 2.281 0.00214097 0.087448
16 2.282 0.0021894 0.0882498
16 2.283 0.0020857 0.0834292
16 2.284 0.00216488 0.0873502
16 2.285 0.00217022 0.086956
16 2.286 0.00211596 0.0855419
16 2.287 0.00219582 0.0881149
16 2.288 0.00214403 0.0865763
16 2.289 0.00224341 0.0880875
16 2.29 0.00220598 0.087303
16 2.291 0.00230227 0.088236
16 2.292 0.00221897 0.0860393
16 2.293 0.00222063 0.0875702
16 2.294 0.0022246 0.0868853
16 2.295 0.00222466 0.0857497
16 2.296 0.0022688 0.089316
16 2.297 0.00229256 0.0868944
16 2.298 0.0022611 0.0863633
16 2.299 0.00223697 0.0848815
16 2.3 0.00223883 0.0847421
16 2.301 0.00232268 0.0873545
16 2.302 0.00231732 0.084636
16 2.303 0.00231414 0.0861561
16 2.304 0.00225294 0.0838526
16 2.305 0.00224898 0.0828944
16 2.306 0.0023221 0.0834074
16 2.307 0.002337 0.0864436
16 2.308 0.00235378 0.0846456
16 2.309 0.00232769 0.0832374
16 2.31 0.00231064 0.0851494
16 2.311 0.00230864 0.0829951
16 2.312 0.00231456 0.0807829
16 2.313 0.00232356 0.0837715
16 2.314 0.0022827 0.0811011
16 2.315 0.0022972 0.0817311
16 2.316 0.00236887 0.0819597
16 2.317 0.00238086 0.0825297
16 2.318 0.00239359 0.0820158
16 2.319 0.00240918 0.0815047
16 2.32 0.00241366 0.0817648
16 2.321 0.00241681 0.0811601
16 2.322 0.00239219 0.0805821
16 2.323 0.00240574 0.080481
16 2.324 0.00242901 0.0805139
16 2.325 0.00235477 0.0772102
16 2.326 0.00242581 0.0791773
16 2.327 0.00241668 0.0802853
16 2.328 0.00241644 0.0801892
16 2.329 0.00243015 0.0786054
16 2.33 0.00244803 0.0798703
16 2.331 0.00246052 0.0779741
16 2.332 0.00242786 0.0784101
16 2.333 0.00245303 0.0767687
16 2.334 0.00242681 0.07662
16 2.335 0.00251173 0.07732
16 2.336 0.00240296 0.0738915
16 2.337 0.00243815 0.0762578
16 2.338 0.002505 0.0775229
16 2.339 0.00250824 0.0752042
16 2.34 0.00249275 0.0769273
16 2.341 0.00252279 0.0755148
16 2.342 0.00248346 0.0735094
16 2.343 0.00244293 0.0748105
16 2.344 0.00247299 0.07375
16 2.345 0.00253626 0.0724051
16 2.346 0.00248487 0.0718039
16 2.347 0.00244231 0.0710955
16 2.348 0.00249197 0.0708585
16 2.349 0.00249547 0.0688423
16 2.35 0.00252409 0.0700957
16 2.351 0.00247061 0.0701435
16 2.352 0.0024634 0.0687689
16 2.353 0.00248077 0.0702882
16 2.354 0.00247759 0.0684807
16 2.355 0.00252327 0.0695191
16 2.356 0.0025426 0.0664717
16 2.357 0.00249408 0.0675408
16 2.358 0.00251037 0.0687491
16 2.359 0.00254848 0.0680143
16 2.36 0.0025046 0.0667709
16 2.361 0.00253477 0.0684034
16 2.362 0.00255696 0.0662697
16 2.363 0.00249253 0.0654828
16 2.364 0.0025062 0.0660689
16 2.365 0.002529 0.0645302
16 2.366 0.00253686 0.0646473
16 2.367 0.00254655 0.0649388
16 2.368 0.00255038 0.0634203
16 2.369 0.00252172 0.0618283
16 2.37 0.00250681 0.0634679
16 2.371 0.00254542 0.0621416
16 2.372 0.00249394 0.0613062
16 2.373 0.00255026 0.0617763
16 2.374 0.00255069 0.0612254
16 2.375 0.00256765 0.0611151
16 2.376 0.00259863 0.0599598
16 2.377 0.002554 0.0604747
16 2.378 0.00252111 0.0610604
16 2.379 0.00253805 0.0613175
16 2.38 0.00246846 0.0596179
16 2.381 0.00253595 0.0591835
16 2.382 0.00256738 0.0576728
16 2.383 0.00251347 0.0569068
16 2.384 0.00255369 0.0584942
16 2.385 0.00255744 0.0560807
16 2.386 0.00254424 0.0563995
16 2.387 0.00256881 0.0552301
16 2.388 0.00255373 0.0566745
16 2.389 0.00254083 0.0553671
16 2.39 0.00253291 0.0547961
16 2.391 0.00252916 0.0555094
16 2.392 0.00254815 0.0558795
16 2.393 0.00254941 0.0549974
16 2.394 0.00248526 0.0524019
16 2.395 0.00252865 0.0541465
16 2.396 0.00252537 0.0530697
16 2.397 0.00250292 0.0530188
16 2.398 0.00252413 0.0518122
16 2.399 0.00255706 0.0524264
16 2.4 0.00251726 0.0526382
16 2.401 0.00252655 0.0522099
16 2.402 0.00251944 0.0514861
16 2.403 0.00252195 0.0500516
16 2.404 0.00256653 0.0514673
16 2.405 0.0025422 0.0503232
16 2.406 0.00254207 0.0498168
16 2.407 0.00253409 0.0495933
16 2.408 0.0025386 0.0491347
16 2.409 0.00252451 0.0497949
16 2.41 0.0025214 0.0493772
16 2.411 0.00249293 0.0482502
16 2.412 0.00253726 0.0483067
16 2.413 0.00253711 0.0473697
16 2.414 0.00254824 0.0472905
16 2.415 0.00246489 0.0464847
16 2.416 0.00248685 0.0476906
16 2.417 0.00250574 0.0456347
16 2.418 0.00251759 0.0462347
16 2.419 0.00253758 0.0459624
16 2.42 0.00249235 0.0465661
16 2.421 0.00249497 0.0457908
16 2.422 0.00250698 0.0455863
16 2.423 0.00248949 0.0450411
16 2.424 0.00246774 0.0444175
16 2.425 0.00249818 0.0438873
16 2.426 0.00247356 0.0441775
16 2.427 0.0024792 0.0438606
16 2.428 0.00247381 0.0442274
16 2.429 0.00248664 0.0443722
16 2.43 0.0024949 0.0429824
16 2.431 0.00245611 0.0415118
16 2.432 0.0024653 0.0420221
16 2.433 0.00250267 0.0427748
16 2.434 0.00245335 0.0409517
16 2.435 0.00248349 0.0418075
16 2.436 0.00248424 0.0416781
16 2.437 0.00244317 0.0416872
16 2.438 0.00244306 0.0407817
16 2.439 0.00244328 0.0410308
16 2.44 0.00245617 0.0408336
16 2.441 0.00244575 0.0411253
16 2.442 0.00242527 0.0406723
16 2.443 0.00242361 0.0402305
16 2.444 0.00242255 0.039915
16 2.445 0.00241899 0.0399193
16 2.446 0.00247445 0.0405654
16 2.447 0.00241881 0.0393839
16 2.448 0.00243919 0.0396269
16 2.449 0.00241406 0.0393862
16 2.45 0.00238346 0.0396113
16 2.451 0.00240837 0.0388639
16 2.452 0.00238518 0.0388645
16 2.453 0.00241463 0.0384208
16 2.454 0.0023875 0.0381706
16 2.455 0.00242033 0.0381973
16 2.456 0.00238348 0.038379
16 2.457 0.0024019 0.0373473
16 2.458 0.00239508 0.0374598
16 2.459 0.00237083 0.0375182
16 2.46 0.00238973 0.0374673
16 2.461 0.00237402 0.0372279
16 2.462 0.00236127 0.0371164
16 2.463 0.00232035 0.0361135
16 2.464 0.00236925 0.0371749
16 2.465 0.00233062 0.0368437
16 2.466 0.00236237 0.0372607
16 2.467 0.00233904 0.0362153
16 2.468 0.00235012 0.0371579
16 2.469 0.00233129 0.0359144
16 2.47 0.00234022 0.0361689
16 2.471 0.00233064 0.0365446
16 2.472 0.00232594 0.0359376
16 2.473 0.00230533 0.0358124
16 2.474 0.00234186 0.036264
16 2.475 0.00228916 0.0348931
16 2.476 0.00230488 0.0358554
16 2.477 0.00232308 0.0360564
16 2.478 0.00230735 0.0353691
16 2.479 0.00230271 0.0357109
16 2.48 0.00226276 0.035336
16 2.481 0.00230678 0.0355114
16 2.482 0.0022541 0.0353609
16 2.483 0.00227225 0.0350795
16 2.484 0.00227349 0.0350664
16 2.485 0.00229996 0.0354592
16 2.486 0.00226932 0.034941
16 2.487 0.0022588 0.0346678
16 2.488 0.0022622 0.0344727
16 2.489 0.00227936 0.0348983
16 2.49 0.0022095 0.0341138
16 2.491 0.00224794 0.0343418
16 2.492 0.00225235 0.0343732
16 2.493 0.0022144 0.0340093
16 2.494 0.00223333 0.0345567
16 2.495 0.00222673 0.034597
16 2.496 0.00217961 0.0341323
16 2.497 0.00223462 0.0345215
16 2.498 0.00220468 0.0344766
16 2.499 0.0022159 0.0347227
32 2.2 0.00118762 0.17386
32 2.201 0.00131675 0.245878
32 2.202 0.0012614 0.22966
32 2.203 0.00120478 0.201178
32 2.204 0.00137611 0.235844
32 2.205 0.00158981 0.202571
32 2.206 0.0014194 0.237095
32 2.207 0.00147557 0.27818
32 2.208 0.0013642 0.237986
32 2.209 0.0014757 0.278936
32 2.21 0.00155612 0.306047
32 2.211 0.00151259 0.27616
32 2.212 0.00140716 0.260095
32 2.213 0.00159332 0.30683
32 2.214 0.00166939 0.334778
32 2.215 0.00203879 0.304825
32 2.216 0.00152251 0.231692
32 2.217 0.00158059 0.268244
32 2.218 0.0018037 0.262159
32 2.219 0.00156872 0.285674
32 2.22 0.00169452 0.31569
32 2.221 0.00177568 0.339649
32 2.222 0.00171971 0.318413
32 2.223 0.00178057 0.315862
32 2.224 0.00145868 0.229212
32 2.225 0.00180043 0.35138
32 2.226 0.00176725 0.3216
32 2.227 0.00167413 0.314201
32 2.228 0.00180823 0.332578
32 2.229 0.00177251 0.319443
32 2.23 0.00208149 0.32506
32 2.231 0.0020367 0.377338
32 2.232 0.00194256 0.339551
32 2.233 0.00173174 0.308356
32 2.234 0.00221121 0.364238
32 2.235 0.00215763 0.387422
32 2.236 0.00181009 0.34129
32 2.237 0.0020781 0.382935
32 2.238 0.00207635 0.381139
32 2.239 0.00195024 0.354829
32 2.24 0.00190297 0.317905
32 2.241 0.00190001 0.339484
32 2.242 0.00215291 0.386062
32 2.243 0.0022088 0.395051
32 2.244 0.00228026 0.407298
32 2.245 0.00213464 0.377008
32 2.246 0.00375111 0.669999
32 2.247 0.00247334 0.384968
32 2.248 0.00218594 0.37129
32 2.249 0.00203766 0.332238
32 2.25 0.00228896 0.398557
32 2.251 0.00232424 0.410729
32 2.252 0.0022285 0.395943
32 2.253 0.00233124 0.412464
32 2.254 0.00236104 0.378035
32 2.255 0.00222597 0.375068
32 2.256 0.00229787 0.372933
32 2.257 0.00242979 0.416879
32 2.258 0.00245137 0.432965
32 2.259 0.00262456 0.448695
32 2.26 0.00247996 0.430255
32 2.261 0.00318419 0.461948
32 2.262 0.00257838 0.413894
32 2.263 0.00263927 0.428609
32 2.264 0.00245958 0.410061
32 2.265 0.00261079 0.418459
32 2.266 0.00262516 0.431696
32 2.267 0.00241276 0.378087
32 2.268 0.00264919 0.427189
32 2.269 0.00268371 0.416977
32 2.27 0.00270224 0.396698
32 2.271 0.00272338 0.423209
32 2.272 0.00281698 0.422364
32 2.273 0.00279272 0.445457
32 2.274 0.00294167 0.418967
32 2.275 0.00266364 0.403305
32 2.276 0.00462331 0.885079
32 2.277 0.00274229 0.424109
32 2.278 0.00283574 0.435106
32 2.279 0.00299811 0.426021
32 2.28 0.00290518 0.421747
32 2.281 0.00312945 0.399832
32 2.282 0.00307078 0.435897
32 2.283 0.00298936 0.407558
32 2.284 0.00312823 0.410605
32 2.285 0.00303882 0.422515
32 2.286 0.00288408 0.389452
32 2.287 0.00309989 0.42511
32 2.288 0.00302262 0.415779
32 2.289 0.00308704 0.388633
32 2.29 0.0031025 0.402253
32 2.291 0.00302792 0.403593
32 2.292 0.00306983 0.413764
32 2.293 0.0032112 0.397079
32 2.294 0.00339872 0.389315
32 2.295 0.00296859 0.394603
32 2.296 0.00301205 0.402666
32 2.297 0.0048771 0.901194
32 2.298 0.0034364 0.382039
32 2.299 0.00330513 0.37778
32 2.3 0.00315221 0.391528
32 2.301 0.00408294 0.455793
32 2.302 0.00360729 0.398286
32 2.303 0.00314681 0.375784
32 2.304 0.00342707 0.370175
32 2.305 0.00319146 0.379096
32 2.306 0.00458193 0.698983
32 2.307 0.0035689 0.357169
32 2.308 0.00352428 0.364567
32 2.309 0.00353662 0.356246
32 2.31 0.00322848 0.355877
32 2.311 0.00346113 0.341342
32 2.312 0.00317903 0.35545
32 2.313 0.0035443 0.337927
32 2.314 0.00433298 0.5051
32 2.315 0.00352565 0.331968
32 2.316 0.00339856 0.339984
32 2.317 0.00381647 0.348939
32 2.318 0.00322257 0.352998
32 2.319 0.00337154 0.31661
32 2.32 0.00342125 0.31243
32 2.321 0.00384673 0.348482
32 2.322 0.00448894 0.525158
32 2.323 0.00379875 0.33333
32 2.324 0.00325618 0.325872
32 2.325 0.00331265 0.318051
32 2.326 0.00320885 0.328802
32 2.327 0.00343105 0.306379
32 2.328 0.00345782 0.306213
32 2.329 0.00377477 0.287864
32 2.33 0.00364852 0.295245
32 2.331 0.00347989 0.284111
32 2.332 0.00368547 0.291225
32 2.333 0.00328686 0.2951
32 2.334 0.00388205 0.321876
32 2.335 0.00326249 0.292934
32 2.336 0.0040547 0.377613
32 2.337 0.00332929 0.285529
32 2.338 0.00335211 0.284716
32 2.339 0.0032931 0.288631
32 2.34 0.00385773 0.301237
32 2.341 0.00332355 0.27275
32 2.342 0.0032543 0.276787
32 2.343 0.00330798 0.262325
32 2.344 0.00391119 0.297103
32 2.345 0.00360881 0.246765
32 2.346 0.00354201 0.240406
32 2.347 0.00375421 0.270011
32 2.348 0.00316439 0.279911
32 2.349 0.00333306 0.256947
32 2.35 0.00380755 0.267372
32 2.351 0.00419751 0.395494
32 2.352 0.00321337 0.235182
32 2.353 0.00376101 0.249891
32 2.354 0.00335371 0.225305
32 2.355 0.00316531 0.26281
32 2.356 0.00407468 0.335029
32 2.357 0.00339341 0.217591
32 2.358 0.00370066 0.228412
32 2.359 0.00401771 0.327829
32 2.36 0.00323244 0.220265
32 2.361 0.00332655 0.220549
32 2.362 0.00318471 0.230144
32 2.363 0.00339094 0.211139
32 2.364 0.0035097 0.214333
32 2.365 0.00372848 0.251952
32 2.366 0.0031742 0.212353
32 2.367 0.00303669 0.216876
32 2.368 0.00365303 0.232588
32 2.369 0.00303491 0.241829
32 2.37 0.00341398 0.202725
32 2.371 0.00330569 0.199086
32 2.372 0.00352493 0.219197
32 2.373 0.00304731 0.235951
32 2.374 0.00316856 0.197855
32 2.375 0.00342964 0.20593
32 2.376 0.00329355 0.192889
32 2.377 0.00346722 0.207251
32 2.378 0.00327334 0.197643
32 2.379 0.00321574 0.199151
32 2.38 0.00294539 0.224904
32 2.381 0.00331071 0.201008
32 2.382 0.00311705 0.192116
32 2.383 0.00322505 0.186963
32 2.384 0.00306998 0.199182
32 2.385 0.0030008 0.207826
32 2.386 0.00310822 0.18808
32 2.387 0.00322839 0.201192
32 2.388 0.00350059 0.224204
32 2.389 0.00290718 0.20919
32 2.39 0.00290623 0.19837
32 2.391 0.00289978 0.193204
32 2.392 0.00309406 0.185333
32 2.393 0.00306166 0.188335
32 2.394 0.00360785 0.294809
32 2.395 0.00311709 0.183991
32 2.396 0.00318085 0.187395
32 2.397 0.00328571 0.208255
32 2.398 0.00273464 0.206838
32 2.399 0.00366693 0.328222
32 2.4 0.00272337 0.205308
32 2.401 0.00309185 0.176824
32 2.402 0.00272978 0.190929
32 2.403 0.00336383 0.225301
32 2.404 0.00268662 0.181201
32 2.405 0.00348451 0.269765
32 2.406 0.00259916 0.206193
32 2.407 0.00300428 0.18491
32 2.408 0.00312341 0.18519
32 2.409 0.00258372 0.192228
32 2.41 0.00280281 0.178056
32 2.411 0.00305587 0.178726
32 2.412 0.00296728 0.177282
32 2.413 0.0025647 0.189304
32 2.414 0.00258031 0.181411
32 2.415 0.00269868 0.182051
32 2.416 0.00340955 0.269735
32 2.417 0.00252302 0.18774
32 2.418 0.00274681 0.163835
32 2.419 0.00250261 0.168656
32 2.42 0.00247161 0.18411
32 2.421 0.00269093 0.163687
32 2.422 0.00273617 0.171638
32 2.423 0.00246578 0.180022
32 2.424 0.00268524 0.163565
32 2.425 0.00257426 0.163481
32 2.426 0.00275364 0.160975
32 2.427 0.00249879 0.168405
32 2.428 0.00272854 0.165326
32 2.429 0.00250995 0.170525
32 2.43 0.00236776 0.170996
32 2.431 0.00269817 0.166767
32 2.432 0.00283674 0.176723
32 2.433 0.00244267 0.175404
32 2.434 0.0024029 0.166509
32 2.435 0.00237091 0.173218
32 2.436 0.00280249 0.181432
32 2.437 0.00263903 0.160904
32 2.438 0.00370218 0.437979
32 2.439 0.00251673 0.162329
32 2.44 0.00227525 0.170431
32 2.441 0.00274686 0.171518
32 2.442 0.00231647 0.161988
32 2.443 0.00259949 0.165929
32 2.444 0.00235493 0.158621
32 2.445 0.0023181 0.15237
32 2.446 0.00293344 0.242947
32 2.447 0.00323336 0.304987
32 2.448 0.00212305 0.163839
32 2.449 0.00244325 0.152433
32 2.45 0.00241647 0.149613
32 2.451 0.00243094 0.15094
32 2.452 0.00213914 0.165772
32 2.453 0.00277042 0.182732
32 2.454 0.00240101 0.153219
32 2.455 0.00215402 0.163696
32 2.456 0.00212362 0.15781
32 2.457 0.00259944 0.160074
32 2.458 0.00226762 0.138714
32 2.459 0.00224552 0.137166
32 2.46 0.00252692 0.156533
32 2.461 0.00221831 0.148421
32 2.462 0.00201022 0.157041
32 2.463 0.00227982 0.143355
32 2.464 0.00204787 0.157284
32 2.465 0.00229605 0.137017
32 2.466 0.00216782 0.137395
32 2.467 0.00220757 0.140248
32 2.468 0.00219173 0.137215
32 2.469 0.00205172 0.13039
32 2.47 0.00200331 0.141531
32 2.471 0.001967 0.146328
32 2.472 0.0025818 0.191586
32 2.473 0.0019234 0.142359
32 2.474 0.00192567 0.142514
32 2.475 0.0022858 0.129735
32 2.476 0.00197203 0.135779
32 2.477 0.00275494 0.223759
32 2.478 0.00229964 0.134119
32 2.479 0.00203719 0.128194
32 2.48 0.001951 0.139458
32 2.481 0.00210048 0.128533
32 2.482 0.00204857 0.127992
32 2.483 0.00210674 0.124598
32 2.484 0.00184254 0.125837
32 2.485 0.00186757 0.145201
32 2.486 0.00187906 0.132657
32 2.487 0.00186555 0.126167
32 2.488 0.00179162 0.133368
32 2.489 0.00188411 0.1293
32 2.49 0.00183128 0.129877
32 2.491 0.00180896 0.123426
32 2.492 0.00214749 0.126129
32 2.493 0.00265577 0.223971
32 2.494 0.00198965 0.116863
32 2.495 0.00196826 0.123445
32 2.496 0.00186938 0.12121
32 2.497 0.00201182 0.116987
32 2.498 0.00175309 0.114606
32 2.499 0.00227568 0.138548
48 2.2 0.000973672 0.263993
48 2.201 0.000847365 0.138812
48 2.202 0.00130804 0.621981
48 2.203 0.000955637 0.27854
48 2.204 0.000942394 0.246682
48 2.205 0.00108273 0.301695
48 2.206 0.00112348 0.335539
48 2.207 0.00132878 0.495856
48 2.208 0.00140158 0.669787
48 2.209 0.00134682 0.428209
48 2.21 0.00121272 0.460862
48 2.211 0.00120162 0.397464
48 2.212 0.00157242 0.639839
48 2.213 0.00121135 0.324213
48 2.214 0.00126081 0.422715
48 2.215 0.0014923 0.597338
48 2.216 0.00168783 0.611128
48 2.217 0.00131628 0.497864
48 2.218 0.00132961 0.449435
48 2.219 0.00115329 0.364575
48 2.22 0.00206261 0.866018
48 2.221 0.00116278 0.305865
48 2.222 0.00138225 0.462579
48 2.223 0.00149896 0.424598
48 2.224 0.00139108 0.542127
48 2.225 0.0013475 0.410335
48 2.226 0.00191533 0.879476
48 2.227 0.00180012 0.757475
48 2.228 0.00170508 0.75944
48 2.229 0.00159537 0.538138
48 2.23 0.0015985 0.538547
48 2.231 0.00151007 0.464909
48 2.232 0.00179814 0.703809
48 2.233 0.00161519 0.606433
48 2.234 0.00166204 0.624359
48 2.235 0.00176636 0.632739
48 2.236 0.0017673 0.64423
48 2.237 0.00202844 0.771615
48 2.238 0.00171936 0.639569
48 2.239 0.00193532 0.801244
48 2.24 0.00200214 0.775998
48 2.241 0.00235288 0.875248
48 2.242 0.00223967 0.90994
48 2.243 0.00187032 0.750939
48 2.244 0.00186753 0.639754
48 2.245 0.00218779 0.858997
48 2.246 0.0021715 0.807721
48 2.247 0.00226679 0.909806
48 2.248 0.00202075 0.680901
48 2.249 0.00218593 0.811562
48 2.25 0.00233393 0.901653
48 2.251 0.00227509 0.891347
48 2.252 0.00244538 0.922339
48 2.253 0.00217777 0.72804
48 2.254 0.00267063 0.972984
48 2.255 0.00256282 0.949585
48 2.256 0.00290619 1.1007
48 2.257 0.0021609 0.753307
48 2.258 0.0031703 1.415
48 2.259 0.00257329 0.954763
48 2.26 0.00244015 0.922888
48 2.261 0.00254211 0.922508
48 2.262 0.00215984 0.744419
48 2.263 0.0027754 0.95781
48 2.264 0.00302829 1.07152
48 2.265 0.00267549 0.959938
48 2.266 0.0024291 0.807483
48 2.267 0.00263891 0.913922
48 2.268 0.00324901 1.07139
48 2.269 0.00289855 0.970655
48 2.27 0.00303406 1.02279
48 2.271 0.00276455 0.960321
48 2.272 0.00307627 1.00833
48 2.273 0.00280681 0.913052
48 2.274 0.00294169 0.915813
48 2.275 0.00274464 0.855963
48 2.276 0.00319106 1.0198
48 2.277 0.00306033 0.959437
48 2.278 0.00329248 1.02828
48 2.279 0.00311201 0.962584
48 2.28 0.00300041 0.950424
48 2.281 0.00320793 0.967546
48 2.282 0.00312524 0.937728
48 2.283 0.00313715 0.912028
48 2.284 0.00356009 1.05442
48 2.285 0.00328924 0.950337
48 2.286 0.00333576 0.965517
48 2.287 0.00316125 0.888769
48 2.288 0.00346699 0.948654
48 2.289 0.0033832 0.91317
48 2.29 0.00329563 0.884199
48 2.291 0.00331265 0.882955
48 2.292 0.00340125 0.88385
48 2.293 0.00371576 0.880351
48 2.294 0.00350182 0.855096
48 2.295 0.00348136 0.829836
48 2.296 0.00359806 0.906135
48 2.297 0.00354581 0.858759
48 2.298 0.00368793 0.836429
48 2.299 0.00368194 1.00169
48 2.3 0.00345938 0.796427
48 2.301 0.00363847 0.782446
48 2.302 0.00354653 0.802084
48 2.303 0.00351784 0.829684
48 2.304 0.00365885 0.728948
48 2.305 0.00348913 0.763427
48 2.306 0.00356279 0.779762
48 2.307 0.00380136 0.745989
48 2.308 0.00366119 0.731835
48 2.309 0.00360049 0.698635
48 2.31 0.0035305 0.708344
48 2.311 0.00362928 0.693527
48 2.312 0.00371392 0.723753
48 2.313 0.00358222 0.683556
48 2.314 0.00360183 0.702127
48 2.315 0.00368196 0.66607
48 2.316 0.00358761 0.647743
48 2.317 0.00351111 0.651384
48 2.318 0.00354712 0.648623
48 2.319 0.0035154 0.648393
48 2.32 0.00353963 0.617726
48 2.321 0.00367602 0.648398
48 2.322 0.00347932 0.606944
48 2.323 0.00362057 0.608044
48 2.324 0.0037033 0.672833
48 2.325 0.00345812 0.613608
48 2.326 0.0035183 0.579214
48 2.327 0.00369291 0.627543
48 2.328 0.00361067 0.593597
48 2.329 0.00354296 0.568743
48 2.33 0.00340961 0.563706
48 2.331 0.00345543 0.558257
48 2.332 0.00354482 0.547358
48 2.333 0.00344055 0.543908
48 2.334 0.00349734 0.559582
48 2.335 0.003471 0.538699
48 2.336 0.0034248 0.542367
48 2.337 0.0033402 0.510595
48 2.338 0.00330705 0.534767
48 2.339 0.00336203 0.519493
48 2.34 0.00328162 0.508433
48 2.341 0.00337122 0.527304
48 2.342 0.00329129 0.49928
48 2.343 0.00321098 0.508514
48 2.344 0.0034061 0.538795
48 2.345 0.00326092 0.503789
48 2.346 0.00324318 0.515206
48 2.347 0.00325101 0.489127
48 2.348 0.0032574 0.500095
48 2.349 0.00329194 0.518754
48 2.35 0.00318702 0.488891
48 2.351 0.00320946 0.497028
48 2.352 0.00310983 0.501424
48 2.353 0.00312449 0.484036
48 2.354 0.00323557 0.508348
48 2.355 0.00318922 0.492962
48 2.356 0.00312493 0.487896
48 2.357 0.00312625 0.468876
48 2.358 0.00304121 0.465627
48 2.359 0.003009 0.468182
48 2.36 0.00318498 0.540177
48 2.361 0.00283282 0.453138
48 2.362 0.0030046 0.473544
48 2.363 0.00298058 0.484693
48 2.364 0.00289899 0.458967
48 2.365 0.00289893 0.467494
48 2.366 0.0028777 0.458456
48 2.367 0.00286028 0.439856
48 2.368 0.00291146 0.466992
48 2.369 0.0029382 0.456942
48 2.37 0.00276369 0.451308
48 2.371 0.00274935 0.443325
48 2.372 0.00285715 0.433306
48 2.373 0.00280386 0.449805
48 2.374 0.00283495 0.455981
48 2.375 0.00275072 0.417925
48 2.376 0.00292242 0.534315
48 2.377 0.00268253 0.459303
48 2.378 0.00271741 0.419361
48 2.379 0.00259452 0.430688
48 2.38 0.00254779 0.415159
48 2.381 0.00260931 0.406165
48 2.382 0.00269305 0.424434
48 2.383 0.00263393 0.402666
48 2.384 0.00251542 0.409462
48 2.385 0.00256893 0.44055
48 2.386 0.00251686 0.424734
48 2.387 0.00257851 0.381432
48 2.388 0.00246722 0.384357
48 2.389 0.00245193 0.41686
48 2.39 0.00246795 0.373998
48 2.391 0.00244871 0.368097
48 2.392 0.00254851 0.417406
48 2.393 0.00244278 0.365158
48 2.394 0.0024317 0.370069
48 2.395 0.00239425 0.369984
48 2.396 0.00242943 0.386511
48 2.397 0.00230971 0.367262
48 2.398 0.00233785 0.360737
48 2.399 0.00223794 0.360578
48 2.4 0.00232359 0.350044
48 2.401 0.00224073 0.366574
48 2.402 0.0022502 0.354285
48 2.403 0.00236789 0.365423
48 2.404 0.00226822 0.344592
48 2.405 0.00217356 0.34293
48 2.406 0.00224332 0.360656
48 2.407 0.00223647 0.360097
48 2.408 0.00217296 0.337318
48 2.409 0.00224528 0.344824
48 2.41 0.0022379 0.336237
48 2.411 0.00213323 0.344903
48 2.412 0.00219375 0.339342
48 2.413 0.00211782 0.327875
48 2.414 0.00208106 0.311785
48 2.415 0.00222446 0.352973
48 2.416 0.00213323 0.323718
48 2.417 0.00206691 0.326363
48 2.418 0.00203591 0.315836
48 2.419 0.00206258 0.304629
48 2.42 0.00193703 0.28669
48 2.421 0.00201561 0.296338
48 2.422 0.00202924 0.29489
48 2.423 0.001954 0.29834
48 2.424 0.00204646 0.311686
48 2.425 0.00194973 0.302371
48 2.426 0.00197896 0.283136
48 2.427 0.00193025 0.302696
48 2.428 0.00192415 0.257719
48 2.429 0.0018377 0.272002
48 2.43 0.0018934 0.276668
48 2.431 0.00189674 0.290796
48 2.432 0.00186268 0.285046
48 2.433 0.0018729 0.280324
48 2.434 0.00188917 0.282101
48 2.435 0.00183095 0.275901
48 2.436 0.00197019 0.302313
48 2.437 0.00180163 0.251127
48 2.438 0.00188561 0.274231
48 2.439 0.00179414 0.272659
48 2.44 0.00177825 0.264389
48 2.441 0.00179411 0.261022
48 2.442 0.00172772 0.257316
48 2.443 0.00175556 0.262852
48 2.444 0.00172915 0.26009
48 2.445 0.00177516 0.241078
48 2.446 0.00174608 0.249867
48 2.447 0.00175353 0.254319
48 2.448 0.00163426 0.234505
48 2.449 0.00166895 0.242303
48 2.45 0.00170004 0.243046
48 2.451 0.00170201 0.239257
48 2.452 0.00169807 0.241678
48 2.453 0.00166757 0.234693
48 2.454 0.00169641 0.23206
48 2.455 0.0015728 0.209231
48 2.456 0.001659 0.246833
48 2.457 0.00161826 0.24487
48 2.458 0.0015554 0.21951
48 2.459 0.00154652 0.220044
48 2.46 0.00156324 0.216534
48 2.461 0.00155599 0.211286
48 2.462 0.00148193 0.216795
48 2.463 0.00152663 0.21712
48 2.464 0.00154554 0.206297
48 2.465 0.00151179 0.211586
48 2.466 0.00165048 0.231561
48 2.467 0.00151884 0.211048
48 2.468 0.0015226 0.204847
48 2.469 0.00149533 0.191041
48 2.47 0.00145608 0.203852
48 2.471 0.00147164 0.196771
48 2.472 0.00148314 0.198686
48 2.473 0.00146216 0.199119
48 2.474 0.00143869 0.194925
48 2.475 0.00166687 0.273774
48 2.476 0.0017492 0.329526
48 2.477 0.00145593 0.179992
48 2.478 0.00146888 0.197478
48 2.479 0.00144561 0.185855
48 2.48 0.00143897 0.187541
48 2.481 0.00148503 0.195897
48 2.482 0.00142431 0.189957
48 2.483 0.00142381 0.19721
48 2.484 0.00143405 0.188108
48 2.485 0.00136716 0.177449
48 2.486 0.0013792 0.184692
48 2.487 0.00135063 0.178498
48 2.488 0.00133691 0.174125
48 2.489 0.00128137 0.158144
48 2.49 0.00137127 0.171312
48 2.491 0.00128081 0.163925
48 2.492 0.00125804 0.15629
48 2.493 0.00135324 0.162429
48 2.494 0.00130585 0.167312
48 2.495 0.00133075 0.160094
48 2.496 0.00127326 0.15589
48 2.497 0.00135673 0.169814
48 2.498 0.00128171 0.154975
48 2.499 0.00128426 0.155447
64 2.2 0.000783228 0.223063
64 2.201 0.00069959 0.162996
64 2.202 0.000832723 0.297278
64 2.203 0.000963146 0.738891
64 2.204 0.00071583 0.145159
64 2.205 0.000827013 0.264465
64 2.206 0.0015267 1.48977
64 2.207 0.000803453 0.194521
64 2.208 0.000909125 0.339616
64 2.209 0.000967934 0.493952
64 2.21 0.00089985 0.234997
64 2.211 0.00116538 0.767017
64 2.212 0.00109327 0.612969
64 2.213 0.000926442 0.39324
64 2.214 0.00116099 0.512866
64 2.215 0.001329 1.00982
64 2.216 0.00111446 0.469617
64 2.217 0.00110496 0.454102
64 2.218 0.0011463 0.484886
64 2.219 0.00142656 1.06648
64 2.22 0.00138455 0.99396
64 2.221 0.00112417 0.560008
64 2.222 0.00159376 1.27862
64 2.223 0.00111259 0.424585
64 2.224 0.00139226 0.792026
64 2.225 0.00177603 1.44386
64 2.226 0.00121197 0.510719
64 2.227 0.00130017 0.664575
64 2.228 0.00125926 0.710012
64 2.229 0.00130282 0.886055
64 2.23 0.00125097 0.565656
64 2.231 0.00164897 1.25365
64 2.232 0.00126416 0.450248
64 2.233 0.00139831 0.827708
64 2.234 0.0015727 1.02686
64 2.235 0.00149816 0.770971
64 2.236 0.00161689 1.17534
64 2.237 0.00186266 1.17419
64 2.238 0.00193009 1.32825
64 2.239 0.00173735 1.16871
64 2.24 0.00188014 1.21356
64 2.241 0.00185427 1.2017
64 2.242 0.00164121 0.873649
64 2.243 0.00204743 1.4768
64 2.244 0.00171161 0.881245
64 2.245 0.00209975 1.5795
64 2.246 0.00205424 1.44704
64 2.247 0.00154845 0.67266
64 2.248 0.00197124 1.22636
64 2.249 0.00227777 1.48601
64 2.25 0.0021195 1.33484
64 2.251 0.00200967 1.21396
64 2.252 0.002387 1.76207
64 2.253 0.00235604 1.67913
64 2.254 0.00231663 1.54776
64 2.255 0.00265353 1.67898
64 2.256 0.00226816 1.57121
64 2.257 0.00226545 1.28657
64 2.258 0.002391 1.59219
64 2.259 0.00288649 1.8706
64 2.26 0.00264724 1.59682
64 2.261 0.00297447 1.97926
64 2.262 0.00265859 1.61805
64 2.263 0.00299657 1.88927
64 2.264 0.00320664 1.94067
64 2.265 0.00245441 1.5118
64 2.266 0.00297881 1.81771
64 2.267 0.00326836 2.02522
64 2.268 0.00300683 1.76607
64 2.269 0.00302708 1.75108
64 2.27 0.00324709 1.88962
64 2.271 0.00275474 1.45801
64 2.272 0.00343502 1.91348
64 2.273 0.00320874 1.85536
64 2.274 0.00332398 1.91921
64 2.275 0.00278906 1.40127
64 2.276 0.00306329 1.70068
64 2.277 0.00306069 1.68589
64 2.278 0.00342663 1.69231
64 2.279 0.00349663 1.91138
64 2.28 0.00349514 1.74803
64 2.281 0.00378381 1.85983
64 2.282 0.00356441 1.70057
64 2.283 0.00333031 1.58546
64 2.284 0.00352934 1.60967
64 2.285 0.00366292 1.75117
64 2.286 0.00339832 1.68438
64 2.287 0.00369893 1.68832
64 2.288 0.00381667 1.60963
64 2.289 0.00390874 1.59976
64 2.29 0.00371631 1.57728
64 2.291 0.00391169 1.5416
64 2.292 0.00388034 1.45816
64 2.293 0.00388078 1.45837
64 2.294 0.00375792 1.48135
64 2.295 0.00371803 1.47059
64 2.296 0.00373575 1.4361
64 2.297 0.00380551 1.34877
64 2.298 0.00371441 1.40504
64 2.299 0.00375803 1.36342
64 2.3 0.00386341 1.31499
64 2.301 0.00390483 1.26989
64 2.302 0.00374233 1.35421
64 2.303 0.00374355 1.21252
64 2.304 0.00390372 1.22484
64 2.305 0.00385171 1.22321
64 2.306 0.00375766 1.25244
64 2.307 0.0037345 1.16197
64 2.308 0.00369946 1.21675
64 2.309 0.00385629 1.17852
64 2.31 0.00373912 1.11263
64 2.311 0.00377335 1.10339
64 2.312 0.00374684 1.10558
64 2.313 0.00359913 1.06095
64 2.314 0.00367471 1.08012
64 2.315 0.00366818 1.09404
64 2.316 0.00367259 1.04944
64 2.317 0.00359955 1.04947
64 2.318 0.00360418 1.03868
64 2.319 0.003604 1.03428
64 2.32 0.00352589 1.01139
64 2.321 0.00358831 1.02815
64 2.322 0.00351053 1.0233
64 2.323 0.00349479 0.997173
64 2.324 0.00358472 0.985721
64 2.325 0.0035121 0.992965
64 2.326 0.00338795 0.968627
64 2.327 0.00351215 0.991243
64 2.328 0.00342875 0.940474
64 2.329 0.00339925 0.951053
64 2.33 0.00335967 0.922899
64 2.331 0.00332802 0.956372
64 2.332 0.00326178 0.90685
64 2.333 0.00331841 0.915901
64 2.334 0.00328342 0.947417
64 2.335 0.00326244 0.911992
64 2.336 0.00325541 0.9209
64 2.337 0.00320527 0.886154
64 2.338 0.00315019 0.842797
64 2.339 0.00306002 0.872504
64 2.34 0.00312376 0.891835
64 2.341 0.00313439 0.857864
64 2.342 0.00301422 0.884311
64 2.343 0.00300542 0.837057
64 2.344 0.00305234 0.851373
64 2.345 0.00302049 0.88615
64 2.346 0.00304505 0.851329
64 2.347 0.00289154 0.839895
64 2.348 0.00299263 0.840973
64 2.349 0.00296041 0.877945
64 2.35 0.00285252 0.812117
64 2.351 0.00279605 0.839776
64 2.352 0.00287407 0.839144
64 2.353 0.00287551 0.800315
64 2.354 0.00287833 0.845347
64 2.355 0.00278431 0.814312
64 2.356 0.00270846 0.762423
64 2.357 0.0028199 0.819725
64 2.358 0.00264357 0.761124
64 2.359 0.00281084 0.78889
64 2.36 0.00269293 0.738332
64 2.361 0.00252535 0.697647
64 2.362 0.00254061 0.722904
64 2.363 0.00250448 0.717167
64 2.364 0.00254262 0.672151
64 2.365 0.00252406 0.698383
64 2.366 0.00245387 0.68075
64 2.367 0.00251207 0.739703
64 2.368 0.00253545 0.69345
64 2.369 0.0024975 0.678586
64 2.37 0.00242594 0.664803
64 2.371 0.00244597 0.654256
64 2.372 0.00237432 0.681911
64 2.373 0.00241463 0.654683
64 2.374 0.00232289 0.622303
64 2.375 0.00236741 0.64621
64 2.376 0.00223857 0.603298
64 2.377 0.00229522 0.593662
64 2.378 0.00227779 0.600733
64 2.379 0.0022617 0.60477
64 2.38 0.00229133 0.637649
64 2.381 0.00219353 0.5872
64 2.382 0.00219222 0.586213
64 2.383 0.00220805 0.602264
64 2.384 0.00218717 0.605855
64 2.385 0.00222515 0.582888
64 2.386 0.00209629 0.566576
64 2.387 0.00205624 0.513641
64 2.388 0.00209807 0.526831
64 2.389 0.0020547 0.536299
64 2.39 0.00200537 0.516132
64 2.391 0.00199013 0.527938
64 2.392 0.00201465 0.514195
64 2.393 0.00198789 0.510219
64 2.394 0.00198542 0.530765
64 2.395 0.00208832 0.536818
64 2.396 0.00194111 0.509328
64 2.397 0.00201444 0.522173
64 2.398 0.00193723 0.50832
64 2.399 0.00196352 0.55246
64 2.4 0.0019674 0.500867
64 2.401 0.001837 0.488866
64 2.402 0.00194556 0.529711
64 2.403 0.00191453 0.500327
64 2.404 0.00180719 0.448292
64 2.405 0.00178611 0.408458
64 2.406 0.00184862 0.480575
64 2.407 0.00178646 0.464015
64 2.408 0.00180354 0.480033
64 2.409 0.00180551 0.458772
64 2.41 0.00176346 0.42638
64 2.411 0.00171344 0.415722
64 2.412 0.00178558 0.457629
64 2.413 0.00172159 0.420223
64 2.414 0.00168044 0.403626
64 2.415 0.00171658 0.44102
64 2.416 0.00175624 0.441041
64 2.417 0.00171962 0.42456
64 2.418 0.00163646 0.392321
64 2.419 0.00165027 0.379192
64 2.42 0.00164807 0.398495
64 2.421 0.00160627 0.378086
64 2.422 0.00155978 0.362411
64 2.423 0.00162868 0.369519
64 2.424 0.00157726 0.374729
64 2.425 0.00158186 0.36602
64 2.426 0.00154586 0.382117
64 2.427 0.00157255 0.38458
64 2.428 0.00163134 0.393852
64 2.429 0.00156472 0.365126
64 2.43 0.0015644 0.372278
64 2.431 0.00152455 0.350564
64 2.432 0.00149186 0.331642
64 2.433 0.00153048 0.361852
64 2.434 0.00147129 0.342451
64 2.435 0.00152309 0.346144
64 2.436 0.00147758 0.339763
64 2.437 0.00144774 0.318342
64 2.438 0.00137168 0.301585
64 2.439 0.0014276 0.315613
64 2.44 0.00143111 0.316996
64 2.441 0.00135199 0.295003
64 2.442 0.00139839 0.323415
64 2.443 0.00139364 0.314184
64 2.444 0.00136207 0.296476
64 2.445 0.00136575 0.297703
64 2.446 0.00140165 0.321723
64 2.447 0.00131815 0.276731
64 2.448 0.00131196 0.287978
64 2.449 0.00134852 0.311324
64 2.45 0.00127823 0.263735
64 2.451 0.00131771 0.278476
64 2.452 0.00128695 0.277397
64 2.453 0.00128439 0.286245
64 2.454 0.00130492 0.266722
64 2.455 0.00127797 0.274913
64 2.456 0.00129073 0.268521
64 2.457 0.00124082 0.261464
64 2.458 0.00126573 0.255335
64 2.459 0.00120105 0.238485
64 2.46 0.00122852 0.233081
64 2.461 0.00120774 0.249255
64 2.462 0.001258 0.26762
64 2.463 0.00116726 0.226357
64 2.464 0.00120329 0.257096
64 2.465 0.00119075 0.246234
64 2.466 0.00123762 0.265859
64 2.467 0.00120964 0.247853
64 2.468 0.00118541 0.227876
64 2.469 0.00116723 0.240308
64 2.47 0.00115628 0.223481
64 2.471 0.00112503 0.222266
64 2.472 0.00113283 0.242081
64 2.473 0.00115452 0.226151
64 2.474 0.0011332 0.213434
64 2.475 0.00111854 0.219419
64 2.476 0.0010972 0.214284
64 2.477 0.00113618 0.222319
64 2.478 0.00111429 0.210836
64 2.479 0.0010575 0.204616
64 2.48 0.00107442 0.198374
64 2.481 0.0011059 0.223508
64 2.482 0.00106939 0.210736
64 2.483 0.00106186 0.195527
64 2.484 0.00107961 0.212917
64 2.485 0.00103523 0.1896
64 2.486 0.00103599 0.189689
64 2.487 0.00104375 0.185198
64 2.488 0.00107064 0.202955
64 2.489 0.00102337 0.187711
64 2.49 0.00103255 0.191922
64 2.491 0.00100651 0.187342
64 2.492 0.00102866 0.190773
64 2.493 0.000999118 0.181995
64 2.494 0.000984561 0.170028
64 2.495 0.000984178 0.172255
64 2.496 0.000978893 0.17658
64 2.497 0.000995546 0.190828
64 2.498 0.000989924 0.176449
64 2.499 0.000977827 0.175026
80 2.2 0.000667343 0.220962
80 2.201 0.000802072 0.362194
80 2.202 0.000734043 0.205032
80 2.203 0.000812882 0.457878
80 2.204 0.00150623 0.42281
80 2.205 0.00111532 0.271943
80 2.206 0.00125304 1.55145
80 2.207 0.000958727 0.464027
80 2.208 0.00074448 0.210274
80 2.209 0.000795704 0.360755
80 2.21 0.000723771 0.181254
80 2.211 0.000745024 0.218485
80 2.212 0.00128352 0.54109
80 2.213 0.000962606 0.26232
80 2.214 0.000820971 0.272407
80 2.215 0.000976843 0.30551
80 2.216 0.000910561 0.401063
80 2.217 0.000805728 0.256888
80 2.218 0.000879191 0.236816
80 2.219 0.00139357 1.09191
80 2.22 0.00109449 0.385741
80 2.221 0.000962352 0.314813
80 2.222 0.00123207 0.543387
80 2.223 0.000984007 0.354442
80 2.224 0.00117833 0.953767
80 2.225 0.000941676 0.356416
80 2.226 0.00127474 1.27162
80 2.227 0.00116652 0.497805
80 2.228 0.0010683 0.465306
80 2.229 0.00200501 0.687449
80 2.23 0.00149354 1.8776
80 2.231 0.00125824 0.546399
80 2.232 0.00104228 0.358447
80 2.233 0.00118937 0.5892
80 2.234 0.00144907 0.830686
80 2.235 0.00185957 2.23343
80 2.236 0.00175543 1.76378
80 2.237 0.0017301 1.84918
80 2.238 0.00200001 1.57466
80 2.239 0.00211312 1.93929
80 2.24 0.00137684 1.01679
80 2.241 0.0020316 2.17432
80 2.242 0.00211964 1.9827
80 2.243 0.00198401 1.99253
80 2.244 0.00235206 1.13645
80 2.245 0.00137823 0.576211
80 2.246 0.00137523 0.691304
80 2.247 0.00227047 2.46964
80 2.248 0.00203977 1.94016
80 2.249 0.00184657 1.31058
80 2.25 0.00237367 1.91232
80 2.251 0.0020602 1.79158
80 2.252 0.0021707 1.97416
80 2.253 0.00422641 3.34333
80 2.254 0.00206528 1.30383
80 2.255 0.00280832 2.27157
80 2.256 0.00302366 2.69309
80 2.257 0.00258468 2.52759
80 2.258 0.0023516 2.38274
80 2.259 0.00269217 2.56272
80 2.26 0.00272504 1.54886
80 2.261 0.0035143 3.19499
80 2.262 0.00271885 2.35567
80 2.263 0.00277479 2.11575
80 2.264 0.00298128 2.47792
80 2.265 0.00277359 2.61928
80 2.266 0.00339697 2.5937
80 2.267 0.00261029 2.52154
80 2.268 0.00511632 3.70832
80 2.269 0.0037477 3.00461
80 2.27 0.00335839 2.47577
80 2.271 0.0035924 2.80204
80 2.272 0.00317324 2.93839
80 2.273 0.00370769 2.78119
80 2.274 0.00522007 2.99238
80 2.275 0.00391747 3.17821
80 2.276 0.00379561 3.07492
80 2.277 0.00403232 2.44
80 2.278 0.0032601 2.73264
80 2.279 0.00501228 2.798
80 2.28 0.00705453 5.59762
80 2.281 0.00555507 3.17074
80 2.282 0.00424567 2.82942
80 2.283 0.00401734 2.4662
80 2.284 0.00468454 2.46664
80 2.285 0.00408723 2.86828
80 2.286 0.00647044 4.45915
80 2.287 0.00487596 2.52786
80 2.288 0.00716789 5.96131
80 2.289 0.00485445 2.3656
80 2.29 0.00446672 2.41075
80 2.291 0.005795 2.65623
80 2.292 0.00564252 2.66002
80 2.293 0.00567867 2.58744
80 2.294 0.00408976 2.37149
80 2.295 0.00414238 2.35524
80 2.296 0.00620286 3.25987
80 2.297 0.00522234 2.06288
80 2.298 0.00452211 2.04353
80 2.299 0.00427321 2.0948
80 2.3 0.00539441 2.36755
80 2.301 0.00553173 2.34449
80 2.302 0.00462544 1.81667
80 2.303 0.00532038 2.11657
80 2.304 0.00527884 1.95707
80 2.305 0.00534861 2.05525
80 2.306 0.00393672 2.27991
80 2.307 0.00444317 1.79762
80 2.308 0.00412511 1.8832
80 2.309 0.00368361 2.0722
80 2.31 0.00392161 2.05357
80 2.311 0.00497508 1.77188
80 2.312 0.00501775 1.78511
80 2.313 0.00357858 1.99959
80 2.314 0.00581678 2.95699
80 2.315 0.00458188 1.6205
80 2.316 0.00359138 2.01857
80 2.317 0.00361097 2.0377
80 2.318 0.00395451 1.66874
80 2.319 0.00349628 1.91305
80 2.32 0.00382456 1.59183
80 2.321 0.00682239 5.21453
80 2.322 0.00380307 1.68951
80 2.323 0.004273 1.53623
80 2.324 0.00330323 1.818
80 2.325 0.00466171 1.67247
80 2.326 0.00412049 1.45737
80 2.327 0.0040514 1.48171
80 2.328 0.00334068 1.45121
80 2.329 0.00371007 1.47423
80 2.33 0.00349554 1.58489
80 2.331 0.0031937 1.4509
80 2.332 0.00384083 1.2928
80 2.333 0.00632779 4.88309
80 2.334 0.00306037 1.67455
80 2.335 0.00378953 1.32998
80 2.336 0.00384018 1.35204
80 2.337 0.00371699 1.19585
80 2.338 0.00291863 1.56231
80 2.339 0.00281346 1.48491
80 2.34 0.0029225 1.30287
80 2.341 0.00366105 1.27512
80 2.342 0.00315822 1.22939
80 2.343 0.00264519 1.28417
80 2.344 0.00267809 1.27506
80 2.345 0.00372197 1.3087
80 2.346 0.00410701 1.57784
80 2.347 0.00299287 1.21977
80 2.348 0.00275077 1.35577
80 2.349 0.0029324 1.01457
80 2.35 0.00262612 1.25629
80 2.351 0.00276091 1.09588
80 2.352 0.00298266 1.02451
80 2.353 0.00490877 2.67459
80 2.354 0.00312601 1.04753
80 2.355 0.00297126 0.989191
80 2.356 0.00309732 1.07235
80 2.357 0.00250809 1.21119
80 2.358 0.0024004 1.21763
80 2.359 0.00302588 1.08921
80 2.36 0.00454322 2.30722
80 2.361 0.00486913 2.85835
80 2.362 0.00287696 0.9896
80 2.363 0.00461102 2.62905
80 2.364 0.0023584 0.921181
80 2.365 0.0022738 0.972569
80 2.366 0.00276922 0.906302
80 2.367 0.00225576 0.858664
80 2.368 0.00248798 0.929404
80 2.369 0.00251616 0.829897
80 2.37 0.00373267 1.46719
80 2.371 0.00257268 0.770619
80 2.372 0.00223604 0.884691
80 2.373 0.00207841 0.781877
80 2.374 0.00244177 0.761918
80 2.375 0.0035723 1.4147
80 2.376 0.00245993 0.78118
80 2.377 0.00215625 0.873367
80 2.378 0.0020062 0.777576
80 2.379 0.00250344 0.826042
80 2.38 0.00194797 0.798352
80 2.381 0.00271784 0.780133
80 2.382 0.00219396 0.749961
80 2.383 0.00207271 0.665218
80 2.384 0.00182405 0.653623
80 2.385 0.00185266 0.69602
80 2.386 0.0022924 0.76077
80 2.387 0.00172214 0.708953
80 2.388 0.00339536 1.34398
80 2.389 0.00199601 0.58786
80 2.39 0.00182751 0.687271
80 2.391 0.0026522 0.764661
80 2.392 0.00174705 0.694325
80 2.393 0.00175309 0.65628
80 2.394 0.00206152 0.616103
80 2.395 0.00208131 0.646204
80 2.396 0.00191205 0.62994
80 2.397 0.0018806 0.682114
80 2.398 0.00163502 0.616282
80 2.399 0.00159688 0.640721
80 2.4 0.00171908 0.573836
80 2.401 0.00158816 0.612341
80 2.402 0.00234236 0.720065
80 2.403 0.00171066 0.538652
80 2.404 0.00163257 0.632082
80 2.405 0.0016667 0.585343
80 2.406 0.00166472 0.623528
80 2.407 0.00161704 0.494974
80 2.408 0.00174202 0.487331
80 2.409 0.00157816 0.510383
80 2.41 0.00178712 0.517403
80 2.411 0.00192182 0.478875
80 2.412 0.00153178 0.449081
80 2.413 0.00159669 0.573916
80 2.414 0.00149588 0.478379
80 2.415 0.00174893 0.503831
80 2.416 0.0014741 0.560056
80 2.417 0.00152524 0.465424
80 2.418 0.0018319 0.447677
80 2.419 0.00173011 0.474223
80 2.42 0.00267968 0.803863
80 2.421 0.00132698 0.402286
80 2.422 0.00140503 0.484233
80 2.423 0.00142791 0.440664
80 2.424 0.00136824 0.445283
80 2.425 0.00163655 0.450372
80 2.426 0.00130185 0.465388
80 2.427 0.0023651 0.773834
80 2.428 0.00156117 0.40094
80 2.429 0.00141666 0.394512
80 2.43 0.00143725 0.413164
80 2.431 0.00131844 0.435512
80 2.432 0.00195575 0.564271
80 2.433 0.00130618 0.356408
80 2.434 0.00131632 0.426733
80 2.435 0.00171111 0.361183
80 2.436 0.00138817 0.351263
80 2.437 0.00152446 0.370573
80 2.438 0.0012054 0.374284
80 2.439 0.00123747 0.352462
80 2.44 0.00205968 0.465173
80 2.441 0.00123999 0.381326
80 2.442 0.00132864 0.34498
80 2.443 0.00141519 0.474062
80 2.444 0.00154366 0.359119
80 2.445 0.00154387 0.329083
80 2.446 0.00123842 0.314621
80 2.447 0.00123874 0.346815
80 2.448 0.00143361 0.340336
80 2.449 0.00124238 0.308065
80 2.45 0.00112913 0.322243
80 2.451 0.00111311 0.31508
80 2.452 0.00123786 0.303469
80 2.453 0.00108906 0.345977
80 2.454 0.00143161 0.30766
80 2.455 0.00103587 0.299096
80 2.456 0.00102108 0.289603
80 2.457 0.00108448 0.290794
80 2.458 0.00115221 0.299109
80 2.459 0.00147923 0.319831
80 2.46 0.00104102 0.27014
80 2.461 0.00102459 0.312921
80 2.462 0.0013788 0.278737
80 2.463 0.00101596 0.276587
80 2.464 0.00291375 1.32305
80 2.465 0.00123936 0.2504
80 2.466 0.00101274 0.297294
80 2.467 0.00114951 0.290197
80 2.468 0.00127308 0.26064
80 2.469 0.000916062 0.237225
80 2.47 0.00137848 0.248969
80 2.471 0.00097809 0.246476
80 2.472 0.00130484 0.262768
80 2.473 0.000952757 0.273746
80 2.474 0.00133758 0.252904
80 2.475 0.00119994 0.236204
80 2.476 0.00096024 0.255224
80 2.477 0.0014852 0.299326
80 2.478 0.00100455 0.272344
80 2.479 0.00117997 0.21808
80 2.48 0.000996842 0.233002
80 2.481 0.00128617 0.225034
80 2.482 0.000975682 0.235494
80 2.483 0.0012687 0.205305
80 2.484 0.000962112 0.248071
80 2.485 0.00181219 0.498858
80 2.486 0.00101847 0.21859
80 2.487 0.0010406 0.213523
80 2.488 0.000859655 0.202624
80 2.489 0.000955695 0.225567
80 2.49 0.000960033 0.210417
80 2.491 0.000960645 0.203296
80 2.492 0.000827893 0.223451
80 2.493 0.00102709 0.19798
80 2.494 0.000887255 0.217272
80 2.495 0.00129823 0.213177
80 2.496 0.00149173 0.310837
80 2.497 0.000852544 0.217943
80 2.498 0.000792171 0.183153
80 2.499 0.000957601 0.194748
