size nn J0 J1 J2 J3 
20 1 12.80476429 1.110125051 0 0 
20 1 11.85328061 1.108575569 0 0 
20 1 11.96269819 1.108703895 0 0 
20 1 
20 1 
20 2 47.22018016 1.267657849 -0.1105896607 0 
20 2 47.50190975 1.267658401 -0.1101783324 0 
20 2 
20 2 
20 2 
20 3 52.21637786 1.277921629 -0.0789454382 -0.03521800223 
20 3 51.57621406 1.273421766 -0.07716084487 -0.03332339305 
20 3 51.97431321 1.275353714 -0.07831096445 -0.03360481643 
20 3 51.65452441 1.27483343 -0.07727602353 -0.03454522888 
20 3 51.94155359 1.278537023 -0.08013136329 -0.03507025257 
