size temperature err_m err_ms
48 2.15 0.00129229 0.111097
48 2.15 0.00150277 0.0916724
48 2.15 0.00122271 0.135388
48 2.15 0.00117288 0.074658
48 2.15 0.00134908 0.0661524
48 2.151 0.00123446 0.159445
48 2.151 0.00119204 0.0782167
48 2.151 0.00142858 0.122566
48 2.151 0.00118665 0.10212
48 2.151 0.00143537 0.0947426
48 2.152 0.00141385 0.10588
48 2.152 0.00107857 0.0711846
48 2.152 0.00133639 0.0666609
48 2.152 0.00144883 0.0995197
48 2.152 0.00135972 0.10949
48 2.153 0.00134817 0.0645938
48 2.153 0.0013042 0.107061
48 2.153 0.00125571 0.102328
48 2.153 0.00105955 0.112581
48 2.153 0.00138111 0.0861556
48 2.154 0.00142448 0.0906529
48 2.154 0.00135289 0.0902833
48 2.154 0.00142751 0.0794228
48 2.154 0.00113666 0.0647567
48 2.154 0.00121356 0.0649326
48 2.155 0.00108712 0.0664807
48 2.155 0.0013828 0.0684244
48 2.155 0.00134192 0.0872978
48 2.155 0.00133947 0.0856594
48 2.155 0.00142576 0.0639889
48 2.156 0.00159463 0.227162
48 2.156 0.00114347 0.107691
48 2.156 0.00141783 0.116139
48 2.156 0.0013228 0.070481
48 2.156 0.00117713 0.0918403
48 2.157 0.00114056 0.0945883
48 2.157 0.0013907 0.062636
48 2.157 0.00130476 0.0911948
48 2.157 0.00151125 0.0740558
48 2.157 0.0011993 0.121767
48 2.158 0.00144967 0.0980531
48 2.158 0.00133277 0.176277
48 2.158 0.0012943 0.0906173
48 2.158 0.00119314 0.0899712
48 2.158 0.00122189 0.126985
48 2.159 0.00137023 0.0646378
48 2.159 0.0011574 0.128423
48 2.159 0.00139634 0.156965
48 2.159 0.00149502 0.0932743
48 2.159 0.00127627 0.0686561
48 2.16 0.00139652 0.087787
48 2.16 0.00144091 0.10605
48 2.16 0.00153514 0.0797451
48 2.16 0.00142681 0.102225
48 2.16 0.00153339 0.0717062
48 2.161 0.00103202 0.113972
48 2.161 0.00147328 0.166001
48 2.161 0.00106538 0.156786
48 2.161 0.0011739 0.101761
48 2.161 0.00132054 0.128006
48 2.162 0.00146681 0.106935
48 2.162 0.00134464 0.0882321
48 2.162 0.00114853 0.103646
48 2.162 0.00137916 0.0853565
48 2.162 0.00140532 0.0924959
48 2.163 0.00124145 0.138228
48 2.163 0.00136907 0.118518
48 2.163 0.00147152 0.110709
48 2.163 0.00153603 0.113759
48 2.163 0.0014596 0.100494
48 2.164 0.00146701 0.147522
48 2.164 0.00116017 0.115437
48 2.164 0.00131593 0.182246
48 2.164 0.00143927 0.146586
48 2.164 0.00128905 0.123226
48 2.165 0.00141564 0.140556
48 2.165 0.00142462 0.166699
48 2.165 0.00119515 0.0925421
48 2.165 0.00134895 0.0745377
48 2.165 0.00131519 0.142542
48 2.166 0.00124959 0.20806
48 2.166 0.00122653 0.214622
48 2.166 0.00142149 0.102795
48 2.166 0.0012272 0.128888
48 2.166 0.00128041 0.113468
48 2.167 0.000891983 0.18134
48 2.167 0.0012427 0.157588
48 2.167 0.00147342 0.231622
48 2.167 0.00138878 0.145907
48 2.167 0.00150481 0.16709
48 2.168 0.00136265 0.0911035
48 2.168 0.00144096 0.138192
48 2.168 0.00116972 0.0949182
48 2.168 0.00076509 0.128854
48 2.168 0.00131675 0.125777
48 2.169 0.00137396 0.12713
48 2.169 0.00107535 0.127247
48 2.169 0.00128767 0.139196
48 2.169 0.00100227 0.20085
48 2.169 0.0013436 0.146906
48 2.17 0.00154042 0.121837
48 2.17 0.00155481 0.151182
48 2.17 0.00122238 0.0973169
48 2.17 0.00149064 0.167394
48 2.17 0.00136567 0.171181
48 2.171 0.00153778 0.152672
48 2.171 0.00150432 0.101873
48 2.171 0.00162384 0.164915
48 2.171 0.000945367 0.152984
48 2.171 0.00116569 0.094654
48 2.172 0.00146144 0.115845
48 2.172 0.00128011 0.112767
48 2.172 0.00143796 0.151749
48 2.172 0.00136895 0.0940058
48 2.172 0.00153326 0.157706
48 2.173 0.00146134 0.111786
48 2.173 0.00143783 0.133685
48 2.173 0.00136357 0.131952
48 2.173 0.00134201 0.207582
48 2.173 0.00153118 0.15804
48 2.174 0.0014593 0.121742
48 2.174 0.00141065 0.112073
48 2.174 0.00142107 0.148225
48 2.174 0.00159598 0.154024
48 2.174 0.00135434 0.249328
48 2.175 0.00151259 0.162421
48 2.175 0.00154071 0.141968
48 2.175 0.00156089 0.640132
48 2.175 0.00128345 0.120802
48 2.175 0.00147713 0.202725
48 2.176 0.00114522 0.0961358
48 2.176 0.00163615 0.187913
48 2.176 0.00123806 0.147995
48 2.176 0.00136998 0.11086
48 2.176 0.00140042 0.142185
48 2.177 0.00143742 0.182689
48 2.177 0.00162546 0.228398
48 2.177 0.00110197 0.211422
48 2.177 0.00110214 0.126682
48 2.177 0.00110348 0.166715
48 2.178 0.00134785 0.183826
48 2.178 0.00154842 0.236032
48 2.178 0.00137174 0.218926
48 2.178 0.00133713 0.129293
48 2.178 0.00135377 0.12436
48 2.179 0.00163518 0.144715
48 2.179 0.00145777 0.119197
48 2.179 0.00121769 0.158858
48 2.179 0.00134019 0.143858
48 2.179 0.00138984 0.167002
48 2.18 0.00152709 0.179046
48 2.18 0.00149145 0.200962
48 2.18 0.0014518 0.149691
48 2.18 0.00125618 0.157417
48 2.18 0.00146566 0.179117
48 2.181 0.00142637 0.176591
48 2.181 0.00151617 0.12576
48 2.181 0.00165973 0.266308
48 2.181 0.00159765 0.179438
48 2.181 0.00101972 0.146459
48 2.182 0.00132158 0.24447
48 2.182 0.00130801 0.144227
48 2.182 0.00158502 0.167156
48 2.182 0.00149435 0.325059
48 2.182 0.00158024 0.121659
48 2.183 0.000958802 0.191471
48 2.183 0.00149527 0.286078
48 2.183 0.00143461 0.21842
48 2.183 0.00160913 0.384008
48 2.183 0.00131709 0.176711
48 2.184 0.00162374 0.239274
48 2.184 0.00132318 0.173571
48 2.184 0.00158127 0.140939
48 2.184 0.00131508 0.206285
48 2.184 0.00151459 0.225787
48 2.185 0.001232 0.153261
48 2.185 0.00151519 0.208454
48 2.185 0.00143249 0.196725
48 2.185 0.00135697 0.1381
48 2.185 0.00159771 0.207355
48 2.186 0.0016285 0.165242
48 2.186 0.00146832 0.219078
48 2.186 0.00148723 0.195857
48 2.186 0.00126972 0.177308
48 2.186 0.00161621 0.194951
48 2.187 0.0014096 0.270693
48 2.187 0.00151349 0.264409
48 2.187 0.00160044 0.186006
48 2.187 0.00169298 0.173059
48 2.187 0.00142253 0.126455
48 2.188 0.00158249 0.269281
48 2.188 0.00174693 0.312733
48 2.188 0.00107284 0.349052
48 2.188 0.00156046 0.262512
48 2.188 0.00160018 0.230914
48 2.189 0.00191848 0.427949
48 2.189 0.00126887 0.258234
48 2.189 0.00120379 0.385606
48 2.189 0.00163303 0.262086
48 2.189 0.00171416 0.30791
48 2.19 0.00151535 0.248914
48 2.19 0.00136576 0.225621
48 2.19 0.00159547 0.208016
48 2.19 0.00181881 0.252766
48 2.19 0.00193307 0.231317
48 2.191 0.00123447 0.148934
48 2.191 0.0016367 0.186275
48 2.191 0.00158576 0.28731
48 2.191 0.00114107 0.177452
48 2.191 0.001582 0.315587
48 2.192 0.00159753 0.284307
48 2.192 0.00181285 0.208343
48 2.192 0.0018398 0.273456
48 2.192 0.00162658 0.326847
48 2.192 0.00155311 0.227818
48 2.193 0.00160638 0.255613
48 2.193 0.00162151 0.268816
48 2.193 0.00131562 0.260414
48 2.193 0.00172851 0.241088
48 2.193 0.00146867 0.308198
48 2.194 0.00176755 0.230583
48 2.194 0.00122964 0.216555
48 2.194 0.0017961 0.28926
48 2.194 0.0015332 0.373644
48 2.194 0.001723 0.22288
48 2.195 0.00170725 0.31734
48 2.195 0.00148163 0.235039
48 2.195 0.00118694 0.27775
48 2.195 0.00134954 0.267444
48 2.195 0.00167203 0.248757
48 2.196 0.00129106 0.298637
48 2.196 0.00135493 0.284471
48 2.196 0.00143263 0.336681
48 2.196 0.00197907 0.233717
48 2.196 0.00130564 0.29977
48 2.197 0.00173624 0.307309
48 2.197 0.00164703 0.230094
48 2.197 0.00161175 0.293736
48 2.197 0.00163309 0.27775
48 2.197 0.00166451 0.215642
48 2.198 0.00158953 0.237078
48 2.198 0.00145983 0.290706
48 2.198 0.00159468 0.454118
48 2.198 0.00165613 0.26505
48 2.198 0.00155688 0.23278
48 2.199 0.00174584 0.245899
48 2.199 0.00163914 0.303205
48 2.199 0.00182427 0.306158
48 2.199 0.00177772 0.29892
48 2.199 0.00130797 0.272173
48 2.2 0.00162691 0.283439
48 2.2 0.00162664 0.343243
48 2.2 0.00159423 0.259814
48 2.2 0.00178992 0.262153
48 2.2 0.00162558 0.317805
48 2.201 0.00171144 0.342606
48 2.201 0.00151754 0.292259
48 2.201 0.00138082 0.292753
48 2.201 0.00172416 0.31901
48 2.201 0.00182795 0.462771
48 2.202 0.00179965 0.418001
48 2.202 0.00152005 0.2453
48 2.202 0.00166807 0.247837
48 2.202 0.00174398 0.397551
48 2.202 0.00160468 0.335562
48 2.203 0.00159629 0.395699
48 2.203 0.00152924 0.259374
48 2.203 0.00152408 0.259307
48 2.203 0.00168462 0.36373
48 2.203 0.00177384 0.367973
48 2.204 0.00203919 0.440021
48 2.204 0.00204768 0.428344
48 2.204 0.00192898 0.333787
48 2.204 0.00183537 0.300024
48 2.204 0.00145812 0.302724
48 2.205 0.00170517 0.267733
48 2.205 0.0019814 0.31902
48 2.205 0.0017994 0.366116
48 2.205 0.00205112 0.447769
48 2.205 0.0015918 0.327229
48 2.206 0.001872 0.347013
48 2.206 0.0018253 0.46596
48 2.206 0.00181548 0.288282
48 2.206 0.00156029 0.407611
48 2.206 0.00153355 0.517828
48 2.207 0.00174094 0.388965
48 2.207 0.0016978 0.333805
48 2.207 0.0016413 0.320484
48 2.207 0.00163799 0.423789
48 2.207 0.00179258 0.307397
48 2.208 0.00153091 0.329265
48 2.208 0.00190191 0.442832
48 2.208 0.00193936 0.331363
48 2.208 0.00183918 0.367244
48 2.208 0.0021408 0.660106
48 2.209 0.00142289 0.399765
48 2.209 0.00171781 0.344649
48 2.209 0.00191744 0.358404
48 2.209 0.00194579 0.490664
48 2.209 0.00210119 0.38202
48 2.21 0.00180983 0.334617
48 2.21 0.00164909 0.404886
48 2.21 0.00154266 0.335348
48 2.21 0.00195814 0.445667
48 2.21 0.00168545 0.462237
48 2.211 0.00200854 0.440585
48 2.211 0.00202427 0.437195
48 2.211 0.00201978 0.343838
48 2.211 0.00184191 0.411429
48 2.211 0.00150875 0.344927
48 2.212 0.00166774 0.386585
48 2.212 0.00189324 0.368035
48 2.212 0.00173667 0.481291
48 2.212 0.00182657 0.445364
48 2.212 0.00207232 0.479793
48 2.213 0.00215782 0.464435
48 2.213 0.00200163 0.44881
48 2.213 0.00177958 0.392413
48 2.213 0.00209756 0.429825
48 2.213 0.0020098 0.458643
48 2.214 0.00222218 0.537119
48 2.214 0.00192341 0.403044
48 2.214 0.00241057 0.686047
48 2.214 0.0021345 0.589913
48 2.214 0.00227925 0.692349
48 2.215 0.00188112 0.392468
48 2.215 0.00201551 0.399664
48 2.215 0.00201158 0.407346
48 2.215 0.00202668 0.621896
48 2.215 0.0021365 0.476317
48 2.216 0.00185049 0.479537
48 2.216 0.00230624 0.427287
48 2.216 0.00179241 0.758408
48 2.216 0.00215245 0.521108
48 2.216 0.00213241 0.422111
48 2.217 0.00216211 0.56367
48 2.217 0.0021292 0.467275
48 2.217 0.00202074 0.516916
48 2.217 0.00235803 0.695317
48 2.217 0.00208794 0.557516
48 2.218 0.00207824 0.58267
48 2.218 0.00203745 0.505551
48 2.218 0.00200458 0.626988
48 2.218 0.00175375 0.404073
48 2.218 0.00192009 0.360287
48 2.219 0.00237284 0.662338
48 2.219 0.00224796 0.556295
48 2.219 0.00194148 0.392229
48 2.219 0.00194441 0.455011
48 2.219 0.00220895 0.531364
48 2.22 0.00205624 0.441305
48 2.22 0.00240059 0.487679
48 2.22 0.00236312 0.593905
48 2.22 0.00269236 0.681711
48 2.22 0.00201988 0.460122
48 2.221 0.00230245 0.604929
48 2.221 0.00206784 0.442469
48 2.221 0.00222992 0.646191
48 2.221 0.00244514 0.741124
48 2.221 0.00244063 0.575499
48 2.222 0.002324 0.583774
48 2.222 0.00208829 0.444992
48 2.222 0.00239408 0.469609
48 2.222 0.00217987 0.536068
48 2.222 0.00227167 0.67558
48 2.223 0.00236396 0.584907
48 2.223 0.00246817 0.578184
48 2.223 0.00244392 0.511754
48 2.223 0.00251467 0.513561
48 2.223 0.00241499 0.563407
48 2.224 0.001945 0.496902
48 2.224 0.00245611 0.569358
48 2.224 0.00231872 0.480164
48 2.224 0.00265195 0.809954
48 2.224 0.00216144 0.504187
48 2.225 0.00246903 0.567241
48 2.225 0.00265419 0.66442
48 2.225 0.00222962 0.607941
48 2.225 0.00260702 0.695026
48 2.225 0.00262054 0.555245
48 2.226 0.00253796 0.728805
48 2.226 0.00251263 0.575329
48 2.226 0.00228507 0.591007
48 2.226 0.00217797 0.534643
48 2.226 0.00211812 0.497727
48 2.227 0.00251857 0.467195
48 2.227 0.00176965 0.495871
48 2.227 0.00259847 0.743193
48 2.227 0.00243907 0.65965
48 2.227 0.00232943 0.512389
48 2.228 0.00251959 0.727724
48 2.228 0.00246785 0.564106
48 2.228 0.00251315 0.802364
48 2.228 0.00225244 0.55855
48 2.228 0.00272471 0.786145
48 2.229 0.00271266 0.661109
48 2.229 0.00227808 0.632321
48 2.229 0.00231354 0.588538
48 2.229 0.00240496 0.723858
48 2.229 0.0021697 0.703044
48 2.23 0.0022229 0.656106
48 2.23 0.00206024 0.639214
48 2.23 0.00235115 0.832001
48 2.23 0.00233169 0.608403
48 2.23 0.0028923 0.838712
48 2.231 0.00225807 0.717381
48 2.231 0.00266382 0.666107
48 2.231 0.00237722 0.726625
48 2.231 0.00214607 0.687953
48 2.231 0.00246317 0.5784
48 2.232 0.00260472 0.757105
48 2.232 0.00276006 0.699955
48 2.232 0.00261733 0.801086
48 2.232 0.00284226 0.75685
48 2.232 0.00226912 0.548722
48 2.233 0.00279087 0.703881
48 2.233 0.00308138 0.849328
48 2.233 0.00276994 0.647689
48 2.233 0.00243456 0.642107
48 2.233 0.00243692 0.810387
48 2.234 0.00287577 0.704473
48 2.234 0.0026588 0.671828
48 2.234 0.00238856 0.628713
48 2.234 0.00270657 0.71339
48 2.234 0.00289656 0.988268
48 2.235 0.0026353 0.762041
48 2.235 0.00282227 0.771723
48 2.235 0.00292201 0.909667
48 2.235 0.0023561 0.75925
48 2.235 0.00401092 2.93509
48 2.236 0.00322121 0.970399
48 2.236 0.00244837 0.66248
48 2.236 0.00265756 0.767559
48 2.236 0.00285061 0.861345
48 2.236 0.00299579 0.954093
48 2.237 0.00275304 0.861366
48 2.237 0.00302546 0.887362
48 2.237 0.00278526 0.944414
48 2.237 0.00329141 0.986605
48 2.237 0.00282302 0.987852
48 2.238 0.00319581 0.908374
48 2.238 0.00314814 0.933263
48 2.238 0.00242566 0.726478
48 2.238 0.00275827 0.730815
48 2.238 0.00260408 0.709583
48 2.239 0.00279042 0.809119
48 2.239 0.00250225 0.767494
48 2.239 0.00262716 0.660218
48 2.239 0.00283535 0.731922
48 2.239 0.00260257 0.798494
48 2.24 0.0029893 0.83745
48 2.24 0.00284207 0.658488
48 2.24 0.00302842 0.916015
48 2.24 0.00283466 0.806937
48 2.24 0.00294602 0.971226
48 2.241 0.0031991 1.03628
48 2.241 0.00289594 0.822136
48 2.241 0.00297248 0.859999
48 2.241 0.00345768 1.03631
48 2.241 0.00274972 0.774377
48 2.242 0.00297683 0.875404
48 2.242 0.00298029 0.952306
48 2.242 0.00288783 0.776633
48 2.242 0.00291375 0.834101
48 2.242 0.00330004 0.889181
48 2.243 0.00314205 0.888979
48 2.243 0.0027748 0.91202
48 2.243 0.00331648 0.905926
48 2.243 0.00329723 1.05512
48 2.243 0.00306998 0.841899
48 2.244 0.00319553 0.937948
48 2.244 0.00301639 0.8962
48 2.244 0.00341301 0.985598
48 2.244 0.00287591 0.806876
48 2.244 0.00273699 0.746576
48 2.245 0.00293711 0.765811
48 2.245 0.00325716 0.918511
48 2.245 0.00334066 1.09834
48 2.245 0.00302826 0.978568
48 2.245 0.00306045 1.00676
48 2.246 0.00336538 1.06867
48 2.246 0.00352997 0.996118
48 2.246 0.00329365 0.940972
48 2.246 0.00310104 0.883232
48 2.246 0.00319528 1.04084
48 2.247 0.00331585 1.09485
48 2.247 0.00304897 0.940878
48 2.247 0.00329306 1.00718
48 2.247 0.00372965 1.2504
48 2.247 0.00282965 0.846852
48 2.248 0.00324549 0.977549
48 2.248 0.0036766 0.950016
48 2.248 0.00338629 0.98356
48 2.248 0.00297444 0.935339
48 2.248 0.00308383 0.878755
48 2.249 0.00321972 0.946192
48 2.249 0.00338797 0.931549
48 2.249 0.00287328 0.850889
48 2.249 0.00329827 0.919659
48 2.249 0.00335948 0.868656
48 2.25 0.00321068 0.910623
48 2.25 0.00328691 1.04555
48 2.25 0.00312668 0.968876
48 2.25 0.00372931 0.970014
48 2.25 0.00333989 0.961275
48 2.251 0.00343896 1.04714
48 2.251 0.00377504 1.14702
48 2.251 0.00326773 1.01164
48 2.251 0.00329989 1.14699
48 2.251 0.00355522 0.983058
48 2.252 0.00325166 0.936898
48 2.252 0.00349265 1.10191
48 2.252 0.0031914 0.827186
48 2.252 0.00382737 1.1327
48 2.252 0.00350605 0.989812
48 2.253 0.00349458 0.997957
48 2.253 0.0035582 0.999699
48 2.253 0.00361534 1.15428
48 2.253 0.00381807 1.13632
48 2.253 0.00317895 0.979645
48 2.254 0.00335282 1.01111
48 2.254 0.00367398 0.993661
48 2.254 0.00323698 0.951895
48 2.254 0.00341363 0.926067
48 2.254 0.00346139 0.963415
48 2.255 0.00355016 0.923085
48 2.255 0.00368561 1.15218
48 2.255 0.00349445 0.996204
48 2.255 0.0033311 0.989198
48 2.255 0.0033093 0.94381
48 2.256 0.00349249 1.08351
48 2.256 0.00344578 0.931823
48 2.256 0.00359215 0.966663
48 2.256 0.00386551 1.1172
48 2.256 0.00342902 0.974761
48 2.257 0.00375013 1.18946
48 2.257 0.0041239 1.1271
48 2.257 0.00405413 1.01127
48 2.257 0.00346072 0.956519
48 2.257 0.0037996 1.15203
48 2.258 0.00386854 1.08437
48 2.258 0.00411617 1.09749
48 2.258 0.00351942 0.998441
48 2.258 0.00376386 1.07509
48 2.258 0.0039874 1.12834
48 2.259 0.00432492 1.20516
48 2.259 0.00451221 2.13734
48 2.259 0.00363198 0.989355
48 2.259 0.00387665 1.14551
48 2.259 0.00386872 1.03988
48 2.26 0.00379998 1.14051
48 2.26 0.004277 1.13029
48 2.26 0.0042704 1.20234
48 2.26 0.00379225 1.04641
48 2.26 0.0039816 1.03434
48 2.261 0.0044971 1.38407
48 2.261 0.00388198 1.1454
48 2.261 0.00361884 1.1061
48 2.261 0.00394056 1.06894
48 2.261 0.00427262 1.37629
48 2.262 0.00392156 1.00115
48 2.262 0.00411279 1.22483
48 2.262 0.00449317 1.86565
48 2.262 0.00405404 1.17493
48 2.262 0.00403748 1.1008
48 2.263 0.00385911 1.06068
48 2.263 0.00389614 1.05157
48 2.263 0.00372975 0.954293
48 2.263 0.00406567 1.17648
48 2.263 0.00404081 1.09941
48 2.264 0.00446799 1.18685
48 2.264 0.00386814 1.05168
48 2.264 0.00401545 1.2564
48 2.264 0.00385509 1.13813
48 2.264 0.00447548 1.16899
48 2.265 0.0040273 1.11675
48 2.265 0.00418738 1.05772
48 2.265 0.00396861 0.95761
48 2.265 0.00411983 1.10068
48 2.265 0.00455095 1.18666
48 2.266 0.00408795 1.2193
48 2.266 0.00412803 1.08262
48 2.266 0.00456071 1.19272
48 2.266 0.00401733 1.11252
48 2.266 0.00477659 1.33948
48 2.267 0.00417847 1.26657
48 2.267 0.00425337 1.1899
48 2.267 0.00443522 1.30302
48 2.267 0.00440879 1.23731
48 2.267 0.00460895 1.14433
48 2.268 0.00434148 1.24
48 2.268 0.00420751 1.27918
48 2.268 0.00410595 1.16611
48 2.268 0.00482543 1.36424
48 2.268 0.00452589 1.237
48 2.269 0.00434492 1.1158
48 2.269 0.00431597 1.16649
48 2.269 0.00481808 1.21283
48 2.269 0.00390736 1.05566
48 2.269 0.00372872 0.998141
48 2.27 0.00476418 1.26317
48 2.27 0.00446665 1.1447
48 2.27 0.00456479 1.33259
48 2.27 0.00406066 1.11096
48 2.27 0.00443023 1.13172
48 2.271 0.00412611 1.16575
48 2.271 0.0040857 1.09643
48 2.271 0.00468134 1.2406
48 2.271 0.00437139 1.19144
48 2.271 0.00456268 1.23759
48 2.272 0.00394025 1.17794
48 2.272 0.00503118 1.3125
48 2.272 0.00479043 1.12677
48 2.272 0.00460277 1.16263
48 2.272 0.00451538 1.08908
48 2.273 0.00434822 1.21138
48 2.273 0.00428379 1.17686
48 2.273 0.00415538 1.45973
48 2.273 0.00438762 1.15676
48 2.273 0.00494117 1.22187
48 2.274 0.00456341 1.26813
48 2.274 0.00447522 1.20115
48 2.274 0.00523091 1.3845
48 2.274 0.00493578 1.16589
48 2.274 0.00473288 1.23285
48 2.275 0.00510086 1.15122
48 2.275 0.00508649 1.20385
48 2.275 0.0045924 1.19846
48 2.275 0.00497217 1.27348
48 2.275 0.00467999 1.21615
48 2.276 0.00491135 1.15345
48 2.276 0.00439643 1.25567
48 2.276 0.00454486 1.10805
48 2.276 0.00482475 1.21136
48 2.276 0.00476694 1.20054
48 2.277 0.00504494 1.21579
48 2.277 0.00501133 1.33919
48 2.277 0.00483345 1.32917
48 2.277 0.00507477 1.17933
48 2.277 0.00427554 1.15382
48 2.278 0.004671 1.08459
48 2.278 0.00479888 1.15062
48 2.278 0.00422792 1.0379
48 2.278 0.00461306 1.14308
48 2.278 0.00464192 1.49393
48 2.279 0.00520416 1.58358
48 2.279 0.00461141 1.12956
48 2.279 0.00437921 1.01071
48 2.279 0.00494185 1.10436
48 2.279 0.00490667 1.16579
48 2.28 0.00512122 1.17153
48 2.28 0.00519146 1.23871
48 2.28 0.0046726 1.4105
48 2.28 0.0050929 1.25625
48 2.28 0.00477996 1.0918
48 2.281 0.00465982 1.15317
48 2.281 0.00530933 1.29175
48 2.281 0.00472834 1.21074
48 2.281 0.00443512 1.05575
48 2.281 0.00500198 1.13368
48 2.282 0.00458134 0.952954
48 2.282 0.00498997 1.25541
48 2.282 0.00484237 1.09646
48 2.282 0.00544218 1.19136
48 2.282 0.00495248 1.231
48 2.283 0.00546443 1.29008
48 2.283 0.00503723 1.18957
48 2.283 0.00487652 1.22095
48 2.283 0.00515839 1.18706
48 2.283 0.004857 1.15567
48 2.284 0.00506208 1.12263
48 2.284 0.00536194 1.19864
48 2.284 0.00495769 1.34889
48 2.284 0.00512499 1.01433
48 2.284 0.00555011 1.23722
48 2.285 0.00451274 1.11676
48 2.285 0.00560976 1.85856
48 2.285 0.00550206 1.0991
48 2.285 0.00491277 1.23896
48 2.285 0.00503404 1.08408
48 2.286 0.00567878 1.08592
48 2.286 0.00527034 1.2313
48 2.286 0.00519134 1.15005
48 2.286 0.0046591 1.04091
48 2.286 0.00497388 1.1476
48 2.287 0.00532011 1.13468
48 2.287 0.00532073 1.06101
48 2.287 0.00493741 1.06408
48 2.287 0.00529319 1.52651
48 2.287 0.00493287 1.08492
48 2.288 0.0052178 1.26933
48 2.288 0.0048425 0.969967
48 2.288 0.00509076 1.14904
48 2.288 0.00514323 1.13837
48 2.288 0.00525304 1.19278
48 2.289 0.00508391 1.00066
48 2.289 0.00535154 1.11089
48 2.289 0.00514541 1.16262
48 2.289 0.00589474 1.16774
48 2.289 0.00512935 1.08328
48 2.29 0.00529359 1.07119
48 2.29 0.00527555 1.0223
48 2.29 0.00491598 1.13077
48 2.29 0.00521582 0.991546
48 2.29 0.00507969 1.08551
48 2.291 0.00541001 1.13064
48 2.291 0.00561825 1.03342
48 2.291 0.00568908 1.02541
48 2.291 0.0052754 1.13171
48 2.291 0.00532868 1.08744
48 2.292 0.0048312 1.10491
48 2.292 0.00516544 1.06772
48 2.292 0.00490161 1.01841
48 2.292 0.0059511 1.17546
48 2.292 0.00535289 1.01997
48 2.293 0.00500819 1.04886
48 2.293 0.00578828 1.13684
48 2.293 0.00512138 0.959067
48 2.293 0.00507032 1.04842
48 2.293 0.00511987 0.971953
48 2.294 0.00558249 1.01581
48 2.294 0.00534412 1.0637
48 2.294 0.00528979 1.00228
48 2.294 0.00566925 1.07358
48 2.294 0.00537005 1.01957
48 2.295 0.00569206 1.01031
48 2.295 0.00493802 0.91624
48 2.295 0.00581376 1.10156
48 2.295 0.0057552 0.994529
48 2.295 0.0056237 0.910829
48 2.296 0.00523932 0.973368
48 2.296 0.00493435 1.01461
48 2.296 0.0056529 0.980747
48 2.296 0.00516335 0.947115
48 2.296 0.004989 0.999816
48 2.297 0.00518219 1.00107
48 2.297 0.00546963 1.05016
48 2.297 0.00571371 1.00902
48 2.297 0.00538369 1.1109
48 2.297 0.00535218 0.965813
48 2.298 0.00528401 1.08471
48 2.298 0.00547107 0.92951
48 2.298 0.00502675 1.01924
48 2.298 0.00537283 1.01529
48 2.298 0.00583955 0.927171
48 2.299 0.00555881 0.943574
48 2.299 0.00550364 1.05673
48 2.299 0.00550268 1.04087
48 2.299 0.00560948 0.912209
48 2.299 0.00546466 1.02894
48 2.3 0.00553541 0.91033
48 2.3 0.0056044 1.02264
48 2.3 0.00563998 1.01446
48 2.3 0.00559237 1.06916
48 2.3 0.00510366 0.843417
48 2.301 0.00615931 1.04423
48 2.301 0.00598595 0.93977
48 2.301 0.00534981 0.921975
48 2.301 0.0058921 1.20199
48 2.301 0.00561349 0.91026
48 2.302 0.00558209 0.957081
48 2.302 0.00553824 0.907462
48 2.302 0.00581456 0.981738
48 2.302 0.00598421 1.01349
48 2.302 0.00525456 0.936796
48 2.303 0.0057862 0.884623
48 2.303 0.00505809 0.90257
48 2.303 0.00543573 0.900029
48 2.303 0.00509218 0.956958
48 2.303 0.00584232 0.90154
48 2.304 0.0060001 0.897773
48 2.304 0.00556743 0.953942
48 2.304 0.00519802 1.02659
48 2.304 0.00559253 0.964176
48 2.304 0.00537276 0.889742
48 2.305 0.00509775 0.866066
48 2.305 0.0053071 0.930588
48 2.305 0.00559142 0.879161
48 2.305 0.00571117 0.965448
48 2.305 0.00578967 0.914141
48 2.306 0.00542569 0.868937
48 2.306 0.00521104 0.915494
48 2.306 0.00536178 1.0069
48 2.306 0.00530298 0.85148
48 2.306 0.00538106 0.79081
48 2.307 0.00555327 0.852233
48 2.307 0.00597613 0.871152
48 2.307 0.00541202 0.901725
48 2.307 0.00527273 0.824723
48 2.307 0.0055508 0.885642
48 2.308 0.00538635 0.923301
48 2.308 0.00516265 0.790638
48 2.308 0.00529428 0.82916
48 2.308 0.00617178 0.90861
48 2.308 0.00567716 0.818555
48 2.309 0.00550537 0.860966
48 2.309 0.00555002 0.829707
48 2.309 0.00560031 0.830928
48 2.309 0.00546546 0.826633
48 2.309 0.00519687 0.911883
48 2.31 0.00552305 0.835011
48 2.31 0.00551516 0.821296
48 2.31 0.00577512 0.852932
48 2.31 0.00618939 0.839007
48 2.31 0.0054241 0.918701
48 2.311 0.00528615 0.799173
48 2.311 0.00541472 0.759234
48 2.311 0.00522805 0.859638
48 2.311 0.00560997 0.782199
48 2.311 0.00585176 0.824327
48 2.312 0.00541721 0.822816
48 2.312 0.00600056 0.805655
48 2.312 0.00565914 0.827256
48 2.312 0.0053908 0.842062
48 2.312 0.00606639 0.807063
48 2.313 0.00532904 0.783276
48 2.313 0.00540562 0.790516
48 2.313 0.00532504 0.841571
48 2.313 0.00564802 0.812145
48 2.313 0.00575174 0.791564
48 2.314 0.00565877 0.813338
48 2.314 0.00567078 0.790682
48 2.314 0.00526056 0.789452
48 2.314 0.00610644 0.83182
48 2.314 0.00515431 0.796681
48 2.315 0.00608792 0.75657
48 2.315 0.00598106 0.806962
48 2.315 0.00530712 0.813968
48 2.315 0.00555577 0.823209
48 2.315 0.00548774 0.719876
48 2.316 0.00604898 0.880431
48 2.316 0.00567112 0.819333
48 2.316 0.00535846 0.735146
48 2.316 0.00574934 0.790819
48 2.316 0.00589361 0.777665
48 2.317 0.00528092 0.712255
48 2.317 0.00604198 0.685705
48 2.317 0.00555187 0.798791
48 2.317 0.0056594 0.801192
48 2.317 0.00550173 0.770422
48 2.318 0.00536632 0.729046
48 2.318 0.00482506 0.745528
48 2.318 0.00589991 0.777011
48 2.318 0.00616656 0.812986
48 2.318 0.00542924 0.734016
48 2.319 0.00528903 0.770527
48 2.319 0.00535518 0.79998
48 2.319 0.00524552 0.714468
48 2.319 0.00582505 0.797551
48 2.319 0.00509898 0.726509
48 2.32 0.0052661 0.768675
48 2.32 0.00543341 0.793426
48 2.32 0.00564844 0.7201
48 2.32 0.00558302 0.690396
48 2.32 0.00578816 0.783878
48 2.321 0.00529921 0.751215
48 2.321 0.00597714 0.814604
48 2.321 0.00548608 0.748076
48 2.321 0.00511412 0.70333
48 2.321 0.00620603 0.794958
48 2.322 0.00575235 0.751561
48 2.322 0.00512263 0.675699
48 2.322 0.00522946 0.738746
48 2.322 0.00515536 0.736194
48 2.322 0.00573867 0.761763
48 2.323 0.00533402 0.686005
48 2.323 0.00543622 0.718549
48 2.323 0.00542628 0.701194
48 2.323 0.00529088 0.678628
48 2.323 0.00536925 0.718535
48 2.324 0.00551641 0.767024
48 2.324 0.00596878 0.849946
48 2.324 0.00530014 0.728793
48 2.324 0.00542625 0.780704
48 2.324 0.00571292 0.697179
48 2.325 0.00549288 0.718885
48 2.325 0.00526506 0.666332
48 2.325 0.00550327 0.728678
48 2.325 0.00592926 0.674459
48 2.325 0.00535006 0.783052
48 2.326 0.00536064 0.72659
48 2.326 0.00521698 0.72574
48 2.326 0.00553814 0.797662
48 2.326 0.00531836 0.754904
48 2.326 0.00519524 0.760105
48 2.327 0.00504041 0.734244
48 2.327 0.00529624 0.714224
48 2.327 0.00546222 0.66474
48 2.327 0.0055502 0.751127
48 2.327 0.00523378 0.704837
48 2.328 0.00520008 0.730658
48 2.328 0.00516395 0.660616
48 2.328 0.00498362 0.741715
48 2.328 0.00521436 0.673502
48 2.328 0.00508106 0.760584
48 2.329 0.00508138 0.667963
48 2.329 0.00574082 0.703584
48 2.329 0.00552513 0.735065
48 2.329 0.00535555 0.664559
48 2.329 0.00520694 0.783687
48 2.33 0.00497261 0.741476
48 2.33 0.00503861 0.679828
48 2.33 0.00533777 0.664933
48 2.33 0.00554076 0.765237
48 2.33 0.00571678 0.662955
48 2.331 0.00558224 0.760441
48 2.331 0.00578906 0.659527
48 2.331 0.00531143 0.666772
48 2.331 0.00533325 0.680947
48 2.331 0.00555978 0.811364
48 2.332 0.00532862 0.736171
48 2.332 0.00516754 0.734546
48 2.332 0.00543348 0.704547
48 2.332 0.00506695 0.739376
48 2.332 0.00566711 0.760791
48 2.333 0.00532255 0.760592
48 2.333 0.00498873 0.705165
48 2.333 0.00507075 0.667067
48 2.333 0.00536246 0.763243
48 2.333 0.00516441 0.697456
48 2.334 0.00513788 0.685339
48 2.334 0.00545749 0.737427
48 2.334 0.00515064 0.72491
48 2.334 0.00577591 0.7094
48 2.334 0.00508088 0.799255
48 2.335 0.00581381 0.765719
48 2.335 0.00543944 0.727141
48 2.335 0.00507732 0.665271
48 2.335 0.00496193 0.674542
48 2.335 0.00493196 0.7855
48 2.336 0.00518752 0.675751
48 2.336 0.00521301 0.691326
48 2.336 0.00533217 0.724468
48 2.336 0.00544463 0.764852
48 2.336 0.00522346 0.690258
48 2.337 0.00519087 0.707223
48 2.337 0.00484403 0.756303
48 2.337 0.00536674 0.700932
48 2.337 0.00535633 0.66286
48 2.337 0.00486139 0.69284
48 2.338 0.00508972 0.717842
48 2.338 0.00567938 0.722239
48 2.338 0.00541824 0.690515
48 2.338 0.00591917 1.04012
48 2.338 0.00521301 0.715585
48 2.339 0.00544121 0.701131
48 2.339 0.00510638 0.717148
48 2.339 0.00505722 0.777724
48 2.339 0.00520138 0.708876
48 2.339 0.00512028 0.743742
48 2.34 0.00504038 0.705157
48 2.34 0.00516031 0.721342
48 2.34 0.00481976 0.608435
48 2.34 0.00492008 0.617809
48 2.34 0.00506214 0.680314
48 2.341 0.00476451 0.748155
48 2.341 0.00583425 0.810867
48 2.341 0.00535039 0.699282
48 2.341 0.00522813 0.737507
48 2.341 0.00530961 0.693715
48 2.342 0.00520332 0.68336
48 2.342 0.00493555 0.709235
48 2.342 0.00508394 0.701627
48 2.342 0.00526739 0.695476
48 2.342 0.00502429 0.798282
48 2.343 0.00575023 0.732193
48 2.343 0.00546524 0.653247
48 2.343 0.00455966 0.635608
48 2.343 0.00500842 0.701594
48 2.343 0.00517713 0.738312
48 2.344 0.00564445 0.762868
48 2.344 0.00530024 0.728582
48 2.344 0.00491134 0.701259
48 2.344 0.00474882 0.675365
48 2.344 0.00515463 0.705587
48 2.345 0.00519448 0.662868
48 2.345 0.00500286 0.647637
48 2.345 0.00496542 0.669
48 2.345 0.00513704 0.712649
48 2.345 0.00450378 0.699331
48 2.346 0.00561831 0.781976
48 2.346 0.00533108 0.901421
48 2.346 0.00508926 0.657418
48 2.346 0.00475042 0.675278
48 2.346 0.00478682 0.681103
48 2.347 0.00533187 0.7028
48 2.347 0.00495946 0.694216
48 2.347 0.00488048 0.746189
48 2.347 0.00535749 0.748509
48 2.347 0.00491944 0.641345
48 2.348 0.0050216 0.694545
48 2.348 0.00486356 0.734713
48 2.348 0.00529745 0.687229
48 2.348 0.00562186 0.833378
48 2.348 0.00484608 0.653394
48 2.349 0.00509064 0.659037
48 2.349 0.00511996 0.667018
48 2.349 0.0047309 0.68557
48 2.349 0.00527631 0.689128
48 2.349 0.00492984 0.701018
64 2.15 0.00108495 0.0456886
64 2.15 0.00109201 0.0501542
64 2.15 0.00108662 0.0698546
64 2.15 0.00108532 0.0505356
64 2.15 0.00108717 0.0545265
64 2.151 0.00108085 0.0663756
64 2.151 0.00108667 0.0538571
64 2.151 0.00109555 0.0619739
64 2.151 0.00109899 0.0736128
64 2.151 0.00107738 0.0599767
64 2.152 0.00111427 0.0667744
64 2.152 0.00108642 0.0485841
64 2.152 0.00108536 0.0583814
64 2.152 0.0010917 0.0487611
64 2.152 0.00106946 0.0834808
64 2.153 0.00110338 0.104185
64 2.153 0.00108999 0.0613158
64 2.153 0.00108077 0.0449616
64 2.153 0.00111069 0.0984793
64 2.153 0.00111053 0.0722744
64 2.154 0.0011182 0.0618583
64 2.154 0.00106748 0.0615041
64 2.154 0.00109893 0.0665887
64 2.154 0.00108637 0.0738035
64 2.154 0.00108475 0.0519032
64 2.155 0.00106818 0.0596297
64 2.155 0.00111051 0.0662389
64 2.155 0.00111005 0.0499482
64 2.155 0.00111318 0.0921109
64 2.155 0.00109328 0.0682156
64 2.156 0.00107561 0.0581871
64 2.156 0.00109026 0.0513838
64 2.156 0.00108274 0.050088
64 2.156 0.00108186 0.0663494
64 2.156 0.00109069 0.0688339
64 2.157 0.00109196 0.0563996
64 2.157 0.00111434 0.0660137
64 2.157 0.00110867 0.0741276
64 2.157 0.00109213 0.0591687
64 2.157 0.00112783 0.0899853
64 2.158 0.001103 0.0854332
64 2.158 0.00111501 0.135472
64 2.158 0.00112577 0.0666388
64 2.158 0.00114924 0.228065
64 2.158 0.00111166 0.0683992
64 2.159 0.00110181 0.0661552
64 2.159 0.00110917 0.0681642
64 2.159 0.00109587 0.0586713
64 2.159 0.00110147 0.0633034
64 2.159 0.00111245 0.123944
64 2.16 0.00113628 0.0851713
64 2.16 0.00112873 0.0690283
64 2.16 0.00109034 0.0687197
64 2.16 0.00110494 0.0701595
64 2.16 0.00109347 0.0881856
64 2.161 0.0011334 0.105158
64 2.161 0.00110763 0.0933605
64 2.161 0.00113106 0.0718377
64 2.161 0.00113336 0.0894831
64 2.161 0.00112374 0.104486
64 2.162 0.00112334 0.0877125
64 2.162 0.00112145 0.135869
64 2.162 0.00111736 0.144802
64 2.162 0.00113976 0.0747802
64 2.162 0.00109183 0.0584628
64 2.163 0.00109668 0.113136
64 2.163 0.00112916 0.111689
64 2.163 0.00112542 0.0675921
64 2.163 0.00112259 0.100433
64 2.163 0.00111656 0.0793691
64 2.164 0.0011391 0.0793575
64 2.164 0.0011108 0.0895029
64 2.164 0.00112398 0.0861779
64 2.164 0.00113041 0.0648854
64 2.164 0.00110513 0.0864625
64 2.165 0.0011287 0.0879974
64 2.165 0.00112254 0.079887
64 2.165 0.00110763 0.0664463
64 2.165 0.00113906 0.0781148
64 2.165 0.00111215 0.080479
64 2.166 0.00116407 0.102699
64 2.166 0.00113281 0.072816
64 2.166 0.00110745 0.0643411
64 2.166 0.00111922 0.0777364
64 2.166 0.00118611 0.0964584
64 2.167 0.00111385 0.090547
64 2.167 0.00113838 0.108355
64 2.167 0.00114448 0.128806
64 2.167 0.00114008 0.0957553
64 2.167 0.0011023 0.0674785
64 2.168 0.00115743 0.150656
64 2.168 0.00119912 0.291234
64 2.168 0.0011423 0.0869247
64 2.168 0.00112337 0.079415
64 2.168 0.00115643 0.0768993
64 2.169 0.00114076 0.101339
64 2.169 0.00116399 0.100184
64 2.169 0.00117939 0.108989
64 2.169 0.00112305 0.07925
64 2.169 0.00111579 0.152516
64 2.17 0.00116692 0.197036
64 2.17 0.00114598 0.0900412
64 2.17 0.00116773 0.116258
64 2.17 0.00112844 0.124986
64 2.17 0.00112533 0.0896121
64 2.171 0.00114077 0.0871661
64 2.171 0.00113193 0.124723
64 2.171 0.0011538 0.0932102
64 2.171 0.00113444 0.0851424
64 2.171 0.0011505 0.0850114
64 2.172 0.0011517 0.131185
64 2.172 0.00117627 0.113778
64 2.172 0.00114202 0.09036
64 2.172 0.00114858 0.0877965
64 2.172 0.00115779 0.148911
64 2.173 0.00115292 0.0977729
64 2.173 0.00112215 0.0888244
64 2.173 0.00117413 0.13107
64 2.173 0.00119919 0.193925
64 2.173 0.0011495 0.0872369
64 2.174 0.00115666 0.108434
64 2.174 0.00118707 0.178499
64 2.174 0.00117039 0.119386
64 2.174 0.00120148 0.107609
64 2.174 0.00115369 0.0964643
64 2.175 0.00121188 0.109282
64 2.175 0.00113073 0.0960212
64 2.175 0.00116762 0.128744
64 2.175 0.00117456 0.0976563
64 2.175 0.0011419 0.228852
64 2.176 0.00116527 0.0937469
64 2.176 0.00117255 0.126965
64 2.176 0.00112807 0.0949275
64 2.176 0.00117005 0.111688
64 2.176 0.00120831 0.112159
64 2.177 0.00114757 0.0995117
64 2.177 0.00120613 0.0998333
64 2.177 0.00116391 0.127881
64 2.177 0.00122708 0.248715
64 2.177 0.00118443 0.155524
64 2.178 0.00118221 0.129339
64 2.178 0.001213 0.178909
64 2.178 0.00122096 0.212084
64 2.178 0.00122449 0.170173
64 2.178 0.00113731 0.24077
64 2.179 0.00116621 0.108369
64 2.179 0.001179 0.164544
64 2.179 0.00121502 0.18865
64 2.179 0.00117109 0.129458
64 2.179 0.00118769 0.186185
64 2.18 0.00122253 0.14236
64 2.18 0.00119426 0.154508
64 2.18 0.00121346 0.115125
64 2.18 0.00115356 0.109132
64 2.18 0.00123065 0.186395
64 2.181 0.00123226 0.22781
64 2.181 0.00121041 0.189703
64 2.181 0.00125666 0.265495
64 2.181 0.00122197 0.396143
64 2.181 0.00124383 0.176643
64 2.182 0.00118961 0.104415
64 2.182 0.00121402 0.254414
64 2.182 0.00120322 0.187391
64 2.182 0.00121142 0.107907
64 2.182 0.00126398 0.174883
64 2.183 0.00123576 0.149438
64 2.183 0.00127747 0.252462
64 2.183 0.00124331 0.28421
64 2.183 0.00120821 0.151973
64 2.183 0.00122863 0.313328
64 2.184 0.00121834 0.148893
64 2.184 0.00121952 0.12505
64 2.184 0.00120211 0.123527
64 2.184 0.00121677 0.178844
64 2.184 0.00124401 0.17476
64 2.185 0.00123104 0.114826
64 2.185 0.00122654 0.149551
64 2.185 0.00124818 0.138575
64 2.185 0.00121001 0.142598
64 2.185 0.00120354 0.181489
64 2.186 0.001203 0.120417
64 2.186 0.0012119 0.119162
64 2.186 0.00126909 0.164041
64 2.186 0.00122288 0.14015
64 2.186 0.00123443 0.164658
64 2.187 0.00123453 0.173938
64 2.187 0.00120194 0.12232
64 2.187 0.00125961 0.212219
64 2.187 0.00129598 0.185333
64 2.187 0.0012557 0.146812
64 2.188 0.00125159 0.266967
64 2.188 0.00124597 0.125605
64 2.188 0.00126065 0.179575
64 2.188 0.00128529 0.196631
64 2.188 0.00121297 0.224873
64 2.189 0.00124169 0.323162
64 2.189 0.00128566 0.219654
64 2.189 0.00126258 0.162455
64 2.189 0.00127579 0.199052
64 2.189 0.00123701 0.161929
64 2.19 0.00126176 0.177096
64 2.19 0.00125937 0.174832
64 2.19 0.00123847 0.241651
64 2.19 0.00121836 0.122986
64 2.19 0.0013118 0.265292
64 2.191 0.0012616 0.176188
64 2.191 0.00127051 0.263599
64 2.191 0.00127969 0.192997
64 2.191 0.00125094 0.284557
64 2.191 0.00125841 0.202105
64 2.192 0.00123842 0.148738
64 2.192 0.00124834 0.19826
64 2.192 0.00126221 0.137803
64 2.192 0.00131447 0.381552
64 2.192 0.00126344 0.174135
64 2.193 0.00126209 0.168716
64 2.193 0.00128307 0.200447
64 2.193 0.00129365 0.276015
64 2.193 0.00126489 0.156577
64 2.193 0.00124185 0.139082
64 2.194 0.00122322 0.198799
64 2.194 0.00128492 0.29265
64 2.194 0.00126999 0.153627
64 2.194 0.00122329 0.189184
64 2.194 0.00131298 0.226442
64 2.195 0.00130462 0.251274
64 2.195 0.00137832 0.34058
64 2.195 0.00128405 0.188611
64 2.195 0.00127728 0.224665
64 2.195 0.00129574 0.206095
64 2.196 0.00130704 0.180775
64 2.196 0.00127127 0.198166
64 2.196 0.00133801 0.19581
64 2.196 0.0013611 0.294591
64 2.196 0.001313 0.206121
64 2.197 0.00132713 0.232025
64 2.197 0.0013372 0.254141
64 2.197 0.00136063 0.304873
64 2.197 0.00131519 0.226604
64 2.197 0.00129594 0.177161
64 2.198 0.00134146 0.238465
64 2.198 0.00130067 0.303413
64 2.198 0.0014127 0.351825
64 2.198 0.00131489 0.181543
64 2.198 0.00131763 0.22101
64 2.199 0.00135275 0.184234
64 2.199 0.00128196 0.213425
64 2.199 0.00131684 0.232513
64 2.199 0.00146983 0.549761
64 2.199 0.00132697 0.210778
64 2.2 0.00134857 0.222982
64 2.2 0.00134597 0.25811
64 2.2 0.00132465 0.253012
64 2.2 0.00132316 0.239328
64 2.2 0.00132789 0.197561
64 2.201 0.00135126 0.285448
64 2.201 0.00144264 0.565046
64 2.201 0.00131773 0.277293
64 2.201 0.00126925 0.235431
64 2.201 0.00133195 0.323957
64 2.202 0.00134761 0.33534
64 2.202 0.00139659 0.287923
64 2.202 0.00133931 0.295444
64 2.202 0.00138401 0.258611
64 2.202 0.00143521 0.396662
64 2.203 0.00138224 0.242767
64 2.203 0.00135815 0.262135
64 2.203 0.00142098 0.383495
64 2.203 0.00139554 0.321866
64 2.203 0.00146102 0.359909
64 2.204 0.00143509 0.313663
64 2.204 0.00134193 0.261078
64 2.204 0.00147072 0.33642
64 2.204 0.00136774 0.269772
64 2.204 0.00132078 0.212785
64 2.205 0.00139245 0.279983
64 2.205 0.00136621 0.289568
64 2.205 0.00143387 0.481383
64 2.205 0.00139265 0.357953
64 2.205 0.00133819 0.239255
64 2.206 0.00150003 0.369924
64 2.206 0.00140901 0.38816
64 2.206 0.00141971 0.49208
64 2.206 0.00141498 0.318712
64 2.206 0.00141463 0.285986
64 2.207 0.00137694 0.268664
64 2.207 0.00140374 0.438214
64 2.207 0.00137153 0.211041
64 2.207 0.00153578 0.41717
64 2.207 0.00142357 0.293602
64 2.208 0.00140811 0.386341
64 2.208 0.00145319 0.372513
64 2.208 0.00143271 0.305697
64 2.208 0.00148295 0.531131
64 2.208 0.00145754 0.378105
64 2.209 0.00149496 0.335966
64 2.209 0.00143528 0.388438
64 2.209 0.00157465 0.475015
64 2.209 0.00137626 0.359355
64 2.209 0.00155283 0.52265
64 2.21 0.0015371 0.359946
64 2.21 0.00158728 0.580096
64 2.21 0.00155244 0.630008
64 2.21 0.00149461 0.554405
64 2.21 0.00150768 0.336483
64 2.211 0.00142284 0.359947
64 2.211 0.00146407 0.41641
64 2.211 0.00154566 0.649541
64 2.211 0.00147063 0.348805
64 2.211 0.00155887 0.514416
64 2.212 0.00150434 0.47877
64 2.212 0.00146562 0.329007
64 2.212 0.00155404 0.649517
64 2.212 0.00149928 0.569139
64 2.212 0.00162763 0.517711
64 2.213 0.00154182 0.431608
64 2.213 0.00156062 0.422035
64 2.213 0.00150254 0.388225
64 2.213 0.00148432 0.346963
64 2.213 0.00156779 0.3854
64 2.214 0.00148424 0.365021
64 2.214 0.001645 0.415885
64 2.214 0.00158202 0.40722
64 2.214 0.00147963 0.325106
64 2.214 0.00151107 0.69724
64 2.215 0.00149735 0.462888
64 2.215 0.00166284 0.838833
64 2.215 0.00154151 0.361763
64 2.215 0.00159173 0.631438
64 2.215 0.00153299 0.451631
64 2.216 0.00169237 0.639916
64 2.216 0.00163861 0.765152
64 2.216 0.00155384 0.408533
64 2.216 0.0015607 0.526348
64 2.216 0.00159013 0.383566
64 2.217 0.00156143 0.410615
64 2.217 0.00161234 0.445181
64 2.217 0.00165577 0.628527
64 2.217 0.00148994 0.408552
64 2.217 0.001721 0.774244
64 2.218 0.0016221 0.416192
64 2.218 0.00171383 0.587756
64 2.218 0.00174869 0.611544
64 2.218 0.00179998 0.602902
64 2.218 0.00158011 0.574748
64 2.219 0.001752 0.577355
64 2.219 0.00165893 0.623831
64 2.219 0.00184189 0.907309
64 2.219 0.00179243 0.631916
64 2.219 0.00175579 0.634236
64 2.22 0.00170045 0.600715
64 2.22 0.00171192 0.491274
64 2.22 0.00177033 0.678147
64 2.22 0.00166588 0.567709
64 2.22 0.00160241 0.651081
64 2.221 0.00182312 0.676107
64 2.221 0.00169326 0.574979
64 2.221 0.00190526 0.865451
64 2.221 0.0017219 0.731225
64 2.221 0.00166567 0.531084
64 2.222 0.00162575 0.563286
64 2.222 0.00178896 0.804527
64 2.222 0.00181428 0.573598
64 2.222 0.00174256 0.650692
64 2.222 0.0017567 0.558518
64 2.223 0.00177443 0.706026
64 2.223 0.00182403 0.7276
64 2.223 0.00181917 0.702715
64 2.223 0.00179976 0.647537
64 2.223 0.00176186 0.759894
64 2.224 0.00176157 0.712516
64 2.224 0.00185255 0.887553
64 2.224 0.00188847 0.775512
64 2.224 0.00177929 0.673899
64 2.224 0.00173508 0.575928
64 2.225 0.00186196 0.702445
64 2.225 0.0016954 0.646522
64 2.225 0.00179052 0.716546
64 2.225 0.00187377 0.7989
64 2.225 0.00182588 0.80631
64 2.226 0.00181719 0.704766
64 2.226 0.00197436 0.774793
64 2.226 0.00167379 0.450002
64 2.226 0.00194422 0.639404
64 2.226 0.00198861 0.994729
64 2.227 0.00196167 0.78833
64 2.227 0.00190348 0.892296
64 2.227 0.0018838 0.672259
64 2.227 0.00198305 0.934365
64 2.227 0.00198865 1.00818
64 2.228 0.00208373 1.07741
64 2.228 0.00173285 0.640377
64 2.228 0.00188666 0.664651
64 2.228 0.00195468 0.834719
64 2.228 0.00195662 0.884613
64 2.229 0.00203562 0.777808
64 2.229 0.0019927 0.92272
64 2.229 0.00196592 0.871897
64 2.229 0.00182903 0.779512
64 2.229 0.00205575 0.88993
64 2.23 0.00207326 0.760243
64 2.23 0.00188418 0.68979
64 2.23 0.00212259 1.03323
64 2.23 0.00185184 0.621225
64 2.23 0.00199355 0.893946
64 2.231 0.00215747 0.920526
64 2.231 0.00196812 0.852539
64 2.231 0.00195279 0.773884
64 2.231 0.00210872 1.06005
64 2.231 0.00205037 0.852909
64 2.232 0.00192764 0.716608
64 2.232 0.00214074 1.05051
64 2.232 0.00201479 0.862451
64 2.232 0.00212924 0.953578
64 2.232 0.00217099 0.907572
64 2.233 0.00198265 0.775497
64 2.233 0.00237341 1.14636
64 2.233 0.00202841 0.981939
64 2.233 0.00200498 0.778525
64 2.233 0.00208785 0.945766
64 2.234 0.00217114 0.925349
64 2.234 0.00217447 0.868753
64 2.234 0.00224061 1.19243
64 2.234 0.00207003 0.8905
64 2.234 0.00222394 1.0488
64 2.235 0.00206523 0.893579
64 2.235 0.00235802 1.20439
64 2.235 0.00235719 1.25406
64 2.235 0.00220823 0.981535
64 2.235 0.00226444 1.04439
64 2.236 0.00225351 1.04679
64 2.236 0.00217483 0.80646
64 2.236 0.00220515 1.06974
64 2.236 0.00216461 0.909238
64 2.236 0.00234783 1.17629
64 2.237 0.00226647 1.05785
64 2.237 0.00218632 0.925588
64 2.237 0.00218492 0.923186
64 2.237 0.00231806 1.01765
64 2.237 0.00235259 1.01802
64 2.238 0.00218632 0.985417
64 2.238 0.00247861 1.16756
64 2.238 0.00219932 0.827144
64 2.238 0.00261832 1.39144
64 2.238 0.00245903 1.15672
64 2.239 0.00251153 1.30977
64 2.239 0.00220962 0.932117
64 2.239 0.00231344 0.967738
64 2.239 0.00232796 0.960459
64 2.239 0.002721 1.51637
64 2.24 0.00274455 1.32664
64 2.24 0.00232388 1.11204
64 2.24 0.0023622 1.03376
64 2.24 0.00218274 0.93965
64 2.24 0.00248799 1.25123
64 2.241 0.00269373 1.38125
64 2.241 0.00286995 1.63772
64 2.241 0.00240164 1.09605
64 2.241 0.00230434 1.14807
64 2.241 0.00224817 1.10647
64 2.242 0.00242967 1.01507
64 2.242 0.00246606 1.13726
64 2.242 0.00252398 1.31875
64 2.242 0.00242627 1.09935
64 2.242 0.00264056 1.30643
64 2.243 0.00271611 1.26978
64 2.243 0.00259277 1.18297
64 2.243 0.00263288 1.36387
64 2.243 0.00266258 1.34682
64 2.243 0.00253625 1.27992
64 2.244 0.00271315 1.25911
64 2.244 0.00269275 1.31379
64 2.244 0.00253807 1.10457
64 2.244 0.00271358 1.49801
64 2.244 0.00266519 1.07245
64 2.245 0.00252886 1.12356
64 2.245 0.00272542 1.52728
64 2.245 0.00272183 1.43975
64 2.245 0.00266961 1.30409
64 2.245 0.00270467 1.26447
64 2.246 0.00285811 1.52102
64 2.246 0.00256368 1.17413
64 2.246 0.00268154 1.30575
64 2.246 0.00242319 1.18048
64 2.246 0.00266924 1.24219
64 2.247 0.00291722 1.3368
64 2.247 0.00261643 1.24733
64 2.247 0.00265232 1.27047
64 2.247 0.00286391 1.47136
64 2.247 0.00267323 1.29281
64 2.248 0.00302555 1.53351
64 2.248 0.00295637 1.59695
64 2.248 0.0025967 1.23127
64 2.248 0.00306335 1.66253
64 2.248 0.00279068 1.41532
64 2.249 0.00336529 1.78986
64 2.249 0.00303546 1.64858
64 2.249 0.00263383 1.23737
64 2.249 0.00266187 1.21659
64 2.249 0.00305267 1.49314
64 2.25 0.00282165 1.33273
64 2.25 0.00286316 1.40785
64 2.25 0.00266335 1.20032
64 2.25 0.00301578 1.63515
64 2.25 0.00297865 1.62383
64 2.251 0.00375821 2.44501
64 2.251 0.00279706 1.20911
64 2.251 0.00307797 1.40718
64 2.251 0.00303446 1.57727
64 2.251 0.00313299 1.65891
64 2.252 0.00327074 1.77305
64 2.252 0.003184 1.60868
64 2.252 0.00333662 1.77055
64 2.252 0.00316072 1.5342
64 2.252 0.00327764 2.01506
64 2.253 0.00280905 1.35077
64 2.253 0.00297557 1.55233
64 2.253 0.00309492 1.58861
64 2.253 0.00392736 2.29332
64 2.253 0.00346136 1.74694
64 2.254 0.00316945 1.50951
64 2.254 0.00346588 1.92878
64 2.254 0.00299231 1.38614
64 2.254 0.00339399 1.76292
64 2.254 0.00310167 1.51916
64 2.255 0.0033099 1.84275
64 2.255 0.00349852 1.79241
64 2.255 0.00322632 1.76776
64 2.255 0.00355931 1.88098
64 2.255 0.00332472 1.77597
64 2.256 0.00344119 1.73327
64 2.256 0.003515 1.73034
64 2.256 0.00356443 1.87467
64 2.256 0.00375454 2.06872
64 2.256 0.00361528 1.96935
64 2.257 0.00366173 1.96097
64 2.257 0.00376349 2.11975
64 2.257 0.0036336 1.88916
64 2.257 0.00366371 1.87397
64 2.257 0.00334693 1.70858
64 2.258 0.00348263 1.66202
64 2.258 0.00335706 1.66712
64 2.258 0.00373687 1.86471
64 2.258 0.00382841 1.98493
64 2.258 0.00353646 1.67046
64 2.259 0.00344292 1.78061
64 2.259 0.00343965 1.57754
64 2.259 0.00351436 1.72663
64 2.259 0.00341736 1.76964
64 2.259 0.00387244 2.07359
64 2.26 0.00359317 1.67828
64 2.26 0.00383242 2.11385
64 2.26 0.00360015 1.81375
64 2.26 0.00417344 2.03933
64 2.26 0.00344025 1.61698
64 2.261 0.00393654 1.99482
64 2.261 0.00362868 1.65202
64 2.261 0.00345521 1.68508
64 2.261 0.00379108 1.80685
64 2.261 0.00377148 1.84482
64 2.262 0.00389505 2.0545
64 2.262 0.00404266 2.01383
64 2.262 0.00381283 1.69413
64 2.262 0.0036602 1.94651
64 2.262 0.0036648 1.65968
64 2.263 0.00370329 1.87013
64 2.263 0.00393467 1.96767
64 2.263 0.0040844 1.92283
64 2.263 0.00397599 1.82132
64 2.263 0.00429824 2.13786
64 2.264 0.00396001 1.83105
64 2.264 0.00398183 1.94395
64 2.264 0.00428179 1.96084
64 2.264 0.00389194 1.87547
64 2.264 0.00367562 1.72508
64 2.265 0.00429021 2.01228
64 2.265 0.00434402 2.03732
64 2.265 0.00434958 2.37646
64 2.265 0.00397101 1.98281
64 2.265 0.00387676 2.11256
64 2.266 0.00429157 2.01931
64 2.266 0.00403203 1.85189
64 2.266 0.00438714 2.107
64 2.266 0.00466065 2.17733
64 2.266 0.00464799 2.4208
64 2.267 0.00381931 1.75445
64 2.267 0.0044337 2.15015
64 2.267 0.00434057 1.95091
64 2.267 0.00439248 2.19875
64 2.267 0.00414987 2.04526
64 2.268 0.00435927 2.08388
64 2.268 0.00409555 1.69147
64 2.268 0.00417631 1.97823
64 2.268 0.00420371 1.8338
64 2.268 0.00451554 1.91027
64 2.269 0.00377881 1.79425
64 2.269 0.00434049 2.04453
64 2.269 0.00465189 1.95711
64 2.269 0.00443822 1.99253
64 2.269 0.00435865 1.99668
64 2.27 0.00450039 2.06054
64 2.27 0.00436101 2.04811
64 2.27 0.00426886 1.89376
64 2.27 0.004733 2.11833
64 2.27 0.00447326 2.00333
64 2.271 0.00398382 1.7435
64 2.271 0.00420303 1.95576
64 2.271 0.00460616 1.97548
64 2.271 0.00424757 1.8067
64 2.271 0.00435161 2.0678
64 2.272 0.00473569 2.40217
64 2.272 0.00415946 1.70955
64 2.272 0.00425312 1.88795
64 2.272 0.00467644 2.11956
64 2.272 0.00428363 1.94409
64 2.273 0.00424676 1.86048
64 2.273 0.00489351 2.09656
64 2.273 0.00446277 1.92249
64 2.273 0.0048222 2.10339
64 2.273 0.00450266 2.06648
64 2.274 0.00503863 2.11871
64 2.274 0.00490971 2.15599
64 2.274 0.00481828 2.14397
64 2.274 0.004911 2.14707
64 2.274 0.00448543 1.93228
64 2.275 0.00427751 1.79315
64 2.275 0.00455368 1.97067
64 2.275 0.00465751 1.95793
64 2.275 0.00478738 2.09209
64 2.275 0.00489693 1.95535
64 2.276 0.00469218 1.86666
64 2.276 0.00468575 1.95245
64 2.276 0.00483057 2.14249
64 2.276 0.00488325 1.9764
64 2.276 0.0048216 1.96768
64 2.277 0.0045149 1.70099
64 2.277 0.00437564 1.99598
64 2.277 0.00442015 1.67575
64 2.277 0.00483248 1.92968
64 2.277 0.00468139 1.99882
64 2.278 0.00478719 1.91157
64 2.278 0.00505443 1.94677
64 2.278 0.00503208 1.83011
64 2.278 0.00433942 1.53813
64 2.278 0.00479972 1.92791
64 2.279 0.00522697 2.10222
64 2.279 0.00466322 1.76569
64 2.279 0.00498973 2.09986
64 2.279 0.00460454 1.8841
64 2.279 0.00504044 2.14665
64 2.28 0.00527571 2.12048
64 2.28 0.00506832 2.00299
64 2.28 0.00516194 2.01912
64 2.28 0.00527932 2.02129
64 2.28 0.00502985 1.9516
64 2.281 0.00524999 1.96803
64 2.281 0.00530871 2.11313
64 2.281 0.00489535 1.93785
64 2.281 0.00528936 2.1139
64 2.281 0.00506317 1.95637
64 2.282 0.00528223 1.97783
64 2.282 0.00529301 1.89651
64 2.282 0.00514256 2.0568
64 2.282 0.00498114 1.8034
64 2.282 0.00494667 1.89695
64 2.283 0.00518648 1.88512
64 2.283 0.00531186 1.95988
64 2.283 0.00531711 1.866
64 2.283 0.00495049 1.71334
64 2.283 0.00543299 1.91966
64 2.284 0.00529908 1.85823
64 2.284 0.00511732 1.95105
64 2.284 0.00516258 1.7238
64 2.284 0.0052958 2.12332
64 2.284 0.00535128 1.94979
64 2.285 0.00552778 1.88312
64 2.285 0.0057051 1.79838
64 2.285 0.00499996 1.53865
64 2.285 0.00501346 1.9765
64 2.285 0.00579241 2.10215
64 2.286 0.00541735 1.725
64 2.286 0.00555163 1.85553
64 2.286 0.00490911 1.59876
64 2.286 0.00519359 1.75395
64 2.286 0.00580026 1.93175
64 2.287 0.00517682 1.66059
64 2.287 0.00524058 1.69806
64 2.287 0.00557358 1.8904
64 2.287 0.00533219 1.92451
64 2.287 0.0051271 1.67256
64 2.288 0.00584811 1.90029
64 2.288 0.00581982 1.94925
64 2.288 0.00521154 1.60776
64 2.288 0.00507203 1.63275
64 2.288 0.00553422 1.97163
64 2.289 0.00569454 1.74
64 2.289 0.00509971 1.60784
64 2.289 0.00571205 1.84163
64 2.289 0.00552001 1.79925
64 2.289 0.00548061 1.90579
64 2.29 0.00523474 1.71563
64 2.29 0.00557806 1.70324
64 2.29 0.00517792 1.63937
64 2.29 0.0058058 1.8385
64 2.29 0.00578018 1.69262
64 2.291 0.00537573 1.69884
64 2.291 0.00528126 1.58681
64 2.291 0.00540807 1.688
64 2.291 0.00552372 1.5935
64 2.291 0.00525815 1.52616
64 2.292 0.00566943 1.62539
64 2.292 0.00528591 1.62866
64 2.292 0.00591933 1.7523
64 2.292 0.00562659 1.59967
64 2.292 0.00544387 1.65061
64 2.293 0.00536831 1.62227
64 2.293 0.00526981 1.48511
64 2.293 0.00584326 1.649
64 2.293 0.0055862 1.65624
64 2.293 0.00541631 1.52214
64 2.294 0.00544385 1.55343
64 2.294 0.00561524 1.42525
64 2.294 0.00564194 1.49797
64 2.294 0.00564481 1.62124
64 2.294 0.00504831 1.47003
64 2.295 0.00525858 1.55128
64 2.295 0.00569072 1.47575
64 2.295 0.00606611 1.68133
64 2.295 0.00555344 1.42687
64 2.295 0.00565899 1.68633
64 2.296 0.00544479 1.56053
64 2.296 0.00550802 1.45737
64 2.296 0.0055782 1.44364
64 2.296 0.00557364 1.47239
64 2.296 0.00546755 1.49748
64 2.297 0.00524576 1.4074
64 2.297 0.005688 1.46296
64 2.297 0.00561099 1.41125
64 2.297 0.00570033 1.51513
64 2.297 0.00516626 1.327
64 2.298 0.00560217 1.47506
64 2.298 0.00595151 1.43601
64 2.298 0.00608702 1.54623
64 2.298 0.00571713 1.58606
64 2.298 0.00586185 1.38708
64 2.299 0.00509034 1.42679
64 2.299 0.00582788 1.59742
64 2.299 0.00529673 1.45558
64 2.299 0.00571129 1.4159
64 2.299 0.00532056 1.40863
64 2.3 0.00577554 1.44882
64 2.3 0.00556658 1.40929
64 2.3 0.00560835 1.40575
64 2.3 0.00567681 1.36301
64 2.3 0.00550004 1.37527
64 2.301 0.00572985 1.29303
64 2.301 0.00561851 1.36272
64 2.301 0.00594724 1.39468
64 2.301 0.00529008 1.27543
64 2.301 0.00552663 1.54028
64 2.302 0.00585912 1.32797
64 2.302 0.00560206 1.39341
64 2.302 0.00608125 1.42895
64 2.302 0.0055154 1.19756
64 2.302 0.00571525 1.39123
64 2.303 0.0054413 1.26874
64 2.303 0.00616833 1.37574
64 2.303 0.0056551 1.32945
64 2.303 0.00583682 1.27496
64 2.303 0.00540506 1.23929
64 2.304 0.00547433 1.24167
64 2.304 0.00586883 1.39573
64 2.304 0.00553699 1.33332
64 2.304 0.00553987 1.3261
64 2.304 0.00537258 1.35151
64 2.305 0.00557571 1.32173
64 2.305 0.00584034 1.32865
64 2.305 0.00532192 1.2557
64 2.305 0.00585508 1.3188
64 2.305 0.00525307 1.35431
64 2.306 0.00564682 1.4267
64 2.306 0.00579623 1.36575
64 2.306 0.00556391 1.30364
64 2.306 0.0053441 1.31797
64 2.306 0.00558534 1.35115
64 2.307 0.00515945 1.26767
64 2.307 0.00527154 1.17031
64 2.307 0.00538986 1.33087
64 2.307 0.0055093 1.20651
64 2.307 0.00552531 1.29791
64 2.308 0.005421 1.20998
64 2.308 0.00563739 1.25977
64 2.308 0.00570809 1.24974
64 2.308 0.00542066 1.22674
64 2.308 0.00558714 1.18609
64 2.309 0.00521824 1.26849
64 2.309 0.00566586 1.2327
64 2.309 0.00551845 1.1746
64 2.309 0.00569679 1.29233
64 2.309 0.00543415 1.23742
64 2.31 0.00569618 1.27805
64 2.31 0.00568221 1.26806
64 2.31 0.00564363 1.29979
64 2.31 0.00548595 1.16025
64 2.31 0.00530458 1.24562
64 2.311 0.00535409 1.19783
64 2.311 0.00525702 1.2154
64 2.311 0.00544952 1.1817
64 2.311 0.00535483 1.14393
64 2.311 0.00573376 1.34712
64 2.312 0.00521489 1.26947
64 2.312 0.0055281 1.21458
64 2.312 0.0055141 1.27066
64 2.312 0.00566417 1.18508
64 2.312 0.00560066 1.20116
64 2.313 0.00553278 1.24215
64 2.313 0.00497541 1.18673
64 2.313 0.00562436 1.18245
64 2.313 0.00535625 1.18632
64 2.313 0.00529498 1.14969
64 2.314 0.00536768 1.3059
64 2.314 0.00579487 1.25699
64 2.314 0.00522246 1.25517
64 2.314 0.00507177 1.1762
64 2.314 0.00541955 1.30696
64 2.315 0.00499491 1.18207
64 2.315 0.0052877 1.22285
64 2.315 0.00514631 1.09203
64 2.315 0.00517763 1.15671
64 2.315 0.00501634 1.06591
64 2.316 0.00508083 1.24694
64 2.316 0.00519001 1.19238
64 2.316 0.00591204 1.24688
64 2.316 0.00512331 1.09238
64 2.316 0.00558623 1.22052
64 2.317 0.00524706 1.15693
64 2.317 0.00520988 1.25437
64 2.317 0.00557957 1.13579
64 2.317 0.00517529 1.16439
64 2.317 0.00475937 1.08516
64 2.318 0.00525851 1.16148
64 2.318 0.0053556 1.20554
64 2.318 0.00548776 1.12745
64 2.318 0.00565544 1.21891
64 2.318 0.00520369 1.19812
64 2.319 0.00536155 1.33132
64 2.319 0.00466449 1.10418
64 2.319 0.00514334 1.23311
64 2.319 0.00511915 1.17788
64 2.319 0.00480202 1.08273
64 2.32 0.00536986 1.12253
64 2.32 0.00531745 1.18721
64 2.32 0.00485393 1.19908
64 2.32 0.00537325 1.20217
64 2.32 0.00552071 1.25742
64 2.321 0.0052186 1.12719
64 2.321 0.00550144 1.10716
64 2.321 0.0050284 1.19491
64 2.321 0.00496338 1.09976
64 2.321 0.00537156 1.28329
64 2.322 0.00561397 1.22492
64 2.322 0.00496657 1.08401
64 2.322 0.00495573 1.13892
64 2.322 0.00527837 1.25066
64 2.322 0.00533986 1.24221
64 2.323 0.00520225 1.23452
64 2.323 0.0049309 1.17161
64 2.323 0.00494668 1.20049
64 2.323 0.00471279 1.06356
64 2.323 0.00491655 1.1301
64 2.324 0.00483984 1.26094
64 2.324 0.00510415 1.16128
64 2.324 0.00536007 1.30248
64 2.324 0.00520433 1.2099
64 2.324 0.00492026 1.09684
64 2.325 0.00512658 1.20014
64 2.325 0.00503395 1.24925
64 2.325 0.00497467 1.16392
64 2.325 0.00525047 1.29629
64 2.325 0.00491524 1.23315
64 2.326 0.00483596 1.19839
64 2.326 0.00496944 1.18324
64 2.326 0.00501497 1.26994
64 2.326 0.00507425 1.15029
64 2.326 0.00522498 1.10747
64 2.327 0.00485205 1.14685
64 2.327 0.00512483 1.25537
64 2.327 0.00492292 1.23566
64 2.327 0.00516701 1.34294
64 2.327 0.00487058 1.1657
64 2.328 0.00531991 1.36991
64 2.328 0.00503182 1.22454
64 2.328 0.00468755 1.20113
64 2.328 0.00511366 1.19044
64 2.328 0.00447926 1.22643
64 2.329 0.00468195 1.18623
64 2.329 0.00506523 1.22611
64 2.329 0.00481975 1.21902
64 2.329 0.00475255 1.34198
64 2.329 0.00475906 1.15589
64 2.33 0.00515186 1.27653
64 2.33 0.00497265 1.17951
64 2.33 0.00488847 1.13514
64 2.33 0.00487325 1.12299
64 2.33 0.0049323 1.19005
64 2.331 0.00510528 1.31423
64 2.331 0.00454916 1.15319
64 2.331 0.00479725 1.26995
64 2.331 0.00465621 1.10236
64 2.331 0.00446531 1.07278
64 2.332 0.00488742 1.15122
64 2.332 0.00471401 1.04487
64 2.332 0.00473013 1.13716
64 2.332 0.00515262 1.34254
64 2.332 0.00498352 1.16663
64 2.333 0.00449843 1.07995
64 2.333 0.0045758 1.23429
64 2.333 0.00468228 1.13559
64 2.333 0.00460734 1.22342
64 2.333 0.00491656 1.23483
64 2.334 0.00443076 1.13971
64 2.334 0.00454025 1.15507
64 2.334 0.00434009 1.13106
64 2.334 0.00426443 1.23151
64 2.334 0.00489883 1.24286
64 2.335 0.00496829 1.15997
64 2.335 0.00433903 1.0684
64 2.335 0.00477138 1.11358
64 2.335 0.00477785 1.25012
64 2.335 0.00449965 1.15216
64 2.336 0.0045219 1.11605
64 2.336 0.0047528 1.24455
64 2.336 0.00498507 1.35445
64 2.336 0.00478207 1.16666
64 2.336 0.00458836 1.15959
64 2.337 0.00445574 1.18738
64 2.337 0.00476006 1.22974
64 2.337 0.00433417 1.11469
64 2.337 0.00437397 1.14267
64 2.337 0.00449764 1.14933
64 2.338 0.00430115 1.24818
64 2.338 0.0047994 1.17586
64 2.338 0.004672 1.18837
64 2.338 0.00459854 1.11546
64 2.338 0.00461433 1.18891
64 2.339 0.00428335 1.11938
64 2.339 0.0046651 1.22162
64 2.339 0.0046848 1.23984
64 2.339 0.00456502 1.24264
64 2.339 0.00446067 1.22386
64 2.34 0.00444592 1.13575
64 2.34 0.00465003 1.07651
64 2.34 0.00476322 1.19508
64 2.34 0.00446942 1.21964
64 2.34 0.00471533 1.08013
64 2.341 0.00437312 1.1408
64 2.341 0.00435365 1.12591
64 2.341 0.00454784 1.10624
64 2.341 0.00447663 1.1107
64 2.341 0.00422942 1.19215
64 2.342 0.00435369 1.15829
64 2.342 0.0044466 1.22054
64 2.342 0.00415289 1.12722
64 2.342 0.00425863 1.04148
64 2.342 0.00433629 1.08992
64 2.343 0.00438585 1.0583
64 2.343 0.00444855 1.13472
64 2.343 0.00425996 1.19306
64 2.343 0.00429324 1.13111
64 2.343 0.00460773 1.16449
64 2.344 0.00427916 1.28233
64 2.344 0.00440539 1.14586
64 2.344 0.0041831 1.04162
64 2.344 0.00394006 1.11959
64 2.344 0.00457647 1.26015
64 2.345 0.00421523 1.13552
64 2.345 0.0042825 1.21487
64 2.345 0.0043849 1.2241
64 2.345 0.00423255 1.07294
64 2.345 0.00429182 1.1271
64 2.346 0.00432868 1.23148
64 2.346 0.00446441 1.20448
64 2.346 0.00433225 1.18147
64 2.346 0.00465455 1.13185
64 2.346 0.00454047 1.27015
64 2.347 0.00409307 1.04427
64 2.347 0.00415732 1.09721
64 2.347 0.00401598 1.11179
64 2.347 0.00414576 1.25086
64 2.347 0.0041998 1.19395
64 2.348 0.00441918 1.18199
64 2.348 0.00416614 1.13503
64 2.348 0.00427537 1.20569
64 2.348 0.00400714 1.01953
64 2.348 0.00394306 1.07902
64 2.349 0.00426064 1.02429
64 2.349 0.00410989 1.11122
64 2.349 0.00421523 1.19366
64 2.349 0.00396516 1.00769
64 2.349 0.00423187 1.18063
80 2.15 0.000984263 0.0509028
80 2.15 0.00119236 0.0453052
80 2.15 0.00111524 0.0576203
80 2.15 0.000984916 0.0504667
80 2.15 0.000889765 0.0525859
80 2.151 0.00115663 0.0435783
80 2.151 0.00113782 0.0547106
80 2.151 0.00110127 0.0468102
80 2.151 0.00115467 0.0566053
80 2.151 0.000964748 0.0557905
80 2.152 0.000899358 0.054128
80 2.152 0.000862759 0.0730014
80 2.152 0.000786665 0.0639691
80 2.152 0.00117837 0.0493245
80 2.152 0.00109637 0.0561513
80 2.153 0.000958402 0.0636333
80 2.153 0.000997042 0.0893021
80 2.153 0.000834151 0.126999
80 2.153 0.00141519 0.0532394
80 2.153 0.00106309 0.0506075
80 2.154 0.000965144 0.0598259
80 2.154 0.000638639 0.11427
80 2.154 0.00107568 0.0510077
80 2.154 0.00126241 0.0508354
80 2.154 0.000681014 0.0729892
80 2.155 0.000524839 0.0773149
80 2.155 0.00075812 0.0497777
80 2.155 0.001101 0.0666256
80 2.155 0.000942584 0.0653206
80 2.155 0.00115599 0.0598701
80 2.156 0.000904712 0.0501747
80 2.156 0.00087325 0.0557766
80 2.156 0.000669105 0.0781386
80 2.156 0.00069211 0.055399
80 2.156 0.000883982 0.0611738
80 2.157 0.000890169 0.0536837
80 2.157 0.00107678 0.0569368
80 2.157 0.00122335 0.0658114
80 2.157 0.0012055 0.0538436
80 2.157 0.000927945 0.0632617
80 2.158 0.00109103 0.0745335
80 2.158 0.000978744 0.0641228
80 2.158 0.0011373 0.0598067
80 2.158 0.000935694 0.0743323
80 2.158 0.00101209 0.071605
80 2.159 0.000892845 0.0608849
80 2.159 0.00106897 0.0667213
80 2.159 0.000913831 0.0715721
80 2.159 0.00101437 0.0599047
80 2.159 0.000901105 0.0625841
80 2.16 0.00105125 0.103356
80 2.16 0.00112475 0.0716149
80 2.16 0.00080241 0.0792291
80 2.16 0.000678743 0.154855
80 2.16 0.000988495 0.0704971
80 2.161 0.000893633 0.0843924
80 2.161 0.00123388 0.0703465
80 2.161 0.00119029 0.0666541
80 2.161 0.000844514 0.074936
80 2.161 0.00105819 0.063009
80 2.162 0.00134554 0.0685543
80 2.162 0.00113883 0.0847566
80 2.162 0.000833125 0.0652293
80 2.162 0.000754871 0.0831857
80 2.162 0.0013699 0.0668769
80 2.163 0.000915661 0.0768011
80 2.163 0.000949459 0.0740619
80 2.163 0.000990252 0.0679536
80 2.163 0.0013353 0.0804368
80 2.163 0.00128662 0.0676733
80 2.164 0.000526742 0.0897174
80 2.164 0.00114952 0.0583002
80 2.164 0.00129952 0.0797845
80 2.164 0.00102038 0.0659857
80 2.164 0.00127429 0.0723605
80 2.165 0.000979185 0.0667981
80 2.165 0.00119963 0.0758495
80 2.165 0.000952472 0.091744
80 2.165 0.00100173 0.0695556
80 2.165 0.000984059 0.0759034
80 2.166 0.00134119 0.071397
80 2.166 0.00117224 0.0770945
80 2.166 0.000947731 0.0814645
80 2.166 0.00107313 0.074577
80 2.166 0.00140543 0.0798147
80 2.167 0.00106159 0.0861267
80 2.167 0.000992747 0.0920854
80 2.167 0.000954166 0.0815743
80 2.167 0.00109268 0.0672827
80 2.167 0.00103923 0.0838607
80 2.168 0.000923677 0.0892495
80 2.168 0.00123722 0.085115
80 2.168 0.00114086 0.0824065
80 2.168 0.00134212 0.0720778
80 2.168 0.0009541 0.0703119
80 2.169 0.00130511 0.0648907
80 2.169 0.00107775 0.139394
80 2.169 0.00119964 0.0851487
80 2.169 0.000861208 0.0808991
80 2.169 0.000675014 0.0729002
80 2.17 0.000781727 0.0803239
80 2.17 0.00159512 0.0888351
80 2.17 0.0008766 0.0907833
80 2.17 0.00118615 0.0775788
80 2.17 0.00116815 0.0848197
80 2.171 0.00130344 0.0885303
80 2.171 0.0011604 0.0815079
80 2.171 0.0010636 0.131585
80 2.171 0.000557897 0.123529
80 2.171 0.000893254 0.0768787
80 2.172 0.000884947 0.0988653
80 2.172 0.000799658 0.0846174
80 2.172 0.000969068 0.0701689
80 2.172 0.000679744 0.0788225
80 2.172 0.00112032 0.101915
80 2.173 0.000731075 0.075384
80 2.173 0.000988159 0.0982768
80 2.173 0.000900714 0.117766
80 2.173 0.00122444 0.0802767
80 2.173 0.000908752 0.087312
80 2.174 0.00088236 0.0829176
80 2.174 0.00105892 0.0816822
80 2.174 0.00140335 0.155283
80 2.174 0.000693074 0.299043
80 2.174 0.00106278 0.139531
80 2.175 0.00104093 0.0967949
80 2.175 0.000892497 0.0966654
80 2.175 0.00115464 0.0938514
80 2.175 0.000990778 0.0898675
80 2.175 0.000919307 0.132223
80 2.176 0.00127481 0.0766927
80 2.176 0.000865086 0.113564
80 2.176 0.001436 0.0940636
80 2.176 0.00125902 0.0893005
80 2.176 0.000999089 0.0863771
80 2.177 0.000987952 0.0886141
80 2.177 0.00152347 0.0915643
80 2.177 0.00120249 0.0929202
80 2.177 0.00113371 0.13768
80 2.177 0.000718776 0.143949
80 2.178 0.00104166 0.110516
80 2.178 0.00120939 0.10318
80 2.178 0.00115244 0.104423
80 2.178 0.00104599 0.234178
80 2.178 0.000756253 0.110747
80 2.179 0.000883972 0.176653
80 2.179 0.00132083 0.137028
80 2.179 0.00109882 0.0989627
80 2.179 0.000877338 0.126875
80 2.179 0.000904302 0.131784
80 2.18 0.00142208 0.140106
80 2.18 0.000770522 0.105828
80 2.18 0.00142944 0.124742
80 2.18 0.00080788 0.101779
80 2.18 0.000875566 0.0916801
80 2.181 0.00141159 0.112339
80 2.181 0.000985519 0.111734
80 2.181 0.00100792 0.127493
80 2.181 0.00139575 0.113053
80 2.181 0.00115064 0.160265
80 2.182 0.00111411 0.121634
80 2.182 0.00126894 0.15489
80 2.182 0.00138102 0.109946
80 2.182 0.00110972 0.108387
80 2.182 0.00141717 0.0862661
80 2.183 0.000842308 0.0972345
80 2.183 0.00100008 0.122451
80 2.183 0.00133149 0.08627
80 2.183 0.00152286 0.123949
80 2.183 0.00131209 0.095682
80 2.184 0.00113728 0.183721
80 2.184 0.000864788 0.106561
80 2.184 0.00114076 0.112574
80 2.184 0.00121544 0.120695
80 2.184 0.00134576 0.123318
80 2.185 0.000937714 0.133617
80 2.185 0.000943618 0.353702
80 2.185 0.0011529 0.132695
80 2.185 0.0012725 0.281597
80 2.185 0.00140523 0.173678
80 2.186 0.00119778 0.201531
80 2.186 0.00131361 0.122308
80 2.186 0.00073572 0.148527
80 2.186 0.00139658 0.273375
80 2.186 0.00133601 0.128626
80 2.187 0.0011655 0.117377
80 2.187 0.00132145 0.133006
80 2.187 0.00109905 0.121333
80 2.187 0.00128352 0.159383
80 2.187 0.00079552 0.150112
80 2.188 0.00147692 0.146218
80 2.188 0.00136391 0.130762
80 2.188 0.00122411 0.17698
80 2.188 0.00102191 0.128334
80 2.188 0.00109041 0.12133
80 2.189 0.000720312 0.181736
80 2.189 0.0010396 0.135572
80 2.189 0.00113408 0.219295
80 2.189 0.00104378 0.128013
80 2.189 0.00095589 0.137673
80 2.19 0.000908178 0.187434
80 2.19 0.00102243 0.180172
80 2.19 0.0012916 0.110435
80 2.19 0.00115417 0.18162
80 2.19 0.000844818 0.26005
80 2.191 0.00107356 0.364806
80 2.191 0.00112593 0.169938
80 2.191 0.0013543 0.4977
80 2.191 0.00100846 0.11734
80 2.191 0.00104533 0.206844
80 2.192 0.00150693 0.198675
80 2.192 0.000758506 0.204667
80 2.192 0.00105611 0.249581
80 2.192 0.00123324 0.165983
80 2.192 0.0013463 0.143261
80 2.193 0.00116868 0.168795
80 2.193 0.0015019 0.152104
80 2.193 0.00102541 0.115925
80 2.193 0.00145248 0.215076
80 2.193 0.00112362 0.147021
80 2.194 0.00109894 0.149805
80 2.194 0.00110071 0.184341
80 2.194 0.00132203 0.23773
80 2.194 0.00133838 0.174867
80 2.194 0.00105948 0.247013
80 2.195 0.00129356 0.17149
80 2.195 0.00140272 0.305565
80 2.195 0.000717732 0.239166
80 2.195 0.00132457 0.341044
80 2.195 0.00120044 0.182904
80 2.196 0.00114226 0.203074
80 2.196 0.00118999 0.1757
80 2.196 0.0011643 0.153897
80 2.196 0.00153041 0.187948
80 2.196 0.00152398 0.130918
80 2.197 0.00117965 0.125943
80 2.197 0.000707419 0.307869
80 2.197 0.000755179 0.301744
80 2.197 0.00103932 0.320596
80 2.197 0.00126325 0.2078
80 2.198 0.00163111 0.165159
80 2.198 0.00126636 0.429336
80 2.198 0.00109255 0.20794
80 2.198 0.000741205 0.18549
80 2.198 0.00120109 0.188878
80 2.199 0.00163239 0.17799
80 2.199 0.000980177 0.280948
80 2.199 0.00140006 0.244554
80 2.199 0.00119261 0.157853
80 2.199 0.00140291 0.238068
80 2.2 0.00119564 0.629896
80 2.2 0.000734827 0.261886
80 2.2 0.001391 0.200265
80 2.2 0.000951525 0.179398
80 2.2 0.00132138 0.337327
80 2.201 0.00088553 0.184685
80 2.201 0.00107587 0.226092
80 2.201 0.00148441 0.232869
80 2.201 0.00105667 0.158827
80 2.201 0.00120546 0.398347
80 2.202 0.00154345 0.216527
80 2.202 0.00116124 0.344791
80 2.202 0.00147459 0.269321
80 2.202 0.00151445 0.2543
80 2.202 0.00113099 0.310028
80 2.203 0.00112351 0.241641
80 2.203 0.00114911 0.390681
80 2.203 0.00075097 0.267774
80 2.203 0.00117354 0.326326
80 2.203 0.00125276 0.366692
80 2.204 0.00119144 0.196124
80 2.204 0.00167008 0.211685
80 2.204 0.00129764 0.222607
80 2.204 0.0014456 0.748971
80 2.204 0.00128264 0.248278
80 2.205 0.0011107 0.231856
80 2.205 0.00120946 0.294779
80 2.205 0.00117558 0.257423
80 2.205 0.0016484 0.549826
80 2.205 0.00126462 0.233679
80 2.206 0.00114837 0.35954
80 2.206 0.00146495 0.486083
80 2.206 0.00100805 0.277879
80 2.206 0.00188697 0.387344
80 2.206 0.00109564 0.497382
80 2.207 0.000992601 0.561829
80 2.207 0.00100706 0.446397
80 2.207 0.00140687 0.329611
80 2.207 0.00146466 0.61674
80 2.207 0.00111547 0.251986
80 2.208 0.00152542 0.288343
80 2.208 0.00153491 0.70093
80 2.208 0.0011885 0.261466
80 2.208 0.00159369 0.396027
80 2.208 0.00128338 0.272032
80 2.209 0.0010321 0.347715
80 2.209 0.00123597 0.374625
80 2.209 0.00125209 0.253615
80 2.209 0.00160682 0.49198
80 2.209 0.00117187 0.305451
80 2.21 0.00136551 0.880726
80 2.21 0.00120074 0.425671
80 2.21 0.00141911 0.470779
80 2.21 0.00127371 0.406337
80 2.21 0.00144692 0.459626
80 2.211 0.000843031 0.594559
80 2.211 0.0010388 0.294936
80 2.211 0.00118293 0.412835
80 2.211 0.00156999 0.351668
80 2.211 0.00121135 0.426813
80 2.212 0.00156822 0.246967
80 2.212 0.00142479 0.311954
80 2.212 0.00133909 0.29845
80 2.212 0.000991418 0.404161
80 2.212 0.00158513 0.5126
80 2.213 0.00107602 0.376767
80 2.213 0.000988505 0.615207
80 2.213 0.00100108 0.343106
80 2.213 0.00163977 0.517241
80 2.213 0.00135484 0.266422
80 2.214 0.00159178 0.564804
80 2.214 0.00136967 0.409729
80 2.214 0.00139492 0.486029
80 2.214 0.00154625 0.49128
80 2.214 0.00106634 0.590589
80 2.215 0.00113339 0.415526
80 2.215 0.00116052 0.363538
80 2.215 0.00186345 0.481423
80 2.215 0.00193907 0.34575
80 2.215 0.00103677 0.338873
80 2.216 0.00112131 0.36532
80 2.216 0.00109522 0.358015
80 2.216 0.00125905 0.619132
80 2.216 0.00179412 0.49188
80 2.216 0.00133492 0.540042
80 2.217 0.00153671 0.35966
80 2.217 0.00159814 0.487325
80 2.217 0.00121512 0.670079
80 2.217 0.0012971 0.578373
80 2.217 0.00120137 0.327643
80 2.218 0.00159054 0.483144
80 2.218 0.00137052 0.559684
80 2.218 0.00162457 0.567514
80 2.218 0.00105528 0.532533
80 2.218 0.00165555 0.65607
80 2.219 0.00120735 0.940719
80 2.219 0.00187855 2.04115
80 2.219 0.00156349 0.630367
80 2.219 0.0017053 0.769527
80 2.219 0.00152021 0.516028
80 2.22 0.00129595 0.425642
80 2.22 0.00115797 0.818721
80 2.22 0.00120312 0.587906
80 2.22 0.00123031 0.591961
80 2.22 0.00135837 0.523955
80 2.221 0.00169173 0.907402
80 2.221 0.00186182 0.827497
80 2.221 0.00159659 0.763517
80 2.221 0.0016847 1.34365
80 2.221 0.00129093 0.464872
80 2.222 0.00145471 0.487014
80 2.222 0.00148425 0.676107
80 2.222 0.0018624 0.721723
80 2.222 0.00155171 0.486346
80 2.222 0.00178667 0.890481
80 2.223 0.00135478 0.879153
80 2.223 0.00140621 0.747801
80 2.223 0.0016551 0.545227
80 2.223 0.00111301 0.625025
80 2.223 0.00154631 0.620699
80 2.224 0.00181576 0.610398
80 2.224 0.00137163 0.699013
80 2.224 0.00167361 1.41906
80 2.224 0.00176662 0.635486
80 2.224 0.00190373 0.537398
80 2.225 0.00134384 0.776492
80 2.225 0.00212439 1.00168
80 2.225 0.00148373 0.579921
80 2.225 0.00143601 0.693522
80 2.225 0.00128137 0.557221
80 2.226 0.00138069 0.724868
80 2.226 0.00147991 0.637638
80 2.226 0.00180309 0.718817
80 2.226 0.00145022 0.850869
80 2.226 0.00170799 0.700185
80 2.227 0.00192724 1.10807
80 2.227 0.00134917 0.953145
80 2.227 0.00171069 0.693713
80 2.227 0.00130093 0.649338
80 2.227 0.00162725 0.677977
80 2.228 0.00149946 0.56063
80 2.228 0.00167056 0.713666
80 2.228 0.00177169 0.672658
80 2.228 0.00148668 0.87922
80 2.228 0.00166452 1.22682
80 2.229 0.00223459 0.901435
80 2.229 0.00181349 0.895868
80 2.229 0.00174748 0.858142
80 2.229 0.00172448 0.991715
80 2.229 0.00143507 0.734281
80 2.23 0.00157141 0.720708
80 2.23 0.00191093 1.23839
80 2.23 0.00169757 0.776836
80 2.23 0.00188082 0.907731
80 2.23 0.00158441 0.97133
80 2.231 0.00149357 0.874092
80 2.231 0.00168444 1.44231
80 2.231 0.0013561 0.716548
80 2.231 0.00160709 0.928372
80 2.231 0.00171707 1.3544
80 2.232 0.00150973 0.93691
80 2.232 0.00184392 1.65706
80 2.232 0.0017918 1.16129
80 2.232 0.00196814 1.11444
80 2.232 0.00220736 0.94961
80 2.233 0.00200857 0.967516
80 2.233 0.00198809 1.07248
80 2.233 0.00219551 1.26687
80 2.233 0.00204613 0.939252
80 2.233 0.00208022 1.23552
80 2.234 0.0017808 1.25299
80 2.234 0.0021947 0.979332
80 2.234 0.00193424 1.2267
80 2.234 0.00257182 1.00561
80 2.234 0.0020346 1.19858
80 2.235 0.00164652 1.05623
80 2.235 0.00194465 1.49713
80 2.235 0.00198265 0.857315
80 2.235 0.00212719 1.36045
80 2.235 0.00206716 0.996345
80 2.236 0.00182888 1.2809
80 2.236 0.00234921 1.21658
80 2.236 0.00180145 0.980464
80 2.236 0.00236792 1.18172
80 2.236 0.00190278 1.35965
80 2.237 0.0023237 1.34975
80 2.237 0.00220076 1.74722
80 2.237 0.00217514 1.14927
80 2.237 0.00232678 0.882883
80 2.237 0.00248938 1.69762
80 2.238 0.00184561 1.42325
80 2.238 0.00197101 1.25283
80 2.238 0.00233185 1.39211
80 2.238 0.00178123 1.42234
80 2.238 0.00187913 2.16185
80 2.239 0.00234828 1.40537
80 2.239 0.00240564 1.10357
80 2.239 0.00199859 1.67622
80 2.239 0.00248683 1.57632
80 2.239 0.00209648 1.94165
80 2.24 0.00217616 1.27238
80 2.24 0.00245562 1.82019
80 2.24 0.00277802 1.51175
80 2.24 0.00210908 1.39719
80 2.24 0.00219405 1.45407
80 2.241 0.00222057 2.04836
80 2.241 0.00311707 1.80397
80 2.241 0.00196751 1.42634
80 2.241 0.00286801 1.34065
80 2.241 0.00203044 1.44551
80 2.242 0.00200544 1.18305
80 2.242 0.00258616 1.70261
80 2.242 0.00200967 1.25128
80 2.242 0.00262988 1.55974
80 2.242 0.00227978 1.87327
80 2.243 0.0019948 1.92735
80 2.243 0.00277055 1.74226
80 2.243 0.00252479 1.4943
80 2.243 0.00254189 1.71702
80 2.243 0.00247295 2.16207
80 2.244 0.00211007 1.47079
80 2.244 0.00214461 1.54951
80 2.244 0.00194949 1.63332
80 2.244 0.00261925 2.22431
80 2.244 0.00221797 1.79309
80 2.245 0.0023444 1.53424
80 2.245 0.00219303 1.9654
80 2.245 0.00278236 2.33978
80 2.245 0.00243634 1.81044
80 2.245 0.00224856 1.65432
80 2.246 0.00287746 1.82358
80 2.246 0.00298075 1.57617
80 2.246 0.0026916 1.81058
80 2.246 0.0025393 1.89268
80 2.246 0.0024481 2.08511
80 2.247 0.0024914 2.17885
80 2.247 0.00258638 2.20342
80 2.247 0.00309104 2.12335
80 2.247 0.00243467 2.17359
80 2.247 0.00355756 1.8713
80 2.248 0.00268855 2.14995
80 2.248 0.00307535 2.01686
80 2.248 0.00266461 1.56535
80 2.248 0.00224945 1.76931
80 2.248 0.00275688 1.81184
80 2.249 0.00280009 2.23555
80 2.249 0.00331399 2.00263
80 2.249 0.00229947 1.78575
80 2.249 0.00224011 1.62622
80 2.249 0.00238649 1.96276
80 2.25 0.00257643 1.90042
80 2.25 0.00291913 2.11766
80 2.25 0.00281444 1.83445
80 2.25 0.0027049 2.68137
80 2.25 0.00295005 2.04164
80 2.251 0.00330346 2.47006
80 2.251 0.00272558 2.08345
80 2.251 0.00295237 1.97478
80 2.251 0.00251527 1.99439
80 2.251 0.00308237 1.85554
80 2.252 0.00336867 2.4219
80 2.252 0.00286131 2.30637
80 2.252 0.00289548 2.00517
80 2.252 0.00290745 2.10232
80 2.252 0.00372312 2.53719
80 2.253 0.00306203 2.67973
80 2.253 0.00297814 2.3882
80 2.253 0.0031666 1.79627
80 2.253 0.00288585 1.76888
80 2.253 0.00251996 1.81364
80 2.254 0.00370945 2.4859
80 2.254 0.00301523 2.41961
80 2.254 0.00254805 2.03996
80 2.254 0.0033248 2.20739
80 2.254 0.00378814 2.77017
80 2.255 0.0034984 2.45292
80 2.255 0.00387619 2.18712
80 2.255 0.00308851 2.43363
80 2.255 0.00388221 2.63925
80 2.255 0.00360944 2.46965
80 2.256 0.00358525 2.67764
80 2.256 0.00289242 2.24455
80 2.256 0.00346118 2.74012
80 2.256 0.00312114 2.59921
80 2.256 0.0038213 2.95313
80 2.257 0.00367141 2.63378
80 2.257 0.00364228 2.40542
80 2.257 0.00403287 2.41234
80 2.257 0.00415142 2.93702
80 2.257 0.00404411 3.4018
80 2.258 0.00346202 2.6037
80 2.258 0.00379237 2.4646
80 2.258 0.00372212 2.65938
80 2.258 0.00314158 2.47426
80 2.258 0.00393544 2.61032
80 2.259 0.00379406 2.7779
80 2.259 0.00314506 2.44821
80 2.259 0.0032187 2.03394
80 2.259 0.00374718 2.78589
80 2.259 0.00358688 2.30214
80 2.26 0.00360939 2.79467
80 2.26 0.0038642 2.99829
80 2.26 0.00403907 2.69698
80 2.26 0.0039211 2.7621
80 2.26 0.0036377 2.80022
80 2.261 0.00372475 2.48071
80 2.261 0.00369221 2.69646
80 2.261 0.00413941 2.6197
80 2.261 0.00413759 3.3758
80 2.261 0.00471665 3.85254
80 2.262 0.00434045 2.75766
80 2.262 0.00349743 2.69053
80 2.262 0.00389777 2.74672
80 2.262 0.00454991 2.94603
80 2.262 0.00346737 2.50166
80 2.263 0.00385962 2.84436
80 2.263 0.0039668 3.07115
80 2.263 0.00395926 2.57203
80 2.263 0.00409793 3.12952
80 2.263 0.00409311 2.61969
80 2.264 0.00431573 3.29568
80 2.264 0.00398899 2.918
80 2.264 0.00400658 3.15965
80 2.264 0.00436101 2.89066
80 2.264 0.00387518 3.07506
80 2.265 0.0047054 2.7801
80 2.265 0.0039663 2.70692
80 2.265 0.00445045 2.70751
80 2.265 0.00419839 3.0683
80 2.265 0.0041803 2.57355
80 2.266 0.00456442 2.65765
80 2.266 0.00489357 3.01717
80 2.266 0.00372281 2.47148
80 2.266 0.00506934 3.60264
80 2.266 0.00485815 2.89778
80 2.267 0.0037538 2.5879
80 2.267 0.0043534 3.5166
80 2.267 0.00431191 3.38069
80 2.267 0.00413021 3.37246
80 2.267 0.00459694 3.29436
80 2.268 0.00476207 2.90557
80 2.268 0.00642076 5.53828
80 2.268 0.00416556 3.22565
80 2.268 0.00462177 3.45912
80 2.268 0.00394084 2.7974
80 2.269 0.00676497 6.38342
80 2.269 0.00466263 3.42144
80 2.269 0.00457422 3.23343
80 2.269 0.00498928 3.05358
80 2.269 0.00464983 3.20251
80 2.27 0.00605349 3.43361
80 2.27 0.00466808 3.24807
80 2.27 0.00855304 10.6909
80 2.27 0.00556536 4.39652
80 2.27 0.0059628 3.52125
80 2.271 0.00487349 3.3041
80 2.271 0.00560773 3.62256
80 2.271 0.0048918 3.03892
80 2.271 0.00528313 3.52608
80 2.271 0.0047201 3.21915
80 2.272 0.00460225 3.16822
80 2.272 0.00466823 3.31187
80 2.272 0.00568909 3.07687
80 2.272 0.00495814 3.36405
80 2.272 0.00441336 2.87493
80 2.273 0.00685562 4.92562
80 2.273 0.00457106 2.82801
80 2.273 0.00459988 2.85698
80 2.273 0.00579349 3.18744
80 2.273 0.0050983 3.1052
80 2.274 0.00472844 3.28557
80 2.274 0.00658489 5.30607
80 2.274 0.00477077 3.85156
80 2.274 0.00600756 3.32491
80 2.274 0.00498186 2.99894
80 2.275 0.0053764 3.11268
80 2.275 0.00607838 3.8992
80 2.275 0.00519334 3.30546
80 2.275 0.00413033 2.61684
80 2.275 0.00698174 6.40027
80 2.276 0.00624871 2.86542
80 2.276 0.00508349 3.0153
80 2.276 0.00588371 2.94156
80 2.276 0.00536144 2.84905
80 2.276 0.0047949 3.35379
80 2.277 0.0056864 3.35177
80 2.277 0.00626795 2.9779
80 2.277 0.00526539 3.02128
80 2.277 0.00542746 2.9039
80 2.277 0.00526554 3.19315
80 2.278 0.00557787 3.53897
80 2.278 0.00525823 3.24081
80 2.278 0.00613987 3.2907
80 2.278 0.0054964 3.26948
80 2.278 0.00621682 3.96594
80 2.279 0.00551456 3.21658
80 2.279 0.00591618 2.9128
80 2.279 0.00632753 3.14479
80 2.279 0.00618248 2.98451
80 2.279 0.00455097 2.86343
80 2.28 0.00580542 3.08457
80 2.28 0.00679816 3.12186
80 2.28 0.00516912 3.11471
80 2.28 0.00581812 2.83939
80 2.28 0.00662671 3.05525
80 2.281 0.00509595 3.38505
80 2.281 0.00588655 2.52579
80 2.281 0.00553331 2.66067
80 2.281 0.00640837 3.34
80 2.281 0.00504518 2.82089
80 2.282 0.00602471 3.36795
80 2.282 0.00685975 2.70824
80 2.282 0.00564204 2.88985
80 2.282 0.00598273 3.12482
80 2.282 0.00570152 3.41873
80 2.283 0.00579588 3.08599
80 2.283 0.00554614 2.687
80 2.283 0.00610794 3.601
80 2.283 0.0055562 2.77676
80 2.283 0.00652861 2.9601
80 2.284 0.00650045 3.87932
80 2.284 0.00545799 2.58145
80 2.284 0.00523877 2.61093
80 2.284 0.00661419 4.06166
80 2.284 0.0053205 2.48438
80 2.285 0.00545254 2.81525
80 2.285 0.00576242 3.26797
80 2.285 0.00569699 2.80019
80 2.285 0.0053859 2.89278
80 2.285 0.0057891 3.00598
80 2.286 0.00571079 2.68601
80 2.286 0.00621056 2.64605
80 2.286 0.00515398 2.28607
80 2.286 0.00598317 4.2021
80 2.286 0.00597666 2.53529
80 2.287 0.00552617 2.36591
80 2.287 0.0052165 2.68753
80 2.287 0.0057516 2.72694
80 2.287 0.00799662 6.13717
80 2.287 0.00547131 2.53345
80 2.288 0.00535614 2.7186
80 2.288 0.00511498 2.71691
80 2.288 0.00612085 2.4753
80 2.288 0.00591337 2.5928
80 2.288 0.00584429 2.51056
80 2.289 0.00562733 2.87063
80 2.289 0.00571665 2.61996
80 2.289 0.00538659 2.38765
80 2.289 0.00567567 2.50185
80 2.289 0.00565533 2.58835
80 2.29 0.00501699 2.4645
80 2.29 0.00664098 2.42
80 2.29 0.00600795 2.50271
80 2.29 0.00580084 2.79702
80 2.29 0.00640521 4.26067
80 2.291 0.00577928 2.40769
80 2.291 0.00571657 2.323
80 2.291 0.0060085 2.99675
80 2.291 0.00583368 2.67258
80 2.291 0.00517868 2.52438
80 2.292 0.00646861 2.16138
80 2.292 0.00575488 2.19869
80 2.292 0.00572353 2.18957
80 2.292 0.00662551 2.34588
80 2.292 0.00553768 2.48132
80 2.293 0.00598459 2.12371
80 2.293 0.00578845 2.26168
80 2.293 0.00633888 2.51941
80 2.293 0.00569129 2.41186
80 2.293 0.00723195 4.13728
80 2.294 0.00628271 2.66309
80 2.294 0.00677898 2.36051
80 2.294 0.00607669 2.41237
80 2.294 0.00626098 2.15722
80 2.294 0.00792233 2.73653
80 2.295 0.00576258 2.11101
80 2.295 0.00579473 2.28799
80 2.295 0.006523 2.18879
80 2.295 0.00573141 1.99651
80 2.295 0.00583921 2.17602
80 2.296 0.00523604 2.01021
80 2.296 0.00681447 2.23291
80 2.296 0.00594046 2.28912
80 2.296 0.00627605 2.67361
80 2.296 0.00566856 2.31709
80 2.297 0.00576057 2.61765
80 2.297 0.00547864 2.16772
80 2.297 0.00718459 2.00686
80 2.297 0.00584702 2.24009
80 2.297 0.00680524 2.07626
80 2.298 0.00570336 2.07467
80 2.298 0.00654106 1.98803
80 2.298 0.00634717 2.01207
80 2.298 0.00668505 2.23887
80 2.298 0.00535118 1.98704
80 2.299 0.00597282 2.47277
80 2.299 0.00530461 1.91717
80 2.299 0.00523358 1.69609
80 2.299 0.00559648 2.23022
80 2.299 0.00732215 4.34658
80 2.3 0.00642498 1.99766
80 2.3 0.0064968 1.8823
80 2.3 0.00590288 1.77499
80 2.3 0.00578562 1.95725
80 2.3 0.00714967 2.06574
80 2.301 0.0070985 2.07534
80 2.301 0.00592584 1.93724
80 2.301 0.00621482 1.81283
80 2.301 0.00550072 2.0389
80 2.301 0.00661364 1.9817
80 2.302 0.00559654 1.83611
80 2.302 0.00575787 1.75303
80 2.302 0.00555393 1.8945
80 2.302 0.00579217 1.94656
80 2.302 0.0052525 2.09058
80 2.303 0.00629771 1.91123
80 2.303 0.00558395 1.906
80 2.303 0.00622955 2.34091
80 2.303 0.00554023 1.97003
80 2.303 0.00582083 1.78831
80 2.304 0.00605153 1.99331
80 2.304 0.00546636 2.19883
80 2.304 0.00618601 2.03174
80 2.304 0.00591307 1.80548
80 2.304 0.00537887 2.01778
80 2.305 0.00519441 1.95474
80 2.305 0.00795743 2.89518
80 2.305 0.00811178 3.21642
80 2.305 0.00516995 1.7604
80 2.305 0.00548896 1.92982
80 2.306 0.00552911 2.21928
80 2.306 0.00521868 1.77342
80 2.306 0.00498676 1.75508
80 2.306 0.00555079 1.98385
80 2.306 0.00630641 1.85436
80 2.307 0.00608835 1.92593
80 2.307 0.0050227 1.87236
80 2.307 0.00547727 2.13598
80 2.307 0.00512751 1.99723
80 2.307 0.00525972 2.22801
80 2.308 0.0076753 2.63843
80 2.308 0.00476071 1.69182
80 2.308 0.00548754 2.03673
80 2.308 0.00667507 1.98395
80 2.308 0.00647881 1.78988
80 2.309 0.005617 2.28587
80 2.309 0.00507124 1.91148
80 2.309 0.00548679 1.87298
80 2.309 0.0058893 2.13206
80 2.309 0.00626213 2.08354
80 2.31 0.00533178 1.94237
80 2.31 0.00624446 1.85229
80 2.31 0.00636186 1.88692
80 2.31 0.00577767 1.90372
80 2.31 0.00503753 1.8634
80 2.311 0.00773342 3.63802
80 2.311 0.00567177 2.06988
80 2.311 0.0051037 2.1431
80 2.311 0.00573363 2.05647
80 2.311 0.0050919 1.97633
80 2.312 0.00567851 1.97552
80 2.312 0.00515175 1.99889
80 2.312 0.00507948 2.00285
80 2.312 0.00522951 2.06922
80 2.312 0.00522394 1.82018
80 2.313 0.00496436 2.02005
80 2.313 0.00601456 2.50733
80 2.313 0.00504509 1.8224
80 2.313 0.0050834 1.79169
80 2.313 0.00709219 2.69379
80 2.314 0.00520806 1.99393
80 2.314 0.0051016 2.22292
80 2.314 0.00530857 1.89038
80 2.314 0.00536923 1.98528
80 2.314 0.00563508 1.77939
80 2.315 0.00537711 1.92283
80 2.315 0.0064061 2.00911
80 2.315 0.00509465 2.07778
80 2.315 0.00502793 2.51349
80 2.315 0.0048977 1.83529
80 2.316 0.00616561 1.78075
80 2.316 0.00617751 2.0605
80 2.316 0.00521723 2.13094
80 2.316 0.00499637 1.91464
80 2.316 0.00529924 2.11111
80 2.317 0.00474237 1.85773
80 2.317 0.00520436 1.72596
80 2.317 0.00471933 1.60274
80 2.317 0.00730804 2.59202
80 2.317 0.00760822 3.37452
80 2.318 0.00510724 1.83625
80 2.318 0.00504629 1.75014
80 2.318 0.00741362 3.35832
80 2.318 0.00475956 1.7236
80 2.318 0.00455403 1.8422
80 2.319 0.0050418 1.85613
80 2.319 0.00546674 1.84155
80 2.319 0.00483268 1.88047
80 2.319 0.00463026 1.76639
80 2.319 0.00560252 1.98357
80 2.32 0.00436109 1.91755
80 2.32 0.00484915 1.97897
80 2.32 0.00514795 1.96584
80 2.32 0.00461555 1.99676
80 2.32 0.00508633 2.02547
80 2.321 0.00450684 2.00159
80 2.321 0.0048754 1.88854
80 2.321 0.00569865 2.33378
80 2.321 0.00448239 1.61649
80 2.321 0.00488996 2.14603
80 2.322 0.00478954 1.74267
80 2.322 0.0045908 1.74597
80 2.322 0.00475095 1.79839
80 2.322 0.00496077 2.028
80 2.322 0.0045259 2.04006
80 2.323 0.00540013 1.89475
80 2.323 0.00472182 1.73541
80 2.323 0.00517562 1.92993
80 2.323 0.00458711 1.92539
80 2.323 0.0049753 1.85877
80 2.324 0.00471044 1.74302
80 2.324 0.00499898 1.91851
80 2.324 0.00430287 1.61571
80 2.324 0.00495111 1.91947
80 2.324 0.00521871 2.00112
80 2.325 0.00487453 1.91727
80 2.325 0.00474349 2.21141
80 2.325 0.00454619 1.95185
80 2.325 0.00459965 1.8025
80 2.325 0.0043448 1.54756
80 2.326 0.0046943 1.78263
80 2.326 0.00475146 2.06601
80 2.326 0.00477062 1.83602
80 2.326 0.00505219 1.71555
80 2.326 0.00497315 1.9753
80 2.327 0.00470417 2.05332
80 2.327 0.0044761 1.92726
80 2.327 0.00517807 2.00708
80 2.327 0.00494571 1.76672
80 2.327 0.00507587 1.8957
80 2.328 0.00505657 1.891
80 2.328 0.00447656 1.86684
80 2.328 0.0047461 2.05246
80 2.328 0.00452912 1.94333
80 2.328 0.00483399 1.82818
80 2.329 0.00430663 1.90002
80 2.329 0.00446187 1.68023
80 2.329 0.00378899 1.78298
80 2.329 0.00443231 1.87121
80 2.329 0.00418156 1.73105
80 2.33 0.00445664 1.75627
80 2.33 0.00418794 1.69636
80 2.33 0.0044963 1.75346
80 2.33 0.00436053 1.80999
80 2.33 0.00362886 1.63003
80 2.331 0.00441433 1.76098
80 2.331 0.00436572 1.91895
80 2.331 0.00429504 1.70763
80 2.331 0.00384339 1.75926
80 2.331 0.00424852 1.74087
80 2.332 0.00420642 1.75593
80 2.332 0.00429112 1.81573
80 2.332 0.00423724 1.70751
80 2.332 0.00452494 1.74052
80 2.332 0.00409256 1.9133
80 2.333 0.00523247 1.73728
80 2.333 0.00525566 1.81255
80 2.333 0.00623583 3.87557
80 2.333 0.00668669 3.13046
80 2.333 0.00466203 1.65081
80 2.334 0.00411295 1.78364
80 2.334 0.00413191 1.81828
80 2.334 0.00469313 1.8932
80 2.334 0.00441519 1.72286
80 2.334 0.0041407 1.7233
80 2.335 0.00445132 1.61882
80 2.335 0.0059966 2.21062
80 2.335 0.0038335 1.67233
80 2.335 0.00385906 1.72133
80 2.335 0.00479858 1.83833
80 2.336 0.00423234 1.74833
80 2.336 0.00507183 2.10959
80 2.336 0.00411178 1.77698
80 2.336 0.00387373 1.83571
80 2.336 0.00419252 1.62609
80 2.337 0.00392463 1.53731
80 2.337 0.0035621 1.59843
80 2.337 0.00399418 1.72885
80 2.337 0.00368285 1.69858
80 2.337 0.00465782 1.65749
80 2.338 0.00385988 1.72651
80 2.338 0.00391624 1.55804
80 2.338 0.00449542 1.90579
80 2.338 0.00367253 1.51842
80 2.338 0.00474227 1.67485
80 2.339 0.00376503 1.6744
80 2.339 0.00738255 4.51024
80 2.339 0.00406305 1.8919
80 2.339 0.00406079 1.73302
80 2.339 0.00540642 1.86026
80 2.34 0.00379966 1.57527
80 2.34 0.00474875 1.85707
80 2.34 0.00451756 1.6802
80 2.34 0.00406791 1.89324
80 2.34 0.00379969 1.4774
80 2.341 0.00367714 1.51342
80 2.341 0.00396658 1.70742
80 2.341 0.00388766 1.83495
80 2.341 0.00415635 1.75992
80 2.341 0.00403066 1.52583
80 2.342 0.00437611 1.90155
80 2.342 0.00380572 1.68728
80 2.342 0.00433537 1.81006
80 2.342 0.00376847 1.75765
80 2.342 0.00460512 1.641
80 2.343 0.00401073 1.55562
80 2.343 0.00422971 1.55123
80 2.343 0.00357678 1.5007
80 2.343 0.00388095 1.8927
80 2.343 0.00448732 1.7318
80 2.344 0.00488224 1.67658
80 2.344 0.00376899 1.66386
80 2.344 0.0038294 1.82477
80 2.344 0.00434131 1.6488
80 2.344 0.00371528 1.54939
80 2.345 0.00382636 1.55649
80 2.345 0.00444474 1.62665
80 2.345 0.00395117 1.69807
80 2.345 0.00470464 1.92854
80 2.345 0.00408042 1.66535
80 2.346 0.00357475 1.60095
80 2.346 0.00387483 1.66059
80 2.346 0.00406915 1.6331
80 2.346 0.00363565 1.61342
80 2.346 0.00361673 1.66078
80 2.347 0.00486946 1.4354
80 2.347 0.00468039 1.54156
80 2.347 0.00390263 1.71707
80 2.347 0.00382065 1.49132
80 2.347 0.0047737 2.31855
80 2.348 0.00375438 1.54722
80 2.348 0.00376881 1.62073
80 2.348 0.00358942 1.40653
80 2.348 0.00363089 1.41873
80 2.348 0.0055347 2.50916
80 2.349 0.00477487 1.59278
80 2.349 0.00329388 1.48749
80 2.349 0.00359299 1.73059
80 2.349 0.00418506 1.54963
80 2.349 0.00368959 1.52314
