size temperature m m2 m4 mag_sus 
10 1.5 0.997758 0.995575 0.991381 0.00363023 
10 1.5 0.997854 0.995763 0.991738 0.00334365 
10 1.5 0.997806 0.995669 0.991561 0.00350576 
10 1.505 0.997802 0.995662 0.991547 0.00351421 
10 1.505 0.99782 0.995699 0.991623 0.00357526 
10 1.505 0.997776 0.99561 0.991445 0.00353049 
10 1.51 0.997658 0.995375 0.990981 0.00357053 
10 1.51 0.997752 0.995561 0.991343 0.00344281 
10 1.51 0.997682 0.995426 0.991091 0.00374218 
10 1.515 0.997782 0.995621 0.99146 0.00340597 
10 1.515 0.99766 0.995381 0.990996 0.00364121 
10 1.515 0.997758 0.995576 0.991385 0.00364709 
10 1.52 0.997586 0.995238 0.990731 0.00395609 
10 1.52 0.997644 0.995352 0.990951 0.00384008 
10 1.52 0.997558 0.99518 0.99061 0.00384715 
10 1.525 0.99759 0.995244 0.990736 0.00381849 
10 1.525 0.99752 0.995108 0.990476 0.00402948 
10 1.525 0.997618 0.995296 0.990824 0.0035545 
10 1.53 0.997602 0.995269 0.990787 0.00384638 
10 1.53 0.997402 0.994874 0.99002 0.00414186 
10 1.53 0.997556 0.995178 0.990608 0.00389195 
10 1.535 0.997364 0.994799 0.98987 0.00414407 
10 1.535 0.997484 0.995035 0.990328 0.0039394 
10 1.535 0.997446 0.994962 0.990196 0.00415356 
10 1.54 0.997638 0.995337 0.990911 0.00359876 
10 1.54 0.997386 0.994839 0.989938 0.00390695 
10 1.54 0.997366 0.994801 0.989867 0.00400922 
10 1.545 0.997396 0.994862 0.989992 0.00406079 
10 1.545 0.997292 0.994656 0.98959 0.00417519 
10 1.545 0.997266 0.994608 0.98951 0.00444824 
10 1.55 0.99724 0.994555 0.989401 0.00435499 
10 1.55 0.997102 0.994285 0.988885 0.00471494 
10 1.55 0.997242 0.99456 0.989413 0.0044099 
10 1.555 0.997182 0.994439 0.989166 0.00429189 
10 1.555 0.997292 0.994659 0.989609 0.00436442 
10 1.555 0.997262 0.994597 0.989476 0.00420729 
10 1.56 0.99708 0.99424 0.988791 0.00460728 
10 1.56 0.997016 0.994118 0.988568 0.00495229 
10 1.56 0.997074 0.994229 0.988769 0.00462298 
10 1.565 0.997014 0.994109 0.988533 0.00462644 
10 1.565 0.996998 0.994077 0.988469 0.00461521 
10 1.565 0.997024 0.994131 0.988584 0.00476571 
10 1.57 0.996846 0.993782 0.987912 0.00511671 
10 1.57 0.997068 0.994216 0.988738 0.00451741 
10 1.57 0.99687 0.993831 0.98801 0.0051416 
10 1.575 0.996774 0.993639 0.98763 0.00512717 
10 1.575 0.996792 0.993675 0.987702 0.00513198 
10 1.575 0.996896 0.993878 0.98809 0.00487398 
10 1.58 0.99691 0.993905 0.988138 0.00477544 
10 1.58 0.996686 0.993466 0.987295 0.00526692 
10 1.58 0.996792 0.993673 0.987691 0.00499422 
10 1.585 0.996708 0.99351 0.987384 0.0052721 
10 1.585 0.996768 0.993628 0.987608 0.00512518 
10 1.585 0.996728 0.993548 0.987451 0.00512391 
10 1.59 0.996714 0.99352 0.987394 0.00509951 
10 1.59 0.996492 0.99309 0.98659 0.00591786 
10 1.59 0.99676 0.993612 0.987576 0.00509575 
10 1.595 0.996584 0.993264 0.9869 0.00531228 
10 1.595 0.996452 0.993005 0.986399 0.00554055 
10 1.595 0.996564 0.993225 0.986825 0.00534883 
10 1.6 0.99647 0.993038 0.986455 0.00534369 
10 1.6 0.99641 0.992923 0.986246 0.00566199 
10 1.6 0.996748 0.99359 0.987544 0.00523403 
10 1.605 0.996436 0.992978 0.986363 0.00583788 
10 1.605 0.996524 0.993145 0.986663 0.00526838 
10 1.605 0.996332 0.992773 0.985962 0.00592559 
10 1.61 0.996296 0.992699 0.98581 0.00578636 
10 1.61 0.996196 0.992507 0.985456 0.00625153 
10 1.61 0.99625 0.992615 0.985669 0.00627935 
10 1.615 0.996392 0.992889 0.98618 0.00567321 
10 1.615 0.996258 0.992629 0.98569 0.00611997 
10 1.615 0.996376 0.992854 0.986104 0.0055323 
10 1.62 0.99602 0.992159 0.984774 0.00635059 
10 1.62 0.996284 0.992675 0.985764 0.00576984 
10 1.62 0.996122 0.992361 0.985174 0.00631859 
10 1.625 0.996176 0.992465 0.985367 0.00607612 
10 1.625 0.995992 0.9921 0.984644 0.00612037 
10 1.625 0.996146 0.992407 0.985254 0.00614318 
10 1.63 0.995798 0.991721 0.983923 0.00659038 
10 1.63 0.99604 0.99219 0.984802 0.00575696 
10 1.63 0.995992 0.992102 0.984659 0.00626846 
10 1.635 0.995986 0.992094 0.984656 0.00648366 
10 1.635 0.996018 0.992158 0.984783 0.00648463 
10 1.635 0.995854 0.991833 0.984149 0.00662328 
10 1.64 0.996004 0.992129 0.984725 0.00642634 
10 1.64 0.995694 0.991524 0.983569 0.00715966 
10 1.64 0.995682 0.991499 0.983513 0.0070753 
10 1.645 0.99578 0.991686 0.983854 0.00655268 
10 1.645 0.995504 0.991147 0.982824 0.00720887 
10 1.645 0.995914 0.991948 0.984358 0.00628235 
10 1.65 0.995564 0.991264 0.98305 0.00706921 
10 1.65 0.995578 0.991294 0.983119 0.00720521 
10 1.65 0.995538 0.991209 0.982927 0.00682488 
10 1.655 0.995534 0.991204 0.982931 0.00702446 
10 1.655 0.995414 0.990965 0.982457 0.007012 
10 1.655 0.995576 0.991284 0.983075 0.00678358 
10 1.66 0.995178 0.99051 0.981609 0.00786436 
10 1.66 0.99531 0.990761 0.982067 0.00719301 
10 1.66 0.995422 0.990985 0.982512 0.00725072 
10 1.665 0.995242 0.990629 0.981814 0.00732982 
10 1.665 0.995402 0.990941 0.982412 0.00698249 
10 1.665 0.995414 0.990968 0.982474 0.00715247 
10 1.67 0.995324 0.990793 0.98214 0.0073518 
10 1.67 0.99507 0.99029 0.981158 0.00753384 
10 1.67 0.995198 0.990544 0.981658 0.00749825 
10 1.675 0.9952 0.990554 0.981694 0.00779463 
10 1.675 0.995196 0.990546 0.981679 0.00779233 
10 1.675 0.995066 0.990282 0.981143 0.00752332 
10 1.68 0.994934 0.990021 0.98063 0.00757474 
10 1.68 0.994868 0.989899 0.980422 0.00812277 
10 1.68 0.995152 0.990451 0.981466 0.00733434 
10 1.685 0.99504 0.990235 0.981066 0.0077459 
10 1.685 0.994928 0.990013 0.980631 0.0078169 
10 1.685 0.99496 0.990079 0.980768 0.00793581 
10 1.69 0.994978 0.990115 0.980837 0.00789228 
10 1.69 0.994896 0.989955 0.980535 0.00811534 
10 1.69 0.994598 0.989368 0.979398 0.00847683 
10 1.695 0.994802 0.98977 0.980178 0.0082207 
10 1.695 0.994616 0.989404 0.97947 0.00846564 
10 1.695 0.994824 0.989816 0.980274 0.00834979 
10 1.7 0.99459 0.98935 0.979354 0.00829952 
10 1.7 0.994544 0.98926 0.979182 0.00839012 
10 1.7 0.994686 0.989542 0.979734 0.00832714 
10 1.705 0.994136 0.988467 0.977679 0.00940842 
10 1.705 0.994514 0.989202 0.97907 0.0084143 
10 1.705 0.994472 0.989125 0.978943 0.00883526 
10 1.71 0.994384 0.988953 0.978611 0.00895325 
10 1.71 0.994608 0.989395 0.979472 0.00875125 
10 1.71 0.994462 0.989104 0.978894 0.00870705 
10 1.715 0.994374 0.988924 0.978526 0.00844246 
10 1.715 0.994338 0.988862 0.978434 0.00895987 
10 1.715 0.994294 0.988776 0.978272 0.00908464 
10 1.72 0.994296 0.988778 0.978266 0.00889444 
10 1.72 0.994362 0.988909 0.97852 0.00889378 
10 1.72 0.994106 0.988403 0.977535 0.00905702 
10 1.725 0.994148 0.988481 0.977671 0.00872777 
10 1.725 0.993984 0.988167 0.977097 0.00946364 
10 1.725 0.993986 0.988165 0.977072 0.00910561 
10 1.73 0.993826 0.987857 0.976497 0.00965097 
10 1.73 0.993956 0.988113 0.976994 0.00950463 
10 1.73 0.993996 0.988188 0.977129 0.0092689 
10 1.735 0.993868 0.987935 0.976634 0.00932326 
10 1.735 0.99374 0.987693 0.976195 0.0100065 
10 1.735 0.993584 0.987384 0.975591 0.0100585 
10 1.74 0.993766 0.98775 0.976323 0.01027 
10 1.74 0.993456 0.98714 0.975145 0.0106285 
10 1.74 0.993852 0.98792 0.976655 0.0102231 
10 1.745 0.993512 0.987243 0.975321 0.010131 
10 1.745 0.993554 0.987325 0.975477 0.0100406 
10 1.745 0.993298 0.98683 0.974549 0.0108288 
10 1.75 0.993598 0.987407 0.975623 0.00974254 
10 1.75 0.99326 0.986753 0.974395 0.010739 
10 1.75 0.993396 0.987025 0.974935 0.0108244 
10 1.755 0.993144 0.986518 0.973918 0.0104544 
10 1.755 0.9933 0.986832 0.974547 0.0106524 
10 1.755 0.993116 0.986479 0.973894 0.0113579 
10 1.76 0.99301 0.986264 0.973457 0.0110716 
10 1.76 0.993196 0.986625 0.974138 0.0106333 
10 1.76 0.992954 0.986156 0.973252 0.0112451 
10 1.765 0.993002 0.986247 0.973419 0.0109886 
10 1.765 0.992962 0.986162 0.973234 0.0106893 
10 1.765 0.99302 0.986281 0.973483 0.0109099 
10 1.77 0.992672 0.985596 0.97215 0.0111763 
10 1.77 0.992548 0.985381 0.971835 0.0129891 
10 1.77 0.992472 0.985215 0.971461 0.0121203 
10 1.775 0.992866 0.985975 0.972876 0.0108003 
10 1.775 0.99287 0.985994 0.972952 0.0114255 
10 1.775 0.992942 0.986121 0.973148 0.0105411 
10 1.78 0.992622 0.985512 0.972043 0.0120138 
10 1.78 0.992612 0.985475 0.971911 0.0110594 
10 1.78 0.992598 0.985459 0.971921 0.0117017 
10 1.785 0.992314 0.984903 0.970853 0.0121101 
10 1.785 0.992332 0.984941 0.970933 0.0122444 
10 1.785 0.992614 0.985493 0.971995 0.0117987 
10 1.79 0.992316 0.984903 0.970834 0.0118255 
10 1.79 0.992234 0.98475 0.970571 0.0123782 
10 1.79 0.992094 0.984474 0.970036 0.0124925 
10 1.795 0.991874 0.984043 0.969205 0.0127291 
10 1.795 0.992028 0.984349 0.969812 0.0128026 
10 1.795 0.991756 0.983819 0.968799 0.0132967 
10 1.8 0.991996 0.98429 0.969707 0.0130053 
10 1.8 0.992086 0.984465 0.970038 0.0127805 
10 1.8 0.991938 0.98417 0.969456 0.0127469 
10 1.805 0.991916 0.984123 0.969348 0.0124814 
10 1.805 0.991722 0.983741 0.96861 0.0126357 
10 1.805 0.992046 0.98439 0.969909 0.0130069 
10 1.81 0.991628 0.983566 0.968306 0.0132282 
10 1.81 0.99172 0.983743 0.968637 0.0129504 
10 1.81 0.991674 0.983652 0.968462 0.0129722 
10 1.815 0.991528 0.98336 0.967879 0.0128212 
10 1.815 0.99131 0.982952 0.967159 0.0141071 
10 1.815 0.991564 0.983443 0.968072 0.0134189 
10 1.82 0.991384 0.983082 0.967357 0.0131739 
10 1.82 0.991196 0.982718 0.966677 0.0136709 
10 1.82 0.991516 0.98334 0.96785 0.0129419 
10 1.825 0.99109 0.982535 0.966403 0.0150933 
10 1.825 0.990706 0.981771 0.964905 0.0149645 
10 1.825 0.991304 0.982926 0.967064 0.0132986 
10 1.83 0.99083 0.982011 0.965354 0.0146115 
10 1.83 0.99098 0.982301 0.965898 0.0141989 
10 1.83 0.990754 0.981869 0.965099 0.0150422 
10 1.835 0.991032 0.9824 0.966073 0.013906 
10 1.835 0.990926 0.982193 0.96568 0.0141048 
10 1.835 0.990888 0.982116 0.965523 0.0140126 
10 1.84 0.990852 0.98206 0.96546 0.0147823 
10 1.84 0.99074 0.98184 0.965037 0.014905 
10 1.84 0.990624 0.98161 0.964587 0.0148919 
10 1.845 0.990468 0.981304 0.964003 0.0150472 
10 1.845 0.990594 0.981551 0.964474 0.0148535 
10 1.845 0.990446 0.981256 0.963891 0.0147578 
10 1.85 0.990304 0.980978 0.963359 0.0149096 
10 1.85 0.990138 0.980661 0.962781 0.0155752 
10 1.85 0.990212 0.980812 0.963093 0.0158159 
10 1.855 0.990354 0.981072 0.963525 0.0146003 
10 1.855 0.990016 0.980423 0.962326 0.0157154 
10 1.855 0.990038 0.980479 0.962466 0.0163881 
10 1.86 0.990018 0.980407 0.962227 0.014615 
10 1.86 0.989852 0.980112 0.96176 0.0163902 
10 1.86 0.989928 0.980256 0.96202 0.0160427 
10 1.865 0.98976 0.979936 0.961437 0.0166704 
10 1.865 0.98976 0.979919 0.961346 0.015761 
10 1.865 0.989714 0.979849 0.961283 0.016905 
10 1.87 0.989416 0.979259 0.96013 0.0168245 
10 1.87 0.989562 0.979556 0.960735 0.0172646 
10 1.87 0.989618 0.979648 0.960856 0.0162788 
10 1.875 0.989256 0.978953 0.959565 0.0173699 
10 1.875 0.989024 0.978514 0.958774 0.0184025 
10 1.875 0.989514 0.979444 0.960459 0.0162989 
10 1.88 0.988548 0.977566 0.956903 0.0180368 
10 1.88 0.98929 0.979018 0.959686 0.0171902 
10 1.88 0.989098 0.97863 0.958902 0.0167695 
10 1.885 0.988686 0.977835 0.957409 0.0177461 
10 1.885 0.98903 0.978511 0.95872 0.0175246 
10 1.885 0.98893 0.978324 0.958389 0.0181292 
10 1.89 0.98857 0.977623 0.95706 0.0186643 
10 1.89 0.988974 0.978406 0.958537 0.0178067 
10 1.89 0.988722 0.97792 0.957624 0.0184363 
10 1.895 0.988554 0.977582 0.956945 0.0180765 
10 1.895 0.98856 0.977595 0.95698 0.0181829 
10 1.895 0.988916 0.978283 0.95827 0.0173311 
10 1.9 0.9882 0.976896 0.955656 0.0187558 
10 1.9 0.988558 0.97759 0.956968 0.018059 
10 1.9 0.988046 0.976616 0.955191 0.0200559 
10 1.905 0.98816 0.97684 0.955625 0.0199126 
10 1.905 0.988246 0.976992 0.955863 0.0189797 
10 1.905 0.988104 0.976723 0.955374 0.019595 
10 1.91 0.98813 0.976767 0.95544 0.0191761 
10 1.91 0.98794 0.976393 0.954717 0.0192375 
10 1.91 0.98787 0.976277 0.954564 0.0204117 
10 1.915 0.987954 0.976407 0.954697 0.0184885 
10 1.915 0.987514 0.975578 0.953215 0.0205901 
10 1.915 0.987702 0.975936 0.953866 0.0198851 
10 1.92 0.98756 0.97567 0.953398 0.0205899 
10 1.92 0.987404 0.97537 0.952842 0.0210073 
10 1.92 0.98749 0.975531 0.953124 0.0205385 
10 1.925 0.987066 0.974703 0.951547 0.0209762 
10 1.925 0.987588 0.975723 0.953498 0.0204354 
10 1.925 0.987606 0.975754 0.953545 0.0201906 
10 1.93 0.987004 0.974599 0.951399 0.0218893 
10 1.93 0.987302 0.975162 0.952414 0.0205348 
10 1.93 0.987198 0.974954 0.952003 0.0204098 
10 1.935 0.98695 0.974495 0.951204 0.0219275 
10 1.935 0.986358 0.973319 0.948905 0.0215615 
10 1.935 0.986722 0.974038 0.950306 0.0215925 
10 1.94 0.986616 0.973826 0.949879 0.0213767 
10 1.94 0.986844 0.974293 0.950832 0.0222495 
10 1.94 0.986584 0.973782 0.949858 0.0223511 
10 1.945 0.9863 0.973238 0.948856 0.023144 
10 1.945 0.98652 0.973641 0.949537 0.0215635 
10 1.945 0.985976 0.9726 0.947613 0.0231922 
10 1.95 0.986032 0.972692 0.947739 0.0222038 
10 1.95 0.986286 0.973203 0.948763 0.0227142 
10 1.95 0.98602 0.972683 0.947743 0.0229456 
10 1.955 0.985864 0.972398 0.947278 0.0240703 
10 1.955 0.986036 0.972721 0.947861 0.0232085 
10 1.955 0.986016 0.972684 0.947802 0.0233559 
10 1.96 0.985712 0.972095 0.946689 0.0238129 
10 1.96 0.98548 0.97165 0.945865 0.0244474 
10 1.96 0.985658 0.971998 0.946529 0.0243034 
10 1.965 0.985566 0.9718 0.946098 0.0233862 
10 1.965 0.98571 0.972069 0.946567 0.02264 
10 1.965 0.985206 0.971129 0.94492 0.0253424 
10 1.97 0.984774 0.97027 0.943234 0.0248715 
10 1.97 0.98542 0.971522 0.945581 0.0238205 
10 1.97 0.985138 0.970982 0.944587 0.0246193 
10 1.975 0.984786 0.970304 0.943335 0.0253617 
10 1.975 0.984654 0.970037 0.942795 0.0249793 
10 1.975 0.98529 0.971262 0.945072 0.0235654 
10 1.98 0.984646 0.970029 0.942799 0.0252997 
10 1.98 0.984532 0.969831 0.942503 0.0266556 
10 1.98 0.984662 0.970053 0.942824 0.0249569 
10 1.985 0.983962 0.968735 0.940477 0.0279024 
10 1.985 0.984342 0.969447 0.941732 0.0261112 
10 1.985 0.984398 0.969563 0.941959 0.0263525 
10 1.99 0.984492 0.96972 0.942188 0.0249117 
10 1.99 0.98384 0.968492 0.939996 0.0276731 
10 1.99 0.983994 0.968788 0.940536 0.027329 
10 1.995 0.983962 0.968705 0.940317 0.0262708 
10 1.995 0.983814 0.968414 0.939751 0.0262483 
10 1.995 0.983924 0.96863 0.94017 0.0262277 
10 2 0.983746 0.968293 0.939565 0.0268564 
10 2 0.98357 0.967949 0.938906 0.0269608 
10 2 0.983584 0.968013 0.939138 0.0287857 
10 2.005 0.983182 0.967205 0.937529 0.0278621 
10 2.005 0.98334 0.96753 0.938206 0.0285269 
10 2.005 0.983602 0.968101 0.939289 0.031303 
10 2.01 0.98318 0.967224 0.937638 0.0289337 
10 2.01 0.983074 0.967011 0.937213 0.0286941 
10 2.01 0.983006 0.966861 0.936872 0.0278629 
10 2.015 0.982324 0.965575 0.934571 0.0305131 
10 2.015 0.982888 0.966658 0.936578 0.0292556 
10 2.015 0.983262 0.967361 0.93783 0.0276506 
10 2.02 0.98272 0.966329 0.935952 0.0292377 
10 2.02 0.982312 0.965565 0.93458 0.0311057 
10 2.02 0.982512 0.965932 0.935215 0.0297906 
10 2.025 0.982292 0.965531 0.934546 0.0312744 
10 2.025 0.9824 0.965696 0.93471 0.028962 
10 2.025 0.981804 0.964558 0.932624 0.0305672 
10 2.03 0.981456 0.963893 0.931416 0.0313951 
10 2.03 0.981626 0.964231 0.932069 0.0316037 
10 2.03 0.9814 0.963803 0.931304 0.0323685 
10 2.035 0.981462 0.963923 0.93153 0.0321839 
10 2.035 0.981574 0.964151 0.931977 0.0325957 
10 2.035 0.981914 0.964775 0.933051 0.0304578 
10 2.04 0.981356 0.963718 0.931144 0.0322903 
10 2.04 0.980988 0.963019 0.929863 0.0333914 
10 2.04 0.981336 0.963668 0.931013 0.0317321 
10 2.045 0.981162 0.963341 0.930418 0.0323702 
10 2.045 0.98104 0.963147 0.930171 0.0346033 
10 2.045 0.980906 0.962855 0.929533 0.033155 
10 2.05 0.98075 0.962556 0.928972 0.0334223 
10 2.05 0.980658 0.962365 0.928595 0.0328979 
10 2.05 0.980532 0.962151 0.928277 0.0345228 
10 2.055 0.98088 0.962798 0.929422 0.0327214 
10 2.055 0.979946 0.960989 0.926021 0.0338042 
10 2.055 0.980128 0.961405 0.926956 0.0366902 
10 2.06 0.979758 0.960637 0.925397 0.0345506 
10 2.06 0.980342 0.9618 0.927678 0.0354099 
10 2.06 0.980324 0.961734 0.927456 0.0339211 
10 2.065 0.979686 0.960515 0.925228 0.0353637 
10 2.065 0.97957 0.960293 0.924815 0.0356424 
10 2.065 0.979476 0.960126 0.924541 0.0364768 
10 2.07 0.979402 0.959964 0.924175 0.0355248 
10 2.07 0.9794 0.959931 0.924036 0.0341353 
10 2.07 0.979098 0.959359 0.922999 0.0350892 
10 2.075 0.978594 0.958431 0.921403 0.0378247 
10 2.075 0.979334 0.959825 0.923904 0.035196 
10 2.075 0.978878 0.958991 0.922484 0.0380097 
10 2.08 0.97923 0.959639 0.923598 0.0359273 
10 2.08 0.978546 0.958316 0.921119 0.0367234 
10 2.08 0.978732 0.958689 0.921881 0.0371689 
10 2.085 0.978304 0.957888 0.92042 0.0388261 
10 2.085 0.978516 0.958309 0.921234 0.0391155 
10 2.085 0.97812 0.957507 0.919655 0.0377892 
10 2.09 0.978016 0.957352 0.919498 0.0400145 
10 2.09 0.977748 0.956787 0.918301 0.0380808 
10 2.09 0.978028 0.957375 0.919541 0.0400015 
10 2.095 0.978168 0.95762 0.919935 0.0385567 
10 2.095 0.977384 0.956165 0.917395 0.0422471 
10 2.095 0.977282 0.955958 0.916978 0.0419061 
10 2.1 0.977224 0.955808 0.916568 0.0400597 
10 2.1 0.977464 0.956233 0.917256 0.0379795 
10 2.1 0.977624 0.956599 0.918087 0.0404702 
10 2.105 0.976818 0.955036 0.91517 0.0409727 
10 2.105 0.977154 0.955714 0.916457 0.0419772 
10 2.105 0.976854 0.955157 0.915518 0.0434044 
10 2.11 0.97658 0.954576 0.914304 0.0411063 
10 2.11 0.976894 0.955187 0.915474 0.0410082 
10 2.11 0.976868 0.955194 0.915605 0.043755 
10 2.115 0.976562 0.954552 0.914293 0.0415348 
10 2.115 0.976536 0.954528 0.914333 0.0427877 
10 2.115 0.975874 0.95326 0.912012 0.0439856 
10 2.12 0.975966 0.953438 0.912339 0.0437739 
10 2.12 0.976322 0.954098 0.913458 0.0421298 
10 2.12 0.975496 0.95256 0.910766 0.0456242 
10 2.125 0.97554 0.952625 0.910861 0.0445642 
10 2.125 0.975718 0.952984 0.911553 0.0450835 
10 2.125 0.975972 0.953406 0.912153 0.0416158 
10 2.13 0.975012 0.951647 0.909116 0.0468807 
10 2.13 0.974712 0.951057 0.908017 0.0466496 
10 2.13 0.975388 0.952333 0.910324 0.0446765 
10 2.135 0.975238 0.952091 0.909926 0.0469247 
10 2.135 0.974524 0.950734 0.907525 0.0485477 
10 2.135 0.974756 0.951118 0.90807 0.0453705 
10 2.14 0.974716 0.951022 0.907813 0.0444374 
10 2.14 0.974766 0.951153 0.908176 0.0460152 
10 2.14 0.97394 0.949558 0.905192 0.0466727 
10 2.145 0.973768 0.949276 0.904837 0.0490612 
10 2.145 0.973856 0.949508 0.905262 0.0518793 
10 2.145 0.973706 0.94915 0.90458 0.0488031 
10 2.15 0.974142 0.949931 0.905836 0.0455053 
10 2.15 0.973444 0.948706 0.903878 0.0517609 
10 2.15 0.973212 0.948174 0.902673 0.0480039 
10 2.155 0.973504 0.94873 0.903693 0.0473152 
10 2.155 0.97294 0.947678 0.901821 0.0494328 
10 2.155 0.972752 0.947328 0.901207 0.05021 
10 2.16 0.97224 0.946433 0.899845 0.0547455 
10 2.16 0.972654 0.947185 0.901105 0.052285 
10 2.16 0.972506 0.946904 0.90061 0.0526056 
10 2.165 0.972132 0.946086 0.898787 0.0483074 
10 2.165 0.972462 0.946763 0.900182 0.0499039 
10 2.165 0.971828 0.945617 0.898223 0.0539279 
10 2.17 0.972254 0.946364 0.899414 0.0500442 
10 2.17 0.971836 0.945615 0.898209 0.0529728 
10 2.17 0.97235 0.946606 0.900033 0.0526229 
10 2.175 0.971382 0.944761 0.89665 0.054154 
10 2.175 0.971094 0.944206 0.895656 0.0543781 
10 2.175 0.971278 0.944548 0.896247 0.0536555 
10 2.18 0.971116 0.944207 0.895474 0.0523465 
10 2.18 0.971154 0.944366 0.89605 0.0562288 
10 2.18 0.97092 0.94391 0.895187 0.0561777 
10 2.185 0.971346 0.944693 0.896515 0.0540095 
10 2.185 0.97019 0.942594 0.893001 0.0606482 
10 2.185 0.970134 0.942455 0.892652 0.0592578 
10 2.19 0.970854 0.943819 0.895075 0.0576032 
10 2.19 0.97035 0.942842 0.893289 0.0576675 
10 2.19 0.970216 0.942609 0.892897 0.058902 
10 2.195 0.969682 0.941552 0.890916 0.0578068 
10 2.195 0.969152 0.940494 0.888871 0.0564192 
10 2.195 0.969594 0.941378 0.890563 0.0576654 
10 2.2 0.968554 0.939453 0.887217 0.0616213 
10 2.2 0.968764 0.939847 0.887914 0.0610651 
10 2.2 0.96912 0.940567 0.88936 0.0624303 
10 2.205 0.968624 0.939546 0.887288 0.0595604 
10 2.205 0.96871 0.939721 0.887637 0.0599699 
10 2.205 0.968858 0.940017 0.888173 0.0603889 
10 2.21 0.96802 0.938487 0.885638 0.064438 
10 2.21 0.968334 0.938945 0.886057 0.0576373 
10 2.21 0.96802 0.938524 0.885787 0.0661357 
10 2.215 0.968098 0.938565 0.885542 0.0610051 
10 2.215 0.967882 0.938219 0.885086 0.0642489 
10 2.215 0.967192 0.936984 0.882983 0.068798 
10 2.22 0.967216 0.936956 0.882843 0.0652797 
10 2.22 0.967096 0.936702 0.882299 0.0642904 
10 2.22 0.967434 0.937347 0.8835 0.0639124 
10 2.225 0.966292 0.935149 0.879412 0.0642054 
10 2.225 0.966846 0.936255 0.881572 0.0658073 
10 2.225 0.966206 0.935107 0.879589 0.0697782 
10 2.23 0.965348 0.933448 0.876566 0.0695479 
10 2.23 0.966388 0.935321 0.879713 0.0634795 
10 2.23 0.965452 0.933725 0.877174 0.0729774 
10 2.235 0.96558 0.93387 0.877286 0.0682373 
10 2.235 0.96547 0.933731 0.877162 0.0715507 
10 2.235 0.96616 0.934883 0.878883 0.0634333 
10 2.24 0.965142 0.933168 0.876227 0.0745143 
10 2.24 0.964444 0.931919 0.874258 0.0788791 
10 2.24 0.964974 0.932756 0.875397 0.0705723 
10 2.245 0.96428 0.93143 0.872991 0.070988 
10 2.245 0.96419 0.931283 0.87267 0.0722069 
10 2.245 0.96399 0.930941 0.872194 0.074147 
10 2.25 0.964026 0.930958 0.87215 0.0716227 
10 2.25 0.964318 0.93161 0.87354 0.0756033 
10 2.25 0.964396 0.931717 0.873616 0.0736727 
10 2.255 0.963432 0.929912 0.870467 0.0758732 
10 2.255 0.963762 0.930586 0.871649 0.0775648 
10 2.255 0.963916 0.930691 0.871497 0.0690636 
10 2.26 0.963062 0.929112 0.868752 0.0718524 
10 2.26 0.962696 0.928486 0.867836 0.0753138 
10 2.26 0.963204 0.929436 0.869487 0.074059 
10 2.265 0.96258 0.928315 0.867644 0.0774739 
10 2.265 0.961934 0.927125 0.865603 0.0798048 
10 2.265 0.962446 0.928142 0.867377 0.0812034 
10 2.27 0.962138 0.927481 0.865963 0.0780418 
10 2.27 0.962484 0.928136 0.867349 0.0775467 
10 2.27 0.961634 0.926484 0.864273 0.0768322 
10 2.275 0.961978 0.927167 0.865561 0.0776074 
10 2.275 0.96091 0.925186 0.862 0.0807777 
10 2.275 0.961274 0.925874 0.863282 0.0802574 
10 2.28 0.959508 0.922694 0.858058 0.0894104 
10 2.28 0.960568 0.924614 0.861109 0.0843473 
10 2.28 0.960198 0.92407 0.860559 0.0916421 
10 2.285 0.95952 0.922743 0.858115 0.0903532 
10 2.285 0.960536 0.924554 0.860985 0.0842273 
10 2.285 0.95954 0.922659 0.857725 0.0849763 
10 2.29 0.959966 0.923487 0.859306 0.0852698 
10 2.29 0.95964 0.922965 0.858495 0.089776 
10 2.29 0.959988 0.923451 0.85902 0.0818201 
10 2.295 0.958578 0.920923 0.854734 0.0893568 
10 2.295 0.959218 0.922121 0.85701 0.0880866 
10 2.295 0.959462 0.922435 0.857121 0.0813695 
10 2.3 0.958746 0.921157 0.85505 0.0853525 
10 2.3 0.95843 0.92066 0.854376 0.0900685 
10 2.3 0.95812 0.920046 0.853258 0.0892133 
10 2.305 0.957942 0.919802 0.852924 0.0932184 
10 2.305 0.957856 0.919625 0.852619 0.0927255 
10 2.305 0.957516 0.919083 0.851926 0.0974399 
10 2.31 0.957196 0.918229 0.849787 0.0867973 
10 2.31 0.957336 0.918584 0.850684 0.090543 
10 2.31 0.95641 0.917135 0.848482 0.104524 
10 2.315 0.956774 0.917647 0.849275 0.096347 
10 2.315 0.95631 0.916806 0.847789 0.0983544 
10 2.315 0.956798 0.917728 0.849574 0.0978776 
10 2.32 0.955764 0.915871 0.846299 0.102847 
10 2.32 0.955488 0.915284 0.845212 0.100288 
10 2.32 0.955428 0.915237 0.845268 0.10322 
10 2.325 0.955508 0.915159 0.844613 0.0930711 
10 2.325 0.954658 0.913701 0.842318 0.100176 
10 2.325 0.954716 0.914087 0.843543 0.112027 
10 2.33 0.954012 0.912777 0.841136 0.113228 
10 2.33 0.95436 0.913116 0.841286 0.0992906 
10 2.33 0.95345 0.911527 0.83861 0.10558 
10 2.335 0.954066 0.912686 0.840751 0.104652 
10 2.335 0.953404 0.911485 0.838625 0.107327 
10 2.335 0.953822 0.912092 0.839452 0.0991705 
10 2.34 0.954138 0.912823 0.841019 0.104437 
10 2.34 0.952646 0.909995 0.835888 0.10515 
10 2.34 0.953444 0.911529 0.838761 0.105691 
10 2.345 0.95248 0.909774 0.835834 0.108998 
10 2.345 0.952628 0.910014 0.836145 0.107202 
10 2.345 0.952986 0.910613 0.837049 0.103647 
10 2.35 0.9508 0.906747 0.830781 0.116014 
10 2.35 0.952046 0.909094 0.834854 0.114978 
10 2.35 0.952848 0.910362 0.836603 0.103954 
10 2.355 0.95182 0.90853 0.833568 0.109081 
10 2.355 0.949556 0.904461 0.826916 0.119098 
10 2.355 0.951114 0.907467 0.832343 0.121 
10 2.36 0.949248 0.903824 0.825588 0.116637 
10 2.36 0.949634 0.904678 0.827284 0.121737 
10 2.36 0.950426 0.906066 0.829509 0.116779 
10 2.365 0.949742 0.90476 0.827096 0.116276 
10 2.365 0.949928 0.905052 0.82768 0.113688 
10 2.365 0.949436 0.904062 0.825824 0.111347 
10 2.37 0.94803 0.901835 0.822574 0.1297 
10 2.37 0.948096 0.901711 0.822055 0.119199 
10 2.37 0.94791 0.901744 0.822425 0.135455 
10 2.375 0.947694 0.901238 0.821539 0.131107 
10 2.375 0.94764 0.901111 0.821215 0.130086 
10 2.375 0.947834 0.901305 0.821536 0.122787 
10 2.38 0.946886 0.899701 0.818999 0.130584 
10 2.38 0.947744 0.901186 0.821137 0.124663 
10 2.38 0.946564 0.899227 0.818409 0.136294 
10 2.385 0.947078 0.900083 0.819667 0.131073 
10 2.385 0.946896 0.899695 0.818841 0.129263 
10 2.385 0.947312 0.900303 0.81961 0.121713 
10 2.39 0.94535 0.897191 0.815011 0.146633 
10 2.39 0.945792 0.897596 0.815293 0.128615 
10 2.39 0.945256 0.896748 0.81405 0.13554 
10 2.395 0.945182 0.896609 0.813655 0.135278 
10 2.395 0.945032 0.896397 0.813419 0.138273 
10 2.395 0.944648 0.895724 0.812461 0.140466 
10 2.4 0.943468 0.89358 0.808801 0.143659 
10 2.4 0.94456 0.895518 0.811843 0.13851 
10 2.4 0.944064 0.894647 0.810569 0.141248 
10 2.405 0.942874 0.892498 0.806989 0.144956 
10 2.405 0.942702 0.892291 0.806756 0.149832 
10 2.405 0.943148 0.892825 0.807427 0.137082 
10 2.41 0.94236 0.89147 0.804962 0.142205 
10 2.41 0.942356 0.891492 0.805177 0.143454 
10 2.41 0.94291 0.892573 0.807147 0.144971 
10 2.415 0.942816 0.892394 0.806783 0.144609 
10 2.415 0.942868 0.892213 0.806098 0.133046 
10 2.415 0.940376 0.888074 0.799752 0.156002 
10 2.42 0.940776 0.888828 0.800986 0.155717 
10 2.42 0.941292 0.889564 0.801923 0.146027 
10 2.42 0.940858 0.889036 0.801444 0.157928 
10 2.425 0.939858 0.887128 0.798195 0.156474 
10 2.425 0.938798 0.885298 0.795211 0.163159 
10 2.425 0.939648 0.886697 0.797208 0.154984 
10 2.43 0.938712 0.885245 0.795198 0.16728 
10 2.43 0.938516 0.884855 0.794567 0.166359 
10 2.43 0.93893 0.885477 0.795411 0.159987 
10 2.435 0.936904 0.882014 0.790215 0.17351 
10 2.435 0.93823 0.884338 0.793737 0.166835 
10 2.435 0.938226 0.884158 0.793216 0.159734 
10 2.44 0.935724 0.879989 0.787005 0.18071 
10 2.44 0.93699 0.882167 0.790188 0.172817 
10 2.44 0.935004 0.878705 0.78487 0.183302 
10 2.445 0.937472 0.882643 0.790381 0.154994 
10 2.445 0.936604 0.88153 0.789351 0.175983 
10 2.445 0.935086 0.878917 0.785265 0.185317 
10 2.45 0.936114 0.880439 0.787244 0.168541 
10 2.45 0.935392 0.879454 0.786016 0.183522 
10 2.45 0.933446 0.876376 0.781769 0.206304 
10 2.455 0.934434 0.877758 0.783254 0.186996 
10 2.455 0.933626 0.87608 0.780424 0.180134 
10 2.455 0.934682 0.878113 0.783789 0.182569 
10 2.46 0.93308 0.875252 0.779356 0.187543 
10 2.46 0.93393 0.876847 0.781726 0.187896 
10 2.46 0.93378 0.876499 0.781188 0.185126 
10 2.465 0.934414 0.877424 0.782241 0.1742 
10 2.465 0.932668 0.874512 0.777938 0.188326 
10 2.465 0.932462 0.873948 0.776533 0.181051 
10 2.47 0.930568 0.87086 0.772252 0.198497 
10 2.47 0.931184 0.87217 0.774562 0.205116 
10 2.47 0.932556 0.874176 0.777045 0.182816 
10 2.475 0.93013 0.870019 0.770809 0.197064 
10 2.475 0.930596 0.87066 0.77152 0.187916 
10 2.475 0.93019 0.87029 0.77149 0.203502 
10 2.48 0.928792 0.867598 0.766687 0.199341 
10 2.48 0.930274 0.870301 0.771277 0.19722 
10 2.48 0.928832 0.867717 0.766936 0.201145 
10 2.485 0.928428 0.867204 0.766088 0.210289 
10 2.485 0.92821 0.866494 0.764944 0.19801 
10 2.485 0.92767 0.866182 0.765035 0.225784 
10 2.49 0.925542 0.86282 0.760326 0.248693 
10 2.49 0.924604 0.860963 0.757037 0.243782 
10 2.49 0.925404 0.861935 0.758202 0.223393 
10 2.495 0.924982 0.861721 0.758471 0.24566 
10 2.495 0.924908 0.861027 0.756452 0.22332 
10 2.495 0.927894 0.865928 0.763749 0.198036 
10 2.5 0.923882 0.85971 0.755265 0.246068 
10 2.5 0.926138 0.862981 0.759198 0.209976 
10 2.5 0.923736 0.859171 0.753797 0.23532 
10 2.505 0.92387 0.859153 0.753514 0.224247 
10 2.505 0.922474 0.857071 0.75069 0.24404 
10 2.505 0.924036 0.859578 0.754315 0.228977 
10 2.51 0.921452 0.855175 0.747639 0.243081 
10 2.51 0.921172 0.855496 0.749206 0.276423 
10 2.51 0.9224 0.856965 0.750596 0.244755 
10 2.515 0.920258 0.853376 0.745106 0.258509 
10 2.515 0.920662 0.854143 0.74648 0.259429 
10 2.515 0.921714 0.855754 0.748466 0.246431 
10 2.52 0.920962 0.854659 0.747077 0.257473 
10 2.52 0.919838 0.853013 0.745177 0.274267 
10 2.52 0.918996 0.85146 0.742308 0.274074 
10 2.525 0.91981 0.852113 0.742437 0.240105 
10 2.525 0.920102 0.852872 0.743889 0.248882 
10 2.525 0.917878 0.849333 0.738805 0.270613 
10 2.53 0.917436 0.848194 0.736575 0.257109 
10 2.53 0.917804 0.848793 0.737379 0.254092 
10 2.53 0.917448 0.848231 0.736835 0.257719 
10 2.535 0.915538 0.845234 0.732521 0.277089 
10 2.535 0.917112 0.848024 0.736912 0.273372 
10 2.535 0.918094 0.849515 0.738882 0.261097 
10 2.54 0.914194 0.843149 0.729368 0.291282 
10 2.54 0.917162 0.847508 0.735385 0.248907 
10 2.54 0.91431 0.84321 0.729464 0.285306 
10 2.545 0.913082 0.840939 0.725754 0.283713 
10 2.545 0.913814 0.842736 0.729429 0.301753 
10 2.545 0.911722 0.839335 0.724214 0.318177 
10 2.55 0.911796 0.838984 0.723256 0.298518 
10 2.55 0.912936 0.841437 0.727635 0.313133 
10 2.55 0.911388 0.838199 0.721916 0.2969 
10 2.555 0.909822 0.836118 0.719558 0.326499 
10 2.555 0.912278 0.839786 0.724674 0.294923 
10 2.555 0.908778 0.834075 0.715984 0.320837 
10 2.56 0.907118 0.831641 0.712871 0.342879 
10 2.56 0.9088 0.834314 0.716727 0.327984 
10 2.56 0.912344 0.840032 0.724729 0.299229 
10 2.565 0.90959 0.835301 0.717509 0.309807 
10 2.565 0.906846 0.831187 0.712152 0.343771 
10 2.565 0.910386 0.836435 0.719096 0.297569 
10 2.57 0.906758 0.830553 0.710476 0.324646 
10 2.57 0.90588 0.829329 0.709228 0.338913 
10 2.57 0.905868 0.829181 0.708386 0.334022 
10 2.575 0.904758 0.827317 0.70591 0.339046 
10 2.575 0.905444 0.828484 0.707713 0.336117 
10 2.575 0.904722 0.827391 0.706088 0.344444 
10 2.58 0.903896 0.825923 0.703749 0.344754 
10 2.58 0.903014 0.82483 0.702842 0.364167 
10 2.58 0.9029 0.824068 0.701094 0.342638 
10 2.585 0.903134 0.824321 0.700931 0.33538 
10 2.585 0.902136 0.823559 0.70088 0.375607 
10 2.585 0.902946 0.824037 0.700685 0.337557 
10 2.59 0.89919 0.818503 0.693491 0.384557 
10 2.59 0.902246 0.823821 0.701138 0.377326 
10 2.59 0.901906 0.822834 0.699954 0.36291 
10 2.595 0.897862 0.816899 0.691844 0.414 
10 2.595 0.899134 0.818244 0.692865 0.377733 
10 2.595 0.89998 0.819493 0.694463 0.367195 
10 2.6 0.898396 0.81724 0.691502 0.389418 
10 2.6 0.899486 0.818579 0.69302 0.365524 
10 2.6 0.89869 0.817352 0.691135 0.373403 
10 2.605 0.898044 0.816413 0.68995 0.381191 
10 2.605 0.897034 0.814593 0.687403 0.380928 
10 2.605 0.895854 0.81307 0.685841 0.403687 
10 2.61 0.89428 0.810816 0.682517 0.424475 
10 2.61 0.894026 0.81042 0.682249 0.426717 
10 2.61 0.895524 0.812957 0.685732 0.421219 
10 2.615 0.893402 0.808434 0.6778 0.392625 
10 2.615 0.892764 0.808001 0.67835 0.419627 
10 2.615 0.893536 0.808728 0.67817 0.394707 
10 2.62 0.892202 0.806805 0.675967 0.411482 
10 2.62 0.892388 0.807672 0.678153 0.431877 
10 2.62 0.891008 0.805186 0.673991 0.430935 
10 2.625 0.891902 0.806609 0.676297 0.423618 
10 2.625 0.889528 0.802821 0.670537 0.440403 
10 2.625 0.89133 0.805685 0.674823 0.427276 
10 2.63 0.890548 0.804204 0.672381 0.423125 
10 2.63 0.88901 0.801977 0.669458 0.442503 
10 2.63 0.889196 0.802491 0.670122 0.449499 
10 2.635 0.88653 0.798581 0.665273 0.479907 
10 2.635 0.884972 0.795387 0.659992 0.463432 
10 2.635 0.885582 0.796839 0.662953 0.477541 
10 2.64 0.885956 0.797257 0.663008 0.467399 
10 2.64 0.883442 0.793274 0.65724 0.484998 
10 2.64 0.882888 0.792572 0.656789 0.495502 
10 2.645 0.883638 0.793959 0.658583 0.496892 
10 2.645 0.883684 0.794269 0.659606 0.505553 
10 2.645 0.882178 0.790958 0.653722 0.480911 
10 2.65 0.881652 0.790651 0.654394 0.503441 
10 2.65 0.881846 0.790353 0.652854 0.479272 
10 2.65 0.881634 0.789894 0.652054 0.476064 
10 2.655 0.878594 0.785933 0.647817 0.527529 
10 2.655 0.878214 0.785929 0.648635 0.552514 
10 2.655 0.879018 0.786426 0.648283 0.518001 
10 2.66 0.874704 0.780628 0.64089 0.583505 
10 2.66 0.875446 0.780945 0.640859 0.546575 
10 2.66 0.878534 0.785361 0.646053 0.508991 
10 2.665 0.873744 0.778277 0.637032 0.557169 
10 2.665 0.875606 0.780659 0.639581 0.524335 
10 2.665 0.87621 0.781667 0.641192 0.522428 
10 2.67 0.872702 0.776847 0.63534 0.570711 
10 2.67 0.868716 0.770764 0.626818 0.602869 
10 2.67 0.869526 0.77294 0.631794 0.631635 
10 2.675 0.870872 0.77315 0.628985 0.550718 
10 2.675 0.871998 0.775324 0.632691 0.558619 
10 2.675 0.871444 0.775038 0.633249 0.584033 
10 2.68 0.867992 0.77003 0.626222 0.620163 
10 2.68 0.869354 0.772023 0.629276 0.606217 
10 2.68 0.869992 0.772681 0.629871 0.589358 
10 2.685 0.865952 0.767188 0.623023 0.644866 
10 2.685 0.867542 0.768197 0.622985 0.579809 
10 2.685 0.869374 0.77159 0.628063 0.587665 
10 2.69 0.865 0.764401 0.617785 0.601334 
10 2.69 0.86593 0.76588 0.619964 0.59647 
10 2.69 0.862434 0.760869 0.613969 0.634818 
10 2.695 0.862218 0.760809 0.613896 0.645227 
10 2.695 0.86311 0.761853 0.615224 0.626878 
10 2.695 0.859808 0.757725 0.610923 0.684787 
10 2.7 0.860412 0.757638 0.609082 0.641819 
10 2.7 0.85975 0.757309 0.609511 0.671807 
10 2.7 0.856292 0.752037 0.602835 0.696317 
10 2.705 0.855788 0.751021 0.601063 0.68937 
10 2.705 0.855496 0.75104 0.601451 0.708568 
10 2.705 0.858986 0.75526 0.605497 0.643362 
10 2.71 0.856034 0.751506 0.60167 0.690473 
10 2.71 0.855238 0.75034 0.600287 0.697695 
10 2.71 0.854618 0.749349 0.598971 0.700249 
10 2.715 0.852796 0.746386 0.594753 0.704422 
10 2.715 0.85434 0.748752 0.598085 0.694481 
10 2.715 0.85567 0.751188 0.601637 0.700432 
10 2.72 0.851224 0.744355 0.592071 0.726936 
10 2.72 0.849918 0.742947 0.591429 0.756841 
10 2.72 0.854128 0.748474 0.597484 0.696312 
10 2.725 0.846842 0.737821 0.584209 0.758885 
10 2.725 0.850468 0.74324 0.591139 0.731902 
10 2.725 0.8493 0.741509 0.588894 0.741219 
10 2.73 0.847124 0.738289 0.58455 0.757139 
10 2.73 0.845814 0.737026 0.583961 0.7921 
10 2.73 0.847854 0.738826 0.584723 0.731477 
10 2.735 0.844458 0.734559 0.580293 0.784272 
10 2.735 0.84754 0.738668 0.584513 0.74382 
10 2.735 0.843472 0.732743 0.57738 0.778715 
10 2.74 0.846328 0.737381 0.584049 0.770439 
10 2.74 0.839002 0.727608 0.572523 0.864371 
10 2.74 0.843836 0.733438 0.578646 0.780248 
10 2.745 0.83592 0.722853 0.566402 0.877639 
10 2.745 0.837854 0.724302 0.566476 0.812494 
10 2.745 0.837362 0.723766 0.566163 0.822987 
10 2.75 0.838688 0.726092 0.569158 0.825238 
10 2.75 0.83658 0.722926 0.565339 0.838542 
10 2.75 0.835762 0.721851 0.564125 0.84921 
10 2.755 0.834814 0.720513 0.562451 0.856567 
10 2.755 0.831936 0.716749 0.558356 0.894061 
10 2.755 0.8365 0.722401 0.564104 0.822829 
10 2.76 0.83245 0.716109 0.555926 0.838252 
10 2.76 0.830512 0.714214 0.554894 0.886364 
10 2.76 0.834014 0.718398 0.558955 0.826761 
10 2.765 0.829746 0.712843 0.552472 0.881184 
10 2.765 0.83137 0.714767 0.554479 0.85321 
10 2.765 0.826706 0.708393 0.546423 0.902363 
10 2.77 0.824044 0.705431 0.544235 0.952435 
10 2.77 0.82541 0.707856 0.547893 0.958633 
10 2.77 0.825128 0.706597 0.545467 0.930008 
10 2.775 0.822624 0.703036 0.541042 0.948676 
10 2.775 0.821098 0.701224 0.539067 0.973753 
10 2.775 0.82304 0.704188 0.543212 0.965516 
10 2.78 0.818412 0.696933 0.532978 0.976085 
10 2.78 0.821004 0.700613 0.537535 0.955598 
10 2.78 0.820338 0.700044 0.537444 0.974432 
10 2.785 0.819022 0.698543 0.536315 0.996259 
10 2.785 0.815668 0.69453 0.532504 1.04905 
10 2.785 0.818026 0.696484 0.532716 0.980877 
10 2.79 0.81478 0.690514 0.524234 0.955095 
10 2.79 0.813584 0.69034 0.525172 1.01867 
10 2.79 0.812134 0.687693 0.522253 1.00829 
10 2.795 0.810352 0.68526 0.519022 1.02289 
10 2.795 0.812394 0.687987 0.522007 1.0019 
10 2.795 0.814216 0.690553 0.525425 0.98768 
10 2.8 0.809424 0.684386 0.518624 1.04355 
10 2.8 0.80643 0.679847 0.513033 1.0542 
10 2.8 0.808106 0.682762 0.516726 1.06165 
10 2.805 0.804368 0.677617 0.511166 1.09124 
10 2.805 0.8063 0.680243 0.513611 1.07391 
10 2.805 0.806054 0.67956 0.512633 1.06372 
10 2.81 0.804846 0.677774 0.510942 1.06751 
10 2.81 0.800092 0.671684 0.504349 1.12229 
10 2.81 0.802222 0.673317 0.504375 1.05897 
10 2.815 0.80017 0.670569 0.501476 1.07625 
10 2.815 0.797974 0.668313 0.498958 1.12078 
10 2.815 0.800654 0.672516 0.504508 1.11792 
10 2.82 0.795478 0.665003 0.495597 1.14247 
10 2.82 0.801168 0.672883 0.504889 1.09974 
10 2.82 0.798092 0.668886 0.500403 1.13245 
10 2.825 0.791446 0.658444 0.487364 1.13477 
10 2.825 0.792646 0.66101 0.491326 1.1583 
10 2.825 0.79272 0.661697 0.492329 1.17848 
10 2.83 0.789616 0.657933 0.488764 1.21693 
10 2.83 0.79601 0.664571 0.493508 1.09324 
10 2.83 0.797684 0.666936 0.496525 1.08256 
10 2.835 0.785472 0.651816 0.481301 1.22926 
10 2.835 0.786918 0.65436 0.48532 1.23879 
10 2.835 0.783938 0.649753 0.478777 1.24143 
10 2.84 0.784448 0.650823 0.480316 1.24875 
10 2.84 0.787618 0.654265 0.482833 1.19446 
10 2.84 0.784106 0.64913 0.476923 1.20802 
10 2.845 0.780874 0.645994 0.474285 1.27345 
10 2.845 0.777938 0.642729 0.472384 1.31956 
10 2.845 0.784988 0.650019 0.477435 1.1885 
10 2.85 0.775564 0.638454 0.46562 1.29666 
10 2.85 0.77584 0.638191 0.464817 1.27239 
10 2.85 0.773692 0.635755 0.463014 1.30372 
10 2.855 0.773078 0.634743 0.461144 1.29924 
10 2.855 0.775404 0.638542 0.466223 1.30616 
10 2.855 0.773376 0.634638 0.460381 1.27941 
10 2.86 0.770492 0.632593 0.459659 1.36137 
10 2.86 0.76608 0.626558 0.453568 1.38739 
10 2.86 0.769282 0.630392 0.457516 1.34954 
10 2.865 0.766316 0.625978 0.451818 1.35211 
10 2.865 0.763362 0.622233 0.447701 1.37911 
10 2.865 0.766574 0.626818 0.452873 1.36762 
10 2.87 0.764832 0.623035 0.447576 1.32636 
10 2.87 0.763344 0.62171 0.446649 1.35945 
10 2.87 0.764888 0.624247 0.449795 1.36563 
10 2.875 0.763716 0.622134 0.44724 1.35208 
10 2.875 0.758176 0.614551 0.439084 1.38157 
10 2.875 0.754812 0.611898 0.437919 1.46634 
10 2.88 0.754688 0.610009 0.433707 1.40468 
10 2.88 0.755258 0.611029 0.43542 1.41021 
10 2.88 0.755402 0.612128 0.437122 1.44084 
10 2.885 0.751118 0.605795 0.42949 1.44251 
10 2.885 0.750628 0.605136 0.428893 1.44519 
10 2.885 0.75102 0.606808 0.431593 1.48274 
10 2.89 0.744214 0.596341 0.419354 1.47012 
10 2.89 0.747894 0.602257 0.426632 1.48484 
10 2.89 0.750546 0.605305 0.429019 1.45279 
10 2.895 0.744484 0.597535 0.421225 1.49495 
10 2.895 0.74917 0.602302 0.424846 1.41783 
10 2.895 0.743416 0.596356 0.41989 1.5091 
10 2.9 0.739792 0.592451 0.41704 1.5572 
10 2.9 0.741404 0.592856 0.415557 1.48884 
10 2.9 0.740946 0.592891 0.415891 1.51347 
10 2.905 0.738512 0.589086 0.410557 1.50381 
10 2.905 0.737146 0.587824 0.410293 1.52978 
10 2.905 0.734836 0.584931 0.407557 1.54723 
10 2.91 0.736116 0.586095 0.407689 1.51986 
10 2.91 0.734846 0.584684 0.406296 1.53558 
10 2.91 0.731752 0.581507 0.404124 1.58233 
10 2.915 0.72704 0.57613 0.39963 1.63096 
10 2.915 0.737286 0.586642 0.407176 1.47689 
10 2.915 0.72977 0.579061 0.401324 1.59508 
10 2.92 0.732058 0.581187 0.402791 1.55063 
10 2.92 0.728632 0.577461 0.399607 1.59439 
10 2.92 0.73749 0.587007 0.407635 1.47657 
10 2.925 0.721846 0.569209 0.391848 1.64606 
10 2.925 0.717082 0.563462 0.386337 1.68395 
10 2.925 0.722718 0.567869 0.387852 1.55719 
10 2.93 0.722886 0.568472 0.388631 1.56681 
10 2.93 0.717302 0.563015 0.38451 1.65506 
10 2.93 0.71838 0.564894 0.386977 1.66637 
10 2.935 0.710156 0.555361 0.378117 1.73898 
10 2.935 0.7115 0.555691 0.376914 1.68514 
10 2.935 0.715006 0.559705 0.381032 1.6515 
10 2.94 0.707902 0.551468 0.372461 1.71235 
10 2.94 0.710764 0.555359 0.37757 1.70657 
10 2.94 0.71247 0.557176 0.379276 1.68579 
10 2.945 0.708756 0.552199 0.37348 1.69318 
10 2.945 0.709502 0.552651 0.373827 1.6726 
10 2.945 0.711316 0.554738 0.375568 1.65593 
10 2.95 0.707338 0.550115 0.3713 1.68772 
10 2.95 0.704022 0.546746 0.368651 1.73216 
10 2.95 0.707088 0.550632 0.372743 1.71723 
10 2.955 0.698152 0.538261 0.358592 1.72065 
10 2.955 0.698026 0.539089 0.359915 1.75463 
10 2.955 0.694292 0.533898 0.354537 1.75486 
10 2.96 0.699546 0.539196 0.359017 1.6835 
10 2.96 0.695948 0.537433 0.360176 1.79357 
10 2.96 0.695326 0.535284 0.356456 1.75019 
10 2.965 0.695226 0.535024 0.356679 1.74318 
10 2.965 0.68813 0.527371 0.349814 1.81613 
10 2.965 0.685482 0.524073 0.345749 1.82759 
10 2.97 0.688454 0.526893 0.347928 1.78196 
10 2.97 0.682984 0.521888 0.344716 1.86601 
10 2.97 0.684998 0.52364 0.34594 1.83224 
10 2.975 0.68162 0.519018 0.340501 1.82897 
10 2.975 0.685018 0.522738 0.343874 1.79792 
10 2.975 0.681544 0.518572 0.340093 1.81749 
10 2.98 0.681086 0.516615 0.336457 1.76968 
10 2.98 0.689222 0.528175 0.349631 1.78351 
10 2.98 0.677558 0.513461 0.33469 1.82469 
10 2.985 0.67229 0.506527 0.327203 1.82759 
10 2.985 0.680026 0.517824 0.340041 1.85556 
10 2.985 0.67743 0.51396 0.335657 1.84418 
10 2.99 0.670468 0.506632 0.329181 1.90987 
10 2.99 0.67244 0.508098 0.33013 1.87033 
10 2.99 0.671596 0.507017 0.32845 1.8721 
10 2.995 0.665906 0.499214 0.320464 1.86253 
10 2.995 0.668516 0.503856 0.325898 1.90123 
10 2.995 0.66245 0.495921 0.31796 1.90586 
10 3 0.670226 0.503988 0.324873 1.82616 
10 3 0.661668 0.493668 0.314196 1.86213 
10 3 0.660514 0.494549 0.317534 1.94234 
10 3.005 0.652276 0.484269 0.307249 1.9569 
10 3.005 0.66121 0.4937 0.315891 1.88023 
10 3.005 0.658742 0.490829 0.312633 1.89312 
10 3.01 0.651624 0.482955 0.305713 1.93825 
10 3.01 0.663884 0.49612 0.317123 1.8398 
10 3.01 0.654568 0.486566 0.309128 1.93044 
10 3.015 0.65479 0.486097 0.307376 1.90206 
10 3.015 0.651984 0.482717 0.305135 1.91156 
10 3.015 0.65193 0.481828 0.303014 1.88442 
10 3.02 0.647544 0.477025 0.298905 1.91099 
10 3.02 0.647768 0.478299 0.300905 1.94355 
10 3.02 0.649246 0.479269 0.301142 1.9122 
10 3.025 0.640844 0.470642 0.294576 1.98218 
10 3.025 0.64788 0.478597 0.301632 1.94541 
10 3.025 0.642972 0.472623 0.295817 1.95735 
10 3.03 0.634658 0.462794 0.28676 1.98031 
10 3.03 0.641722 0.471616 0.295997 1.97389 
10 3.03 0.638818 0.466525 0.28863 1.92859 
10 3.035 0.630182 0.457064 0.281121 1.97477 
10 3.035 0.63442 0.462109 0.286593 1.96442 
10 3.035 0.62846 0.456333 0.28095 2.02211 
10 3.04 0.627988 0.455613 0.280766 2.0146 
10 3.04 0.630896 0.457448 0.280806 1.95453 
10 3.04 0.623866 0.451526 0.277426 2.04992 
10 3.045 0.62108 0.448116 0.273935 2.04845 
10 3.045 0.628416 0.456322 0.280687 2.01693 
10 3.045 0.628302 0.456447 0.281029 2.02572 
10 3.05 0.619218 0.444577 0.269077 2.00477 
10 3.05 0.618326 0.444584 0.271232 2.04121 
10 3.05 0.623014 0.449916 0.27519 2.02522 
10 3.055 0.618298 0.443531 0.26857 2.00453 
10 3.055 0.621896 0.448355 0.27354 2.01638 
10 3.055 0.620806 0.44708 0.271923 2.01899 
10 3.06 0.623412 0.448488 0.272222 1.95574 
10 3.06 0.618754 0.44405 0.269516 1.99978 
10 3.06 0.612698 0.437549 0.263199 2.03105 
10 3.065 0.608158 0.433215 0.260558 2.06718 
10 3.065 0.61675 0.440427 0.26527 1.95912 
10 3.065 0.605056 0.429158 0.256126 2.05759 
10 3.07 0.605308 0.430212 0.257894 2.07864 
10 3.07 0.609234 0.433607 0.260136 2.03392 
10 3.07 0.612732 0.437036 0.262676 2.00635 
10 3.075 0.601206 0.424426 0.251826 2.04806 
10 3.075 0.605672 0.429671 0.256376 2.04334 
10 3.075 0.603814 0.427599 0.255525 2.04904 
10 3.08 0.598496 0.422224 0.249926 2.07878 
10 3.08 0.594962 0.418163 0.247078 2.08388 
10 3.08 0.595968 0.419334 0.247466 2.083 
10 3.085 0.584026 0.404974 0.234633 2.07092 
10 3.085 0.590732 0.413442 0.24298 2.09003 
10 3.085 0.595226 0.418593 0.247498 2.08424 
10 3.09 0.5919 0.412842 0.239806 2.02253 
10 3.09 0.590984 0.412974 0.241649 2.06188 
10 3.09 0.592852 0.414202 0.242043 2.03003 
10 3.095 0.589656 0.412026 0.241329 2.07856 
10 3.095 0.585806 0.40646 0.235215 2.04495 
10 3.095 0.585602 0.405941 0.234693 2.03592 
10 3.1 0.587862 0.408463 0.23653 2.02844 
10 3.1 0.582734 0.404449 0.235073 2.0926 
10 3.1 0.583362 0.403909 0.23358 2.05154 
10 3.105 0.580252 0.400158 0.230573 2.04398 
10 3.105 0.583872 0.40547 0.234687 2.07935 
10 3.105 0.578692 0.398939 0.228804 2.06296 
10 3.11 0.575432 0.396351 0.228054 2.09741 
10 3.11 0.576304 0.396654 0.227484 2.07486 
10 3.11 0.573916 0.392832 0.223519 2.04026 
10 3.115 0.57146 0.39182 0.224338 2.09483 
10 3.115 0.572786 0.392263 0.223376 2.06032 
10 3.115 0.571434 0.391086 0.222681 2.0722 
10 3.12 0.564768 0.383534 0.21632 2.0696 
10 3.12 0.568992 0.388356 0.220289 2.07064 
10 3.12 0.57263 0.392283 0.22314 2.06339 
10 3.125 0.562366 0.381677 0.214711 2.09349 
10 3.125 0.566266 0.385347 0.217769 2.07006 
10 3.125 0.567668 0.387134 0.219007 2.07638 
10 3.13 0.560214 0.378128 0.210796 2.05395 
10 3.13 0.560042 0.377791 0.210626 2.04931 
10 3.13 0.55772 0.37613 0.210041 2.07918 
10 3.135 0.56039 0.378708 0.211547 2.06287 
10 3.135 0.55409 0.37294 0.208524 2.10284 
10 3.135 0.552736 0.372124 0.20813 2.12461 
10 3.14 0.548872 0.366361 0.20177 2.07327 
10 3.14 0.549642 0.367359 0.203175 2.07812 
10 3.14 0.548214 0.366462 0.202628 2.09948 
10 3.145 0.539238 0.356708 0.194704 2.09636 
10 3.145 0.552074 0.369761 0.204492 2.06597 
10 3.145 0.55002 0.367573 0.20256 2.06839 
10 3.15 0.538546 0.356357 0.195021 2.10558 
10 3.15 0.543606 0.360176 0.195987 2.05297 
10 3.15 0.54312 0.360823 0.197982 2.09026 
10 3.155 0.535438 0.352963 0.192236 2.10046 
10 3.155 0.537726 0.355221 0.193183 2.09419 
10 3.155 0.540484 0.358313 0.196278 2.09793 
10 3.16 0.536542 0.354341 0.192527 2.10329 
10 3.16 0.535294 0.352877 0.192034 2.0993 
10 3.16 0.534926 0.350984 0.189477 2.05183 
10 3.165 0.532964 0.348516 0.186388 2.03683 
10 3.165 0.527764 0.344428 0.184531 2.08192 
10 3.165 0.530426 0.345906 0.184344 2.03964 
10 3.17 0.527682 0.344569 0.184688 2.08581 
10 3.17 0.52672 0.342764 0.182626 2.06089 
10 3.17 0.53171 0.347554 0.186419 2.04538 
10 3.175 0.525732 0.342074 0.183039 2.06864 
10 3.175 0.527234 0.343644 0.183386 2.0683 
10 3.175 0.520958 0.336527 0.177435 2.05133 
10 3.18 0.520326 0.336469 0.177719 2.06697 
10 3.18 0.516072 0.331726 0.174129 2.05647 
10 3.18 0.518868 0.333192 0.173285 2.01157 
10 3.185 0.518434 0.33417 0.176077 2.05325 
10 3.185 0.519388 0.334173 0.174621 2.02227 
10 3.185 0.521874 0.336668 0.177041 2.01932 
10 3.19 0.510404 0.325939 0.169538 2.051 
10 3.19 0.51617 0.331788 0.173875 2.04879 
10 3.19 0.517418 0.332462 0.17397 2.0295 
10 3.195 0.511792 0.326419 0.169225 2.0184 
10 3.195 0.505628 0.32131 0.166531 2.05477 
10 3.195 0.508934 0.323499 0.166457 2.01831 
10 3.2 0.510948 0.324685 0.166832 1.98805 
10 3.2 0.510504 0.325923 0.169779 2.0409 
10 3.2 0.50755 0.322513 0.166487 2.0283 
10 3.205 0.505008 0.320649 0.165562 2.0473 
10 3.205 0.506014 0.321673 0.16589 2.04752 
10 3.205 0.502872 0.318086 0.16304 2.03451 
10 3.21 0.502166 0.316744 0.161481 2.01162 
10 3.21 0.499456 0.31494 0.161189 2.03999 
10 3.21 0.497064 0.311459 0.15776 2.00581 
10 3.215 0.496498 0.311552 0.158354 2.02308 
10 3.215 0.496064 0.311215 0.157887 2.02599 
10 3.215 0.496998 0.311071 0.157437 1.99267 
10 3.22 0.489382 0.303746 0.151673 1.99538 
10 3.22 0.48838 0.303725 0.15262 2.02514 
10 3.22 0.493962 0.3092 0.156287 2.02488 
10 3.225 0.490026 0.304446 0.152755 1.99443 
10 3.225 0.492372 0.306335 0.153479 1.98156 
10 3.225 0.489306 0.304317 0.152781 2.0123 
10 3.23 0.487656 0.301583 0.149543 1.97445 
10 3.23 0.486794 0.301131 0.150026 1.98646 
10 3.23 0.485022 0.298694 0.147472 1.96432 
10 3.235 0.483826 0.298263 0.147874 1.98379 
10 3.235 0.482578 0.298043 0.14827 2.01428 
10 3.235 0.48433 0.298142 0.147218 1.96496 
10 3.24 0.476084 0.29173 0.144053 2.00845 
10 3.24 0.478728 0.29247 0.142619 1.95338 
10 3.24 0.478018 0.293159 0.144563 1.99562 
10 3.245 0.479544 0.294073 0.144661 1.97566 
10 3.245 0.476912 0.291459 0.14301 1.97268 
10 3.245 0.478146 0.292322 0.143056 1.96297 
10 3.25 0.470118 0.28463 0.137743 1.9575 
10 3.25 0.472984 0.287519 0.139547 1.96322 
10 3.25 0.472766 0.286297 0.138562 1.93198 
10 3.255 0.471 0.284903 0.137591 1.9374 
10 3.255 0.47267 0.286741 0.139033 1.94544 
10 3.255 0.467662 0.282011 0.13578 1.94479 
10 3.26 0.464064 0.279037 0.133541 1.95342 
10 3.26 0.461984 0.276357 0.131575 1.93031 
10 3.26 0.47155 0.284592 0.136474 1.90899 
10 3.265 0.466868 0.280775 0.1341 1.92371 
10 3.265 0.467304 0.281869 0.135983 1.94476 
10 3.265 0.464536 0.278936 0.133594 1.93392 
10 3.27 0.459596 0.273563 0.129064 1.90624 
10 3.27 0.459594 0.273786 0.129894 1.91314 
10 3.27 0.46293 0.276417 0.130655 1.89947 
10 3.275 0.462698 0.276828 0.131358 1.91568 
10 3.275 0.458888 0.27426 0.130546 1.94448 
10 3.275 0.460776 0.274397 0.129747 1.89565 
10 3.28 0.448596 0.263595 0.122246 1.90111 
10 3.28 0.452838 0.267414 0.12534 1.90096 
10 3.28 0.452788 0.267542 0.125296 1.90626 
10 3.285 0.449624 0.26403 0.122783 1.88337 
10 3.285 0.456062 0.269824 0.126373 1.88223 
10 3.285 0.451164 0.266887 0.125477 1.9281 
10 3.29 0.449746 0.264703 0.122658 1.8976 
10 3.29 0.4496 0.264435 0.123133 1.89347 
10 3.29 0.451108 0.266493 0.125139 1.91472 
10 3.295 0.448756 0.262699 0.120925 1.86091 
10 3.295 0.445986 0.260331 0.119743 1.86428 
10 3.295 0.449578 0.264302 0.122771 1.88716 
10 3.3 0.441964 0.257327 0.1184 1.87863 
10 3.3 0.440758 0.256434 0.11747 1.88382 
10 3.3 0.444544 0.259035 0.118788 1.86107 
10 3.305 0.436554 0.251693 0.113867 1.84914 
10 3.305 0.439566 0.254262 0.115413 1.84701 
10 3.305 0.441708 0.255751 0.115936 1.83494 
10 3.31 0.436026 0.251771 0.114437 1.8626 
10 3.31 0.439572 0.255528 0.117088 1.8823 
10 3.31 0.437198 0.252397 0.11454 1.8506 
10 3.315 0.430886 0.247414 0.111818 1.86279 
10 3.315 0.434182 0.250102 0.113532 1.85786 
10 3.315 0.433498 0.248862 0.112106 1.83837 
10 3.32 0.431828 0.247512 0.111286 1.83844 
10 3.32 0.433644 0.248021 0.110236 1.80645 
10 3.32 0.428898 0.244004 0.108749 1.80874 
10 3.325 0.429862 0.24529 0.109668 1.8198 
10 3.325 0.428698 0.242914 0.107349 1.7784 
10 3.325 0.431594 0.246348 0.110213 1.80675 
10 3.33 0.42642 0.241252 0.106351 1.78432 
10 3.33 0.428036 0.243032 0.107857 1.79631 
10 3.33 0.424994 0.240387 0.105773 1.7948 
10 3.335 0.424036 0.239488 0.105138 1.78955 
10 3.335 0.423674 0.238795 0.104342 1.77797 
10 3.335 0.424786 0.239632 0.104933 1.77477 
10 3.34 0.421938 0.237486 0.104316 1.78006 
10 3.34 0.421448 0.2371 0.104147 1.78089 
10 3.34 0.41834 0.23359 0.100981 1.75393 
10 3.345 0.41917 0.233757 0.100436 1.73554 
10 3.345 0.415488 0.231812 0.100348 1.76924 
10 3.345 0.420886 0.236295 0.102711 1.7683 
10 3.35 0.411548 0.227536 0.0973482 1.73625 
10 3.35 0.415194 0.230468 0.0986076 1.7338 
10 3.35 0.415876 0.231732 0.100224 1.75461 
10 3.355 0.414688 0.230855 0.0996215 1.75527 
10 3.355 0.411442 0.22777 0.0973898 1.74323 
10 3.355 0.413148 0.22826 0.0973205 1.71592 
10 3.36 0.404508 0.220757 0.0927034 1.70031 
10 3.36 0.411668 0.227556 0.0969712 1.72872 
10 3.36 0.413158 0.229763 0.0989654 1.75786 
10 3.365 0.404438 0.221485 0.0934583 1.72111 
10 3.365 0.408732 0.224008 0.0942351 1.6923 
10 3.365 0.40875 0.225272 0.0959693 1.72944 
10 3.37 0.403422 0.220758 0.092967 1.72132 
10 3.37 0.405026 0.221136 0.0927022 1.69407 
10 3.37 0.406504 0.223771 0.0953466 1.73666 
10 3.375 0.404824 0.219962 0.0907736 1.66162 
10 3.375 0.402696 0.219355 0.0918777 1.69456 
10 3.375 0.40281 0.218907 0.0913212 1.67855 
10 3.38 0.401936 0.218552 0.0910529 1.68636 
10 3.38 0.398952 0.216479 0.0898689 1.69576 
10 3.38 0.400024 0.216974 0.0903823 1.68506 
10 3.385 0.396842 0.213785 0.0880076 1.66326 
10 3.385 0.393336 0.209865 0.0851236 1.62931 
10 3.385 0.397522 0.214472 0.0886134 1.6676 
10 3.39 0.391826 0.209211 0.0851124 1.64258 
10 3.39 0.393378 0.211158 0.0861972 1.66405 
10 3.39 0.397232 0.21322 0.086905 1.63501 
10 3.395 0.390902 0.208745 0.0850374 1.64772 
10 3.395 0.394924 0.211816 0.0862657 1.64509 
10 3.395 0.394638 0.211874 0.0866446 1.65347 
10 3.4 0.390512 0.207398 0.0836569 1.61467 
10 3.4 0.389526 0.206984 0.0834409 1.62511 
10 3.4 0.391764 0.209597 0.0852533 1.65054 
10 3.405 0.385998 0.203603 0.0812689 1.60377 
10 3.405 0.38717 0.205015 0.0822235 1.61863 
10 3.405 0.389206 0.207609 0.0842387 1.64839 
10 3.41 0.386194 0.204231 0.0820564 1.6154 
10 3.41 0.381484 0.199908 0.0790932 1.59465 
10 3.41 0.381442 0.199733 0.0789595 1.59047 
10 3.415 0.384376 0.202229 0.0801791 1.59543 
10 3.415 0.381232 0.198729 0.0781145 1.56343 
10 3.415 0.381854 0.200483 0.0796081 1.60089 
10 3.42 0.376524 0.196724 0.0780951 1.60684 
10 3.42 0.380524 0.19926 0.0784353 1.59243 
10 3.42 0.380604 0.198806 0.0780662 1.57739 
10 3.425 0.38011 0.197222 0.0762495 1.53981 
10 3.425 0.378756 0.197128 0.0769843 1.56707 
10 3.425 0.375732 0.194956 0.0759098 1.57026 
10 3.43 0.374836 0.193597 0.0752752 1.54796 
10 3.43 0.3761 0.193971 0.0747323 1.53118 
10 3.43 0.371372 0.190077 0.0726677 1.5207 
10 3.435 0.37491 0.193901 0.0751417 1.55294 
10 3.435 0.376028 0.1947 0.0754502 1.55175 
10 3.435 0.37145 0.191551 0.0743768 1.55972 
10 3.44 0.37331 0.191872 0.0734721 1.52651 
10 3.44 0.369754 0.187551 0.0704324 1.4777 
10 3.44 0.36869 0.188556 0.0721722 1.52975 
10 3.445 0.369502 0.189316 0.0723988 1.53219 
10 3.445 0.369312 0.189513 0.0732277 1.54199 
10 3.445 0.37041 0.190266 0.072976 1.54026 
10 3.45 0.366872 0.186857 0.0708821 1.51485 
10 3.45 0.369452 0.189416 0.0731054 1.53396 
10 3.45 0.368 0.187449 0.0710409 1.50797 
10 3.455 0.36163 0.182445 0.0683716 1.49549 
10 3.455 0.363362 0.183751 0.0692909 1.49693 
10 3.455 0.364792 0.184575 0.0692525 1.49063 
10 3.46 0.361474 0.182881 0.0688057 1.50919 
10 3.46 0.359878 0.180695 0.0675642 1.47926 
10 3.46 0.36073 0.181736 0.0679104 1.49162 
10 3.465 0.362816 0.182657 0.06805 1.47248 
10 3.465 0.35941 0.180239 0.0668167 1.4737 
10 3.465 0.364976 0.184787 0.069575 1.48857 
10 3.47 0.357522 0.178634 0.0664238 1.46432 
10 3.47 0.359206 0.18086 0.0677376 1.49368 
10 3.47 0.35989 0.180366 0.0669628 1.46527 
10 3.475 0.358118 0.179525 0.0665304 1.47558 
10 3.475 0.35471 0.176103 0.0646594 1.447 
10 3.475 0.357528 0.178669 0.0657639 1.4631 
10 3.48 0.35811 0.178549 0.0653774 1.44559 
10 3.48 0.353144 0.17459 0.0638998 1.4333 
10 3.48 0.353964 0.175318 0.0635539 1.43757 
10 3.485 0.355516 0.176829 0.0648279 1.44727 
10 3.485 0.353762 0.17563 0.0640247 1.44857 
10 3.485 0.352386 0.174464 0.0634898 1.443 
10 3.49 0.352516 0.173523 0.061994 1.41132 
10 3.49 0.353488 0.174917 0.0633527 1.43161 
10 3.49 0.348908 0.170972 0.0612618 1.41074 
10 3.495 0.345654 0.168951 0.0604083 1.41558 
10 3.495 0.345288 0.169057 0.0607873 1.42585 
10 3.495 0.348436 0.171917 0.0627161 1.44518 
