size temperature m ms 
48 2.2 0.783769 5.27958 
48 2.2 0.785191 5.02232 
48 2.2 0.784768 5.11562 
48 2.2 0.785569 4.90134 
48 2.2 0.784226 5.36566 
48 2.201 0.782813 5.35183 
48 2.201 0.782113 5.75426 
48 2.201 0.782098 5.25674 
48 2.201 0.783205 5.1598 
48 2.201 0.782966 5.09525 
48 2.202 0.781816 5.16004 
48 2.202 0.782672 5.01047 
48 2.202 0.783321 4.61728 
48 2.202 0.781691 5.08561 
48 2.202 0.780969 5.25751 
48 2.203 0.780713 5.28995 
48 2.203 0.779116 5.80917 
48 2.203 0.778814 5.34848 
48 2.203 0.7798 6.01797 
48 2.203 0.78089 5.11812 
48 2.204 0.778118 6.06644 
48 2.204 0.77839 5.59841 
48 2.204 0.778902 5.46613 
48 2.204 0.777987 6.20319 
48 2.204 0.778046 5.62487 
48 2.205 0.778327 5.41949 
48 2.205 0.777982 5.34374 
48 2.205 0.777105 5.68316 
48 2.205 0.778555 5.43177 
48 2.205 0.777733 5.57779 
48 2.206 0.774926 6.0622 
48 2.206 0.774748 5.99586 
48 2.206 0.777008 5.5248 
48 2.206 0.777087 5.49002 
48 2.206 0.775376 6.12839 
48 2.207 0.773832 6.27749 
48 2.207 0.77538 6.04476 
48 2.207 0.775512 5.44685 
48 2.207 0.7747 5.67101 
48 2.207 0.774024 6.08835 
48 2.208 0.773433 6.18941 
48 2.208 0.77531 5.74328 
48 2.208 0.774053 5.90022 
48 2.208 0.773516 5.96367 
48 2.208 0.772558 6.00879 
48 2.209 0.772252 5.53859 
48 2.209 0.772138 6.096 
48 2.209 0.773065 5.71659 
48 2.209 0.771269 6.48249 
48 2.209 0.771871 5.55284 
48 2.21 0.771005 6.0162 
48 2.21 0.771639 5.98806 
48 2.21 0.771068 6.02499 
48 2.21 0.769489 6.70294 
48 2.21 0.770793 5.87181 
48 2.211 0.767974 6.98391 
48 2.211 0.769793 6.44309 
48 2.211 0.768984 6.20212 
48 2.211 0.768062 6.80638 
48 2.211 0.768741 6.04637 
48 2.212 0.766072 6.64208 
48 2.212 0.765643 6.79522 
48 2.212 0.767869 6.2111 
48 2.212 0.769709 6.00226 
48 2.212 0.766893 6.67021 
48 2.213 0.764085 7.32221 
48 2.213 0.764756 6.91969 
48 2.213 0.763784 7.39438 
48 2.213 0.765903 6.68492 
48 2.213 0.765219 7.1732 
48 2.214 0.765141 6.85182 
48 2.214 0.763772 6.47762 
48 2.214 0.765157 6.9022 
48 2.214 0.763893 7.01704 
48 2.214 0.764541 6.53993 
48 2.215 0.762803 7.17686 
48 2.215 0.762823 7.33618 
48 2.215 0.762227 7.13139 
48 2.215 0.761375 7.2782 
48 2.215 0.762703 6.7781 
48 2.216 0.761009 6.98741 
48 2.216 0.760464 7.5348 
48 2.216 0.761583 6.95317 
48 2.216 0.759585 7.93134 
48 2.216 0.760597 7.63268 
48 2.217 0.757966 8.10552 
48 2.217 0.757477 7.44331 
48 2.217 0.759696 7.26787 
48 2.217 0.758191 7.7396 
48 2.217 0.759794 7.64771 
48 2.218 0.755878 7.98552 
48 2.218 0.755827 8.09047 
48 2.218 0.756233 8.03277 
48 2.218 0.756911 7.72846 
48 2.218 0.758203 7.72098 
48 2.219 0.755763 7.46892 
48 2.219 0.755559 7.74879 
48 2.219 0.755558 8.0389 
48 2.219 0.755576 8.17964 
48 2.219 0.753737 8.47606 
48 2.22 0.753899 8.54917 
48 2.22 0.75424 8.11495 
48 2.22 0.754285 8.15002 
48 2.22 0.75635 7.44603 
48 2.22 0.751819 9.91482 
48 2.221 0.753172 8.12897 
48 2.221 0.752672 8.19274 
48 2.221 0.752755 8.47611 
48 2.221 0.752175 8.32015 
48 2.221 0.750619 9.04571 
48 2.222 0.750473 8.65615 
48 2.222 0.749987 8.55038 
48 2.222 0.749951 8.87493 
48 2.222 0.750319 8.62317 
48 2.222 0.750108 8.60538 
48 2.223 0.74957 7.9663 
48 2.223 0.746358 9.20295 
48 2.223 0.748899 8.54699 
48 2.223 0.749742 8.18971 
48 2.223 0.748174 8.75482 
48 2.224 0.746199 9.38141 
48 2.224 0.74608 9.58532 
48 2.224 0.745356 9.41685 
48 2.224 0.747348 8.77408 
48 2.224 0.746678 9.42307 
48 2.225 0.745403 9.42849 
48 2.225 0.741735 10.1344 
48 2.225 0.74629 8.55192 
48 2.225 0.745121 9.74106 
48 2.225 0.74535 8.59949 
48 2.226 0.742542 9.24475 
48 2.226 0.738505 10.7588 
48 2.226 0.742533 9.26113 
48 2.226 0.742238 9.88567 
48 2.226 0.740601 10.3936 
48 2.227 0.74116 9.98355 
48 2.227 0.739278 10.3021 
48 2.227 0.741046 9.85684 
48 2.227 0.741152 10.0202 
48 2.227 0.738895 11.0237 
48 2.228 0.738891 9.83382 
48 2.228 0.736927 10.9354 
48 2.228 0.737842 10.4063 
48 2.228 0.738029 10.2562 
48 2.228 0.740309 9.39417 
48 2.229 0.736665 10.2094 
48 2.229 0.736438 10.7506 
48 2.229 0.738106 9.21691 
48 2.229 0.735778 10.6774 
48 2.229 0.735603 10.4387 
48 2.23 0.735196 10.4056 
48 2.23 0.736032 9.86779 
48 2.23 0.732913 11.3204 
48 2.23 0.733931 11.1576 
48 2.23 0.736575 9.54879 
48 2.231 0.728669 12.8129 
48 2.231 0.733586 10.3715 
48 2.231 0.732093 10.7131 
48 2.231 0.731303 10.7578 
48 2.231 0.731827 11.1708 
48 2.232 0.730399 11.6776 
48 2.232 0.726927 12.7696 
48 2.232 0.730796 11.2966 
48 2.232 0.729834 11.3669 
48 2.232 0.730986 10.9897 
48 2.233 0.727989 11.8266 
48 2.233 0.728578 11.1994 
48 2.233 0.726575 11.9177 
48 2.233 0.7281 11.9416 
48 2.233 0.730394 11.0289 
48 2.234 0.725712 11.9203 
48 2.234 0.723669 12.9271 
48 2.234 0.726416 11.2157 
48 2.234 0.724692 12.1816 
48 2.234 0.726934 11.5937 
48 2.235 0.721927 13.3085 
48 2.235 0.723462 12.8813 
48 2.235 0.725541 11.2788 
48 2.235 0.720554 13.4892 
48 2.235 0.723587 12.4579 
48 2.236 0.720062 13.2082 
48 2.236 0.723839 12.3283 
48 2.236 0.72269 12.1776 
48 2.236 0.722006 12.2928 
48 2.236 0.721564 12.7308 
48 2.237 0.719483 13.023 
48 2.237 0.719479 12.5848 
48 2.237 0.716633 13.506 
48 2.237 0.718539 13.0947 
48 2.237 0.7177 13.0352 
48 2.238 0.715799 13.5556 
48 2.238 0.718864 12.2747 
48 2.238 0.718758 12.4984 
48 2.238 0.715817 13.5896 
48 2.238 0.71572 13.6927 
48 2.239 0.714952 13.378 
48 2.239 0.716104 12.9155 
48 2.239 0.712254 14.0683 
48 2.239 0.713164 13.9101 
48 2.239 0.713263 14.3136 
48 2.24 0.711769 14.3324 
48 2.24 0.711702 14.1996 
48 2.24 0.709053 14.943 
48 2.24 0.711123 14.0714 
48 2.24 0.713032 13.3425 
48 2.241 0.710193 14.1416 
48 2.241 0.709392 13.8835 
48 2.241 0.707475 14.9658 
48 2.241 0.708232 14.594 
48 2.241 0.708625 15.1245 
48 2.242 0.707505 13.7882 
48 2.242 0.710217 13.9959 
48 2.242 0.709922 13.4555 
48 2.242 0.704721 15.8924 
48 2.242 0.705883 15.5926 
48 2.243 0.706793 14.6786 
48 2.243 0.70479 15.4834 
48 2.243 0.704749 14.8951 
48 2.243 0.702564 15.707 
48 2.243 0.708234 13.8775 
48 2.244 0.700094 15.6137 
48 2.244 0.702681 14.8432 
48 2.244 0.700897 16.1145 
48 2.244 0.702632 15.0517 
48 2.244 0.700281 16.713 
48 2.245 0.701843 14.6907 
48 2.245 0.697466 17.0297 
48 2.245 0.701499 15.5294 
48 2.245 0.699694 16.2944 
48 2.245 0.701987 15.1037 
48 2.246 0.696892 16.0322 
48 2.246 0.696731 16.6189 
48 2.246 0.697623 15.7198 
48 2.246 0.698268 16.2426 
48 2.246 0.698814 16.0422 
48 2.247 0.693941 16.6049 
48 2.247 0.692624 17.2892 
48 2.247 0.6937 17.0189 
48 2.247 0.69183 18.4065 
48 2.247 0.694863 16.6639 
48 2.248 0.691204 17.3831 
48 2.248 0.691001 17.1862 
48 2.248 0.692773 17.0791 
48 2.248 0.689211 17.6381 
48 2.248 0.692764 16.4217 
48 2.249 0.687307 18.2885 
48 2.249 0.685039 19.5129 
48 2.249 0.688983 18.1828 
48 2.249 0.685978 18.8444 
48 2.249 0.687149 18.4839 
48 2.25 0.684024 18.1361 
48 2.25 0.686258 17.8778 
48 2.25 0.684417 18.6656 
48 2.25 0.6853 17.7964 
48 2.25 0.686368 17.3404 
48 2.251 0.680347 19.3827 
48 2.251 0.683038 19.2772 
48 2.251 0.684527 17.4274 
48 2.251 0.682686 18.8968 
48 2.251 0.683861 17.8697 
48 2.252 0.680526 19.0568 
48 2.252 0.683231 17.8849 
48 2.252 0.678218 20.3233 
48 2.252 0.679991 18.8317 
48 2.252 0.676471 20.1976 
48 2.253 0.673854 20.3605 
48 2.253 0.673041 20.7345 
48 2.253 0.680097 18.2665 
48 2.253 0.676511 19.7032 
48 2.253 0.679817 18.6775 
48 2.254 0.671908 20.3976 
48 2.254 0.672284 20.0434 
48 2.254 0.667923 21.9404 
48 2.254 0.67439 20.1256 
48 2.254 0.672222 21.2175 
48 2.255 0.669746 21.2507 
48 2.255 0.669709 20.3558 
48 2.255 0.670405 20.1746 
48 2.255 0.666456 21.1158 
48 2.255 0.669256 21.0052 
48 2.256 0.67067 19.6218 
48 2.256 0.666166 21.6841 
48 2.256 0.665546 22.1776 
48 2.256 0.668678 20.8692 
48 2.256 0.666544 20.9775 
48 2.257 0.663207 22.0313 
48 2.257 0.664932 21.7326 
48 2.257 0.662939 21.7193 
48 2.257 0.666825 20.956 
48 2.257 0.662909 22.4741 
48 2.258 0.661788 21.8571 
48 2.258 0.661851 21.5821 
48 2.258 0.663931 21.0554 
48 2.258 0.659826 22.9603 
48 2.258 0.66352 21.6261 
48 2.259 0.657258 22.8045 
48 2.259 0.66032 21.4572 
48 2.259 0.658434 22.9186 
48 2.259 0.657688 21.8572 
48 2.259 0.652952 24.5371 
48 2.26 0.653369 23.5021 
48 2.26 0.653957 23.2219 
48 2.26 0.652908 23.4204 
48 2.26 0.646939 25.8882 
48 2.26 0.658097 21.7377 
48 2.261 0.649551 23.6839 
48 2.261 0.650786 24.0251 
48 2.261 0.652224 23.2807 
48 2.261 0.649201 24.4065 
48 2.261 0.651779 23.6314 
48 2.262 0.647227 24.6192 
48 2.262 0.652337 22.4544 
48 2.262 0.648171 23.7577 
48 2.262 0.645181 25.8255 
48 2.262 0.648003 24.8038 
48 2.263 0.644277 25.2894 
48 2.263 0.644403 24.6481 
48 2.263 0.647601 23.287 
48 2.263 0.643251 25.2046 
48 2.263 0.642534 25.5239 
48 2.264 0.638674 25.766 
48 2.264 0.643167 24.8242 
48 2.264 0.637363 26.9022 
48 2.264 0.637919 25.541 
48 2.264 0.640069 26.0995 
48 2.265 0.633402 27.1923 
48 2.265 0.63687 25.602 
48 2.265 0.638165 25.8816 
48 2.265 0.633708 27.224 
48 2.265 0.637194 25.6719 
48 2.266 0.634272 26.3319 
48 2.266 0.632224 26.8995 
48 2.266 0.63532 25.3944 
48 2.266 0.636627 26.14 
48 2.266 0.634515 25.5681 
48 2.267 0.627465 27.8354 
48 2.267 0.628646 26.2944 
48 2.267 0.628429 27.8038 
48 2.267 0.631875 26.7283 
48 2.267 0.631955 26.6707 
48 2.268 0.629389 26.4341 
48 2.268 0.625039 28.6487 
48 2.268 0.625344 28.8415 
48 2.268 0.627975 27.1651 
48 2.268 0.625163 27.5024 
48 2.269 0.622003 28.6051 
48 2.269 0.621206 28.5238 
48 2.269 0.624107 27.6923 
48 2.269 0.624898 27.1733 
48 2.269 0.621963 28.2521 
48 2.27 0.618736 28.9127 
48 2.27 0.614617 30.2711 
48 2.27 0.618648 29.4851 
48 2.27 0.616711 29.0895 
48 2.27 0.615298 29.8151 
48 2.271 0.610619 31.5846 
48 2.271 0.615662 28.9357 
48 2.271 0.61451 28.8819 
48 2.271 0.615715 28.4027 
48 2.271 0.613 29.7528 
48 2.272 0.612619 29.0115 
48 2.272 0.608138 31.2828 
48 2.272 0.612944 29.4901 
48 2.272 0.612171 30.0038 
48 2.272 0.611324 29.3601 
48 2.273 0.609326 29.0771 
48 2.273 0.607536 30.146 
48 2.273 0.60906 29.3551 
48 2.273 0.604507 31.0473 
48 2.273 0.609174 29.3936 
48 2.274 0.608548 29.9758 
48 2.274 0.604553 30.9861 
48 2.274 0.602339 31.0964 
48 2.274 0.598855 31.7047 
48 2.274 0.603589 30.9296 
48 2.275 0.600943 31.1997 
48 2.275 0.597072 32.3125 
48 2.275 0.601577 30.3683 
48 2.275 0.600553 32.1575 
48 2.275 0.602525 31.2123 
48 2.276 0.593203 31.9285 
48 2.276 0.593315 32.3873 
48 2.276 0.596666 31.2007 
48 2.276 0.597859 31.5518 
48 2.276 0.598297 30.8429 
48 2.277 0.588486 33.6273 
48 2.277 0.593015 32.3328 
48 2.277 0.594178 31.4799 
48 2.277 0.591916 32.8225 
48 2.277 0.598406 31.3042 
48 2.278 0.584912 33.5853 
48 2.278 0.587267 33.0497 
48 2.278 0.589268 32.8485 
48 2.278 0.588676 32.6551 
48 2.278 0.587934 32.7408 
48 2.279 0.584837 33.2978 
48 2.279 0.583142 33.5387 
48 2.279 0.585064 32.5669 
48 2.279 0.576908 34.875 
48 2.279 0.582639 32.6299 
48 2.28 0.583194 32.8034 
48 2.28 0.580905 33.721 
48 2.28 0.580067 33.3583 
48 2.28 0.579217 34.5632 
48 2.28 0.580762 33.7211 
48 2.281 0.573801 35.2997 
48 2.281 0.574834 34.0044 
48 2.281 0.572276 35.1313 
48 2.281 0.57881 33.8192 
48 2.281 0.572261 35.1583 
48 2.282 0.568653 35.9436 
48 2.282 0.572638 34.2404 
48 2.282 0.567114 35.4774 
48 2.282 0.578677 32.8812 
48 2.282 0.572503 34.1537 
48 2.283 0.566153 35.9254 
48 2.283 0.567239 34.9565 
48 2.283 0.570372 34.9778 
48 2.283 0.569335 34.0701 
48 2.283 0.566252 35.5758 
48 2.284 0.562864 36.143 
48 2.284 0.564876 35.7006 
48 2.284 0.565221 36.2349 
48 2.284 0.562413 36.0509 
48 2.284 0.555664 37.614 
48 2.285 0.560474 36.3087 
48 2.285 0.556826 36.691 
48 2.285 0.556351 37.1285 
48 2.285 0.563377 36.2421 
48 2.285 0.561926 35.0451 
48 2.286 0.557352 36.0762 
48 2.286 0.553003 38.1492 
48 2.286 0.550287 37.2086 
48 2.286 0.55408 37.4289 
48 2.286 0.554514 37.407 
48 2.287 0.552966 36.1332 
48 2.287 0.550154 36.7496 
48 2.287 0.554467 36.15 
48 2.287 0.550962 36.7094 
48 2.287 0.551387 37.2169 
48 2.288 0.54931 37.09 
48 2.288 0.545477 37.2221 
48 2.288 0.549096 37.1007 
48 2.288 0.550763 36.7248 
48 2.288 0.545014 37.6549 
48 2.289 0.540334 38.373 
48 2.289 0.543989 37.9099 
48 2.289 0.543505 37.6273 
48 2.289 0.542124 37.9403 
48 2.289 0.544649 37.6486 
48 2.29 0.536657 39.3622 
48 2.29 0.537136 38.6141 
48 2.29 0.536457 38.3091 
48 2.29 0.537262 38.7129 
48 2.29 0.536312 38.2146 
48 2.291 0.535686 38.2118 
48 2.291 0.533121 39.6666 
48 2.291 0.537529 37.4804 
48 2.291 0.52974 39.638 
48 2.291 0.533639 38.9587 
48 2.292 0.528796 39.4341 
48 2.292 0.533999 38.7033 
48 2.292 0.526607 39.7427 
48 2.292 0.527495 38.7404 
48 2.292 0.52988 38.7021 
48 2.293 0.528063 38.2717 
48 2.293 0.525932 39.1417 
48 2.293 0.521781 39.6506 
48 2.293 0.525746 38.8438 
48 2.293 0.526108 39.2357 
48 2.294 0.522355 38.7025 
48 2.294 0.521948 39.5121 
48 2.294 0.523005 39.7878 
48 2.294 0.525119 38.2153 
48 2.294 0.520822 38.5676 
48 2.295 0.513666 40.4479 
48 2.295 0.515739 39.4193 
48 2.295 0.516351 40.6807 
48 2.295 0.521099 38.6867 
48 2.295 0.51446 40.4352 
48 2.296 0.509686 40.778 
48 2.296 0.50678 40.8326 
48 2.296 0.511907 39.9179 
48 2.296 0.510195 40.6438 
48 2.296 0.508833 40.3381 
48 2.297 0.509191 39.665 
48 2.297 0.510182 40.1397 
48 2.297 0.508728 39.8616 
48 2.297 0.504357 40.7353 
48 2.297 0.506556 41.2525 
48 2.298 0.506735 39.6389 
48 2.298 0.504118 41.4397 
48 2.298 0.506042 40.1563 
48 2.298 0.503648 41.1806 
48 2.298 0.505539 40.8935 
48 2.299 0.495735 41.1051 
48 2.299 0.495601 41.5174 
48 2.299 0.502507 40.183 
48 2.299 0.500763 41.1025 
48 2.299 0.500952 40.1674 
48 2.3 0.493262 41.0236 
48 2.3 0.49473 41.2296 
48 2.3 0.495048 40.9795 
48 2.3 0.492812 41.9073 
48 2.3 0.487263 42.1747 
48 2.301 0.491159 41.6525 
48 2.301 0.490161 41.2385 
48 2.301 0.492168 40.3852 
48 2.301 0.490493 40.9256 
48 2.301 0.48959 41.1108 
48 2.302 0.48413 41.1972 
48 2.302 0.484144 41.8975 
48 2.302 0.483818 42.6941 
48 2.302 0.488793 41.7969 
48 2.302 0.480336 42.6034 
48 2.303 0.481757 42.2719 
48 2.303 0.481634 42.0152 
48 2.303 0.485882 41.1862 
48 2.303 0.483324 41.6871 
48 2.303 0.482502 41.3231 
48 2.304 0.47755 41.4761 
48 2.304 0.479807 41.7044 
48 2.304 0.483287 40.4807 
48 2.304 0.473545 42.2872 
48 2.304 0.477691 41.5934 
48 2.305 0.473536 41.713 
48 2.305 0.472713 42.1053 
48 2.305 0.473791 42.0096 
48 2.305 0.468344 42.1475 
48 2.305 0.473588 41.8731 
48 2.306 0.471331 41.7979 
48 2.306 0.468839 42.2825 
48 2.306 0.468164 42.2575 
48 2.306 0.468413 42.2175 
48 2.306 0.47171 41.0582 
48 2.307 0.467995 41.8963 
48 2.307 0.46542 41.7758 
48 2.307 0.463077 42.4702 
48 2.307 0.466141 41.8892 
48 2.307 0.465469 42.3299 
48 2.308 0.460098 41.8475 
48 2.308 0.463493 41.8432 
48 2.308 0.454977 43.6806 
48 2.308 0.458323 42.7885 
48 2.308 0.459791 43.0056 
48 2.309 0.456925 42.7103 
48 2.309 0.453671 42.5719 
48 2.309 0.462562 41.1093 
48 2.309 0.459536 42.6927 
48 2.309 0.456789 42.8556 
48 2.31 0.449855 43.1307 
48 2.31 0.456863 42.074 
48 2.31 0.453503 41.5717 
48 2.31 0.446911 42.6565 
48 2.31 0.452168 41.9884 
48 2.311 0.446391 42.7333 
48 2.311 0.446242 42.8829 
48 2.311 0.44785 42.5746 
48 2.311 0.452088 41.4756 
48 2.311 0.449791 42.5973 
48 2.312 0.44555 42.3948 
48 2.312 0.440462 43.1327 
48 2.312 0.443189 42.177 
48 2.312 0.445686 42.0624 
48 2.312 0.444446 42.4731 
48 2.313 0.439311 42.4162 
48 2.313 0.442305 42.0588 
48 2.313 0.440133 41.4483 
48 2.313 0.434546 42.876 
48 2.313 0.438979 42.7633 
48 2.314 0.436624 41.9044 
48 2.314 0.434829 42.4656 
48 2.314 0.433542 41.8089 
48 2.314 0.437044 42.4272 
48 2.314 0.435825 43.0943 
48 2.315 0.428299 42.0261 
48 2.315 0.427423 42.9772 
48 2.315 0.427689 42.3175 
48 2.315 0.432084 41.7851 
48 2.315 0.43368 42.0144 
48 2.316 0.425635 41.7036 
48 2.316 0.426741 42.4088 
48 2.316 0.430223 41.9986 
48 2.316 0.43198 41.3286 
48 2.316 0.428794 42.0146 
48 2.317 0.426524 41.8824 
48 2.317 0.420968 42.4321 
48 2.317 0.426136 42.1551 
48 2.317 0.424115 41.7847 
48 2.317 0.416734 42.5637 
48 2.318 0.420054 41.571 
48 2.318 0.420608 41.8422 
48 2.318 0.41654 41.6645 
48 2.318 0.422604 41.3978 
48 2.318 0.419877 42.1858 
48 2.319 0.414915 42.4808 
48 2.319 0.414915 42.6495 
48 2.319 0.418707 42.7548 
48 2.319 0.415395 41.9575 
48 2.319 0.416067 41.9706 
48 2.32 0.411781 42.1696 
48 2.32 0.408566 41.5119 
48 2.32 0.413387 42.0256 
48 2.32 0.414234 42.5176 
48 2.32 0.410828 41.7046 
48 2.321 0.405268 43.0048 
48 2.321 0.404546 41.6912 
48 2.321 0.408716 41.9002 
48 2.321 0.410796 41.016 
48 2.321 0.403047 41.6663 
48 2.322 0.401542 40.7536 
48 2.322 0.400688 41.165 
48 2.322 0.400275 41.8552 
48 2.322 0.402955 41.0066 
48 2.322 0.405509 41.5059 
48 2.323 0.400891 41.2532 
48 2.323 0.403282 41.3616 
48 2.323 0.399442 41.4818 
48 2.323 0.401753 40.9473 
48 2.323 0.400356 41.8005 
48 2.324 0.397996 41.0137 
48 2.324 0.397564 42.1109 
48 2.324 0.397491 41.6571 
48 2.324 0.395501 41.4627 
48 2.324 0.396882 41.1018 
48 2.325 0.390395 40.8904 
48 2.325 0.390773 40.6718 
48 2.325 0.394449 40.9408 
48 2.325 0.393316 41.202 
48 2.325 0.390065 41.6663 
48 2.326 0.389406 40.6773 
48 2.326 0.387687 40.4819 
48 2.326 0.39045 41.5124 
48 2.326 0.391612 40.7071 
48 2.326 0.384398 41.5849 
48 2.327 0.379916 40.6017 
48 2.327 0.387652 40.751 
48 2.327 0.385444 40.4621 
48 2.327 0.386229 41.0541 
48 2.327 0.385864 40.3143 
48 2.328 0.375989 40.7763 
48 2.328 0.377138 40.8957 
48 2.328 0.382311 40.5968 
48 2.328 0.381771 40.6146 
48 2.328 0.381676 40.4136 
48 2.329 0.377414 39.8013 
48 2.329 0.377934 39.7517 
48 2.329 0.376065 40.3061 
48 2.329 0.378893 39.6444 
48 2.329 0.378295 40.9035 
48 2.33 0.372951 39.5296 
48 2.33 0.373921 40.1626 
48 2.33 0.372881 40.3744 
48 2.33 0.3709 40.2715 
48 2.33 0.380983 39.4744 
48 2.331 0.370352 39.4441 
48 2.331 0.366317 40.2746 
48 2.331 0.372791 40.3651 
48 2.331 0.368108 40.0983 
48 2.331 0.374687 39.0771 
48 2.332 0.3716 39.6249 
48 2.332 0.367611 39.0516 
48 2.332 0.364264 39.9274 
48 2.332 0.367827 39.0376 
48 2.332 0.370256 39.2965 
48 2.333 0.364395 39.2373 
48 2.333 0.361019 38.9325 
48 2.333 0.362399 39.7134 
48 2.333 0.364727 39.9253 
48 2.333 0.361471 39.1314 
48 2.334 0.359933 39.2343 
48 2.334 0.363423 38.8929 
48 2.334 0.360861 39.1873 
48 2.334 0.355771 39.4816 
48 2.334 0.358154 39.7263 
48 2.335 0.358635 39.2776 
48 2.335 0.357654 39.2372 
48 2.335 0.360184 38.7298 
48 2.335 0.35825 37.6555 
48 2.335 0.356084 39.561 
48 2.336 0.357112 37.9185 
48 2.336 0.350773 38.7256 
48 2.336 0.352011 38.8853 
48 2.336 0.354247 38.3092 
48 2.336 0.349424 38.3168 
48 2.337 0.350362 37.8488 
48 2.337 0.351935 38.3806 
48 2.337 0.350297 37.531 
48 2.337 0.350471 37.5898 
48 2.337 0.357182 38.6618 
48 2.338 0.347634 38.2882 
48 2.338 0.347428 37.8465 
48 2.338 0.344929 38.1232 
48 2.338 0.347985 38.5436 
48 2.338 0.341893 37.6696 
48 2.339 0.343225 37.6521 
48 2.339 0.34484 37.5585 
48 2.339 0.345044 37.5508 
48 2.339 0.342559 38.438 
48 2.339 0.347377 38.4126 
48 2.34 0.340893 37.3483 
48 2.34 0.339546 37.1131 
48 2.34 0.340414 37.2214 
48 2.34 0.342657 37.785 
48 2.34 0.342751 37.6721 
48 2.341 0.338601 37.0116 
48 2.341 0.340843 36.9594 
48 2.341 0.338462 36.7814 
48 2.341 0.337849 37.1676 
48 2.341 0.334533 37.601 
48 2.342 0.33528 37.1766 
48 2.342 0.337717 36.5541 
48 2.342 0.33556 36.4131 
48 2.342 0.338005 36.6751 
48 2.342 0.333361 37.5523 
48 2.343 0.331662 36.7714 
48 2.343 0.326504 36.6231 
48 2.343 0.330504 36.966 
48 2.343 0.334267 36.3316 
48 2.343 0.333498 36.8413 
48 2.344 0.331614 36.128 
48 2.344 0.323534 36.3774 
48 2.344 0.326261 36.1237 
48 2.344 0.32919 36.2921 
48 2.344 0.326805 36.2799 
48 2.345 0.326761 36.4171 
48 2.345 0.327207 36.2749 
48 2.345 0.325102 36.297 
48 2.345 0.324885 36.3926 
48 2.345 0.32768 35.2795 
48 2.346 0.326749 35.5129 
48 2.346 0.323895 35.2281 
48 2.346 0.3184 35.7768 
48 2.346 0.321795 35.669 
48 2.346 0.322978 35.2898 
48 2.347 0.324619 35.4352 
48 2.347 0.319022 35.0282 
48 2.347 0.318588 35.4837 
48 2.347 0.321914 34.6066 
48 2.347 0.321285 35.2732 
48 2.348 0.315418 35.002 
48 2.348 0.313314 34.7012 
48 2.348 0.315622 34.589 
48 2.348 0.316002 34.3396 
48 2.348 0.31323 35.664 
48 2.349 0.313762 33.8126 
48 2.349 0.309272 34.8861 
48 2.349 0.314933 34.4697 
48 2.349 0.315281 34.5819 
48 2.349 0.314196 35.0449 
48 2.35 0.310738 33.9856 
48 2.35 0.312897 34.2954 
48 2.35 0.310298 34.0461 
48 2.35 0.309421 34.0208 
48 2.35 0.311123 34.3887 
48 2.351 0.314125 34.7544 
48 2.351 0.312502 34.4897 
48 2.351 0.307104 34.3298 
48 2.351 0.309403 34.2851 
48 2.351 0.305231 34.2091 
48 2.352 0.306512 34.1036 
48 2.352 0.304071 33.5502 
48 2.352 0.303681 33.1875 
48 2.352 0.30443 33.3476 
48 2.352 0.30655 33.7241 
48 2.353 0.302474 33.1142 
48 2.353 0.305739 33.8403 
48 2.353 0.30275 33.1499 
48 2.353 0.303763 33.0832 
48 2.353 0.303448 33.4495 
48 2.354 0.296386 33.0488 
48 2.354 0.301566 33.4312 
48 2.354 0.301585 33.2684 
48 2.354 0.300648 32.9392 
48 2.354 0.301372 33.111 
48 2.355 0.298413 33.1358 
48 2.355 0.296312 32.5636 
48 2.355 0.300998 32.8685 
48 2.355 0.298066 32.5704 
48 2.355 0.294024 32.2311 
48 2.356 0.295415 32.176 
48 2.356 0.298771 33.4726 
48 2.356 0.297462 32.5702 
48 2.356 0.299204 33.373 
48 2.356 0.295586 32.3211 
48 2.357 0.293898 32.2038 
48 2.357 0.290859 32.3965 
48 2.357 0.293028 32.4028 
48 2.357 0.29617 32.5148 
48 2.357 0.294353 31.7443 
48 2.358 0.290192 32.047 
48 2.358 0.295071 32.1398 
48 2.358 0.289194 31.6621 
48 2.358 0.292163 31.7319 
48 2.358 0.296249 31.7424 
48 2.359 0.288562 31.813 
48 2.359 0.286122 31.3697 
48 2.359 0.289682 31.2987 
48 2.359 0.287733 31.7313 
48 2.359 0.283987 31.213 
48 2.36 0.291046 31.3465 
48 2.36 0.289176 30.7703 
48 2.36 0.286816 31.4907 
48 2.36 0.281871 30.9867 
48 2.36 0.288021 31.2288 
48 2.361 0.28209 30.6192 
48 2.361 0.28278 31.3964 
48 2.361 0.285383 31.1976 
48 2.361 0.283557 30.9547 
48 2.361 0.283517 30.6808 
48 2.362 0.286764 31.2843 
48 2.362 0.278738 30.5188 
48 2.362 0.27796 30.7108 
48 2.362 0.282398 30.6747 
48 2.362 0.282742 30.5661 
48 2.363 0.278816 29.9626 
48 2.363 0.280355 30.6341 
48 2.363 0.277131 29.9963 
48 2.363 0.279846 30.0209 
48 2.363 0.281147 30.7533 
48 2.364 0.27729 30.1032 
48 2.364 0.277793 29.8284 
48 2.364 0.276999 30.2082 
48 2.364 0.276883 29.8694 
48 2.364 0.278035 29.9917 
48 2.365 0.277105 29.878 
48 2.365 0.272623 29.3058 
48 2.365 0.274644 29.9151 
48 2.365 0.274498 29.2251 
48 2.365 0.274088 29.897 
48 2.366 0.272041 29.3472 
48 2.366 0.274316 29.2626 
48 2.366 0.274489 29.8305 
48 2.366 0.273334 28.9317 
48 2.366 0.270722 29.4533 
48 2.367 0.270901 29.2389 
48 2.367 0.273078 29.4924 
48 2.367 0.271674 29.2882 
48 2.367 0.271799 29.5352 
48 2.367 0.272556 29.648 
48 2.368 0.267331 29.3886 
48 2.368 0.267782 28.7314 
48 2.368 0.267698 28.6978 
48 2.368 0.266172 28.4516 
48 2.368 0.270361 29.25 
48 2.369 0.263229 27.8386 
48 2.369 0.267567 28.748 
48 2.369 0.262586 28.7965 
48 2.369 0.266614 28.5385 
48 2.369 0.266451 28.5367 
48 2.37 0.262421 28.022 
48 2.37 0.262828 28.4475 
48 2.37 0.259842 28.1056 
48 2.37 0.261246 28.2299 
48 2.37 0.263156 28.391 
48 2.371 0.261358 27.8769 
48 2.371 0.260798 27.6769 
48 2.371 0.261331 27.38 
48 2.371 0.264371 28.0962 
48 2.371 0.259457 27.7643 
48 2.372 0.261226 27.5315 
48 2.372 0.2587 27.4334 
48 2.372 0.25983 28.1358 
48 2.372 0.258856 27.8379 
48 2.372 0.257581 27.3733 
48 2.373 0.258129 27.5597 
48 2.373 0.256864 27.3509 
48 2.373 0.258921 27.5148 
48 2.373 0.260236 27.7908 
48 2.373 0.258726 27.6747 
48 2.374 0.253711 27.0953 
48 2.374 0.254755 27.0087 
48 2.374 0.25243 26.5944 
48 2.374 0.256775 27.4002 
48 2.374 0.255254 27.4029 
48 2.375 0.256285 26.6355 
48 2.375 0.255085 27.0294 
48 2.375 0.251859 26.7083 
48 2.375 0.252004 26.7041 
48 2.375 0.253618 26.6939 
48 2.376 0.250301 26.2915 
48 2.376 0.251384 26.5145 
48 2.376 0.250965 26.3925 
48 2.376 0.251229 26.005 
48 2.376 0.253382 26.7496 
48 2.377 0.246981 26.7637 
48 2.377 0.252696 26.8162 
48 2.377 0.252536 26.1446 
48 2.377 0.248062 25.467 
48 2.377 0.250501 26.3657 
48 2.378 0.247501 25.662 
48 2.378 0.2452 25.7783 
48 2.378 0.247404 25.8888 
48 2.378 0.247574 25.7166 
48 2.378 0.247584 25.6357 
48 2.379 0.244169 25.7715 
48 2.379 0.246683 25.8363 
48 2.379 0.247458 25.5713 
48 2.379 0.246511 25.9262 
48 2.379 0.247772 25.8394 
48 2.38 0.244433 26.0267 
48 2.38 0.242568 25.5851 
48 2.38 0.244965 25.5116 
48 2.38 0.243885 25.2707 
48 2.38 0.244992 26.0021 
48 2.381 0.241329 25.0343 
48 2.381 0.240267 24.693 
48 2.381 0.24401 25.0601 
48 2.381 0.242755 25.6198 
48 2.381 0.242447 25.152 
48 2.382 0.241895 24.8662 
48 2.382 0.239594 25.1512 
48 2.382 0.240576 24.385 
48 2.382 0.239626 25.2357 
48 2.382 0.241202 25.0054 
48 2.383 0.238509 24.0887 
48 2.383 0.239005 24.4785 
48 2.383 0.241934 24.6313 
48 2.383 0.237825 24.8697 
48 2.383 0.238773 24.7371 
48 2.384 0.23667 24.5683 
48 2.384 0.239912 24.4451 
48 2.384 0.238157 24.4123 
48 2.384 0.241039 24.5132 
48 2.384 0.234275 24.3368 
48 2.385 0.235722 24.301 
48 2.385 0.235322 23.7957 
48 2.385 0.234716 23.8418 
48 2.385 0.236835 23.6937 
48 2.385 0.235658 23.7443 
48 2.386 0.233812 23.7711 
48 2.386 0.235719 24.3821 
48 2.386 0.234989 24.0489 
48 2.386 0.235017 23.9667 
48 2.386 0.233248 23.6917 
48 2.387 0.231302 23.5555 
48 2.387 0.231068 23.0271 
48 2.387 0.233383 23.5648 
48 2.387 0.230357 23.1167 
48 2.387 0.22941 23.488 
48 2.388 0.23154 23.8506 
48 2.388 0.230683 23.3325 
48 2.388 0.229786 23.2162 
48 2.388 0.229415 22.9348 
48 2.388 0.22712 23.4242 
48 2.389 0.229585 22.5282 
48 2.389 0.230963 23.2335 
48 2.389 0.226698 22.8916 
48 2.389 0.229994 23.1013 
48 2.389 0.229541 23.481 
48 2.39 0.227045 22.3769 
48 2.39 0.226359 22.8128 
48 2.39 0.226123 22.6276 
48 2.39 0.226601 22.9148 
48 2.39 0.226996 23.1033 
48 2.391 0.22429 22.3155 
48 2.391 0.227486 22.6598 
48 2.391 0.226538 22.6191 
48 2.391 0.224345 22.5084 
48 2.391 0.223273 22.6158 
48 2.392 0.226671 22.006 
48 2.392 0.2221 21.734 
48 2.392 0.223004 22.1149 
48 2.392 0.226167 22.2796 
48 2.392 0.224039 22.683 
48 2.393 0.223701 22.7644 
48 2.393 0.224191 22.5466 
48 2.393 0.222 21.9663 
48 2.393 0.224578 22.1986 
48 2.393 0.225488 21.7372 
48 2.394 0.220827 21.6818 
48 2.394 0.221741 21.4016 
48 2.394 0.223825 22.32 
48 2.394 0.221694 22.2157 
48 2.394 0.220697 22.2882 
48 2.395 0.219305 22.0213 
48 2.395 0.218974 21.3793 
48 2.395 0.220185 21.9016 
48 2.395 0.220389 21.7792 
48 2.395 0.220868 21.6733 
48 2.396 0.217314 21.42 
48 2.396 0.218223 21.7313 
48 2.396 0.218245 21.5183 
48 2.396 0.217828 21.5638 
48 2.396 0.219357 21.5221 
48 2.397 0.217193 21.4739 
48 2.397 0.218209 21.5011 
48 2.397 0.21872 21.427 
48 2.397 0.217259 21.181 
48 2.397 0.217633 21.2434 
48 2.398 0.218057 21.0342 
48 2.398 0.213495 21.2072 
48 2.398 0.213172 20.807 
48 2.398 0.214458 21.324 
48 2.398 0.216039 21.4252 
48 2.399 0.215135 20.8426 
48 2.399 0.217011 21.0427 
48 2.399 0.214629 20.5699 
48 2.399 0.213562 20.9603 
48 2.399 0.212102 20.6429 
48 2.4 0.212641 20.7791 
48 2.4 0.213766 20.6345 
48 2.4 0.213162 20.7117 
48 2.4 0.211569 20.6214 
48 2.4 0.21153 20.8007 
48 2.401 0.210326 19.9968 
48 2.401 0.209974 20.4865 
48 2.401 0.208783 20.3718 
48 2.401 0.211521 20.0845 
48 2.401 0.210398 20.1799 
48 2.402 0.208002 19.9504 
48 2.402 0.21029 20.1777 
48 2.402 0.210272 20.4541 
48 2.402 0.212183 20.5672 
48 2.402 0.212644 20.4321 
48 2.403 0.20635 19.6081 
48 2.403 0.208821 20.0007 
48 2.403 0.21095 20.02 
48 2.403 0.212199 20.4381 
48 2.403 0.207044 19.6334 
48 2.404 0.208087 19.9294 
48 2.404 0.208467 20.0455 
48 2.404 0.207618 19.6973 
48 2.404 0.203022 19.3463 
48 2.404 0.206491 19.8495 
48 2.405 0.203891 19.5894 
48 2.405 0.206847 19.3668 
48 2.405 0.203719 19.1689 
48 2.405 0.203088 19.1781 
48 2.405 0.206261 19.2983 
48 2.406 0.205538 19.5651 
48 2.406 0.20505 19.569 
48 2.406 0.206754 19.8396 
48 2.406 0.205813 19.1952 
48 2.406 0.205942 19.69 
48 2.407 0.202607 18.8623 
48 2.407 0.202252 18.9581 
48 2.407 0.203198 18.9615 
48 2.407 0.201654 18.8298 
48 2.407 0.203231 18.9437 
48 2.408 0.202843 19.0287 
48 2.408 0.201558 18.9016 
48 2.408 0.199336 18.8237 
48 2.408 0.201072 18.7552 
48 2.408 0.20164 18.6075 
48 2.409 0.199854 18.7096 
48 2.409 0.202144 18.8888 
48 2.409 0.203218 19.3002 
48 2.409 0.202818 18.7273 
48 2.409 0.19912 18.5921 
48 2.41 0.2027 18.7085 
48 2.41 0.200904 19.201 
48 2.41 0.198585 18.0319 
48 2.41 0.199752 18.3157 
48 2.41 0.198003 18.5197 
48 2.411 0.1991 18.8869 
48 2.411 0.200183 18.3637 
48 2.411 0.1991 18.6387 
48 2.411 0.200179 18.4119 
48 2.411 0.198289 18.2826 
48 2.412 0.195734 17.9908 
48 2.412 0.196869 18.3179 
48 2.412 0.197421 18.0381 
48 2.412 0.195516 17.9828 
48 2.412 0.195978 18.3835 
48 2.413 0.195051 17.7785 
48 2.413 0.195491 17.8075 
48 2.413 0.199389 18.2096 
48 2.413 0.198043 18.282 
48 2.413 0.198134 18.0324 
48 2.414 0.194107 18.0708 
48 2.414 0.195291 18.0741 
48 2.414 0.196372 18.0904 
48 2.414 0.197091 17.9533 
48 2.414 0.195856 17.8096 
48 2.415 0.195989 17.8082 
48 2.415 0.193657 17.4324 
48 2.415 0.196627 18.0802 
48 2.415 0.196236 18.2613 
48 2.415 0.195778 17.6668 
48 2.416 0.192891 17.8042 
48 2.416 0.192429 17.5964 
48 2.416 0.190848 17.7484 
48 2.416 0.192625 17.0903 
48 2.416 0.193035 17.463 
48 2.417 0.190344 17.3402 
48 2.417 0.191815 17.0206 
48 2.417 0.188542 17.4499 
48 2.417 0.192928 17.4489 
48 2.417 0.191675 17.3724 
48 2.418 0.191801 17.2206 
48 2.418 0.189913 17.1097 
48 2.418 0.190415 16.9912 
48 2.418 0.193176 17.3298 
48 2.418 0.192737 17.8427 
48 2.419 0.18819 16.7786 
48 2.419 0.190339 16.5106 
48 2.419 0.189933 17.2264 
48 2.419 0.189591 17.0742 
48 2.419 0.189355 17.1234 
48 2.42 0.188589 16.9506 
48 2.42 0.187899 16.8651 
48 2.42 0.191333 16.7211 
48 2.42 0.189745 16.6478 
48 2.42 0.190755 17.259 
48 2.421 0.188017 16.7817 
48 2.421 0.187904 16.4092 
48 2.421 0.187994 16.7076 
48 2.421 0.188915 16.57 
48 2.421 0.188904 17.0463 
48 2.422 0.186618 16.3392 
48 2.422 0.187586 16.5246 
48 2.422 0.186002 16.855 
48 2.422 0.187392 16.3977 
48 2.422 0.185814 16.2716 
48 2.423 0.185338 16.577 
48 2.423 0.188205 17.0537 
48 2.423 0.184525 16.3005 
48 2.423 0.188284 16.4688 
48 2.423 0.184452 16.2857 
48 2.424 0.185239 16.3323 
48 2.424 0.183972 16.1052 
48 2.424 0.183251 16.3683 
48 2.424 0.184473 16.2438 
48 2.424 0.184728 15.945 
48 2.425 0.186342 16.3924 
48 2.425 0.182606 16.0655 
48 2.425 0.185368 16.0187 
48 2.425 0.184251 16.0963 
48 2.425 0.184155 16.3865 
48 2.426 0.180998 15.6692 
48 2.426 0.186726 16.2227 
48 2.426 0.1838 16.153 
48 2.426 0.183006 15.645 
48 2.426 0.183437 15.7776 
48 2.427 0.180045 15.6998 
48 2.427 0.182006 15.6682 
48 2.427 0.182249 15.6575 
48 2.427 0.181902 16.126 
48 2.427 0.182697 15.7844 
48 2.428 0.182492 15.6917 
48 2.428 0.181079 15.7632 
48 2.428 0.181216 15.7975 
48 2.428 0.181792 15.8927 
48 2.428 0.1839 15.7774 
48 2.429 0.181507 15.6139 
48 2.429 0.180421 15.6312 
48 2.429 0.178201 15.1435 
48 2.429 0.178523 15.6191 
48 2.429 0.179188 15.5723 
48 2.43 0.179434 15.382 
48 2.43 0.179835 15.7811 
48 2.43 0.177402 15.3504 
48 2.43 0.178369 15.3742 
48 2.43 0.179429 15.2434 
48 2.431 0.179038 15.314 
48 2.431 0.17778 14.7608 
48 2.431 0.176918 15.3039 
48 2.431 0.175916 14.7202 
48 2.431 0.178872 15.2427 
48 2.432 0.179442 15.2407 
48 2.432 0.178216 15.2177 
48 2.432 0.177888 14.98 
48 2.432 0.178016 15.4741 
48 2.432 0.177697 15.3325 
48 2.433 0.176309 14.633 
48 2.433 0.177012 14.952 
48 2.433 0.17465 14.6016 
48 2.433 0.176582 15.343 
48 2.433 0.177057 14.8456 
48 2.434 0.175296 14.78 
48 2.434 0.177059 14.8664 
48 2.434 0.175074 14.4915 
48 2.434 0.178284 15.0146 
48 2.434 0.174464 14.9593 
48 2.435 0.17301 14.4633 
48 2.435 0.17523 14.7726 
48 2.435 0.175113 14.8824 
48 2.435 0.17368 14.7912 
48 2.435 0.172763 14.5 
48 2.436 0.172834 14.4109 
48 2.436 0.174235 14.963 
48 2.436 0.173168 14.6579 
48 2.436 0.171232 14.6103 
48 2.436 0.173011 14.3424 
48 2.437 0.171342 14.3636 
48 2.437 0.172257 14.6858 
48 2.437 0.174594 14.8564 
48 2.437 0.171614 14.4149 
48 2.437 0.170619 14.5865 
48 2.438 0.172369 14.1818 
48 2.438 0.171642 14.333 
48 2.438 0.171519 14.2104 
48 2.438 0.17187 14.1873 
48 2.438 0.168554 13.6021 
48 2.439 0.168057 13.7968 
48 2.439 0.16955 14.0577 
48 2.439 0.172026 14.1298 
48 2.439 0.172022 14.2823 
48 2.439 0.174498 14.4521 
48 2.44 0.169755 14.0665 
48 2.44 0.169995 13.8398 
48 2.44 0.171596 14.3687 
48 2.44 0.171502 14.0805 
48 2.44 0.170848 14.1245 
48 2.441 0.169509 13.6798 
48 2.441 0.16868 13.6495 
48 2.441 0.169972 13.9998 
48 2.441 0.171383 14.1132 
48 2.441 0.170059 14.1223 
48 2.442 0.169935 13.894 
48 2.442 0.168646 13.8159 
48 2.442 0.166957 13.6183 
48 2.442 0.16693 13.7083 
48 2.442 0.168708 13.5725 
48 2.443 0.1667 13.4766 
48 2.443 0.169282 13.662 
48 2.443 0.169809 13.7631 
48 2.443 0.16704 13.6324 
48 2.443 0.168526 13.662 
48 2.444 0.165327 13.3751 
48 2.444 0.166668 13.4764 
48 2.444 0.165398 13.4178 
48 2.444 0.164862 13.3719 
48 2.444 0.165704 13.3891 
48 2.445 0.165375 13.4572 
48 2.445 0.164875 13.5117 
48 2.445 0.166535 13.6015 
48 2.445 0.164186 13.1733 
48 2.445 0.165991 13.2688 
48 2.446 0.165548 13.2536 
48 2.446 0.166893 13.5122 
48 2.446 0.166068 13.4228 
48 2.446 0.165899 13.4844 
48 2.446 0.165478 13.2524 
48 2.447 0.162449 13.1514 
48 2.447 0.163513 13.2689 
48 2.447 0.163828 12.8328 
48 2.447 0.162797 12.7363 
48 2.447 0.165347 13.1494 
48 2.448 0.163221 13.4 
48 2.448 0.164144 13.2281 
48 2.448 0.165405 12.9983 
48 2.448 0.161374 12.8696 
48 2.448 0.1648 13.376 
48 2.449 0.163066 12.8792 
48 2.449 0.162342 12.5023 
48 2.449 0.164056 13.1447 
48 2.449 0.164966 13.2198 
48 2.449 0.160666 12.7222 
48 2.45 0.16365 12.9222 
48 2.45 0.161583 12.5924 
48 2.45 0.161866 12.5205 
48 2.45 0.162801 12.9818 
48 2.45 0.162894 13.0851 
48 2.451 0.162132 13.1617 
48 2.451 0.162374 13.1522 
48 2.451 0.162389 12.7943 
48 2.451 0.162506 12.7013 
48 2.451 0.160318 12.5073 
48 2.452 0.16068 12.3565 
48 2.452 0.161106 12.7281 
48 2.452 0.158494 12.3262 
48 2.452 0.160389 12.7949 
48 2.452 0.161329 12.6659 
48 2.453 0.161082 12.7895 
48 2.453 0.160461 12.4178 
48 2.453 0.160439 12.9005 
48 2.453 0.160109 12.7866 
48 2.453 0.159476 12.5781 
48 2.454 0.160993 12.7178 
48 2.454 0.158656 12.5345 
48 2.454 0.161119 12.748 
48 2.454 0.159102 12.2357 
48 2.454 0.158534 12.4003 
48 2.455 0.158667 12.5065 
48 2.455 0.157877 12.2131 
48 2.455 0.158447 12.2853 
48 2.455 0.160251 12.385 
48 2.455 0.159669 12.5497 
48 2.456 0.158719 12.4814 
48 2.456 0.157519 11.8723 
48 2.456 0.159904 12.2407 
48 2.456 0.15962 12.5755 
48 2.456 0.15641 12.1038 
48 2.457 0.157724 12.0337 
48 2.457 0.156729 12.0663 
48 2.457 0.158387 12.2617 
48 2.457 0.158833 12.1971 
48 2.457 0.156306 12.2912 
48 2.458 0.155715 12.0567 
48 2.458 0.156995 12.0949 
48 2.458 0.157684 12.1017 
48 2.458 0.156577 12.193 
48 2.458 0.15673 12.2931 
48 2.459 0.153652 11.7439 
48 2.459 0.158175 12.0507 
48 2.459 0.155525 11.9837 
48 2.459 0.154851 11.863 
48 2.459 0.157359 12.0664 
48 2.46 0.156448 11.9982 
48 2.46 0.155009 11.7908 
48 2.46 0.156772 12.0731 
48 2.46 0.15726 11.7096 
48 2.46 0.154952 11.8068 
48 2.461 0.155503 11.8585 
48 2.461 0.156938 11.9947 
48 2.461 0.153555 11.7628 
48 2.461 0.154071 11.8937 
48 2.461 0.155074 12.086 
48 2.462 0.154217 11.9092 
48 2.462 0.154482 11.5752 
48 2.462 0.153974 11.5996 
48 2.462 0.156503 11.9878 
48 2.462 0.153236 11.5283 
48 2.463 0.153228 11.8084 
48 2.463 0.153383 11.5986 
48 2.463 0.154261 12.0471 
48 2.463 0.152478 11.4149 
48 2.463 0.154192 11.7385 
48 2.464 0.153658 11.6488 
48 2.464 0.152431 11.3881 
48 2.464 0.153182 11.6816 
48 2.464 0.153152 11.5364 
48 2.464 0.152189 11.5617 
48 2.465 0.151424 11.295 
48 2.465 0.153215 11.6212 
48 2.465 0.151787 11.3376 
48 2.465 0.153325 11.5252 
48 2.465 0.150455 11.084 
48 2.466 0.150521 11.339 
48 2.466 0.152501 11.6836 
48 2.466 0.151945 11.5472 
48 2.466 0.152423 11.3269 
48 2.466 0.151493 11.4047 
48 2.467 0.150686 11.1601 
48 2.467 0.152112 11.3899 
48 2.467 0.151398 11.3862 
48 2.467 0.151637 11.2773 
48 2.467 0.149097 11.0764 
48 2.468 0.151608 11.2205 
48 2.468 0.14944 11.1875 
48 2.468 0.148946 11.2115 
48 2.468 0.151866 11.4459 
48 2.468 0.15084 11.4395 
48 2.469 0.149126 11.0715 
48 2.469 0.149005 10.811 
48 2.469 0.149241 11.0288 
48 2.469 0.149955 10.9542 
48 2.469 0.150799 11.176 
48 2.47 0.14955 10.7029 
48 2.47 0.147705 10.9768 
48 2.47 0.150508 10.9314 
48 2.47 0.147264 10.7781 
48 2.47 0.150782 10.9709 
48 2.471 0.148674 10.7459 
48 2.471 0.148685 10.9628 
48 2.471 0.146785 10.761 
48 2.471 0.149134 11.0964 
48 2.471 0.147357 10.8176 
48 2.472 0.148252 10.9437 
48 2.472 0.145323 10.4371 
48 2.472 0.146018 10.3678 
48 2.472 0.1478 10.9098 
48 2.472 0.149166 10.6392 
48 2.473 0.145561 10.5812 
48 2.473 0.14668 10.6941 
48 2.473 0.147414 10.5654 
48 2.473 0.145862 10.5949 
48 2.473 0.14755 10.7054 
48 2.474 0.147223 10.6003 
48 2.474 0.147413 10.6695 
48 2.474 0.146791 10.9312 
48 2.474 0.145049 10.3353 
48 2.474 0.144718 10.5086 
48 2.475 0.147313 10.7705 
48 2.475 0.14459 10.5634 
48 2.475 0.145516 10.5194 
48 2.475 0.145434 10.5414 
48 2.475 0.145849 10.5129 
48 2.476 0.146147 10.6649 
48 2.476 0.143298 10.3541 
48 2.476 0.144947 10.3776 
48 2.476 0.145311 10.5778 
48 2.476 0.144135 10.3508 
48 2.477 0.146802 10.8641 
48 2.477 0.145668 10.5279 
48 2.477 0.144578 10.4484 
48 2.477 0.145558 10.4085 
48 2.477 0.143964 10.324 
48 2.478 0.145006 10.2638 
48 2.478 0.144066 9.95157 
48 2.478 0.1433 10.2262 
48 2.478 0.144004 10.2571 
48 2.478 0.144583 10.2297 
48 2.479 0.142312 10.0772 
48 2.479 0.142935 10.3109 
48 2.479 0.143946 10.1545 
48 2.479 0.142831 10.3582 
48 2.479 0.142771 10.2743 
48 2.48 0.14331 10.2395 
48 2.48 0.141347 10.052 
48 2.48 0.143199 10.1607 
48 2.48 0.14418 10.3543 
48 2.48 0.142602 10.297 
48 2.481 0.142788 9.89249 
48 2.481 0.14398 10.216 
48 2.481 0.142713 10.2315 
48 2.481 0.141815 9.8993 
48 2.481 0.14307 9.85581 
48 2.482 0.14048 9.86533 
48 2.482 0.143525 9.95951 
48 2.482 0.141328 9.96526 
48 2.482 0.1428 10.2284 
48 2.482 0.141143 9.92713 
48 2.483 0.141217 9.94381 
48 2.483 0.140415 9.79442 
48 2.483 0.141135 10.2332 
48 2.483 0.141208 10.0093 
48 2.483 0.140841 9.65984 
48 2.484 0.141612 10.1622 
48 2.484 0.140178 9.79657 
48 2.484 0.139497 9.60483 
48 2.484 0.139477 9.78933 
48 2.484 0.14103 9.66798 
48 2.485 0.140809 9.66085 
48 2.485 0.140897 9.59151 
48 2.485 0.139935 9.42992 
48 2.485 0.139156 9.44416 
48 2.485 0.141087 9.86529 
48 2.486 0.139887 9.66958 
48 2.486 0.138342 9.40245 
48 2.486 0.141167 9.84068 
48 2.486 0.138224 9.4849 
48 2.486 0.138894 9.55724 
48 2.487 0.14 9.53999 
48 2.487 0.137828 9.44647 
48 2.487 0.138637 9.62037 
48 2.487 0.138735 9.64723 
48 2.487 0.140828 9.77566 
48 2.488 0.137637 9.48624 
48 2.488 0.13964 9.71313 
48 2.488 0.137624 9.40512 
48 2.488 0.138139 9.49504 
48 2.488 0.140003 9.83495 
48 2.489 0.138805 9.56398 
48 2.489 0.138213 9.67561 
48 2.489 0.138518 9.34498 
48 2.489 0.140013 9.64571 
48 2.489 0.136636 9.38197 
48 2.49 0.137843 9.21535 
48 2.49 0.137954 9.46127 
48 2.49 0.137186 9.13649 
48 2.49 0.137569 9.47681 
48 2.49 0.136672 9.36762 
48 2.491 0.137338 9.28745 
48 2.491 0.137064 9.45214 
48 2.491 0.138153 9.47036 
48 2.491 0.138274 9.36011 
48 2.491 0.137108 9.35456 
48 2.492 0.13618 9.25746 
48 2.492 0.137206 9.23205 
48 2.492 0.134812 9.07714 
48 2.492 0.137263 9.36151 
48 2.492 0.136768 9.28267 
48 2.493 0.135025 9.23266 
48 2.493 0.136295 9.16173 
48 2.493 0.135076 9.06306 
48 2.493 0.137379 9.22765 
48 2.493 0.137101 9.49743 
48 2.494 0.135889 9.17978 
48 2.494 0.137418 9.31522 
48 2.494 0.134788 9.0991 
48 2.494 0.138018 9.39019 
48 2.494 0.135794 9.14337 
48 2.495 0.136352 9.20487 
48 2.495 0.13513 9.11848 
48 2.495 0.134403 9.08245 
48 2.495 0.136765 9.29366 
48 2.495 0.133215 8.72547 
48 2.496 0.13689 9.20242 
48 2.496 0.134529 8.89407 
48 2.496 0.1348 9.06932 
48 2.496 0.133155 8.8858 
48 2.496 0.135761 9.14763 
48 2.497 0.133196 8.9595 
48 2.497 0.132605 8.90698 
48 2.497 0.135144 9.18426 
48 2.497 0.134057 8.97221 
48 2.497 0.133078 8.82211 
48 2.498 0.135709 8.87117 
48 2.498 0.132188 8.78369 
48 2.498 0.133558 8.98007 
48 2.498 0.132897 8.69764 
48 2.498 0.135283 8.99285 
48 2.499 0.132749 8.7855 
48 2.499 0.133958 9.03127 
48 2.499 0.133095 8.73912 
48 2.499 0.132018 8.66101 
48 2.499 0.133992 8.99044 
