size temperature m m2 m4 ms 
16 2.2 0.791991 0.648313 0.455175 2.45094 
16 2.2 0.796323 0.654439 0.462855 2.36308 
16 2.2 0.794562 0.651956 0.459676 2.40034 
16 2.2 0.795335 0.653173 0.460817 2.39883 
16 2.2 0.793923 0.651383 0.459492 2.45163 
16 2.201 0.791883 0.647276 0.453508 2.34919 
16 2.201 0.791009 0.647998 0.456485 2.59413 
16 2.201 0.795444 0.652967 0.460215 2.3537 
16 2.201 0.793539 0.650858 0.458839 2.46039 
16 2.201 0.792919 0.649768 0.457658 2.44813 
16 2.202 0.792244 0.648394 0.454967 2.41159 
16 2.202 0.792427 0.648669 0.455603 2.40974 
16 2.202 0.790884 0.646274 0.452622 2.41537 
16 2.202 0.791045 0.647105 0.45451 2.48254 
16 2.202 0.791465 0.647466 0.454318 2.44719 
16 2.203 0.791567 0.647931 0.455308 2.48121 
16 2.203 0.793639 0.650633 0.45812 2.41363 
16 2.203 0.790726 0.646422 0.45345 2.46058 
16 2.203 0.791566 0.648185 0.455804 2.51111 
16 2.203 0.792863 0.648956 0.455689 2.36185 
16 2.204 0.790791 0.646823 0.45417 2.49416 
16 2.204 0.792439 0.649136 0.456472 2.45972 
16 2.204 0.791051 0.647273 0.454562 2.49864 
16 2.204 0.792964 0.649028 0.455728 2.35042 
16 2.204 0.789799 0.645212 0.451784 2.48906 
16 2.205 0.790148 0.645576 0.452458 2.46629 
16 2.205 0.788911 0.64343 0.449224 2.44385 
16 2.205 0.788276 0.643723 0.451036 2.5942 
16 2.205 0.79151 0.647801 0.455351 2.47444 
16 2.205 0.790082 0.64576 0.45288 2.49962 
16 2.206 0.789138 0.644531 0.451318 2.52892 
16 2.206 0.786141 0.640479 0.447127 2.60661 
16 2.206 0.786512 0.640901 0.447356 2.58791 
16 2.206 0.789663 0.645535 0.452514 2.54917 
16 2.206 0.788138 0.643407 0.45024 2.58147 
16 2.207 0.790168 0.645804 0.452738 2.48671 
16 2.207 0.786704 0.641839 0.449238 2.66042 
16 2.207 0.785952 0.640033 0.446245 2.58801 
16 2.207 0.789058 0.643737 0.449472 2.45036 
16 2.207 0.787228 0.642141 0.448998 2.59982 
16 2.208 0.788234 0.643076 0.449874 2.52336 
16 2.208 0.787332 0.642014 0.448479 2.56493 
16 2.208 0.784057 0.638266 0.444772 2.72706 
16 2.208 0.785861 0.640138 0.446865 2.61576 
16 2.208 0.787992 0.641824 0.44719 2.42228 
16 2.209 0.787446 0.641358 0.446906 2.46689 
16 2.209 0.787631 0.641691 0.447331 2.47171 
16 2.209 0.785888 0.639691 0.445549 2.55773 
16 2.209 0.784676 0.638237 0.443857 2.60992 
16 2.209 0.786338 0.64078 0.447252 2.60211 
16 2.21 0.782362 0.634926 0.440354 2.64511 
16 2.21 0.783555 0.637086 0.442696 2.67892 
16 2.21 0.781892 0.634651 0.440049 2.69849 
16 2.21 0.783753 0.636748 0.442345 2.60388 
16 2.21 0.784394 0.637427 0.443053 2.56616 
16 2.211 0.784244 0.637596 0.443506 2.61185 
16 2.211 0.78377 0.637266 0.443258 2.65968 
16 2.211 0.781342 0.634135 0.440174 2.73705 
16 2.211 0.78225 0.635516 0.441768 2.73262 
16 2.211 0.786192 0.639234 0.444001 2.44718 
16 2.212 0.782623 0.635494 0.441287 2.66124 
16 2.212 0.782136 0.635108 0.441148 2.70486 
16 2.212 0.782398 0.635017 0.441036 2.64674 
16 2.212 0.783674 0.637421 0.443696 2.6937 
16 2.212 0.785421 0.638489 0.443546 2.50014 
16 2.213 0.7812 0.633864 0.439573 2.72892 
16 2.213 0.785189 0.63892 0.445044 2.59104 
16 2.213 0.780251 0.632482 0.437935 2.7405 
16 2.213 0.780578 0.632309 0.437513 2.66143 
16 2.213 0.780319 0.631501 0.435905 2.61475 
16 2.214 0.779448 0.630952 0.435984 2.70704 
16 2.214 0.780166 0.631862 0.436646 2.68282 
16 2.214 0.779552 0.630893 0.435455 2.68173 
16 2.214 0.779969 0.632146 0.437634 2.75128 
16 2.214 0.779794 0.631221 0.435751 2.67593 
16 2.215 0.779506 0.631369 0.436739 2.74369 
16 2.215 0.779923 0.631304 0.435584 2.66105 
16 2.215 0.77888 0.630288 0.435412 2.73147 
16 2.215 0.777536 0.6285 0.432989 2.76658 
16 2.215 0.777186 0.627983 0.432661 2.76975 
16 2.216 0.777849 0.629582 0.435452 2.83407 
16 2.216 0.778797 0.629921 0.434899 2.70286 
16 2.216 0.779052 0.630532 0.43534 2.72754 
16 2.216 0.778078 0.629367 0.434798 2.76808 
16 2.216 0.779086 0.630613 0.435126 2.73071 
16 2.217 0.776152 0.626703 0.43143 2.80505 
16 2.217 0.776158 0.626775 0.43135 2.81215 
16 2.217 0.776459 0.627444 0.432694 2.83549 
16 2.217 0.771684 0.621148 0.42615 2.96199 
16 2.217 0.776677 0.627329 0.43218 2.78311 
16 2.218 0.776409 0.62599 0.42951 2.6754 
16 2.218 0.77449 0.624529 0.429542 2.85027 
16 2.218 0.776581 0.62718 0.432044 2.78181 
16 2.218 0.775816 0.626201 0.430521 2.80598 
16 2.218 0.776251 0.62709 0.432341 2.83061 
16 2.219 0.772437 0.621887 0.426427 2.9106 
16 2.219 0.776396 0.62682 0.431063 2.77212 
16 2.219 0.772813 0.62252 0.427495 2.91639 
16 2.219 0.774564 0.625245 0.430594 2.91824 
16 2.219 0.774238 0.624217 0.428822 2.85804 
16 2.22 0.775992 0.625706 0.429919 2.7148 
16 2.22 0.773374 0.622814 0.427068 2.84896 
16 2.22 0.772834 0.622512 0.426657 2.91047 
16 2.22 0.773298 0.623456 0.427974 2.93668 
16 2.22 0.772224 0.62219 0.42711 2.98207 
16 2.221 0.769861 0.619066 0.423719 3.04065 
16 2.221 0.774468 0.624049 0.428355 2.79492 
16 2.221 0.771632 0.620935 0.425531 2.9414 
16 2.221 0.773456 0.623062 0.427162 2.86175 
16 2.221 0.771198 0.619997 0.424385 2.91037 
16 2.222 0.770459 0.618614 0.421944 2.88098 
16 2.222 0.771256 0.619784 0.423501 2.87433 
16 2.222 0.768655 0.617365 0.421623 3.05696 
16 2.222 0.771973 0.62123 0.425253 2.91335 
16 2.222 0.771286 0.62007 0.424055 2.90196 
16 2.223 0.769692 0.618464 0.422813 2.99857 
16 2.223 0.771092 0.619689 0.423385 2.89121 
16 2.223 0.771109 0.61936 0.422766 2.85041 
16 2.223 0.771149 0.619598 0.42324 2.87052 
16 2.223 0.770375 0.618697 0.422249 2.90428 
16 2.224 0.767473 0.615724 0.420367 3.0745 
16 2.224 0.766531 0.614184 0.41822 3.06351 
16 2.224 0.767543 0.61487 0.418542 2.96382 
16 2.224 0.768883 0.61659 0.420164 2.92475 
16 2.224 0.767677 0.614784 0.417597 2.93024 
16 2.225 0.767405 0.614722 0.41792 2.96973 
16 2.225 0.770133 0.618767 0.422788 2.95257 
16 2.225 0.767476 0.61563 0.419922 3.06178 
16 2.225 0.77032 0.618376 0.421734 2.87443 
16 2.225 0.769537 0.617515 0.421241 2.91398 
16 2.226 0.766108 0.613684 0.417217 3.07782 
16 2.226 0.766973 0.613872 0.417324 2.94689 
16 2.226 0.765808 0.613278 0.416882 3.08406 
16 2.226 0.769993 0.61851 0.422378 2.94654 
16 2.226 0.766763 0.614048 0.417582 3.00418 
16 2.227 0.763759 0.609889 0.413248 3.05341 
16 2.227 0.767184 0.614479 0.417454 2.97827 
16 2.227 0.765871 0.613012 0.416646 3.04091 
16 2.227 0.76674 0.614001 0.417571 3.00149 
16 2.227 0.765687 0.612843 0.416514 3.05389 
16 2.228 0.766238 0.613975 0.418008 3.08569 
16 2.228 0.765115 0.612389 0.415975 3.10095 
16 2.228 0.762918 0.608053 0.410089 2.98854 
16 2.228 0.767159 0.614107 0.417235 2.93858 
16 2.228 0.763938 0.611131 0.415005 3.1632 
16 2.229 0.763807 0.610679 0.414329 3.1329 
16 2.229 0.762722 0.607977 0.410368 3.01278 
16 2.229 0.762339 0.608204 0.410738 3.1059 
16 2.229 0.761417 0.607322 0.410673 3.16598 
16 2.229 0.76287 0.608224 0.410982 3.01529 
16 2.23 0.763223 0.609272 0.412576 3.07224 
16 2.23 0.761247 0.607165 0.410238 3.1762 
16 2.23 0.763021 0.609589 0.413156 3.14407 
16 2.23 0.76148 0.606098 0.408027 3.01297 
16 2.23 0.76139 0.607645 0.411893 3.20635 
16 2.231 0.760033 0.605117 0.408008 3.15176 
16 2.231 0.762583 0.608547 0.41135 3.09979 
16 2.231 0.761059 0.606192 0.408747 3.09591 
16 2.231 0.761257 0.606297 0.409233 3.07346 
16 2.231 0.763359 0.609595 0.412691 3.08415 
16 2.232 0.762466 0.607886 0.409999 3.04314 
16 2.232 0.761111 0.606332 0.409002 3.10166 
16 2.232 0.760274 0.605821 0.409284 3.18903 
16 2.232 0.758792 0.602968 0.405477 3.11997 
16 2.232 0.757884 0.602333 0.405082 3.20512 
16 2.233 0.759186 0.603219 0.405283 3.07886 
16 2.233 0.757747 0.602676 0.406009 3.2668 
16 2.233 0.759081 0.604502 0.407528 3.24414 
16 2.233 0.755057 0.599417 0.402379 3.35972 
16 2.233 0.760812 0.606409 0.409573 3.16124 
16 2.234 0.759537 0.603875 0.405745 3.09147 
16 2.234 0.759176 0.603132 0.405137 3.06929 
16 2.234 0.758847 0.603871 0.40725 3.21116 
16 2.234 0.758966 0.602609 0.404084 3.04581 
16 2.234 0.756423 0.601486 0.405289 3.35878 
16 2.235 0.757959 0.602288 0.404967 3.18263 
16 2.235 0.757311 0.601025 0.402959 3.15045 
16 2.235 0.758045 0.601598 0.403297 3.0887 
16 2.235 0.757316 0.601845 0.405003 3.24343 
16 2.235 0.757971 0.601889 0.403911 3.13487 
16 2.236 0.758133 0.601414 0.402915 3.05096 
16 2.236 0.756459 0.60031 0.402708 3.21492 
16 2.236 0.75518 0.598286 0.400103 3.20437 
16 2.236 0.758125 0.602161 0.404575 3.13787 
16 2.236 0.754652 0.598199 0.40059 3.28592 
16 2.237 0.753099 0.59607 0.39848 3.30859 
16 2.237 0.755784 0.599481 0.401826 3.23529 
16 2.237 0.751784 0.593991 0.395812 3.29707 
16 2.237 0.752737 0.596075 0.398845 3.37155 
16 2.237 0.755152 0.598692 0.401026 3.25427 
16 2.238 0.751806 0.594985 0.397992 3.40563 
16 2.238 0.754602 0.597921 0.400195 3.25966 
16 2.238 0.751269 0.593295 0.395328 3.30467 
16 2.238 0.751842 0.595356 0.398358 3.44187 
16 2.238 0.754406 0.598047 0.400197 3.30788 
16 2.239 0.750812 0.593265 0.396044 3.37813 
16 2.239 0.755416 0.599246 0.40181 3.2693 
16 2.239 0.750736 0.592725 0.394593 3.3296 
16 2.239 0.751175 0.593842 0.395989 3.3819 
16 2.239 0.751655 0.595369 0.398325 3.47406 
16 2.24 0.750452 0.592415 0.394093 3.34144 
16 2.24 0.747786 0.589041 0.391024 3.41224 
16 2.24 0.749449 0.590972 0.392543 3.34834 
16 2.24 0.750545 0.593178 0.395822 3.41273 
16 2.24 0.749687 0.591829 0.393982 3.4055 
16 2.241 0.749121 0.591108 0.393778 3.4186 
16 2.241 0.749271 0.592337 0.395844 3.53329 
16 2.241 0.750837 0.593117 0.395356 3.35412 
16 2.241 0.75023 0.591764 0.393367 3.30343 
16 2.241 0.750138 0.591772 0.393457 3.32036 
16 2.242 0.747141 0.588186 0.389552 3.42171 
16 2.242 0.748832 0.589748 0.391215 3.31113 
16 2.242 0.750315 0.591734 0.392957 3.28415 
16 2.242 0.748216 0.589986 0.39197 3.44362 
16 2.242 0.74627 0.587262 0.38943 3.46473 
16 2.243 0.746581 0.587419 0.388993 3.42807 
16 2.243 0.74625 0.58799 0.390602 3.5496 
16 2.243 0.747033 0.588294 0.39011 3.45094 
16 2.243 0.747541 0.588364 0.390069 3.37229 
16 2.243 0.746052 0.58736 0.38963 3.51135 
16 2.244 0.74548 0.586217 0.38869 3.47669 
16 2.244 0.743956 0.583647 0.385221 3.44255 
16 2.244 0.746062 0.586659 0.388211 3.42831 
16 2.244 0.745307 0.585344 0.386731 3.40662 
16 2.244 0.747577 0.588369 0.389707 3.36511 
16 2.245 0.746881 0.587087 0.387791 3.33606 
16 2.245 0.743963 0.583875 0.385246 3.46584 
16 2.245 0.745016 0.58615 0.388411 3.54641 
16 2.245 0.747199 0.58788 0.389298 3.37228 
16 2.245 0.742382 0.582787 0.384955 3.60981 
16 2.246 0.744936 0.585196 0.386815 3.44975 
16 2.246 0.744098 0.584997 0.387053 3.56935 
16 2.246 0.744319 0.58436 0.38583 3.45926 
16 2.246 0.741909 0.582806 0.38551 3.69037 
16 2.246 0.744527 0.585183 0.387312 3.51766 
16 2.247 0.743236 0.583347 0.38474 3.52577 
16 2.247 0.74163 0.580612 0.381599 3.48584 
16 2.247 0.742045 0.58154 0.383178 3.52146 
16 2.247 0.742577 0.582183 0.383672 3.5047 
16 2.247 0.743782 0.583676 0.38512 3.47078 
16 2.248 0.741809 0.581888 0.38441 3.59951 
16 2.248 0.739382 0.57795 0.378994 3.56029 
16 2.248 0.742736 0.582169 0.383183 3.47477 
16 2.248 0.739728 0.57825 0.379655 3.53616 
16 2.248 0.741741 0.581247 0.382686 3.53794 
16 2.249 0.738865 0.578565 0.381024 3.71575 
16 2.249 0.736471 0.574863 0.37709 3.69635 
16 2.249 0.73884 0.577285 0.378384 3.57425 
16 2.249 0.740966 0.580393 0.382165 3.56994 
16 2.249 0.74232 0.582362 0.38377 3.56557 
16 2.25 0.737759 0.575575 0.376322 3.55976 
16 2.25 0.738216 0.576306 0.377184 3.56621 
16 2.25 0.739914 0.578981 0.380819 3.58497 
16 2.25 0.73406 0.571534 0.373257 3.71936 
16 2.25 0.739845 0.579455 0.381652 3.65047 
16 2.251 0.738427 0.577616 0.379481 3.67818 
16 2.251 0.739512 0.577988 0.379038 3.5381 
16 2.251 0.736152 0.574265 0.375781 3.67856 
16 2.251 0.740469 0.578873 0.379711 3.47768 
16 2.251 0.739486 0.578202 0.379805 3.56676 
16 2.252 0.736975 0.575031 0.376471 3.62617 
16 2.252 0.737756 0.575757 0.376698 3.57776 
16 2.252 0.735149 0.573081 0.374761 3.71004 
16 2.252 0.738639 0.577023 0.378392 3.57347 
16 2.252 0.737106 0.575515 0.376925 3.65922 
16 2.253 0.735296 0.572883 0.374302 3.66136 
16 2.253 0.738048 0.576003 0.376773 3.55508 
16 2.253 0.73612 0.573972 0.375173 3.64728 
16 2.253 0.735547 0.573659 0.375727 3.70762 
16 2.253 0.73242 0.570099 0.372 3.82469 
16 2.254 0.734229 0.57164 0.372825 3.6967 
16 2.254 0.733932 0.571255 0.372737 3.70248 
16 2.254 0.734932 0.571959 0.372322 3.61555 
16 2.254 0.732839 0.57046 0.37272 3.7942 
16 2.254 0.732515 0.569123 0.370124 3.69633 
16 2.255 0.736187 0.572959 0.373285 3.51794 
16 2.255 0.731216 0.568352 0.370404 3.82306 
16 2.255 0.733801 0.570833 0.371918 3.67481 
16 2.255 0.732666 0.569721 0.370995 3.73735 
16 2.255 0.728045 0.564197 0.365444 3.87667 
16 2.256 0.728891 0.565616 0.367883 3.89594 
16 2.256 0.730641 0.567321 0.368865 3.7997 
16 2.256 0.72938 0.565795 0.367373 3.83546 
16 2.256 0.729802 0.565776 0.366858 3.76333 
16 2.256 0.729095 0.565155 0.366322 3.81006 
16 2.257 0.730798 0.566993 0.368021 3.73488 
16 2.257 0.726209 0.561626 0.363415 3.88444 
16 2.257 0.727204 0.563183 0.365007 3.89695 
16 2.257 0.728992 0.564003 0.364264 3.6946 
16 2.257 0.73048 0.566533 0.367428 3.73541 
16 2.258 0.728527 0.563988 0.365234 3.76829 
16 2.258 0.727655 0.562696 0.363397 3.76552 
16 2.258 0.7272 0.562761 0.364147 3.84807 
16 2.258 0.729516 0.565351 0.366283 3.75928 
16 2.258 0.73002 0.566611 0.368213 3.81874 
16 2.259 0.728034 0.563958 0.365493 3.8445 
16 2.259 0.72476 0.560562 0.362678 3.99863 
16 2.259 0.728359 0.564304 0.365635 3.83001 
16 2.259 0.72644 0.562377 0.364028 3.9281 
16 2.259 0.728333 0.564217 0.365356 3.8245 
16 2.26 0.726341 0.561822 0.362977 3.87978 
16 2.26 0.728252 0.563656 0.364446 3.77254 
16 2.26 0.724909 0.559412 0.360253 3.84217 
16 2.26 0.726596 0.562221 0.363551 3.88297 
16 2.26 0.724592 0.558975 0.359621 3.84464 
16 2.261 0.723387 0.558818 0.360912 4.02265 
16 2.261 0.726327 0.561911 0.363226 3.8905 
16 2.261 0.726816 0.561479 0.362223 3.7611 
16 2.261 0.725163 0.560168 0.361389 3.88439 
16 2.261 0.722668 0.557579 0.35978 4.00019 
16 2.262 0.718301 0.552171 0.353882 4.0986 
16 2.262 0.723915 0.558201 0.358656 3.86472 
16 2.262 0.722839 0.55603 0.356294 3.79517 
16 2.262 0.721595 0.555566 0.356382 3.94601 
16 2.262 0.721855 0.556028 0.357298 3.9558 
16 2.263 0.719832 0.553235 0.354641 3.96805 
16 2.263 0.721943 0.555959 0.357188 3.93189 
16 2.263 0.721661 0.555775 0.357115 3.95711 
16 2.263 0.71909 0.552264 0.353822 3.97904 
16 2.263 0.723346 0.557412 0.358378 3.86681 
16 2.264 0.718352 0.550985 0.351797 3.9526 
16 2.264 0.720227 0.553154 0.353746 3.89281 
16 2.264 0.720026 0.553442 0.354433 3.95813 
16 2.264 0.72102 0.554765 0.355654 3.94584 
16 2.264 0.724037 0.558519 0.35919 3.87732 
16 2.265 0.718779 0.55223 0.35342 4.02215 
16 2.265 0.715265 0.547648 0.349339 4.07382 
16 2.265 0.718092 0.551816 0.353981 4.08686 
16 2.265 0.718463 0.552736 0.354809 4.1307 
16 2.265 0.722313 0.555739 0.356325 3.84319 
16 2.266 0.718564 0.551817 0.3532 4.00867 
16 2.266 0.71777 0.551152 0.352576 4.06245 
16 2.266 0.718592 0.552408 0.353811 4.07081 
16 2.266 0.720594 0.553672 0.354087 3.88825 
16 2.266 0.717843 0.550803 0.351978 4.01113 
16 2.267 0.716675 0.549028 0.349858 3.99804 
16 2.267 0.718563 0.551634 0.352252 3.98632 
16 2.267 0.71646 0.548702 0.349016 3.9961 
16 2.267 0.719351 0.552323 0.35279 3.93629 
16 2.267 0.718397 0.550867 0.351492 3.9267 
16 2.268 0.716298 0.547875 0.347952 3.92725 
16 2.268 0.715383 0.547594 0.34848 4.04333 
16 2.268 0.714775 0.54657 0.347301 4.0259 
16 2.268 0.715507 0.548152 0.34933 4.08627 
16 2.268 0.718974 0.551989 0.352817 3.95796 
16 2.269 0.712842 0.544749 0.345848 4.12998 
16 2.269 0.711323 0.542792 0.344077 4.15325 
16 2.269 0.71093 0.541857 0.342612 4.11091 
16 2.269 0.715735 0.547612 0.34834 3.98666 
16 2.269 0.715061 0.547 0.347858 4.0265 
16 2.27 0.714512 0.545787 0.346356 3.97642 
16 2.27 0.710703 0.542133 0.343802 4.17655 
16 2.27 0.712843 0.544696 0.345887 4.12208 
16 2.27 0.711786 0.543732 0.345532 4.1831 
16 2.27 0.713431 0.545724 0.347482 4.14338 
16 2.271 0.709231 0.540191 0.342199 4.19136 
16 2.271 0.712998 0.545561 0.34788 4.19269 
16 2.271 0.711072 0.542529 0.343866 4.16022 
16 2.271 0.710726 0.542354 0.344047 4.19601 
16 2.271 0.714483 0.545251 0.345361 3.91899 
16 2.272 0.707073 0.538215 0.340704 4.31132 
16 2.272 0.71025 0.541182 0.342406 4.13826 
16 2.272 0.709433 0.540958 0.343088 4.24378 
16 2.272 0.710292 0.541613 0.343173 4.18011 
16 2.272 0.709037 0.540119 0.341412 4.21234 
16 2.273 0.708655 0.539392 0.341108 4.18974 
16 2.273 0.709965 0.541107 0.342544 4.17363 
16 2.273 0.705751 0.536564 0.338508 4.33381 
16 2.273 0.712726 0.544307 0.345247 4.09165 
16 2.273 0.707765 0.538457 0.340199 4.22639 
16 2.274 0.708688 0.539511 0.34056 4.19594 
16 2.274 0.708162 0.538953 0.340421 4.2171 
16 2.274 0.707473 0.538283 0.340011 4.25143 
16 2.274 0.706015 0.536822 0.338382 4.31904 
16 2.274 0.709648 0.539962 0.340771 4.0936 
16 2.275 0.703199 0.53277 0.33484 4.30769 
16 2.275 0.705345 0.53591 0.337968 4.32088 
16 2.275 0.705527 0.534824 0.335545 4.16988 
16 2.275 0.707235 0.537643 0.339049 4.21539 
16 2.275 0.708359 0.538676 0.339716 4.15278 
16 2.276 0.708597 0.538216 0.338375 4.06115 
16 2.276 0.706589 0.53646 0.337765 4.18329 
16 2.276 0.703287 0.532899 0.334114 4.30647 
16 2.276 0.701666 0.531253 0.333762 4.37741 
16 2.276 0.70948 0.540611 0.342213 4.18961 
16 2.277 0.702088 0.531411 0.333556 4.32655 
16 2.277 0.700491 0.529512 0.331371 4.36503 
16 2.277 0.705888 0.535612 0.33692 4.19738 
16 2.277 0.698112 0.526776 0.329063 4.43144 
16 2.277 0.701987 0.53091 0.332476 4.28617 
16 2.278 0.700957 0.529274 0.330401 4.26287 
16 2.278 0.700093 0.529223 0.33117 4.39322 
16 2.278 0.701675 0.53069 0.332013 4.30888 
16 2.278 0.702005 0.531631 0.333892 4.36245 
16 2.278 0.701989 0.531184 0.332822 4.31489 
16 2.279 0.69817 0.526534 0.327942 4.3912 
16 2.279 0.702091 0.53094 0.33211 4.26937 
16 2.279 0.698582 0.526497 0.327877 4.32246 
16 2.279 0.703618 0.532342 0.333195 4.18578 
16 2.279 0.700569 0.530101 0.332236 4.41504 
16 2.28 0.699029 0.526443 0.327359 4.24441 
16 2.28 0.69765 0.525892 0.327482 4.39877 
16 2.28 0.699926 0.528222 0.329756 4.30325 
16 2.28 0.701616 0.530389 0.331715 4.28053 
16 2.28 0.699609 0.527742 0.329123 4.29911 
16 2.281 0.696863 0.524814 0.326473 4.39907 
16 2.281 0.699534 0.528344 0.33044 4.37671 
16 2.281 0.699108 0.526829 0.328043 4.27348 
16 2.281 0.696202 0.524072 0.325973 4.41911 
16 2.281 0.698174 0.527246 0.329613 4.46667 
16 2.282 0.694725 0.52261 0.324755 4.48358 
16 2.282 0.69098 0.518798 0.32189 4.63815 
16 2.282 0.695627 0.523794 0.325736 4.47586 
16 2.282 0.694996 0.522591 0.324821 4.43926 
16 2.282 0.697287 0.524184 0.324991 4.26019 
16 2.283 0.69628 0.523717 0.325236 4.36327 
16 2.283 0.694846 0.522428 0.324181 4.44239 
16 2.283 0.695616 0.523174 0.325134 4.40597 
16 2.283 0.693755 0.520812 0.323129 4.43096 
16 2.283 0.69273 0.519502 0.321473 4.44352 
16 2.284 0.69373 0.520068 0.321383 4.34968 
16 2.284 0.689627 0.516994 0.320192 4.64124 
16 2.284 0.692855 0.519195 0.320802 4.38763 
16 2.284 0.693754 0.521167 0.323216 4.46905 
16 2.284 0.693165 0.52116 0.32392 4.5599 
16 2.285 0.696273 0.524044 0.325461 4.39709 
16 2.285 0.689977 0.516781 0.319093 4.56134 
16 2.285 0.690877 0.518504 0.321254 4.61516 
16 2.285 0.691643 0.519226 0.322123 4.5773 
16 2.285 0.687113 0.513639 0.316713 4.65102 
16 2.286 0.689203 0.516109 0.318848 4.6035 
16 2.286 0.687405 0.514061 0.317133 4.65141 
16 2.286 0.687885 0.514676 0.317425 4.64635 
16 2.286 0.688145 0.514889 0.317793 4.63021 
16 2.286 0.693665 0.521197 0.323026 4.48241 
16 2.287 0.689258 0.516272 0.319274 4.61128 
16 2.287 0.68953 0.515564 0.31813 4.49011 
16 2.287 0.690339 0.517347 0.319603 4.56464 
16 2.287 0.690741 0.517379 0.31932 4.50606 
16 2.287 0.687968 0.515318 0.318728 4.70341 
16 2.288 0.685438 0.511043 0.31406 4.61182 
16 2.288 0.68609 0.511861 0.314549 4.60327 
16 2.288 0.68808 0.514753 0.317414 4.62084 
16 2.288 0.688384 0.513631 0.315027 4.44842 
16 2.288 0.687766 0.512843 0.3143 4.45543 
16 2.289 0.684969 0.510733 0.313381 4.64705 
16 2.289 0.684504 0.509874 0.312596 4.62216 
16 2.289 0.686685 0.512918 0.315678 4.62803 
16 2.289 0.686702 0.512579 0.314899 4.58751 
16 2.289 0.685697 0.51087 0.312994 4.55075 
16 2.29 0.683245 0.507984 0.310405 4.60143 
16 2.29 0.68398 0.509229 0.311881 4.6281 
16 2.29 0.68298 0.508891 0.312406 4.74313 
16 2.29 0.686062 0.511525 0.313796 4.56601 
16 2.29 0.686921 0.512599 0.314971 4.55412 
16 2.291 0.683987 0.509037 0.311265 4.60349 
16 2.291 0.684652 0.510311 0.312968 4.64426 
16 2.291 0.684945 0.510262 0.312723 4.59397 
16 2.291 0.678367 0.503618 0.30731 4.85364 
16 2.291 0.685563 0.510794 0.313265 4.55874 
16 2.292 0.678694 0.502088 0.304344 4.63109 
16 2.292 0.680654 0.505502 0.308441 4.71481 
16 2.292 0.680837 0.505478 0.308304 4.6842 
16 2.292 0.681415 0.506344 0.309217 4.69314 
16 2.292 0.68012 0.504344 0.307283 4.66653 
16 2.293 0.679402 0.504405 0.307378 4.78046 
16 2.293 0.6819 0.506045 0.30826 4.58387 
16 2.293 0.6812 0.506363 0.309583 4.72582 
16 2.293 0.682718 0.506329 0.308183 4.49092 
16 2.293 0.678804 0.502968 0.306651 4.71068 
16 2.294 0.680592 0.504342 0.306027 4.59057 
16 2.294 0.677611 0.501579 0.304799 4.7341 
16 2.294 0.675195 0.499009 0.302775 4.81207 
16 2.294 0.682655 0.507884 0.311073 4.67215 
16 2.294 0.678209 0.502327 0.305341 4.7271 
16 2.295 0.67723 0.501758 0.305253 4.80968 
16 2.295 0.677269 0.501409 0.304656 4.76488 
16 2.295 0.677146 0.501344 0.304971 4.77608 
16 2.295 0.675086 0.499283 0.30305 4.85699 
16 2.295 0.680929 0.504709 0.307002 4.57841 
16 2.296 0.677071 0.500482 0.303479 4.68921 
16 2.296 0.674942 0.498861 0.302411 4.82939 
16 2.296 0.677321 0.50095 0.303936 4.70363 
16 2.296 0.676193 0.500842 0.304994 4.86185 
16 2.296 0.676645 0.501369 0.304823 4.85251 
16 2.297 0.672188 0.496034 0.300502 4.92574 
16 2.297 0.673316 0.496761 0.300855 4.83758 
16 2.297 0.670731 0.494085 0.298305 4.9266 
16 2.297 0.673016 0.496788 0.300885 4.88568 
16 2.297 0.67598 0.499699 0.302887 4.76441 
16 2.298 0.671407 0.495187 0.299692 4.94616 
16 2.298 0.668216 0.490352 0.2941 4.88378 
16 2.298 0.672365 0.49548 0.299295 4.83546 
16 2.298 0.673939 0.497755 0.301752 4.85272 
16 2.298 0.67135 0.494119 0.298153 4.83573 
16 2.299 0.667754 0.49069 0.295403 4.98804 
16 2.299 0.669966 0.49255 0.296482 4.86562 
16 2.299 0.672882 0.496174 0.299735 4.83316 
16 2.299 0.669893 0.492275 0.296118 4.84586 
16 2.299 0.674037 0.497167 0.30062 4.77051 
16 2.3 0.66698 0.488681 0.292785 4.87709 
16 2.3 0.674524 0.49698 0.299583 4.67441 
16 2.3 0.669877 0.492534 0.296657 4.87509 
16 2.3 0.677964 0.501431 0.304497 4.65209 
16 2.3 0.669795 0.491987 0.295127 4.8263 
16 2.301 0.669923 0.492882 0.297635 4.90483 
16 2.301 0.66786 0.490139 0.294196 4.90656 
16 2.301 0.667797 0.489767 0.293972 4.87457 
16 2.301 0.666635 0.488861 0.292857 4.94629 
16 2.301 0.663946 0.485874 0.290385 5.01202 
16 2.302 0.668484 0.490424 0.293621 4.84338 
16 2.302 0.667987 0.490375 0.294335 4.91194 
16 2.302 0.667948 0.489569 0.293434 4.8281 
16 2.302 0.669175 0.492094 0.296569 4.92637 
16 2.302 0.668631 0.490377 0.293785 4.81633 
16 2.303 0.662429 0.483623 0.288276 4.98114 
16 2.303 0.666455 0.48831 0.292655 4.90745 
16 2.303 0.663853 0.486014 0.291289 5.03698 
16 2.303 0.665774 0.487395 0.291618 4.9065 
16 2.303 0.663769 0.485522 0.290192 4.99473 
16 2.304 0.665569 0.486233 0.289417 4.80572 
16 2.304 0.665778 0.487964 0.292709 4.96702 
16 2.304 0.664423 0.486611 0.291293 5.01702 
16 2.304 0.66552 0.487301 0.291643 4.93151 
16 2.304 0.661098 0.482392 0.287485 5.03786 
16 2.305 0.660304 0.480791 0.285687 4.97445 
16 2.305 0.660394 0.481572 0.286416 5.04802 
16 2.305 0.659547 0.481014 0.28631 5.11019 
16 2.305 0.663516 0.484528 0.288085 4.91716 
16 2.305 0.663751 0.485564 0.290361 4.99769 
16 2.306 0.661966 0.482966 0.287299 4.96987 
16 2.306 0.658624 0.4799 0.285773 5.11934 
16 2.306 0.659292 0.480196 0.285197 5.05443 
16 2.306 0.661125 0.482767 0.288144 5.07128 
16 2.306 0.660351 0.481028 0.285809 4.99182 
16 2.307 0.661439 0.481804 0.286291 4.91611 
16 2.307 0.661151 0.481376 0.285735 4.91087 
16 2.307 0.659637 0.480217 0.285177 5.00422 
16 2.307 0.663184 0.484995 0.289767 5.01376 
16 2.307 0.666743 0.48913 0.293924 4.94732 
16 2.308 0.657571 0.477883 0.282994 5.04492 
16 2.308 0.656123 0.476878 0.282979 5.14436 
16 2.308 0.657898 0.479018 0.284979 5.12311 
16 2.308 0.65979 0.480944 0.285818 5.06028 
16 2.308 0.656527 0.477934 0.28404 5.20276 
16 2.309 0.65564 0.475708 0.281158 5.08276 
16 2.309 0.655062 0.47605 0.282582 5.20468 
16 2.309 0.656527 0.476152 0.280623 5.00287 
16 2.309 0.659177 0.479771 0.284648 5.01759 
16 2.309 0.656485 0.476606 0.282137 5.05934 
16 2.31 0.653005 0.472962 0.279219 5.15829 
16 2.31 0.655679 0.474683 0.279417 4.96135 
16 2.31 0.653784 0.473682 0.279533 5.12528 
16 2.31 0.650112 0.469771 0.276572 5.22251 
16 2.31 0.655894 0.475737 0.281112 5.04688 
16 2.311 0.651707 0.471078 0.277289 5.13502 
16 2.311 0.653494 0.472814 0.278049 5.06902 
16 2.311 0.653493 0.473651 0.279675 5.16186 
16 2.311 0.653088 0.47296 0.278926 5.14397 
16 2.311 0.654547 0.475022 0.281039 5.16099 
16 2.312 0.651637 0.470746 0.276215 5.10618 
16 2.312 0.652486 0.471042 0.276072 5.01637 
16 2.312 0.649549 0.468742 0.274947 5.18507 
16 2.312 0.65529 0.474472 0.279415 4.99012 
16 2.312 0.652889 0.47174 0.276614 5.03539 
16 2.313 0.64845 0.468288 0.275782 5.29051 
16 2.313 0.647402 0.467087 0.274785 5.30795 
16 2.313 0.653075 0.472148 0.277021 5.05144 
16 2.313 0.648523 0.468472 0.276041 5.30035 
16 2.313 0.650181 0.469891 0.276388 5.21914 
16 2.314 0.647209 0.467259 0.274858 5.35237 
16 2.314 0.647051 0.466117 0.272648 5.24862 
16 2.314 0.647439 0.466801 0.273839 5.26861 
16 2.314 0.651134 0.469887 0.275284 5.07919 
16 2.314 0.64885 0.468666 0.275546 5.27267 
16 2.315 0.646288 0.465042 0.271823 5.23663 
16 2.315 0.646225 0.464094 0.270524 5.1407 
16 2.315 0.64477 0.463049 0.269789 5.23296 
16 2.315 0.645076 0.463189 0.269515 5.20475 
16 2.315 0.645193 0.463543 0.270252 5.2272 
16 2.316 0.642666 0.461624 0.269509 5.37259 
16 2.316 0.644634 0.463809 0.27127 5.3339 
16 2.316 0.644006 0.461824 0.26855 5.204 
16 2.316 0.64618 0.464301 0.271178 5.16772 
16 2.316 0.647731 0.46625 0.272593 5.16134 
16 2.317 0.644634 0.462645 0.269045 5.20306 
16 2.317 0.644768 0.463591 0.270856 5.28849 
16 2.317 0.642692 0.461153 0.268768 5.3144 
16 2.317 0.644484 0.462009 0.268529 5.15425 
16 2.317 0.646862 0.46544 0.272149 5.19397 
16 2.318 0.644636 0.462002 0.268128 5.12958 
16 2.318 0.639017 0.457134 0.265223 5.38851 
16 2.318 0.6459 0.464725 0.271345 5.25008 
16 2.318 0.641503 0.459535 0.266542 5.30207 
16 2.318 0.643765 0.462199 0.269479 5.27527 
16 2.319 0.637134 0.454315 0.262241 5.34018 
16 2.319 0.643473 0.461449 0.268589 5.23174 
16 2.319 0.638762 0.456356 0.26406 5.33631 
16 2.319 0.63724 0.455217 0.263887 5.42496 
16 2.319 0.639895 0.457643 0.265125 5.31849 
16 2.32 0.636269 0.452696 0.260277 5.28088 
16 2.32 0.636713 0.453802 0.26198 5.34046 
16 2.32 0.639754 0.457875 0.265658 5.36164 
16 2.32 0.63735 0.454679 0.263076 5.34771 
16 2.32 0.638378 0.456056 0.264178 5.355 
16 2.321 0.640881 0.458911 0.266592 5.31433 
16 2.321 0.639023 0.456583 0.264019 5.31984 
16 2.321 0.635041 0.452764 0.261853 5.4582 
16 2.321 0.639184 0.456254 0.262733 5.26102 
16 2.321 0.63662 0.454328 0.262489 5.40931 
16 2.322 0.63847 0.455799 0.263483 5.30911 
16 2.322 0.638889 0.456745 0.264889 5.35441 
16 2.322 0.636309 0.453466 0.261364 5.35565 
16 2.322 0.634502 0.452298 0.260839 5.47992 
16 2.322 0.637652 0.45451 0.26176 5.28202 
16 2.323 0.634317 0.45052 0.258414 5.30749 
16 2.323 0.637194 0.454963 0.262993 5.39406 
16 2.323 0.637097 0.454464 0.262416 5.3527 
16 2.323 0.633627 0.450542 0.259138 5.40649 
16 2.323 0.635117 0.452287 0.260732 5.39037 
16 2.324 0.635105 0.452114 0.260209 5.37059 
16 2.324 0.631473 0.448181 0.257321 5.44417 
16 2.324 0.632687 0.449008 0.257293 5.36617 
16 2.324 0.634092 0.451343 0.259535 5.42735 
16 2.324 0.635999 0.452474 0.260504 5.2851 
16 2.325 0.633747 0.44998 0.257782 5.32312 
16 2.325 0.631674 0.446805 0.254738 5.26228 
16 2.325 0.630543 0.446593 0.255278 5.39618 
16 2.325 0.629875 0.445261 0.25411 5.34223 
16 2.325 0.631517 0.448045 0.256746 5.42071 
16 2.326 0.629737 0.445959 0.255069 5.43597 
16 2.326 0.632162 0.448498 0.256719 5.37864 
16 2.326 0.62923 0.444874 0.253634 5.38682 
16 2.326 0.630758 0.446862 0.25555 5.3937 
16 2.326 0.628298 0.44375 0.252791 5.39211 
16 2.327 0.62748 0.443361 0.2528 5.46001 
16 2.327 0.62934 0.445454 0.254637 5.43303 
16 2.327 0.630112 0.446183 0.254931 5.40616 
16 2.327 0.628116 0.444397 0.253813 5.48615 
16 2.327 0.635147 0.452143 0.260314 5.36111 
16 2.328 0.63294 0.449996 0.258288 5.43045 
16 2.328 0.625599 0.441363 0.251075 5.49704 
16 2.328 0.627614 0.443293 0.252449 5.43163 
16 2.328 0.629292 0.444623 0.252819 5.34587 
16 2.328 0.624615 0.439815 0.249016 5.46211 
16 2.329 0.622772 0.438436 0.248664 5.56086 
16 2.329 0.62553 0.441204 0.251146 5.48668 
16 2.329 0.625194 0.441158 0.251011 5.52785 
16 2.329 0.628003 0.442677 0.250776 5.30784 
16 2.329 0.630018 0.445796 0.25432 5.37203 
16 2.33 0.624769 0.439464 0.248509 5.3978 
16 2.33 0.625356 0.439919 0.248332 5.36709 
16 2.33 0.62203 0.437508 0.247705 5.55792 
16 2.33 0.625038 0.440111 0.249865 5.43189 
16 2.33 0.622825 0.437685 0.248027 5.46875 
16 2.331 0.619946 0.435444 0.246334 5.61317 
16 2.331 0.621081 0.43566 0.245951 5.48226 
16 2.331 0.623211 0.438303 0.248024 5.48139 
16 2.331 0.620804 0.436133 0.246762 5.57198 
16 2.331 0.620817 0.435766 0.246706 5.52983 
16 2.332 0.620604 0.434915 0.244888 5.46319 
16 2.332 0.619654 0.434669 0.245158 5.56548 
16 2.332 0.619595 0.435177 0.246437 5.62933 
16 2.332 0.622488 0.437636 0.24721 5.50466 
16 2.332 0.623568 0.438333 0.247762 5.43356 
16 2.333 0.620112 0.434674 0.244488 5.5014 
16 2.333 0.621681 0.436443 0.246428 5.48166 
16 2.333 0.62007 0.435187 0.245981 5.56343 
16 2.333 0.618605 0.432959 0.2436 5.51786 
16 2.333 0.620452 0.434679 0.244922 5.45551 
16 2.334 0.616395 0.432047 0.244117 5.71485 
16 2.334 0.621911 0.437659 0.248077 5.58132 
16 2.334 0.613184 0.426992 0.238737 5.59354 
16 2.334 0.619305 0.433867 0.244147 5.52015 
16 2.334 0.615777 0.430148 0.241562 5.59019 
16 2.335 0.619026 0.433664 0.244403 5.5334 
16 2.335 0.617498 0.431558 0.242234 5.50956 
16 2.335 0.613695 0.428342 0.239893 5.6705 
16 2.335 0.61964 0.434741 0.245611 5.5681 
16 2.335 0.614364 0.428245 0.239599 5.56975 
16 2.336 0.613034 0.427327 0.239174 5.64568 
16 2.336 0.616889 0.431287 0.242553 5.56001 
16 2.336 0.61222 0.425403 0.237192 5.54398 
16 2.336 0.613927 0.428301 0.24033 5.6323 
16 2.336 0.614973 0.428257 0.238931 5.48654 
16 2.337 0.615016 0.428511 0.239105 5.50617 
16 2.337 0.61189 0.425893 0.237637 5.63966 
16 2.337 0.610148 0.423792 0.236184 5.64269 
16 2.337 0.611098 0.423942 0.235508 5.53194 
16 2.337 0.61143 0.425025 0.236773 5.60618 
16 2.338 0.612214 0.42583 0.23763 5.58688 
16 2.338 0.61001 0.423399 0.23546 5.61559 
16 2.338 0.61147 0.424179 0.235634 5.50577 
16 2.338 0.60857 0.422122 0.23469 5.66791 
16 2.338 0.61543 0.430048 0.241514 5.6164 
16 2.339 0.609264 0.42276 0.234886 5.64285 
16 2.339 0.611417 0.424553 0.236521 5.55144 
16 2.339 0.611964 0.426639 0.239491 5.70657 
16 2.339 0.612573 0.425574 0.236565 5.50839 
16 2.339 0.61453 0.427823 0.238558 5.49156 
16 2.34 0.601805 0.415488 0.229646 5.83306 
16 2.34 0.606891 0.420415 0.233124 5.69959 
16 2.34 0.603205 0.41726 0.231147 5.84251 
16 2.34 0.611602 0.425287 0.236979 5.60463 
16 2.34 0.60965 0.423463 0.236005 5.66587 
16 2.341 0.607636 0.419702 0.231867 5.52033 
16 2.341 0.603509 0.416496 0.230003 5.7162 
16 2.341 0.608909 0.422523 0.23495 5.65943 
16 2.341 0.607199 0.421417 0.234936 5.76589 
16 2.341 0.604447 0.418282 0.232469 5.78768 
16 2.342 0.610216 0.421812 0.232158 5.40512 
16 2.342 0.602292 0.415776 0.23035 5.79554 
16 2.342 0.603052 0.416228 0.230151 5.74486 
16 2.342 0.602405 0.415171 0.228832 5.7145 
16 2.342 0.605122 0.418887 0.232218 5.76218 
16 2.343 0.602412 0.415091 0.228779 5.70253 
16 2.343 0.601695 0.413978 0.227336 5.67522 
16 2.343 0.602377 0.415481 0.229575 5.74975 
16 2.343 0.603806 0.415832 0.228707 5.59965 
16 2.343 0.60295 0.4156 0.229473 5.68725 
16 2.344 0.601762 0.414674 0.228388 5.74003 
16 2.344 0.599065 0.411866 0.226482 5.78705 
16 2.344 0.602812 0.41566 0.229118 5.70958 
16 2.344 0.599036 0.411574 0.225949 5.75885 
16 2.344 0.603492 0.417085 0.230997 5.77552 
16 2.345 0.603536 0.416175 0.229775 5.66801 
16 2.345 0.599322 0.411659 0.225895 5.7283 
16 2.345 0.598844 0.411273 0.226009 5.74871 
16 2.345 0.600605 0.412369 0.225673 5.63768 
16 2.345 0.601523 0.414243 0.22811 5.72186 
16 2.346 0.599018 0.411333 0.225532 5.73002 
16 2.346 0.599927 0.412053 0.226056 5.68965 
16 2.346 0.59708 0.409286 0.223934 5.75966 
16 2.346 0.603962 0.416524 0.229793 5.64752 
16 2.346 0.602432 0.415248 0.228684 5.70968 
16 2.347 0.59584 0.407422 0.221928 5.71519 
16 2.347 0.595115 0.407235 0.2221 5.78898 
16 2.347 0.593503 0.405568 0.221216 5.81611 
16 2.347 0.598027 0.409115 0.222823 5.61497 
16 2.347 0.59956 0.411716 0.225812 5.69844 
16 2.348 0.597845 0.410035 0.224149 5.7367 
16 2.348 0.597156 0.410154 0.22548 5.83938 
16 2.348 0.595885 0.408643 0.223921 5.83997 
16 2.348 0.598866 0.411945 0.226517 5.81172 
16 2.348 0.5955 0.407741 0.222773 5.79169 
16 2.349 0.595193 0.407214 0.222002 5.7716 
16 2.349 0.594992 0.405934 0.219898 5.65815 
16 2.349 0.595401 0.407418 0.222379 5.76693 
16 2.349 0.593555 0.405604 0.220776 5.80841 
16 2.349 0.595737 0.408367 0.223363 5.82676 
16 2.35 0.591384 0.403266 0.21918 5.83145 
16 2.35 0.594596 0.405931 0.220297 5.70677 
16 2.35 0.595819 0.407194 0.22108 5.68587 
16 2.35 0.595148 0.406827 0.221135 5.73278 
16 2.35 0.596082 0.407696 0.222184 5.70636 
16 2.351 0.589934 0.401336 0.217363 5.80537 
16 2.351 0.587605 0.399445 0.216476 5.89798 
16 2.351 0.590281 0.401303 0.21665 5.75714 
16 2.351 0.588491 0.400345 0.216348 5.88267 
16 2.351 0.592807 0.403539 0.218007 5.67516 
16 2.352 0.587965 0.399538 0.216487 5.85966 
16 2.352 0.59012 0.402261 0.21871 5.87968 
16 2.352 0.591854 0.403923 0.220153 5.83752 
16 2.352 0.589466 0.401396 0.21809 5.86946 
16 2.352 0.593756 0.404833 0.220122 5.69105 
16 2.353 0.58601 0.396984 0.213514 5.82893 
16 2.353 0.585093 0.396464 0.21365 5.88923 
16 2.353 0.585237 0.39698 0.214487 5.92695 
16 2.353 0.584844 0.396005 0.212553 5.87101 
16 2.353 0.592078 0.402226 0.217038 5.62152 
16 2.354 0.586712 0.39782 0.21462 5.82776 
16 2.354 0.587881 0.398708 0.214734 5.77502 
16 2.354 0.588725 0.399918 0.215842 5.79868 
16 2.354 0.585818 0.397115 0.213882 5.86518 
16 2.354 0.58712 0.398045 0.214451 5.80028 
16 2.355 0.584678 0.395932 0.212727 5.87916 
16 2.355 0.582613 0.393643 0.210907 5.89235 
16 2.355 0.585895 0.396445 0.212477 5.78016 
16 2.355 0.586327 0.398234 0.21587 5.91948 
16 2.355 0.583195 0.394526 0.211892 5.91461 
16 2.356 0.582559 0.392693 0.209766 5.79348 
16 2.356 0.584247 0.395596 0.212953 5.89494 
16 2.356 0.58515 0.396231 0.213011 5.84917 
16 2.356 0.583531 0.394184 0.211275 5.83225 
16 2.356 0.581963 0.393359 0.211559 5.94123 
16 2.357 0.583381 0.393446 0.21013 5.7687 
16 2.357 0.585987 0.397627 0.214434 5.89189 
16 2.357 0.579947 0.391103 0.209868 5.94817 
16 2.357 0.583231 0.393623 0.21077 5.80686 
16 2.357 0.577657 0.38751 0.20581 5.84578 
16 2.358 0.583981 0.394328 0.211093 5.78599 
16 2.358 0.581517 0.392552 0.210271 5.90488 
16 2.358 0.576628 0.38755 0.206274 5.97655 
16 2.358 0.577933 0.387248 0.205225 5.78024 
16 2.358 0.578191 0.389038 0.20771 5.94213 
16 2.359 0.581045 0.391343 0.208775 5.83081 
16 2.359 0.577375 0.388571 0.207696 5.99133 
16 2.359 0.58134 0.391097 0.208431 5.76687 
16 2.359 0.575259 0.385855 0.205219 5.96125 
16 2.359 0.576143 0.386893 0.206134 5.96345 
16 2.36 0.58223 0.392654 0.210056 5.82099 
16 2.36 0.578066 0.388655 0.206733 5.91134 
16 2.36 0.576912 0.38755 0.206511 5.93609 
16 2.36 0.581529 0.391018 0.207975 5.73208 
16 2.36 0.575026 0.385568 0.204918 5.95673 
16 2.361 0.573113 0.383405 0.203042 5.95771 
16 2.361 0.577976 0.38691 0.204629 5.73085 
16 2.361 0.579363 0.390533 0.209484 5.94958 
16 2.361 0.575373 0.384996 0.203439 5.84891 
16 2.361 0.577143 0.388219 0.206477 5.97715 
16 2.362 0.573929 0.384787 0.204466 6.0036 
16 2.362 0.573271 0.383584 0.203395 5.95502 
16 2.362 0.565962 0.375717 0.196764 6.00482 
16 2.362 0.575654 0.386066 0.205223 5.92732 
16 2.362 0.573952 0.383954 0.20323 5.9104 
16 2.363 0.573522 0.383167 0.202273 5.87619 
16 2.363 0.567339 0.378732 0.200338 6.15989 
16 2.363 0.571977 0.382262 0.201689 5.96978 
16 2.363 0.570276 0.380428 0.200592 5.98162 
16 2.363 0.572575 0.381666 0.200674 5.83111 
16 2.364 0.568375 0.378848 0.199847 6.04238 
16 2.364 0.570298 0.379304 0.199104 5.85467 
16 2.364 0.569395 0.3796 0.200081 5.99808 
16 2.364 0.566571 0.375811 0.195956 5.93526 
16 2.364 0.572077 0.381479 0.200501 5.87009 
16 2.365 0.569662 0.379898 0.200513 5.99493 
16 2.365 0.565721 0.375396 0.196353 5.99201 
16 2.365 0.564987 0.375381 0.19683 6.0802 
16 2.365 0.574145 0.383232 0.201295 5.80076 
16 2.365 0.573096 0.383185 0.202642 5.92597 
16 2.366 0.572612 0.381011 0.200072 5.74818 
16 2.366 0.568902 0.378537 0.199266 5.93887 
16 2.366 0.569821 0.378498 0.197873 5.82129 
16 2.366 0.567089 0.376732 0.197572 5.96629 
16 2.366 0.568055 0.377172 0.197241 5.89528 
16 2.367 0.566861 0.376978 0.197967 6.01836 
16 2.367 0.569651 0.378768 0.198538 5.8691 
16 2.367 0.56857 0.378417 0.198806 5.96417 
16 2.367 0.571655 0.381195 0.200844 5.8842 
16 2.367 0.566694 0.376263 0.197154 5.96159 
16 2.368 0.571002 0.380194 0.199605 5.85417 
16 2.368 0.569745 0.378208 0.197624 5.79448 
16 2.368 0.564459 0.372825 0.193661 5.86066 
16 2.368 0.570688 0.38001 0.199693 5.87299 
16 2.368 0.569154 0.378674 0.198495 5.91764 
16 2.369 0.569366 0.379098 0.1991 5.93488 
16 2.369 0.563017 0.373077 0.194436 6.06112 
16 2.369 0.560209 0.369577 0.191852 6.02372 
16 2.369 0.564196 0.37306 0.194231 5.91568 
16 2.369 0.563768 0.373665 0.195605 6.03316 
16 2.37 0.564145 0.37354 0.19489 5.97129 
16 2.37 0.56031 0.369536 0.192052 6.00449 
16 2.37 0.561545 0.370497 0.192117 5.95873 
16 2.37 0.567334 0.376554 0.197067 5.90696 
16 2.37 0.561487 0.370263 0.191958 5.94043 
16 2.371 0.559107 0.368247 0.190886 6.00822 
16 2.371 0.559775 0.369205 0.191562 6.03098 
16 2.371 0.561174 0.370708 0.192941 6.02389 
16 2.371 0.559305 0.368002 0.190299 5.95787 
16 2.371 0.558063 0.367439 0.189922 6.04686 
16 2.372 0.560889 0.369453 0.191604 5.9204 
16 2.372 0.557192 0.366305 0.189595 6.02674 
16 2.372 0.558882 0.367825 0.190946 5.98723 
16 2.372 0.561654 0.369983 0.191512 5.885 
16 2.372 0.558867 0.368356 0.191074 6.04643 
16 2.373 0.557813 0.365978 0.188545 5.91427 
16 2.373 0.554573 0.362661 0.186019 5.94526 
16 2.373 0.556688 0.36565 0.188967 6.01418 
16 2.373 0.556631 0.365569 0.188804 6.01223 
16 2.373 0.556214 0.366221 0.189982 6.13268 
16 2.374 0.557148 0.365549 0.188528 5.94538 
16 2.374 0.555104 0.364085 0.187579 6.03273 
16 2.374 0.55389 0.363082 0.187092 6.0698 
16 2.374 0.555559 0.364916 0.188062 6.0678 
16 2.374 0.554852 0.364057 0.187336 6.05985 
16 2.375 0.553795 0.362358 0.186242 6.00057 
16 2.375 0.556789 0.366049 0.189031 6.03996 
16 2.375 0.553791 0.362132 0.185729 5.97656 
16 2.375 0.55268 0.361541 0.185663 6.04545 
16 2.375 0.555718 0.364887 0.188366 6.04318 
16 2.376 0.552956 0.361177 0.185036 5.9708 
16 2.376 0.548771 0.35706 0.182149 6.02404 
16 2.376 0.552504 0.361327 0.185476 6.04083 
16 2.376 0.554618 0.362552 0.185696 5.92062 
16 2.376 0.55592 0.364391 0.187475 5.96309 
16 2.377 0.553267 0.362193 0.186201 6.04068 
16 2.377 0.552041 0.360161 0.183541 5.96775 
16 2.377 0.549355 0.357224 0.181547 5.97004 
16 2.377 0.553616 0.361811 0.185245 5.9579 
16 2.377 0.552292 0.36038 0.18433 5.96149 
16 2.378 0.552335 0.361609 0.186216 6.08618 
16 2.378 0.550601 0.360393 0.185578 6.16121 
16 2.378 0.547645 0.355852 0.181402 6.02187 
16 2.378 0.548459 0.357296 0.182238 6.08127 
16 2.378 0.547795 0.356027 0.181073 6.02287 
16 2.379 0.545257 0.353341 0.179638 6.02989 
16 2.379 0.550722 0.358724 0.183015 5.96462 
16 2.379 0.550002 0.358616 0.183403 6.03836 
16 2.379 0.548403 0.357337 0.182717 6.08964 
16 2.379 0.54877 0.35704 0.182089 6.0144 
16 2.38 0.545294 0.354898 0.181292 6.19057 
16 2.38 0.543663 0.351966 0.178231 6.06619 
16 2.38 0.547197 0.355999 0.18099 6.0853 
16 2.38 0.542965 0.349461 0.174779 5.87836 
16 2.38 0.545618 0.354157 0.180546 6.0728 
16 2.381 0.543993 0.351668 0.177379 5.99296 
16 2.381 0.546092 0.353579 0.17853 5.95249 
16 2.381 0.5424 0.351497 0.178508 6.16068 
16 2.381 0.54499 0.353171 0.178649 6.03787 
16 2.381 0.546864 0.355444 0.18073 6.06229 
16 2.382 0.539398 0.348248 0.175534 6.15794 
16 2.382 0.544707 0.353277 0.179055 6.07989 
16 2.382 0.545891 0.354488 0.180351 6.07119 
16 2.382 0.544521 0.352439 0.178244 6.0116 
16 2.382 0.541527 0.350045 0.176749 6.10376 
16 2.383 0.541769 0.349616 0.17633 6.02701 
16 2.383 0.542885 0.350744 0.177346 6.01804 
16 2.383 0.540823 0.349243 0.176247 6.09689 
16 2.383 0.54773 0.356095 0.181342 6.02519 
16 2.383 0.543807 0.352111 0.178272 6.05724 
16 2.384 0.545431 0.353245 0.178643 5.98657 
16 2.384 0.5404 0.347604 0.173977 5.96742 
16 2.384 0.538803 0.347583 0.175386 6.15021 
16 2.384 0.542096 0.349112 0.174839 5.93223 
16 2.384 0.54313 0.350618 0.17669 5.97354 
16 2.385 0.542394 0.350621 0.176972 6.05709 
16 2.385 0.537775 0.345736 0.173368 6.06826 
16 2.385 0.538584 0.346878 0.174988 6.09726 
16 2.385 0.541245 0.349221 0.175649 6.04037 
16 2.385 0.539167 0.346991 0.174109 6.04201 
16 2.386 0.534993 0.342623 0.171254 6.05187 
16 2.386 0.534777 0.343902 0.17333 6.21382 
16 2.386 0.539161 0.34584 0.172174 5.9167 
16 2.386 0.538448 0.346286 0.173807 6.04695 
16 2.386 0.53398 0.342861 0.171786 6.19357 
16 2.387 0.532055 0.340613 0.169846 6.17 
16 2.387 0.535553 0.343577 0.1721 6.08738 
16 2.387 0.538013 0.345243 0.172309 5.98284 
16 2.387 0.534202 0.341559 0.169866 6.0259 
16 2.387 0.532655 0.340758 0.170097 6.11705 
16 2.388 0.538089 0.345205 0.172283 5.96746 
16 2.388 0.531967 0.339854 0.169129 6.09605 
16 2.388 0.539319 0.347635 0.174744 6.08598 
16 2.388 0.535202 0.342542 0.170932 6.01416 
16 2.388 0.533934 0.341385 0.17018 6.03546 
16 2.389 0.536783 0.343761 0.171635 5.96069 
16 2.389 0.533111 0.339792 0.167776 5.95633 
16 2.389 0.529256 0.337527 0.168155 6.1524 
16 2.389 0.530441 0.338835 0.16912 6.15813 
16 2.389 0.531752 0.340023 0.169628 6.13617 
16 2.39 0.534298 0.341254 0.169144 5.97463 
16 2.39 0.53348 0.34066 0.169348 6.00469 
16 2.39 0.530005 0.337971 0.167941 6.11241 
16 2.39 0.532842 0.339735 0.168271 5.97847 
16 2.39 0.529608 0.337426 0.167063 6.09921 
16 2.391 0.531152 0.338681 0.16827 6.05557 
16 2.391 0.527226 0.33502 0.165343 6.10859 
16 2.391 0.528988 0.336592 0.166804 6.07755 
16 2.391 0.531429 0.339599 0.168871 6.12238 
16 2.391 0.530244 0.337631 0.167227 6.04641 
16 2.392 0.529037 0.336637 0.166488 6.0744 
16 2.392 0.524398 0.332306 0.163347 6.13379 
16 2.392 0.528759 0.337441 0.16848 6.1918 
16 2.392 0.531437 0.339429 0.168918 6.10076 
16 2.392 0.526927 0.334821 0.165463 6.11848 
16 2.393 0.527189 0.334524 0.16446 6.05453 
16 2.393 0.526244 0.333381 0.16409 6.03874 
16 2.393 0.526849 0.33445 0.16471 6.08498 
16 2.393 0.526244 0.334835 0.165793 6.19438 
16 2.393 0.525612 0.333207 0.16397 6.09125 
16 2.394 0.526216 0.334194 0.164906 6.12639 
16 2.394 0.526609 0.334669 0.165411 6.13292 
16 2.394 0.525077 0.331091 0.161266 5.9226 
16 2.394 0.525609 0.332557 0.163184 6.01958 
16 2.394 0.524291 0.330501 0.161057 5.94769 
16 2.395 0.523688 0.331368 0.161876 6.10542 
16 2.395 0.520591 0.328842 0.161656 6.18107 
16 2.395 0.523709 0.330462 0.161771 6.00625 
16 2.395 0.524339 0.332228 0.163836 6.1244 
16 2.395 0.524753 0.331712 0.16273 6.02276 
16 2.396 0.523104 0.33083 0.162094 6.11072 
16 2.396 0.522424 0.33054 0.162315 6.1556 
16 2.396 0.52248 0.329848 0.161411 6.07541 
16 2.396 0.525848 0.333368 0.164205 6.07427 
16 2.396 0.524998 0.332294 0.163088 6.05496 
16 2.397 0.523952 0.331819 0.163292 6.11902 
16 2.397 0.521274 0.328569 0.160938 6.07079 
16 2.397 0.524487 0.331915 0.162629 6.06922 
16 2.397 0.518641 0.325748 0.158344 6.0619 
16 2.397 0.521601 0.328994 0.160317 6.07983 
16 2.398 0.517578 0.32481 0.157997 6.07679 
16 2.398 0.514743 0.322646 0.15667 6.15827 
16 2.398 0.521618 0.329913 0.162145 6.17348 
16 2.398 0.52097 0.32712 0.159159 5.94736 
16 2.398 0.520919 0.328242 0.160234 6.07288 
16 2.399 0.516696 0.324324 0.157788 6.11977 
16 2.399 0.52038 0.327235 0.158971 6.02273 
16 2.399 0.518303 0.326189 0.159296 6.14133 
16 2.399 0.520473 0.328559 0.160404 6.15361 
16 2.399 0.517534 0.325374 0.158624 6.13942 
16 2.4 0.514117 0.321506 0.155279 6.10026 
16 2.4 0.512564 0.320255 0.154262 6.13691 
16 2.4 0.510447 0.319414 0.155003 6.27821 
16 2.4 0.517375 0.32397 0.156592 6.00458 
16 2.4 0.516153 0.323119 0.156193 6.04858 
16 2.401 0.515645 0.322856 0.15632 6.07379 
16 2.401 0.514502 0.321793 0.155684 6.08607 
16 2.401 0.515827 0.323203 0.156625 6.09088 
16 2.401 0.517163 0.325194 0.158861 6.156 
16 2.401 0.515138 0.322533 0.155756 6.09514 
16 2.402 0.51207 0.319752 0.154267 6.13209 
16 2.402 0.511375 0.319772 0.154834 6.20999 
16 2.402 0.513006 0.32061 0.155035 6.12128 
16 2.402 0.515621 0.323088 0.156856 6.09869 
16 2.402 0.513568 0.321168 0.155593 6.11929 
16 2.403 0.511421 0.318627 0.152949 6.08048 
16 2.403 0.511417 0.318183 0.152471 6.03357 
16 2.403 0.507134 0.314124 0.150253 6.06593 
16 2.403 0.51412 0.320387 0.15351 5.9731 
16 2.403 0.506413 0.314369 0.150607 6.16988 
16 2.404 0.514032 0.320669 0.154402 6.01022 
16 2.404 0.513887 0.320948 0.154808 6.05587 
16 2.404 0.508955 0.31547 0.150208 6.00972 
16 2.404 0.509728 0.317434 0.152964 6.135 
16 2.404 0.509823 0.316955 0.151867 6.07367 
16 2.405 0.51005 0.317108 0.151945 6.06281 
16 2.405 0.514206 0.320466 0.153945 5.96709 
16 2.405 0.505812 0.313601 0.149625 6.14769 
16 2.405 0.510162 0.317591 0.152517 6.10204 
16 2.405 0.509047 0.316954 0.152791 6.15521 
16 2.406 0.507405 0.314984 0.150417 6.12068 
16 2.406 0.505885 0.312784 0.148845 6.05044 
16 2.406 0.511442 0.31864 0.153379 6.07195 
16 2.406 0.509512 0.316127 0.15085 6.01431 
16 2.406 0.504602 0.311551 0.147843 6.05712 
16 2.407 0.509756 0.31665 0.15129 6.04086 
16 2.407 0.508205 0.315892 0.150885 6.12824 
16 2.407 0.505158 0.312569 0.14904 6.10317 
16 2.407 0.508482 0.315411 0.150191 6.04706 
16 2.407 0.50822 0.314991 0.150348 6.03079 
16 2.408 0.51135 0.318874 0.153494 6.1018 
16 2.408 0.504736 0.311136 0.146906 5.99363 
16 2.408 0.505072 0.312613 0.149067 6.11456 
16 2.408 0.506006 0.312566 0.148542 6.00914 
16 2.408 0.507057 0.313995 0.149091 6.04789 
16 2.409 0.502064 0.30966 0.147239 6.1202 
16 2.409 0.500466 0.307856 0.145734 6.09873 
16 2.409 0.504483 0.310982 0.147009 6.00191 
16 2.409 0.505643 0.312139 0.147995 6.00029 
16 2.409 0.506345 0.314458 0.150474 6.1712 
16 2.41 0.505769 0.311905 0.14736 5.95947 
16 2.41 0.502231 0.309659 0.146492 6.09964 
16 2.41 0.501125 0.308038 0.145387 6.04536 
16 2.41 0.504102 0.311784 0.14857 6.12537 
16 2.41 0.502169 0.308478 0.14534 5.98086 
16 2.411 0.50362 0.310354 0.146586 6.02264 
16 2.411 0.503156 0.310078 0.146572 6.04295 
16 2.411 0.500303 0.307448 0.145184 6.0676 
16 2.411 0.503378 0.309887 0.146746 5.99885 
16 2.411 0.502655 0.308878 0.145109 5.96907 
16 2.412 0.497336 0.303718 0.141934 5.98342 
16 2.412 0.499281 0.307548 0.145809 6.18415 
16 2.412 0.502738 0.309277 0.146027 6.00001 
16 2.412 0.500386 0.308056 0.145912 6.12083 
16 2.412 0.49383 0.302019 0.142147 6.1719 
16 2.413 0.496955 0.30432 0.142771 6.08495 
16 2.413 0.495834 0.303689 0.143239 6.13605 
16 2.413 0.499521 0.305716 0.142742 5.96177 
16 2.413 0.499876 0.307615 0.145601 6.12562 
16 2.413 0.50011 0.30613 0.143163 5.94324 
16 2.414 0.498998 0.307025 0.145581 6.15361 
16 2.414 0.491266 0.298178 0.13785 6.02732 
16 2.414 0.494006 0.30091 0.140173 6.03072 
16 2.414 0.498633 0.304892 0.1425 5.96598 
16 2.414 0.497968 0.305069 0.14346 6.05496 
16 2.415 0.497898 0.304899 0.14374 6.04189 
16 2.415 0.498937 0.305833 0.143733 6.03099 
16 2.415 0.49246 0.300256 0.140465 6.12056 
16 2.415 0.493837 0.300845 0.140028 6.03908 
16 2.415 0.495802 0.303053 0.141267 6.06699 
16 2.416 0.492911 0.300378 0.140374 6.08394 
16 2.416 0.493057 0.300803 0.140824 6.11368 
16 2.416 0.492923 0.300042 0.14008 6.04706 
16 2.416 0.493295 0.299602 0.138843 5.9615 
16 2.416 0.496279 0.303475 0.142312 6.059 
16 2.417 0.494355 0.301818 0.141061 6.08288 
16 2.417 0.493115 0.300431 0.140336 6.06567 
16 2.417 0.497124 0.303108 0.141547 5.92876 
16 2.417 0.487871 0.295662 0.137521 6.10544 
16 2.417 0.486729 0.294514 0.136266 6.10173 
16 2.418 0.491323 0.298179 0.138059 6.01148 
16 2.418 0.491322 0.297989 0.138039 5.99153 
16 2.418 0.490126 0.296408 0.136522 5.94839 
16 2.418 0.490726 0.298111 0.138693 6.06646 
16 2.418 0.490736 0.297496 0.137371 6.00021 
16 2.419 0.489808 0.297368 0.138008 6.08049 
16 2.419 0.492527 0.30015 0.140289 6.09223 
16 2.419 0.489044 0.295302 0.135703 5.94101 
16 2.419 0.488599 0.296063 0.136912 6.06761 
16 2.419 0.485852 0.293421 0.135821 6.07129 
16 2.42 0.489498 0.296925 0.137611 6.06331 
16 2.42 0.488153 0.296271 0.13763 6.13319 
16 2.42 0.485867 0.293001 0.134667 6.02279 
16 2.42 0.489219 0.295984 0.136442 5.99261 
16 2.42 0.489935 0.298004 0.13889 6.13213 
16 2.421 0.484286 0.291644 0.133674 6.03906 
16 2.421 0.486159 0.293751 0.135612 6.06968 
16 2.421 0.482855 0.291854 0.135469 6.2076 
16 2.421 0.486248 0.294353 0.136394 6.12406 
16 2.421 0.485586 0.292694 0.134378 6.01672 
16 2.422 0.486779 0.292795 0.133644 5.90227 
16 2.422 0.488866 0.296132 0.136723 6.03972 
16 2.422 0.482823 0.29085 0.133758 6.10215 
16 2.422 0.486757 0.294952 0.136688 6.13256 
16 2.422 0.486197 0.29296 0.134698 5.97958 
16 2.423 0.483666 0.290365 0.13264 5.96221 
16 2.423 0.483653 0.291465 0.134253 6.07988 
16 2.423 0.48235 0.289088 0.132079 5.96167 
16 2.423 0.477967 0.286504 0.131087 6.13337 
16 2.423 0.487117 0.29426 0.135982 6.01987 
16 2.424 0.481343 0.289609 0.132936 6.11677 
16 2.424 0.482963 0.29053 0.133837 6.04904 
16 2.424 0.482577 0.290713 0.133807 6.10779 
16 2.424 0.482527 0.28881 0.131476 5.91187 
16 2.424 0.487682 0.294944 0.136248 6.03141 
16 2.425 0.481848 0.288631 0.131681 5.95958 
16 2.425 0.479069 0.286448 0.130057 6.01112 
16 2.425 0.485691 0.292062 0.133621 5.92939 
16 2.425 0.480038 0.286913 0.130084 5.96201 
16 2.425 0.483455 0.290545 0.132972 5.99792 
16 2.426 0.478193 0.285954 0.130153 6.04493 
16 2.426 0.482519 0.28919 0.131716 5.94793 
16 2.426 0.480317 0.288118 0.132049 6.0585 
16 2.426 0.481239 0.288199 0.131044 5.97349 
16 2.426 0.48117 0.28812 0.131325 5.97212 
16 2.427 0.47735 0.285085 0.129223 6.03577 
16 2.427 0.480543 0.287798 0.130984 5.99936 
16 2.427 0.473746 0.281904 0.127592 6.06182 
16 2.427 0.478397 0.28504 0.128525 5.92545 
16 2.427 0.481641 0.288523 0.131252 5.96438 
16 2.428 0.476857 0.283932 0.128426 5.96133 
16 2.428 0.476525 0.283897 0.128294 5.99105 
16 2.428 0.473515 0.281543 0.127416 6.04431 
16 2.428 0.473212 0.279967 0.125418 5.90834 
16 2.428 0.474816 0.28246 0.127788 6.01096 
16 2.429 0.480965 0.289212 0.13259 6.10067 
16 2.429 0.473894 0.281065 0.126001 5.95365 
16 2.429 0.472735 0.281083 0.12725 6.07112 
16 2.429 0.473808 0.280779 0.125859 5.93204 
16 2.429 0.473526 0.281039 0.126818 5.98765 
16 2.43 0.475538 0.282237 0.126356 5.91012 
16 2.43 0.476877 0.283962 0.128518 5.95765 
16 2.43 0.47738 0.284582 0.128525 5.97234 
16 2.43 0.471091 0.278574 0.125003 5.96769 
16 2.43 0.474905 0.28156 0.126357 5.90229 
16 2.431 0.475384 0.28218 0.126761 5.91714 
16 2.431 0.471879 0.279657 0.125884 6.00117 
16 2.431 0.475348 0.282232 0.127079 5.92627 
16 2.431 0.473916 0.28116 0.12672 5.95643 
16 2.431 0.47407 0.282166 0.127408 6.0471 
16 2.432 0.468637 0.276469 0.123844 5.98399 
16 2.432 0.467463 0.275267 0.122718 5.97325 
16 2.432 0.474559 0.28158 0.126735 5.93413 
16 2.432 0.473273 0.280439 0.125817 5.94221 
16 2.432 0.475227 0.283152 0.128478 6.03269 
16 2.433 0.471103 0.278433 0.124554 5.94434 
16 2.433 0.473699 0.280272 0.125899 5.87982 
16 2.433 0.473999 0.281017 0.125739 5.92829 
16 2.433 0.473323 0.279803 0.124944 5.86801 
16 2.433 0.468909 0.275992 0.122895 5.90448 
16 2.434 0.469105 0.275734 0.122328 5.85558 
16 2.434 0.469615 0.276549 0.122894 5.89106 
16 2.434 0.469127 0.275565 0.12206 5.83568 
16 2.434 0.464513 0.27354 0.122176 6.07583 
16 2.434 0.4722 0.278526 0.123953 5.84291 
16 2.435 0.463479 0.271239 0.120332 5.93232 
16 2.435 0.470406 0.277777 0.124523 5.93954 
16 2.435 0.461283 0.268983 0.118491 5.9086 
16 2.435 0.462907 0.270595 0.119785 5.92024 
16 2.435 0.470587 0.278814 0.125446 6.03064 
16 2.436 0.463839 0.271534 0.11966 5.92574 
16 2.436 0.461798 0.269227 0.118205 5.88187 
16 2.436 0.46385 0.271716 0.120378 5.94382 
16 2.436 0.460612 0.268233 0.117482 5.89229 
16 2.436 0.468599 0.27434 0.120781 5.75415 
16 2.437 0.464741 0.272287 0.120097 5.91444 
16 2.437 0.466497 0.273637 0.120697 5.8845 
16 2.437 0.46308 0.270506 0.118649 5.88929 
16 2.437 0.461069 0.2692 0.118763 5.9473 
16 2.437 0.466917 0.274781 0.12234 5.96346 
16 2.438 0.465252 0.272862 0.120598 5.92258 
16 2.438 0.463977 0.272011 0.120358 5.95756 
16 2.438 0.468001 0.274902 0.121624 5.86735 
16 2.438 0.459653 0.267926 0.118259 5.94801 
16 2.438 0.465105 0.27319 0.121407 5.97133 
16 2.439 0.461086 0.26886 0.118106 5.90505 
16 2.439 0.463881 0.270867 0.119217 5.84439 
16 2.439 0.459598 0.268068 0.117822 5.96565 
16 2.439 0.460721 0.268439 0.118038 5.89622 
16 2.439 0.469112 0.276708 0.123457 5.94519 
16 2.44 0.465363 0.272368 0.119922 5.85493 
16 2.44 0.46092 0.269266 0.118973 5.96131 
16 2.44 0.458465 0.267256 0.117493 5.98729 
16 2.44 0.463396 0.2718 0.120351 5.98702 
16 2.44 0.4609 0.268119 0.116862 5.84291 
16 2.441 0.459225 0.267233 0.11701 5.9092 
16 2.441 0.455289 0.263816 0.114977 5.92834 
16 2.441 0.456882 0.26468 0.115211 5.8666 
16 2.441 0.460437 0.268301 0.117591 5.90427 
16 2.441 0.45518 0.2636 0.114791 5.91607 
16 2.442 0.456155 0.263585 0.114428 5.81905 
16 2.442 0.453973 0.263176 0.114827 5.98428 
16 2.442 0.455616 0.264128 0.115532 5.92738 
16 2.442 0.460763 0.268421 0.11809 5.88301 
16 2.442 0.45613 0.263315 0.113741 5.79314 
16 2.443 0.458677 0.265831 0.115629 5.81018 
16 2.443 0.458591 0.266391 0.116457 5.87719 
16 2.443 0.456512 0.264069 0.114556 5.83313 
16 2.443 0.459623 0.266436 0.115959 5.78257 
16 2.443 0.460414 0.267543 0.116525 5.82233 
16 2.444 0.453377 0.261592 0.113287 5.87009 
16 2.444 0.452577 0.261291 0.113119 5.91449 
16 2.444 0.454221 0.262389 0.113586 5.87338 
16 2.444 0.459494 0.267014 0.116412 5.85312 
16 2.444 0.453316 0.26172 0.113208 5.88923 
16 2.445 0.456626 0.263569 0.113748 5.76518 
16 2.445 0.452596 0.260605 0.112786 5.83844 
16 2.445 0.451726 0.259677 0.11186 5.82374 
16 2.445 0.45174 0.259959 0.112283 5.85187 
16 2.445 0.453001 0.260725 0.112604 5.81259 
16 2.446 0.451087 0.259008 0.111565 5.81157 
16 2.446 0.453784 0.262143 0.113866 5.88433 
16 2.446 0.448428 0.257309 0.110784 5.88419 
16 2.446 0.449153 0.258216 0.1116 5.91101 
16 2.446 0.45337 0.261161 0.112749 5.82084 
16 2.447 0.450813 0.258327 0.1107 5.76393 
16 2.447 0.451298 0.260258 0.112599 5.92015 
16 2.447 0.45129 0.259101 0.111396 5.79985 
16 2.447 0.455219 0.262185 0.112676 5.74988 
16 2.447 0.455036 0.262926 0.113828 5.84484 
16 2.448 0.45112 0.258667 0.110875 5.76817 
16 2.448 0.445444 0.253884 0.108213 5.8001 
16 2.448 0.45177 0.25957 0.111139 5.80119 
16 2.448 0.44806 0.256392 0.109759 5.81799 
16 2.448 0.447107 0.256098 0.110009 5.87638 
16 2.449 0.44935 0.257634 0.111047 5.82442 
16 2.449 0.445449 0.254301 0.10853 5.84086 
16 2.449 0.450802 0.258741 0.110822 5.80349 
16 2.449 0.45057 0.258715 0.11151 5.82267 
16 2.449 0.446462 0.255311 0.109185 5.85196 
16 2.45 0.445362 0.254295 0.108991 5.84589 
16 2.45 0.45141 0.259321 0.111447 5.80437 
16 2.45 0.448106 0.257921 0.111423 5.96865 
16 2.45 0.44603 0.255502 0.10939 5.90986 
16 2.45 0.449297 0.257436 0.110341 5.80637 
16 2.451 0.448606 0.255794 0.108342 5.69724 
16 2.451 0.443355 0.252757 0.107887 5.86914 
16 2.451 0.444957 0.253869 0.108095 5.83678 
16 2.451 0.444602 0.253399 0.107933 5.82064 
16 2.451 0.451139 0.259078 0.111543 5.80224 
16 2.452 0.445582 0.254117 0.108354 5.80219 
16 2.452 0.450195 0.258348 0.110816 5.81241 
16 2.452 0.446055 0.254918 0.10893 5.84167 
16 2.452 0.446132 0.254548 0.108709 5.79589 
16 2.452 0.443054 0.252507 0.107753 5.86865 
16 2.453 0.440099 0.250267 0.106759 5.90472 
16 2.453 0.444738 0.253974 0.108668 5.86334 
16 2.453 0.443438 0.251919 0.106628 5.76933 
16 2.453 0.445239 0.254126 0.10881 5.83263 
16 2.453 0.441421 0.250948 0.106799 5.85423 
16 2.454 0.442423 0.249853 0.104486 5.64528 
16 2.454 0.438014 0.247002 0.103683 5.75277 
16 2.454 0.443883 0.252071 0.106794 5.74165 
16 2.454 0.441161 0.25074 0.106549 5.8541 
16 2.454 0.444141 0.252361 0.106606 5.74806 
16 2.455 0.440486 0.248521 0.104195 5.68242 
16 2.455 0.440493 0.248814 0.104363 5.71225 
16 2.455 0.444694 0.25301 0.107439 5.76209 
16 2.455 0.442284 0.251146 0.106785 5.79058 
16 2.455 0.44672 0.254808 0.108747 5.76119 
16 2.456 0.440808 0.249678 0.105564 5.77108 
16 2.456 0.441798 0.249825 0.105148 5.69526 
16 2.456 0.441541 0.249206 0.104425 5.65441 
16 2.456 0.442837 0.250594 0.10573 5.67969 
16 2.456 0.441574 0.251063 0.10691 5.84493 
16 2.457 0.437871 0.246901 0.10365 5.74832 
16 2.457 0.441166 0.249669 0.105025 5.73493 
16 2.457 0.436995 0.24708 0.104259 5.8468 
16 2.457 0.440843 0.24924 0.104862 5.71984 
16 2.457 0.436004 0.245229 0.102579 5.74411 
16 2.458 0.439121 0.2481 0.104561 5.75663 
16 2.458 0.437995 0.246501 0.103009 5.69296 
16 2.458 0.438621 0.24704 0.103556 5.69192 
16 2.458 0.437275 0.246388 0.10307 5.74685 
16 2.458 0.434937 0.244132 0.10174 5.72428 
16 2.459 0.438287 0.246439 0.1027 5.6575 
16 2.459 0.440235 0.248516 0.104587 5.69558 
16 2.459 0.43583 0.245468 0.103137 5.78004 
16 2.459 0.438826 0.247527 0.103525 5.72167 
16 2.459 0.440254 0.248417 0.1041 5.68354 
16 2.46 0.435227 0.244986 0.102745 5.78221 
16 2.46 0.435407 0.243724 0.101025 5.6346 
16 2.46 0.431859 0.241292 0.100152 5.70165 
16 2.46 0.433998 0.244069 0.102554 5.79789 
16 2.46 0.435666 0.244516 0.101794 5.69352 
16 2.461 0.431769 0.240023 0.0986043 5.57548 
16 2.461 0.435854 0.244575 0.101689 5.68031 
16 2.461 0.432346 0.241316 0.0996603 5.65804 
16 2.461 0.43261 0.24239 0.10112 5.74601 
16 2.461 0.432566 0.242001 0.10043 5.70956 
16 2.462 0.42944 0.239638 0.0993171 5.74176 
16 2.462 0.432806 0.241737 0.0995394 5.65822 
16 2.462 0.430509 0.240361 0.0995449 5.72127 
16 2.462 0.431813 0.241881 0.100918 5.76245 
16 2.462 0.434429 0.243356 0.10129 5.68019 
16 2.463 0.429163 0.238336 0.0978437 5.62886 
16 2.463 0.433868 0.242052 0.0997764 5.59298 
16 2.463 0.434287 0.242192 0.099633 5.56975 
16 2.463 0.433387 0.242604 0.100568 5.69364 
16 2.463 0.432385 0.24184 0.100426 5.70445 
16 2.464 0.429616 0.238975 0.0983047 5.65242 
16 2.464 0.430967 0.240173 0.0990838 5.65614 
16 2.464 0.429759 0.238583 0.097313 5.599 
16 2.464 0.428444 0.237572 0.0973193 5.61126 
16 2.464 0.428456 0.238417 0.0983868 5.69788 
16 2.465 0.433134 0.2413 0.0992031 5.57647 
16 2.465 0.431788 0.240134 0.0985079 5.57619 
16 2.465 0.430986 0.24006 0.0988729 5.64043 
16 2.465 0.424175 0.233605 0.0949497 5.57492 
16 2.465 0.426678 0.235768 0.0959874 5.57834 
16 2.466 0.425491 0.23533 0.0962066 5.63566 
16 2.466 0.428979 0.237951 0.097412 5.59837 
16 2.466 0.428233 0.237967 0.0976241 5.66644 
16 2.466 0.429241 0.237964 0.0973537 5.5763 
16 2.466 0.4254 0.234705 0.0955868 5.57882 
16 2.467 0.425384 0.23476 0.0952005 5.58374 
16 2.467 0.427713 0.238285 0.0983526 5.74323 
16 2.467 0.425484 0.235263 0.0963263 5.62705 
16 2.467 0.422809 0.231236 0.0927786 5.44466 
16 2.467 0.425491 0.234739 0.0959138 5.57208 
16 2.468 0.424173 0.234711 0.095718 5.68304 
16 2.468 0.429305 0.238429 0.0975802 5.61446 
16 2.468 0.425948 0.234926 0.0950692 5.54884 
16 2.468 0.426434 0.236123 0.0969754 5.63011 
16 2.468 0.422427 0.231671 0.0935587 5.52098 
16 2.469 0.423146 0.23308 0.0948236 5.60184 
16 2.469 0.423806 0.234035 0.0951038 5.64289 
16 2.469 0.423271 0.233164 0.09464 5.59966 
16 2.469 0.42379 0.233436 0.0949106 5.58228 
16 2.469 0.425121 0.235185 0.0963039 5.6464 
16 2.47 0.422002 0.232551 0.094711 5.64492 
16 2.47 0.42499 0.235028 0.0961122 5.63942 
16 2.47 0.420914 0.230821 0.0930665 5.56068 
16 2.47 0.424619 0.233329 0.0941191 5.49602 
16 2.47 0.421783 0.23172 0.0936832 5.57804 
16 2.471 0.420852 0.231071 0.0933497 5.58978 
16 2.471 0.420703 0.230946 0.0933004 5.58981 
16 2.471 0.420845 0.230894 0.093289 5.57209 
16 2.471 0.417592 0.228655 0.0921648 5.62263 
16 2.471 0.419151 0.229253 0.0921517 5.54946 
16 2.472 0.419721 0.231439 0.0944904 5.72408 
16 2.472 0.418916 0.229459 0.092516 5.58896 
16 2.472 0.421687 0.231347 0.0935661 5.54332 
16 2.472 0.41883 0.229402 0.0927135 5.59043 
16 2.472 0.414509 0.226156 0.0913231 5.62725 
16 2.473 0.419352 0.229605 0.0923246 5.56404 
16 2.473 0.422355 0.231781 0.0933207 5.52757 
16 2.473 0.420026 0.229775 0.0922827 5.52303 
16 2.473 0.420666 0.230792 0.093238 5.57259 
16 2.473 0.416509 0.227563 0.0915751 5.59855 
16 2.474 0.418359 0.22912 0.0926004 5.5977 
16 2.474 0.414804 0.225343 0.0897467 5.51328 
16 2.474 0.419825 0.229696 0.0925601 5.53005 
16 2.474 0.420776 0.231318 0.09421 5.61521 
16 2.474 0.420337 0.230073 0.0922933 5.52462 
16 2.475 0.421088 0.231012 0.0931339 5.55412 
16 2.475 0.418788 0.228416 0.0913402 5.48542 
16 2.475 0.42169 0.231231 0.0931234 5.52433 
16 2.475 0.416885 0.226869 0.0907128 5.48982 
16 2.475 0.41849 0.228465 0.0912883 5.51626 
16 2.476 0.410657 0.222297 0.0885255 5.54783 
16 2.476 0.415225 0.22616 0.0904965 5.55717 
16 2.476 0.412547 0.223933 0.0894415 5.55611 
16 2.476 0.41445 0.225031 0.0893991 5.50688 
16 2.476 0.414094 0.225444 0.090135 5.58013 
16 2.477 0.412123 0.222807 0.0883559 5.47368 
16 2.477 0.417612 0.227448 0.0909345 5.48259 
16 2.477 0.41288 0.223308 0.0884039 5.46087 
16 2.477 0.416953 0.227862 0.0922058 5.58225 
16 2.477 0.412691 0.223146 0.0886051 5.46024 
16 2.478 0.41428 0.223673 0.0878991 5.37672 
16 2.478 0.416445 0.226384 0.0902354 5.47095 
16 2.478 0.416488 0.226838 0.0911705 5.51422 
16 2.478 0.415777 0.226262 0.0899401 5.51582 
16 2.478 0.409669 0.221629 0.0877167 5.55812 
16 2.479 0.414806 0.225238 0.0898717 5.49109 
16 2.479 0.412406 0.223446 0.0888949 5.51109 
16 2.479 0.413412 0.223291 0.0884652 5.40938 
16 2.479 0.407547 0.219459 0.0864582 5.51087 
16 2.479 0.411954 0.222495 0.0875546 5.45143 
16 2.48 0.408445 0.219762 0.086304 5.46423 
16 2.48 0.411 0.221891 0.0877455 5.46789 
16 2.48 0.413073 0.223643 0.0884629 5.47237 
16 2.48 0.411659 0.222771 0.0885875 5.5028 
16 2.48 0.411355 0.222512 0.0882185 5.50182 
16 2.481 0.409778 0.220914 0.0873637 5.46836 
16 2.481 0.410848 0.222016 0.087959 5.49151 
16 2.481 0.4089 0.22061 0.0874062 5.51119 
16 2.481 0.403621 0.215336 0.083587 5.40954 
16 2.481 0.410436 0.221442 0.0873661 5.46718 
16 2.482 0.410662 0.221567 0.0875051 5.4586 
16 2.482 0.407249 0.218481 0.0856917 5.42829 
16 2.482 0.412287 0.222906 0.0883474 5.4588 
16 2.482 0.409144 0.219699 0.0860623 5.39443 
16 2.482 0.408984 0.220004 0.0867853 5.43926 
16 2.483 0.406198 0.216104 0.083317 5.2692 
16 2.483 0.409447 0.220248 0.0865952 5.42321 
16 2.483 0.405353 0.217476 0.0852722 5.4814 
16 2.483 0.408931 0.21957 0.0860667 5.3968 
16 2.483 0.410412 0.220894 0.0872712 5.40831 
16 2.484 0.411596 0.222022 0.0874743 5.42202 
16 2.484 0.40678 0.217533 0.0844018 5.36554 
16 2.484 0.407916 0.218831 0.085803 5.40396 
16 2.484 0.403376 0.214559 0.0829197 5.34337 
16 2.484 0.405327 0.217034 0.0848004 5.43573 
16 2.485 0.408788 0.219286 0.0854252 5.37531 
16 2.485 0.409704 0.220466 0.0865057 5.41966 
16 2.485 0.404075 0.215703 0.0841785 5.40084 
16 2.485 0.407556 0.218955 0.085906 5.44479 
16 2.485 0.402741 0.214498 0.0830626 5.38758 
16 2.486 0.406348 0.217227 0.0842764 5.36596 
16 2.486 0.405933 0.217555 0.0850015 5.43444 
16 2.486 0.404618 0.215792 0.0837589 5.3626 
16 2.486 0.403552 0.214364 0.0825191 5.30439 
16 2.486 0.406517 0.217642 0.0849502 5.39448 
16 2.487 0.404245 0.216076 0.0842198 5.42078 
16 2.487 0.403864 0.216199 0.0844808 5.46514 
16 2.487 0.405905 0.217308 0.084625 5.40916 
16 2.487 0.402599 0.214948 0.0841585 5.44131 
16 2.487 0.406407 0.217462 0.0848744 5.383 
16 2.488 0.401964 0.213497 0.0821272 5.34244 
16 2.488 0.40243 0.213817 0.082504 5.3368 
16 2.488 0.403012 0.213557 0.0817082 5.26182 
16 2.488 0.402093 0.213278 0.0818995 5.30923 
16 2.488 0.401336 0.212417 0.0815821 5.28326 
16 2.489 0.399927 0.212215 0.0817631 5.37644 
16 2.489 0.399174 0.210592 0.0802068 5.27139 
16 2.489 0.404646 0.216081 0.0837568 5.38356 
16 2.489 0.401646 0.213741 0.0830307 5.39171 
16 2.489 0.402536 0.214391 0.0829196 5.38495 
16 2.49 0.399857 0.212178 0.0816576 5.37625 
16 2.49 0.399893 0.211086 0.0806098 5.26099 
16 2.49 0.399787 0.2118 0.0816333 5.34315 
16 2.49 0.398974 0.211681 0.0816267 5.39761 
16 2.49 0.404364 0.215033 0.083022 5.29709 
16 2.491 0.395363 0.207755 0.0789721 5.28683 
16 2.491 0.39757 0.209804 0.0801078 5.31756 
16 2.491 0.399332 0.210532 0.0804232 5.24809 
16 2.491 0.399251 0.21178 0.0815757 5.38295 
16 2.491 0.395535 0.208084 0.079581 5.30664 
16 2.492 0.396773 0.208961 0.0797869 5.29378 
16 2.492 0.394927 0.207214 0.0780901 5.26452 
16 2.492 0.398795 0.210664 0.0805806 5.30359 
16 2.492 0.398302 0.210087 0.0801993 5.28466 
16 2.492 0.395045 0.208286 0.0794103 5.36508 
16 2.493 0.396898 0.209492 0.0803158 5.33611 
16 2.493 0.397779 0.210217 0.0801004 5.33862 
16 2.493 0.395339 0.207899 0.0789753 5.29933 
16 2.493 0.398799 0.211121 0.0810334 5.34794 
16 2.493 0.397195 0.209536 0.0802115 5.31636 
16 2.494 0.394927 0.208436 0.0796257 5.38573 
16 2.494 0.397223 0.209552 0.0802676 5.31361 
16 2.494 0.397392 0.210159 0.080722 5.36207 
16 2.494 0.398999 0.211129 0.0810355 5.33025 
16 2.494 0.397975 0.209654 0.0799986 5.26264 
16 2.495 0.394442 0.208219 0.0800603 5.40053 
16 2.495 0.389986 0.203312 0.076647 5.25571 
16 2.495 0.395644 0.208806 0.0802437 5.3634 
16 2.495 0.395559 0.20841 0.0797753 5.32956 
16 2.495 0.395119 0.207395 0.0784827 5.26117 
16 2.496 0.394876 0.207543 0.0792669 5.294 
16 2.496 0.397058 0.209079 0.079796 5.27426 
16 2.496 0.393907 0.206291 0.0777618 5.24394 
16 2.496 0.388491 0.202027 0.0758463 5.24121 
16 2.496 0.394474 0.208118 0.079792 5.38545 
16 2.497 0.39255 0.204415 0.0765941 5.15891 
16 2.497 0.393196 0.205935 0.0778608 5.26272 
16 2.497 0.391381 0.203908 0.0765903 5.20085 
16 2.497 0.393709 0.205827 0.0775866 5.21024 
16 2.497 0.389502 0.202737 0.0762109 5.23123 
16 2.498 0.388833 0.202907 0.0766308 5.29998 
16 2.498 0.389964 0.20285 0.0761076 5.20383 
16 2.498 0.390275 0.20408 0.0773024 5.30504 
16 2.498 0.392948 0.205502 0.0775569 5.23622 
16 2.498 0.392074 0.205457 0.0781514 5.30191 
16 2.499 0.390232 0.204182 0.077349 5.31675 
16 2.499 0.391591 0.204378 0.0768318 5.2281 
16 2.499 0.392622 0.206059 0.0782289 5.31744 
16 2.499 0.387977 0.201797 0.0757607 5.25232 
16 2.499 0.39477 0.206292 0.0775364 5.16802 
