size temperature m m^2 m^4 mag_sus
32 0.02 1 1 1 0 
32 0.02 1 1 1 0 
32 0.02 1 1 1 0 
32 0.02 1 1 1 0 
32 0.02 1 1 1 0 
32 0.04 1 1 1 0 
32 0.04 1 1 1 0 
32 0.04 1 1 1 0 
32 0.04 1 1 1 0 
32 0.04 1 1 1 0 
32 0.06 1 1 1 0 
32 0.06 1 1 1 0 
32 0.06 1 1 1 0 
32 0.06 1 1 1 0 
32 0.06 1 1 1 0 
32 0.08 1 1 1 0 
32 0.08 1 1 1 0 
32 0.08 1 1 1 0 
32 0.08 1 1 1 0 
32 0.08 1 1 1 0 
32 0.1 1 1 1 0 
32 0.1 1 1 1 0 
32 0.1 1 1 1 0 
32 0.1 1 1 1 0 
32 0.1 1 1 1 0 
32 0.12 1 1 1 0 
32 0.12 1 1 1 0 
32 0.12 1 1 1 0 
32 0.12 1 1 1 0 
32 0.12 1 1 1 0 
32 0.14 1 1 1 0 
32 0.14 1 1 1 0 
32 0.14 1 1 1 0 
32 0.14 1 1 1 0 
32 0.14 1 1 1 0 
32 0.16 1 1 1 0 
32 0.16 1 1 1 0 
32 0.16 1 1 1 0 
32 0.16 1 1 1 0 
32 0.16 1 1 1 0 
32 0.18 1 1 1 0 
32 0.18 1 1 1 0 
32 0.18 1 1 1 0 
32 0.18 1 1 1 0 
32 0.18 1 1 1 0 
32 0.2 1 1 1 0 
32 0.2 1 1 1 0 
32 0.2 1 1 1 0 
32 0.2 1 1 1 0 
32 0.2 1 1 1 0 
32 0.22 1 1 1 0 
32 0.22 1 1 1 0 
32 0.22 1 1 1 0 
32 0.22 1 1 1 0 
32 0.22 1 1 1 0 
32 0.24 1 1 1 0 
32 0.24 1 1 1 0 
32 0.24 1 1 1 0 
32 0.24 1 1 1 0 
32 0.24 1 1 1 0 
32 0.26 1 1 1 0 
32 0.26 1 1 1 0 
32 0.26 1 1 1 0 
32 0.26 1 1 1 0 
32 0.26 1 1 1 0 
32 0.28 1 1 1 0 
32 0.28 1 1 1 0 
32 0.28 1 1 1 0 
32 0.28 1 1 1 0 
32 0.28 1 1 1 0 
32 0.3 1 1 1 0 
32 0.3 1 1 1 0 
32 0.3 1 1 1 0 
32 0.3 1 1 1 0 
32 0.3 1 1 1 0 
32 0.32 1 1 1 0 
32 0.32 1 1 1 0 
32 0.32 1 1 1 0 
32 0.32 1 1 1 0 
32 0.32 1 1 1 0 
32 0.34 1 1 1 0 
32 0.34 1 1 1 0 
32 0.34 1 1 1 0 
32 0.34 1 1 1 0 
32 0.34 1 1 1 0 
32 0.36 1 1 1 0 
32 0.36 1 1 1 0 
32 0.36 1 1 1 0 
32 0.36 1 1 1 0 
32 0.36 1 1 1 0 
32 0.38 1 1 1 0 
32 0.38 1 1 1 0 
32 0.38 1 1 1 0 
32 0.38 1 1 1 0 
32 0.38 1 1 1 0 
32 0.4 1 1 1 0 
32 0.4 1 1 1 0 
32 0.4 1 1 1 0 
32 0.4 1 1 0.999999 9.76464e-07 
32 0.4 1 1 1 0 
32 0.42 1 1 1 0 
32 0.42 1 1 1 0 
32 0.42 1 1 0.999999 9.29966e-07 
32 0.42 1 1 1 0 
32 0.42 1 1 1 0 
32 0.44 1 1 1 0 
32 0.44 1 1 1 0 
32 0.44 1 1 1 0 
32 0.44 1 1 1 0 
32 0.44 1 1 1 0 
32 0.46 1 1 0.999999 8.491e-07 
32 0.46 1 1 1 0 
32 0.46 1 1 0.999999 8.491e-07 
32 0.46 1 1 1 0 
32 0.46 1 1 1 0 
32 0.48 1 1 1 0 
32 0.48 1 1 1 0 
32 0.48 1 0.999999 0.999998 1.62728e-06 
32 0.48 1 1 0.999999 8.1372e-07 
32 0.48 1 1 1 0 
32 0.5 1 0.999999 0.999998 1.56219e-06 
32 0.5 1 1 1 0 
32 0.5 1 1 1 0 
32 0.5 1 1 1 0 
32 0.5 1 0.999999 0.999998 1.56219e-06 
32 0.52 1 0.999999 0.999998 1.5021e-06 
32 0.52 1 1 1 0 
32 0.52 1 1 0.999999 7.51127e-07 
32 0.52 1 1 1 0 
32 0.52 1 0.999999 0.999998 1.5021e-06 
32 0.54 0.999999 0.999999 0.999998 2.16949e-06 
32 0.54 0.999999 0.999998 0.999997 2.89236e-06 
32 0.54 0.999999 0.999998 0.999996 3.61509e-06 
32 0.54 0.999999 0.999998 0.999996 3.61509e-06 
32 0.54 0.999999 0.999999 0.999998 2.16949e-06 
32 0.56 0.999998 0.999996 0.999992 6.96847e-06 
32 0.56 0.999998 0.999996 0.999992 6.96847e-06 
32 0.56 0.999999 0.999998 0.999997 2.78906e-06 
32 0.56 0.999998 0.999996 0.999993 6.27225e-06 
32 0.56 0.999999 0.999998 0.999997 2.78906e-06 
32 0.58 0.999997 0.999994 0.999988 1.00872e-05 
32 0.58 0.999997 0.999995 0.99999 8.74401e-06 
32 0.58 0.999998 0.999996 0.999991 7.40026e-06 
32 0.58 0.999998 0.999996 0.999993 6.05597e-06 
32 0.58 0.999998 0.999996 0.999992 6.72818e-06 
32 0.6 0.999998 0.999996 0.999992 6.50391e-06 
32 0.6 0.999997 0.999995 0.999989 9.10182e-06 
32 0.6 0.999997 0.999995 0.99999 8.45254e-06 
32 0.6 0.999997 0.999993 0.999987 1.10489e-05 
32 0.6 0.999997 0.999995 0.99999 8.45254e-06 
32 0.62 0.999996 0.999992 0.999984 1.25756e-05 
32 0.62 0.999995 0.999989 0.999979 1.69652e-05 
32 0.62 0.999995 0.999991 0.999981 1.50847e-05 
32 0.62 0.999995 0.99999 0.99998 1.63385e-05 
32 0.62 0.999995 0.99999 0.999981 1.57116e-05 
32 0.64 0.999991 0.999983 0.999966 2.67373e-05 
32 0.64 0.999992 0.999984 0.999969 2.43164e-05 
32 0.64 0.999993 0.999986 0.999972 2.18936e-05 
32 0.64 0.999993 0.999985 0.99997 2.31052e-05 
32 0.64 0.999992 0.999984 0.999968 2.61425e-05 
32 0.66 0.999988 0.999976 0.999952 3.5883e-05 
32 0.66 0.99999 0.99998 0.99996 3.00307e-05 
32 0.66 0.99999 0.999981 0.999962 2.88588e-05 
32 0.66 0.999987 0.999975 0.999949 4.0588e-05 
32 0.66 0.999989 0.999978 0.999956 3.47272e-05 
32 0.68 0.999983 0.999966 0.999932 5.06911e-05 
32 0.68 0.999984 0.999968 0.999936 4.90163e-05 
32 0.68 0.999984 0.999968 0.999937 4.61534e-05 
32 0.68 0.999984 0.999967 0.999935 4.89972e-05 
32 0.68 0.999982 0.999963 0.999927 5.69373e-05 
32 0.7 0.99998 0.999961 0.999921 5.69084e-05 
32 0.7 0.99998 0.999961 0.999922 5.52455e-05 
32 0.7 0.999976 0.999953 0.999906 6.67053e-05 
32 0.7 0.999978 0.999956 0.999911 6.28908e-05 
32 0.7 0.999979 0.999958 0.999917 5.90709e-05 
32 0.72 0.999971 0.999941 0.999882 8.5026e-05 
32 0.72 0.999967 0.999934 0.999868 9.77343e-05 
32 0.72 0.99997 0.999939 0.999878 8.33151e-05 
32 0.72 0.99997 0.999939 0.999879 8.87405e-05 
32 0.72 0.999967 0.999935 0.99987 9.01753e-05 
32 0.74 0.999957 0.999913 0.999827 0.000118809 
32 0.74 0.999963 0.999927 0.999854 9.89776e-05 
32 0.74 0.999959 0.999917 0.999835 0.000116927 
32 0.74 0.999962 0.999925 0.99985 0.000100969 
32 0.74 0.999962 0.999924 0.999849 0.000105699 
32 0.76 0.999949 0.999898 0.999797 0.000138871 
32 0.76 0.999948 0.999896 0.999793 0.000138222 
32 0.76 0.999946 0.999893 0.999786 0.000146709 
32 0.76 0.999948 0.999897 0.999794 0.000138763 
32 0.76 0.999951 0.999901 0.999803 0.000137027 
32 0.78 0.999929 0.999859 0.999718 0.000192756 
32 0.78 0.999924 0.999849 0.999699 0.000194322 
32 0.78 0.99993 0.99986 0.99972 0.000183349 
32 0.78 0.999927 0.999854 0.999709 0.000187844 
32 0.78 0.999922 0.999844 0.999688 0.000203786 
32 0.8 0.999907 0.999814 0.999629 0.000240355 
32 0.8 0.999906 0.999812 0.999625 0.000251351 
32 0.8 0.999912 0.999824 0.99965 0.000224487 
32 0.8 0.999906 0.999813 0.999627 0.000234402 
32 0.8 0.999903 0.999805 0.999611 0.000249072 
32 0.82 0.999878 0.999757 0.999514 0.000302526 
32 0.82 0.999878 0.999757 0.999515 0.000306873 
32 0.82 0.999883 0.999766 0.999534 0.000303506 
32 0.82 0.999883 0.999766 0.999534 0.000293026 
32 0.82 0.999885 0.999769 0.99954 0.000291574 
32 0.84 0.999848 0.999697 0.999396 0.000374713 
32 0.84 0.999848 0.999696 0.999394 0.000384799 
32 0.84 0.999851 0.999702 0.999406 0.000370528 
32 0.84 0.999857 0.999714 0.999429 0.000361454 
32 0.84 0.999854 0.999708 0.999418 0.000359026 
32 0.86 0.999814 0.999629 0.999259 0.000444844 
32 0.86 0.999812 0.999624 0.99925 0.000461602 
32 0.86 0.999817 0.999635 0.999271 0.000451667 
32 0.86 0.99981 0.99962 0.999241 0.000472355 
32 0.86 0.999806 0.999613 0.999227 0.000470746 
32 0.88 0.999768 0.999536 0.999074 0.000550261 
32 0.88 0.999756 0.999513 0.999028 0.000583718 
32 0.88 0.999752 0.999505 0.999012 0.000601014 
32 0.88 0.999762 0.999525 0.999052 0.000558812 
32 0.88 0.999759 0.999518 0.999038 0.0005998 
32 0.9 0.999709 0.999419 0.99884 0.000706593 
32 0.9 0.999697 0.999396 0.998794 0.000700981 
32 0.9 0.999712 0.999424 0.998852 0.000662082 
32 0.9 0.999714 0.999428 0.998859 0.000644261 
32 0.9 0.999704 0.999408 0.998818 0.000711618 
32 0.92 0.999653 0.999307 0.998617 0.000776402 
32 0.92 0.999653 0.999306 0.998616 0.000792235 
32 0.92 0.999626 0.999253 0.998509 0.00086204 
32 0.92 0.99964 0.999281 0.998566 0.000815516 
32 0.92 0.999641 0.999283 0.998569 0.000830577 
32 0.94 0.999577 0.999155 0.998314 0.000971096 
32 0.94 0.999569 0.999138 0.998281 0.000960369 
32 0.94 0.999579 0.99916 0.998324 0.000955796 
32 0.94 0.999576 0.999153 0.998309 0.000940925 
32 0.94 0.999578 0.999158 0.99832 0.000956978 
32 0.96 0.999485 0.998972 0.997949 0.00115525 
32 0.96 0.999482 0.998966 0.997937 0.00115162 
32 0.96 0.999499 0.998999 0.998003 0.00115542 
32 0.96 0.999488 0.998977 0.997959 0.00114054 
32 0.96 0.999486 0.998974 0.997953 0.00115817 
32 0.98 0.999377 0.998755 0.997517 0.00140749 
32 0.98 0.999388 0.998777 0.997562 0.00136472 
32 0.98 0.999395 0.998792 0.997591 0.00134386 
32 0.98 0.999386 0.998774 0.997556 0.00138902 
32 0.98 0.999381 0.998765 0.997536 0.00135205 
32 1 0.999283 0.998568 0.997144 0.00148022 
32 1 0.999285 0.998571 0.99715 0.00151377 
32 1 0.999282 0.998565 0.997139 0.00156298 
32 1 0.99928 0.998562 0.997133 0.00157943 
32 1 0.999259 0.99852 0.997048 0.00161672 
32 1.02 0.999165 0.998333 0.996675 0.00176066 
32 1.02 0.999144 0.99829 0.996591 0.0018428 
32 1.02 0.999135 0.998273 0.996556 0.0018709 
32 1.02 0.999149 0.9983 0.99661 0.00179646 
32 1.02 0.999134 0.998271 0.996551 0.00183286 
32 1.04 0.998986 0.997975 0.995963 0.00220488 
32 1.04 0.998986 0.997975 0.995962 0.00216356 
32 1.04 0.999021 0.998046 0.996103 0.00203125 
32 1.04 0.998979 0.997961 0.995936 0.00217955 
32 1.04 0.999005 0.998013 0.996039 0.00211881 
32 1.06 0.998833 0.99767 0.995355 0.00240011 
32 1.06 0.998824 0.997653 0.995322 0.00252217 
32 1.06 0.998856 0.997716 0.995448 0.00238013 
32 1.06 0.998831 0.997667 0.995349 0.00240027 
32 1.06 0.998844 0.997691 0.995399 0.00250345 
32 1.08 0.998648 0.997301 0.994621 0.00276439 
32 1.08 0.998648 0.997302 0.994622 0.00279274 
32 1.08 0.998639 0.997284 0.994587 0.00283763 
32 1.08 0.998664 0.997334 0.994686 0.0027981 
32 1.08 0.998699 0.997402 0.994823 0.00271187 
32 1.1 0.99842 0.996846 0.993715 0.00335674 
32 1.1 0.998443 0.996891 0.993805 0.00317029 
32 1.1 0.998441 0.996889 0.9938 0.00316476 
32 1.1 0.99846 0.996926 0.993874 0.0030633 
32 1.1 0.998451 0.996908 0.993839 0.00316794 
32 1.12 0.998228 0.996463 0.992954 0.00353581 
32 1.12 0.998196 0.996399 0.992826 0.00355217 
32 1.12 0.998228 0.996462 0.992952 0.00355449 
32 1.12 0.998189 0.996386 0.9928 0.0037636 
32 1.12 0.998241 0.99649 0.993008 0.00361565 
32 1.14 0.997914 0.995837 0.991711 0.0043711 
32 1.14 0.997996 0.996 0.992034 0.00412594 
32 1.14 0.997967 0.995943 0.991921 0.00401879 
32 1.14 0.99796 0.995928 0.991891 0.00413449 
32 1.14 0.997946 0.995901 0.991838 0.00414284 
32 1.16 0.997698 0.995406 0.990854 0.00461936 
32 1.16 0.997681 0.995372 0.990786 0.00454655 
32 1.16 0.99766 0.99533 0.990703 0.0046524 
32 1.16 0.997698 0.995407 0.990856 0.00462365 
32 1.16 0.997686 0.995382 0.990806 0.00461245 
32 1.18 0.997346 0.994704 0.98946 0.00524877 
32 1.18 0.997366 0.994745 0.989543 0.00528551 
32 1.18 0.997325 0.994663 0.98938 0.0053542 
32 1.18 0.99732 0.994653 0.989359 0.00541543 
32 1.18 0.997353 0.994719 0.98949 0.00518748 
32 1.2 0.997013 0.994042 0.988147 0.00597702 
32 1.2 0.997025 0.994065 0.988193 0.00602556 
32 1.2 0.997044 0.994103 0.988267 0.00585421 
32 1.2 0.997054 0.994123 0.988309 0.00591318 
32 1.2 0.99703 0.994077 0.988215 0.0057812 
32 1.22 0.996604 0.993228 0.986534 0.0067273 
32 1.22 0.996656 0.993331 0.986737 0.00664694 
32 1.22 0.996646 0.993312 0.986699 0.00655631 
32 1.22 0.99664 0.993299 0.986674 0.00665863 
32 1.22 0.996687 0.993392 0.986859 0.00652288 
32 1.24 0.996252 0.992527 0.985145 0.00747466 
32 1.24 0.996227 0.992477 0.985047 0.00738796 
32 1.24 0.996241 0.992505 0.985101 0.00753763 
32 1.24 0.996248 0.992518 0.985129 0.0074817 
32 1.24 0.996263 0.992548 0.985187 0.00724867 
32 1.26 0.995827 0.991681 0.98347 0.00800599 
32 1.26 0.995775 0.991579 0.983271 0.00859881 
32 1.26 0.995788 0.991603 0.983318 0.00838711 
32 1.26 0.995777 0.991583 0.983276 0.00823895 
32 1.26 0.995813 0.991654 0.983418 0.00810549 
32 1.28 0.9953 0.990633 0.981398 0.00903765 
32 1.28 0.995295 0.990623 0.981379 0.00915386 
32 1.28 0.99535 0.990733 0.981597 0.0088719 
32 1.28 0.995283 0.990599 0.981332 0.00924813 
32 1.28 0.995266 0.990567 0.981267 0.00910816 
32 1.3 0.994748 0.989537 0.979233 0.0101054 
32 1.3 0.994707 0.989456 0.979076 0.0106578 
32 1.3 0.994748 0.989537 0.979234 0.0101751 
32 1.3 0.994817 0.989675 0.979507 0.0102639 
32 1.3 0.994812 0.989663 0.979483 0.0100953 
32 1.32 0.994177 0.988403 0.976999 0.0114194 
32 1.32 0.99425 0.988548 0.977281 0.0107719 
32 1.32 0.994197 0.988442 0.977075 0.0113541 
32 1.32 0.994176 0.9884 0.976993 0.011315 
32 1.32 0.994265 0.988577 0.97734 0.0109033 
32 1.34 0.993588 0.987233 0.974692 0.0124072 
32 1.34 0.993583 0.987224 0.974675 0.012479 
32 1.34 0.993588 0.987233 0.974694 0.0123848 
32 1.34 0.993581 0.987219 0.974664 0.0121316 
32 1.34 0.993594 0.987245 0.974717 0.0126465 
32 1.36 0.992935 0.985937 0.972142 0.0134335 
32 1.36 0.992881 0.985831 0.971934 0.0138102 
32 1.36 0.992865 0.9858 0.971874 0.0138247 
32 1.36 0.992885 0.98584 0.971953 0.0140235 
32 1.36 0.992807 0.985685 0.971649 0.0141419 
32 1.38 0.992236 0.984552 0.969425 0.0153365 
32 1.38 0.992116 0.984315 0.968959 0.0157633 
32 1.38 0.992153 0.984389 0.969102 0.0152145 
32 1.38 0.992184 0.98445 0.969221 0.015201 
32 1.38 0.992168 0.984416 0.969154 0.0147789 
32 1.4 0.99135 0.982798 0.965984 0.0170338 
32 1.4 0.991358 0.982814 0.966014 0.0169596 
32 1.4 0.991405 0.982907 0.966194 0.0164422 
32 1.4 0.991436 0.982968 0.966314 0.0164987 
32 1.4 0.991315 0.982728 0.965845 0.0169553 
32 1.42 0.990561 0.981237 0.962925 0.0184288 
32 1.42 0.990609 0.981332 0.963111 0.0183759 
32 1.42 0.990539 0.981194 0.962844 0.0187781 
32 1.42 0.990579 0.981272 0.962995 0.0184053 
32 1.42 0.990537 0.981189 0.962829 0.0179447 
32 1.44 0.989701 0.979538 0.959606 0.0204211 
32 1.44 0.989642 0.97942 0.959372 0.0199237 
32 1.44 0.989671 0.979477 0.959487 0.0205294 
32 1.44 0.989657 0.97945 0.959438 0.0210185 
32 1.44 0.989764 0.979661 0.959847 0.0202991 
32 1.46 0.988759 0.977676 0.955975 0.0222453 
32 1.46 0.988756 0.97767 0.955963 0.0225024 
32 1.46 0.988677 0.977514 0.955657 0.0223269 
32 1.46 0.98869 0.977542 0.955716 0.0232314 
32 1.46 0.988749 0.977657 0.955939 0.0225412 
32 1.48 0.987596 0.975383 0.951513 0.0251381 
32 1.48 0.987704 0.975595 0.951922 0.0244166 
32 1.48 0.98755 0.97529 0.951331 0.0249606 
32 1.48 0.987625 0.975438 0.951617 0.0245189 
32 1.48 0.987604 0.975398 0.951543 0.025118 
32 1.5 0.986588 0.973395 0.947648 0.0265479 
32 1.5 0.986486 0.973194 0.947261 0.0271497 
32 1.5 0.986521 0.973263 0.947398 0.0274997 
32 1.5 0.986485 0.973193 0.947258 0.0271097 
32 1.5 0.986501 0.973224 0.947321 0.027427 
32 1.51 0.985853 0.971948 0.944843 0.0281536 
32 1.51 0.985932 0.972104 0.945148 0.028517 
32 1.51 0.985924 0.972088 0.945114 0.0280776 
32 1.51 0.985949 0.972136 0.945205 0.0274049 
32 1.51 0.985982 0.972201 0.945334 0.0278587 
32 1.52 0.985178 0.970621 0.942278 0.0302311 
32 1.52 0.98536 0.970977 0.942964 0.0290655 
32 1.52 0.985361 0.97098 0.942974 0.0297758 
32 1.52 0.985271 0.970803 0.942626 0.0291543 
32 1.52 0.985289 0.970839 0.942699 0.0296057 
32 1.53 0.98462 0.969523 0.940154 0.0311527 
32 1.53 0.984694 0.969669 0.940436 0.0309107 
32 1.53 0.984637 0.969556 0.940215 0.030626 
32 1.53 0.984761 0.9698 0.940688 0.0305177 
32 1.53 0.984629 0.969543 0.940201 0.032607 
32 1.54 0.984157 0.968612 0.938395 0.0319914 
32 1.54 0.983981 0.968268 0.937733 0.0328374 
32 1.54 0.984069 0.968441 0.938064 0.0322339 
32 1.54 0.983965 0.968237 0.937672 0.0326175 
32 1.54 0.984037 0.968377 0.93794 0.0319471 
32 1.55 0.983369 0.967066 0.935417 0.0342272 
32 1.55 0.983394 0.967115 0.93551 0.0342071 
32 1.55 0.983553 0.967427 0.936112 0.0337534 
32 1.55 0.983317 0.966963 0.935216 0.0340339 
32 1.55 0.983328 0.966985 0.935255 0.0336464 
32 1.56 0.982594 0.965547 0.932494 0.036502 
32 1.56 0.982651 0.965657 0.932698 0.0350606 
32 1.56 0.982692 0.965737 0.932857 0.0357107 
32 1.56 0.982393 0.965153 0.931737 0.0369596 
32 1.56 0.98263 0.965617 0.932625 0.035646 
32 1.57 0.981859 0.964105 0.929722 0.0380004 
32 1.57 0.981898 0.964182 0.929872 0.0382277 
32 1.57 0.981855 0.964097 0.929705 0.0377419 
32 1.57 0.981839 0.964065 0.929642 0.0374113 
32 1.57 0.981921 0.964227 0.929959 0.0383748 
32 1.58 0.981203 0.962819 0.927252 0.0390323 
32 1.58 0.98114 0.962697 0.927014 0.0388712 
32 1.58 0.981182 0.962779 0.927175 0.0391112 
32 1.58 0.98123 0.962871 0.927348 0.0385186 
32 1.58 0.981251 0.962913 0.927428 0.0383696 
32 1.59 0.980317 0.961086 0.923929 0.041049 
32 1.59 0.980504 0.961453 0.924643 0.0422793 
32 1.59 0.980391 0.96123 0.924206 0.040951 
32 1.59 0.980505 0.961454 0.924636 0.0410263 
32 1.59 0.980369 0.961189 0.924135 0.0422172 
32 1.6 0.979574 0.959633 0.921151 0.0430699 
32 1.6 0.979532 0.959549 0.920987 0.0425185 
32 1.6 0.979549 0.959585 0.921063 0.043598 
32 1.6 0.97965 0.959782 0.921437 0.0428565 
32 1.6 0.979503 0.959495 0.920889 0.0434018 
32 1.61 0.978808 0.958136 0.918298 0.0455924 
32 1.61 0.978807 0.958134 0.918292 0.0450946 
32 1.61 0.978735 0.957993 0.918017 0.0445119 
32 1.61 0.978747 0.958017 0.918066 0.0451307 
32 1.61 0.978778 0.958077 0.918182 0.0450561 
32 1.62 0.97805 0.956657 0.915477 0.0474035 
32 1.62 0.977771 0.956112 0.914437 0.0477601 
32 1.62 0.977905 0.956375 0.914945 0.0485177 
32 1.62 0.977918 0.956397 0.914977 0.0467998 
32 1.62 0.977952 0.956465 0.915111 0.047592 
32 1.63 0.976991 0.95459 0.91154 0.0495417 
32 1.63 0.976947 0.954506 0.911386 0.0502738 
32 1.63 0.977191 0.95498 0.912284 0.0491023 
32 1.63 0.976904 0.954423 0.911231 0.0510264 
32 1.63 0.977066 0.954736 0.911815 0.0488088 
32 1.64 0.976097 0.952847 0.908227 0.05095 
32 1.64 0.9761 0.952854 0.908247 0.0521233 
32 1.64 0.976227 0.953101 0.908712 0.0512727 
32 1.64 0.976038 0.952733 0.908016 0.0521983 
32 1.64 0.97604 0.95274 0.908033 0.0528341 
32 1.65 0.975197 0.951097 0.904917 0.0544167 
32 1.65 0.975421 0.951533 0.905742 0.0537369 
32 1.65 0.975311 0.951322 0.905353 0.0558225 
32 1.65 0.975329 0.951356 0.905416 0.0554018 
32 1.65 0.975315 0.95133 0.905366 0.0554996 
32 1.66 0.974374 0.949498 0.901899 0.0576896 
32 1.66 0.974424 0.949593 0.902069 0.0560584 
32 1.66 0.974221 0.949196 0.901312 0.0554915 
32 1.66 0.9743 0.949352 0.901617 0.0568105 
32 1.66 0.974245 0.949246 0.901423 0.0579601 
32 1.67 0.973457 0.947716 0.898536 0.0602519 
32 1.67 0.973345 0.947497 0.898118 0.0597175 
32 1.67 0.973265 0.947342 0.897823 0.0595359 
32 1.67 0.973121 0.947064 0.897306 0.0614203 
32 1.67 0.973272 0.947355 0.897839 0.0583873 
32 1.68 0.972295 0.945457 0.894265 0.0608449 
32 1.68 0.972114 0.945109 0.893621 0.0633641 
32 1.68 0.972191 0.94526 0.893906 0.0633822 
32 1.68 0.972101 0.945086 0.893583 0.0643595 
32 1.68 0.972253 0.945381 0.89414 0.0641614 
32 1.69 0.971186 0.943312 0.89025 0.0666524 
32 1.69 0.971139 0.943219 0.890067 0.0654622 
32 1.69 0.971315 0.943559 0.890699 0.0639552 
32 1.69 0.970991 0.94293 0.889514 0.064251 
32 1.69 0.971304 0.943538 0.890665 0.0649919 
32 1.7 0.969949 0.940917 0.885758 0.0697716 
32 1.7 0.970068 0.941149 0.886196 0.0701981 
32 1.7 0.970135 0.941274 0.886418 0.0679631 
32 1.7 0.969918 0.940857 0.885642 0.0693671 
32 1.7 0.970177 0.941358 0.886581 0.0686768 
32 1.71 0.969029 0.939136 0.88242 0.0712447 
32 1.71 0.969047 0.939174 0.882501 0.0727591 
32 1.71 0.969201 0.939468 0.883041 0.07086 
32 1.71 0.968968 0.939017 0.882191 0.0706393 
32 1.71 0.968867 0.938821 0.881827 0.0709554 
32 1.72 0.967851 0.936863 0.87819 0.0764654 
32 1.72 0.967862 0.936887 0.878235 0.0766468 
32 1.72 0.967769 0.936704 0.877883 0.0752498 
32 1.72 0.967947 0.937049 0.878539 0.0764933 
32 1.72 0.967669 0.936512 0.877532 0.0766341 
32 1.73 0.966464 0.934191 0.873221 0.0813997 
32 1.73 0.966482 0.934223 0.873272 0.0799752 
32 1.73 0.966464 0.934192 0.873233 0.0828207 
32 1.73 0.966377 0.934021 0.872899 0.0804824 
32 1.73 0.966848 0.93493 0.874593 0.0796392 
32 1.74 0.965282 0.931914 0.868997 0.0848059 
32 1.74 0.96531 0.931967 0.869091 0.0842547 
32 1.74 0.965219 0.93179 0.868759 0.0838134 
32 1.74 0.965229 0.931812 0.868811 0.0854512 
32 1.74 0.965327 0.932 0.869155 0.0847408 
32 1.75 0.964061 0.929563 0.86464 0.087762 
32 1.75 0.964291 0.930006 0.865458 0.0868166 
32 1.75 0.964224 0.929878 0.865223 0.0874384 
32 1.75 0.964102 0.929645 0.864801 0.0893937 
32 1.75 0.963946 0.929344 0.864243 0.0893776 
32 1.76 0.962559 0.92668 0.859324 0.0932149 
32 1.76 0.962738 0.92702 0.859941 0.0910728 
32 1.76 0.962779 0.927103 0.860102 0.0923201 
32 1.76 0.962886 0.927306 0.860472 0.0910314 
32 1.76 0.962621 0.926799 0.859545 0.0933053 
32 1.77 0.961422 0.924501 0.855324 0.0982527 
32 1.77 0.961294 0.924255 0.854867 0.0980532 
32 1.77 0.961437 0.924528 0.855362 0.0966041 
32 1.77 0.961545 0.924734 0.855741 0.0959804 
32 1.77 0.96136 0.924378 0.855079 0.0955466 
32 1.78 0.959646 0.921102 0.849091 0.104618 
32 1.78 0.959634 0.921082 0.849063 0.106058 
32 1.78 0.959898 0.921584 0.849972 0.103502 
32 1.78 0.960166 0.92209 0.850875 0.0982864 
32 1.78 0.959568 0.920954 0.848825 0.105703 
32 1.79 0.958492 0.918894 0.845044 0.10663 
32 1.79 0.958547 0.918998 0.845234 0.106499 
32 1.79 0.958458 0.918833 0.844948 0.10934 
32 1.79 0.958466 0.918843 0.844945 0.105885 
32 1.79 0.958283 0.918493 0.84431 0.107078 
32 1.8 0.956993 0.916035 0.839841 0.113406 
32 1.8 0.956877 0.915813 0.839435 0.113468 
32 1.8 0.956743 0.91556 0.838982 0.115176 
32 1.8 0.956968 0.915981 0.839722 0.110126 
32 1.8 0.956729 0.915535 0.838941 0.116141 
32 1.81 0.955414 0.91303 0.834393 0.120857 
32 1.81 0.955564 0.913308 0.834871 0.116067 
32 1.81 0.955198 0.912617 0.833636 0.120324 
32 1.81 0.955235 0.912682 0.833739 0.117752 
32 1.81 0.955135 0.912493 0.833397 0.11828 
32 1.82 0.953629 0.909631 0.828229 0.125253 
32 1.82 0.953647 0.909661 0.82827 0.12311 
32 1.82 0.953571 0.909523 0.828039 0.126473 
32 1.82 0.953849 0.910047 0.828977 0.123891 
32 1.82 0.953924 0.910194 0.829251 0.124979 
32 1.83 0.951973 0.906491 0.822575 0.132948 
32 1.83 0.952095 0.906715 0.822957 0.129021 
32 1.83 0.951923 0.906395 0.8224 0.132689 
32 1.83 0.951917 0.906389 0.822406 0.135928 
32 1.83 0.951964 0.906469 0.822518 0.130366 
32 1.84 0.949884 0.902536 0.815483 0.142724 
32 1.84 0.950124 0.902987 0.816281 0.140044 
32 1.84 0.950301 0.90333 0.816923 0.143644 
32 1.84 0.950179 0.903088 0.816452 0.137851 
32 1.84 0.950279 0.903289 0.816851 0.143913 
32 1.85 0.948342 0.899619 0.810258 0.147169 
32 1.85 0.948308 0.899567 0.81021 0.154398 
32 1.85 0.948384 0.8997 0.810408 0.147921 
32 1.85 0.948306 0.899553 0.810153 0.149342 
32 1.85 0.948108 0.899185 0.809512 0.152812 
32 1.86 0.946854 0.896811 0.805255 0.153273 
32 1.86 0.94615 0.895485 0.8029 0.156987 
32 1.86 0.946291 0.895751 0.803373 0.156469 
32 1.86 0.946578 0.896297 0.804363 0.158125 
32 1.86 0.946481 0.896114 0.804034 0.158064 
32 1.87 0.944412 0.892215 0.79711 0.16554 
32 1.87 0.944321 0.892054 0.796848 0.170482 
32 1.87 0.944364 0.892131 0.796976 0.168421 
32 1.87 0.944307 0.892025 0.796797 0.169736 
32 1.87 0.944706 0.892763 0.798059 0.161051 
32 1.88 0.942357 0.888363 0.790328 0.177843 
32 1.88 0.942924 0.889427 0.792205 0.175163 
32 1.88 0.942899 0.889373 0.792083 0.171056 
32 1.88 0.942426 0.88849 0.790546 0.17661 
32 1.88 0.942737 0.889076 0.791587 0.176022 
32 1.89 0.940652 0.885173 0.784738 0.187952 
32 1.89 0.940848 0.885533 0.785346 0.1831 
32 1.89 0.940448 0.884778 0.784001 0.182266 
32 1.89 0.940632 0.885143 0.784704 0.191587 
32 1.89 0.940255 0.884422 0.783394 0.185709 
32 1.9 0.93835 0.880866 0.777184 0.196357 
32 1.9 0.938156 0.880514 0.776604 0.203197 
32 1.9 0.938207 0.880597 0.776711 0.196035 
32 1.9 0.938166 0.880531 0.776635 0.202457 
32 1.9 0.938 0.880211 0.776043 0.198149 
32 1.91 0.935741 0.876008 0.768753 0.212664 
32 1.91 0.936201 0.876864 0.770233 0.209965 
32 1.91 0.936249 0.876955 0.770394 0.210283 
32 1.91 0.935768 0.876063 0.768855 0.214571 
32 1.91 0.936274 0.87699 0.770426 0.204428 
32 1.92 0.933886 0.872556 0.762764 0.220174 
32 1.92 0.93369 0.872198 0.762165 0.223873 
32 1.92 0.934027 0.872813 0.763195 0.216653 
32 1.92 0.933563 0.871966 0.761778 0.22746 
32 1.92 0.93335 0.871561 0.761053 0.223984 
32 1.93 0.931477 0.868084 0.755044 0.230128 
32 1.93 0.931012 0.86724 0.753657 0.242594 
32 1.93 0.931172 0.86752 0.754082 0.232552 
32 1.93 0.931257 0.867703 0.754476 0.245599 
32 1.93 0.931467 0.868073 0.755049 0.234268 
32 1.94 0.928795 0.863139 0.746627 0.253052 
32 1.94 0.928848 0.863248 0.746847 0.258315 
32 1.94 0.928938 0.863412 0.747123 0.257041 
32 1.94 0.929 0.86352 0.747279 0.252891 
32 1.94 0.928741 0.863049 0.746502 0.258389 
32 1.95 0.926486 0.858894 0.739433 0.271722 
32 1.95 0.925942 0.85788 0.737668 0.268524 
32 1.95 0.926178 0.858341 0.738532 0.280899 
32 1.95 0.926522 0.858947 0.73948 0.264649 
32 1.95 0.926252 0.858461 0.738687 0.271878 
32 1.96 0.923653 0.853667 0.730519 0.277936 
32 1.96 0.923721 0.853801 0.730771 0.281911 
32 1.96 0.923735 0.853831 0.730836 0.284792 
32 1.96 0.923191 0.852852 0.729244 0.29781 
32 1.96 0.923708 0.85377 0.7307 0.278897 
32 1.97 0.921015 0.848866 0.722539 0.310141 
32 1.97 0.920826 0.848498 0.721857 0.300647 
32 1.97 0.920854 0.848559 0.721991 0.305082 
32 1.97 0.9205 0.847915 0.72092 0.309177 
32 1.97 0.920712 0.848288 0.721498 0.299782 
32 1.98 0.917355 0.842186 0.711387 0.333554 
32 1.98 0.917556 0.842575 0.712071 0.344325 
32 1.98 0.91743 0.842349 0.71173 0.347457 
32 1.98 0.917267 0.842042 0.711194 0.342714 
32 1.98 0.91753 0.842489 0.71184 0.324007 
32 1.99 0.914323 0.836704 0.702389 0.368829 
32 1.99 0.914288 0.836641 0.702291 0.369968 
32 1.99 0.914536 0.837069 0.702934 0.356628 
32 1.99 0.913943 0.836 0.701191 0.36465 
32 1.99 0.914561 0.837082 0.702848 0.339945 
32 2.5 0.201206 0.0608358 0.00945385 8.33607 
32 2.5 0.201436 0.060471 0.00907387 8.14883 
32 2.5 0.20288 0.0616377 0.00958669 8.38751 
32 2.5 0.201797 0.0608184 0.00938002 8.23149 
32 2.5 0.203381 0.0617004 0.00949966 8.32978 
32 2.51 0.196335 0.0575471 0.00837563 7.75133 
32 2.51 0.193944 0.0568791 0.00838882 7.85946 
32 2.51 0.194362 0.0568286 0.00819313 7.77255 
32 2.51 0.195764 0.0573011 0.00829304 7.74221 
32 2.51 0.192976 0.0559995 0.00802963 7.6534 
32 2.52 0.18894 0.0534423 0.0072748 7.2102 
32 2.52 0.189054 0.0537853 0.00745335 7.33217 
32 2.52 0.189219 0.0536158 0.00734215 7.23795 
32 2.52 0.187372 0.0531456 0.00731575 7.32949 
32 2.52 0.188845 0.0536114 0.0074708 7.29362 
32 2.53 0.181746 0.0498148 0.00644729 6.79284 
32 2.53 0.183477 0.0505993 0.0066403 6.85459 
32 2.53 0.181075 0.049622 0.00635598 6.81344 
32 2.53 0.181499 0.0499915 0.00655995 6.9007 
32 2.53 0.180825 0.0493567 0.0062609 6.74266 
32 2.54 0.176031 0.0470374 0.00590073 6.47067 
32 2.54 0.175558 0.0465608 0.00567838 6.34559 
32 2.54 0.175736 0.047048 0.00585708 6.51685 
32 2.54 0.175262 0.0464932 0.0056547 6.36033 
32 2.54 0.178721 0.0481825 0.00607414 6.5477 
32 2.55 0.172459 0.0450664 0.00528989 6.15377 
32 2.55 0.172506 0.045194 0.00544818 6.19844 
32 2.55 0.172524 0.0452912 0.00541104 6.23509 
32 2.55 0.170679 0.0441042 0.00519281 6.01264 
32 2.55 0.17533 0.0464283 0.00564019 6.29964 
32 2.56 0.16673 0.0423615 0.00484498 5.82498 
32 2.56 0.167341 0.0425709 0.00480409 5.82714 
32 2.56 0.167147 0.0425772 0.00486502 5.85558 
32 2.56 0.166779 0.0423543 0.00480951 5.81562 
32 2.56 0.16875 0.0432942 0.00495382 5.92705 
32 2.57 0.163013 0.0405788 0.00442115 5.58038 
32 2.57 0.163666 0.0409679 0.0045432 5.65045 
32 2.57 0.162314 0.0402789 0.00440582 5.55147 
32 2.57 0.163816 0.0407333 0.0043995 5.53743 
32 2.57 0.162451 0.040191 0.00427784 5.49878 
32 2.58 0.158618 0.0381608 0.00392529 5.16008 
32 2.58 0.157264 0.0378672 0.0039017 5.21336 
32 2.58 0.156961 0.0373828 0.00369504 5.05896 
32 2.58 0.157956 0.0381941 0.00395526 5.2566 
32 2.58 0.159888 0.0389803 0.00408292 5.3249 
32 2.59 0.155705 0.0370544 0.00375841 5.06479 
32 2.59 0.154559 0.0366242 0.00366543 5.0353 
32 2.59 0.155504 0.0369473 0.00366542 5.04715 
32 2.59 0.154888 0.0367359 0.00368514 5.03918 
32 2.59 0.153179 0.036193 0.00366351 5.0327 
32 2.6 0.153123 0.0358906 0.00352346 4.90098 
32 2.6 0.151402 0.0349988 0.00334624 4.75618 
32 2.6 0.151562 0.0350725 0.00332608 4.76606 
32 2.6 0.149819 0.0343296 0.00324467 4.68038 
32 2.6 0.150865 0.0349094 0.00334415 4.78483 
32 2.61 0.146311 0.0330289 0.00306439 4.55972 
32 2.61 0.149651 0.0345047 0.00328179 4.75088 
32 2.61 0.147922 0.0334844 0.00305531 4.55247 
32 2.61 0.146537 0.0326733 0.00294106 4.3942 
32 2.61 0.1467 0.0333195 0.0030714 4.62902 
32 2.62 0.143494 0.031456 0.00266708 4.24665 
32 2.62 0.142823 0.0315111 0.00279113 4.34332 
32 2.62 0.143273 0.0317068 0.00280015 4.36941 
32 2.62 0.144091 0.0321285 0.00286545 4.4424 
32 2.62 0.143007 0.0313842 0.00276593 4.27307 
32 2.63 0.138097 0.0293282 0.0024331 3.99379 
32 2.63 0.142172 0.0311691 0.00269181 4.2658 
32 2.63 0.140474 0.0305713 0.00262728 4.21996 
32 2.63 0.141361 0.030785 0.0026224 4.20583 
32 2.63 0.141105 0.0307387 0.0026526 4.21596 
32 2.64 0.139538 0.0301802 0.00257809 4.15395 
32 2.64 0.137659 0.0290097 0.00232827 3.90191 
32 2.64 0.138301 0.0295348 0.00243429 4.03687 
32 2.64 0.138543 0.0294417 0.00239685 3.97477 
32 2.64 0.139054 0.0297335 0.00246658 4.03297 
32 2.65 0.135554 0.028592 0.0023218 3.94802 
32 2.65 0.134987 0.0279441 0.00215822 3.75698 
32 2.65 0.135506 0.0282055 0.00220321 3.80369 
32 2.65 0.13578 0.028248 0.00220584 3.79141 
32 2.65 0.135329 0.0281928 0.00222717 3.81734 
32 2.66 0.134245 0.027639 0.0020957 3.70227 
32 2.66 0.132851 0.0274407 0.00213938 3.76928 
32 2.66 0.134213 0.027775 0.00213101 3.75791 
32 2.66 0.13281 0.026979 0.0020075 3.59579 
32 2.66 0.134354 0.0277354 0.00212067 3.72819 
32 2.67 0.13149 0.026552 0.00194601 3.55232 
32 2.67 0.129096 0.0256269 0.0018149 3.43683 
32 2.67 0.129789 0.0262121 0.00196712 3.5924 
32 2.67 0.131579 0.0267095 0.00199418 3.60368 
32 2.67 0.130362 0.0262446 0.00193646 3.54767 
32 2.68 0.127442 0.0249965 0.00172163 3.34525 
32 2.68 0.12853 0.0257734 0.00193441 3.53564 
32 2.68 0.128303 0.0253306 0.00179819 3.38875 
32 2.68 0.126773 0.0247094 0.00170949 3.30047 
32 2.68 0.128943 0.0255673 0.00180762 3.41626 
32 2.69 0.1241 0.0238045 0.00162978 3.19901 
32 2.69 0.125301 0.0242927 0.00167879 3.27085 
32 2.69 0.124607 0.0240499 0.00163631 3.24445 
32 2.69 0.125363 0.0245703 0.00171842 3.37055 
32 2.69 0.126226 0.0247118 0.00175878 3.3418 
32 2.7 0.123323 0.0234885 0.00157367 3.14027 
32 2.7 0.124375 0.0240068 0.00164338 3.23797 
32 2.7 0.122073 0.0231785 0.00152749 3.13897 
32 2.7 0.122511 0.023288 0.00153875 3.13991 
32 2.7 0.122326 0.0232139 0.00153874 3.12902 
32 2.71 0.122005 0.0231253 0.00152538 3.11363 
32 2.71 0.12034 0.0226809 0.00148042 3.09816 
32 2.71 0.121852 0.0231524 0.00151682 3.13793 
32 2.71 0.121641 0.0230603 0.00153556 3.12253 
32 2.71 0.121511 0.023041 0.00152523 3.12719 
32 2.72 0.118984 0.0219172 0.00136438 2.92144 
32 2.72 0.118193 0.0217031 0.00135538 2.91139 
32 2.72 0.119617 0.0223098 0.00142848 3.01239 
32 2.72 0.119651 0.0222458 0.00142113 2.98525 
32 2.72 0.11964 0.0222084 0.00142595 2.97212 
32 2.73 0.118289 0.0216076 0.00131359 2.8564 
32 2.73 0.115832 0.0208404 0.00122168 2.78444 
32 2.73 0.116824 0.0212296 0.00128266 2.84384 
32 2.73 0.116748 0.0212551 0.00130014 2.86007 
32 2.73 0.117603 0.0214727 0.00132121 2.86659 
32 2.74 0.116179 0.0208503 0.00123496 2.74792 
32 2.74 0.114002 0.02026 0.00120055 2.71458 
32 2.74 0.116721 0.0211351 0.00127567 2.80718 
32 2.74 0.116868 0.0212121 0.00128133 2.82306 
32 2.74 0.114978 0.0204169 0.00116893 2.68972 
32 2.75 0.114409 0.0202754 0.00116272 2.67584 
32 2.75 0.115872 0.0206309 0.00120045 2.68276 
32 2.75 0.114123 0.0203071 0.00118173 2.7119 
32 2.75 0.115932 0.0208961 0.00124618 2.77628 
32 2.75 0.113748 0.0202292 0.00119107 2.71472 
32 2.76 0.112614 0.0198542 0.00113951 2.66099 
32 2.76 0.112827 0.0196689 0.0011055 2.57449 
32 2.76 0.111256 0.019342 0.00108221 2.58378 
32 2.76 0.112709 0.0198091 0.001124 2.63636 
32 2.76 0.111021 0.0191483 0.0010555 2.5313 
32 2.77 0.110495 0.0189727 0.00103605 2.50034 
32 2.77 0.10899 0.0185109 0.000995945 2.45168 
32 2.77 0.109944 0.0187974 0.00101068 2.48047 
32 2.77 0.110109 0.0190816 0.00108592 2.57206 
32 2.77 0.111186 0.0191333 0.00104924 2.50305 
32 2.78 0.109052 0.0184762 0.000972331 2.42516 
32 2.78 0.109264 0.0185561 0.000973709 2.43747 
32 2.78 0.108707 0.0183482 0.000962792 2.4057 
32 2.78 0.109444 0.0186303 0.000999655 2.45035 
32 2.78 0.109151 0.0184901 0.000973083 2.4223 
32 2.79 0.108409 0.0182583 0.000962095 2.38776 
32 2.79 0.106551 0.0176483 0.000886679 2.3105 
32 2.79 0.107009 0.0178965 0.00094439 2.36565 
32 2.79 0.106651 0.0177716 0.000931011 2.34796 
32 2.79 0.108066 0.0182482 0.000951776 2.41134 
32 2.8 0.105784 0.0174791 0.000877607 2.29988 
32 2.8 0.106154 0.0174242 0.000868138 2.25119 
32 2.8 0.106439 0.0176232 0.000895616 2.30177 
32 2.8 0.107528 0.0179305 0.000920136 2.32892 
32 2.8 0.105555 0.0174144 0.000885801 2.29398 
32 2.81 0.103998 0.0167294 0.000805213 2.15507 
32 2.81 0.105868 0.0173778 0.000869453 2.24833 
32 2.81 0.105132 0.0172158 0.000852744 2.24593 
32 2.81 0.106209 0.0175721 0.000909804 2.29277 
32 2.81 0.104237 0.01689 0.000819262 2.19544 
32 2.82 0.10364 0.0168035 0.000827327 2.20135 
32 2.82 0.10402 0.0168361 0.000820184 2.18449 
32 2.82 0.104197 0.0167507 0.000792742 2.14014 
32 2.82 0.102379 0.0163675 0.000769673 2.13735 
32 2.82 0.10415 0.0168848 0.000827958 2.19236 
32 2.83 0.101955 0.016206 0.000757896 2.10269 
32 2.83 0.1029 0.0166083 0.00082087 2.17823 
32 2.83 0.10249 0.0162764 0.000759707 2.08859 
32 2.83 0.102436 0.0163955 0.000777371 2.13568 
32 2.83 0.101832 0.016176 0.000770162 2.10088 
32 2.84 0.100497 0.0158302 0.000738631 2.06619 
32 2.84 0.101995 0.0161712 0.000756933 2.0798 
32 2.84 0.0987811 0.0152789 0.000685389 1.99075 
32 2.84 0.0998455 0.0155888 0.000713165 2.02625 
32 2.84 0.101599 0.0161223 0.000751466 2.09126 
32 2.85 0.0998885 0.0155097 0.000694179 1.98763 
32 2.85 0.0980289 0.0148872 0.000639646 1.89622 
32 2.85 0.102068 0.0161109 0.000732573 2.04551 
32 2.85 0.0995498 0.0154171 0.000680584 1.97864 
32 2.85 0.0993414 0.0154114 0.000686918 1.99147 
32 2.86 0.0989764 0.0152339 0.000669858 1.94687 
32 2.86 0.0981633 0.0149597 0.000649766 1.9061 
32 2.86 0.0972021 0.0147588 0.000636043 1.90139 
32 2.86 0.097773 0.014916 0.00064101 1.91783 
32 2.86 0.0988791 0.0152417 0.000671088 1.95658 
32 2.87 0.0958311 0.0143076 0.000589127 1.82822 
32 2.87 0.09761 0.0148405 0.000635062 1.89559 
32 2.87 0.097133 0.014663 0.000628367 1.8654 
32 2.87 0.0978939 0.0148112 0.000622659 1.86531 
32 2.87 0.0966756 0.0146014 0.000624217 1.87504 
32 2.88 0.0961434 0.0144004 0.000595754 1.83354 
32 2.88 0.0960266 0.014395 0.000601282 1.83959 
32 2.88 0.0959139 0.0144337 0.000615612 1.86105 
32 2.88 0.097016 0.01462 0.00062574 1.8517 
32 2.88 0.0963506 0.0144604 0.000617195 1.8407 
32 2.89 0.0948969 0.0139312 0.000560377 1.74531 
32 2.89 0.0943641 0.0138045 0.000544273 1.73616 
32 2.89 0.0956814 0.0143021 0.000604607 1.82378 
32 2.89 0.0939992 0.0137968 0.000554874 1.7578 
32 2.89 0.0952348 0.0140391 0.000568468 1.7608 
32 2.9 0.0941033 0.0137338 0.000547581 1.72256 
32 2.9 0.0946578 0.0140003 0.000569285 1.77971 
32 2.9 0.0934814 0.0136718 0.000555403 1.74186 
32 2.9 0.0939533 0.0138771 0.000577233 1.78312 
32 2.9 0.0937926 0.0136455 0.000538591 1.71202 
32 2.91 0.0933076 0.0135148 0.000527219 1.69207 
32 2.91 0.094276 0.0137337 0.000539242 1.70517 
32 2.91 0.0935904 0.0137403 0.000561032 1.75281 
32 2.91 0.0925818 0.0134087 0.000531814 1.70221 
32 2.91 0.0934367 0.0135907 0.000526242 1.71028 
32 2.92 0.0921504 0.0133365 0.000526791 1.69899 
32 2.92 0.0910004 0.0128837 0.000478112 1.61407 
32 2.92 0.0907699 0.0129079 0.000492978 1.63726 
32 2.92 0.0922014 0.0132155 0.000507376 1.65326 
32 2.92 0.0925299 0.0132575 0.000502406 1.64671 
32 2.93 0.0908322 0.0128778 0.000482605 1.6172 
32 2.93 0.0900686 0.0125652 0.000464727 1.55623 
32 2.93 0.091049 0.012979 0.000500196 1.63878 
32 2.93 0.0906678 0.0128419 0.000476258 1.61506 
32 2.93 0.0905391 0.0128265 0.000485715 1.61783 
32 2.94 0.0904535 0.0126987 0.000457541 1.57322 
32 2.94 0.0886357 0.0122602 0.000443009 1.53387 
32 2.94 0.0897764 0.0124814 0.000445083 1.54004 
32 2.94 0.0895061 0.0125063 0.000450349 1.5656 
32 2.94 0.0898352 0.0126075 0.000465749 1.58027 
32 2.95 0.0893713 0.0125191 0.000459364 1.57311 
32 2.95 0.0895012 0.0124611 0.000451749 1.54491 
32 2.95 0.089607 0.0126154 0.000470038 1.59189 
32 2.95 0.0895559 0.0125499 0.00046176 1.57233 
32 2.95 0.0896305 0.012596 0.0004685 1.58368 
32 2.96 0.0884723 0.0121744 0.000430148 1.50385 
32 2.96 0.08821 0.0121527 0.000433838 1.51237 
32 2.96 0.0887594 0.0122268 0.000428853 1.50439 
32 2.96 0.0884953 0.0122246 0.000434059 1.51981 
32 2.96 0.0878912 0.0121151 0.000431141 1.51877 
32 2.97 0.0879229 0.0119846 0.000406184 1.46677 
32 2.97 0.0881779 0.0121236 0.00042722 1.4992 
32 2.97 0.0873168 0.0119238 0.000417466 1.48243 
32 2.97 0.0874355 0.0119273 0.000414751 1.47647 
32 2.97 0.0873473 0.011897 0.000418002 1.47135 
32 2.98 0.0856184 0.0114304 0.000386568 1.40883 
32 2.98 0.0871584 0.0118396 0.000406521 1.45802 
32 2.98 0.0865785 0.0117384 0.000411778 1.45784 
32 2.98 0.0851918 0.0114008 0.000381345 1.42368 
32 2.98 0.0870527 0.01187 0.000415523 1.47477 
32 2.99 0.0856143 0.0114709 0.00038835 1.41823 
32 2.99 0.0855391 0.0113775 0.000376008 1.39063 
32 2.99 0.0864459 0.0115938 0.000386573 1.41132 
32 2.99 0.0872367 0.011796 0.000397552 1.43352 
32 2.99 0.0846795 0.0112536 0.000375485 1.39831 
32 3 0.0855779 0.0114035 0.000380726 1.3926 
32 3 0.0852297 0.0113553 0.000379276 1.39645 
32 3 0.0845518 0.0111803 0.000374645 1.37603 
32 3 0.0848668 0.0113626 0.000381193 1.42001 
32 3 0.0851094 0.0112268 0.000362446 1.35961 
32 3.02 0.0834201 0.0108268 0.000336197 1.31151 
32 3.02 0.084025 0.0110107 0.000351263 1.3395 
32 3.02 0.0839348 0.010928 0.000344331 1.3166 
32 3.02 0.0843412 0.0111143 0.000357848 1.35659 
32 3.02 0.0841668 0.0109588 0.000347543 1.31381 
32 3.04 0.0810498 0.010295 0.000313707 1.25505 
32 3.04 0.0821313 0.0105118 0.000324222 1.26862 
32 3.04 0.0808418 0.0102608 0.000310885 1.25487 
32 3.04 0.0829115 0.0106819 0.000330446 1.28254 
32 3.04 0.0820223 0.0104436 0.000315317 1.25169 
32 3.06 0.082 0.0104997 0.000330734 1.2635 
32 3.06 0.0806973 0.0102627 0.000316277 1.25511 
32 3.06 0.0815398 0.0103597 0.000316098 1.24183 
32 3.06 0.0810686 0.0102565 0.000307168 1.23294 
32 3.06 0.080924 0.0102443 0.00030802 1.23671 
32 3.08 0.0791945 0.00980605 0.000282305 1.17503 
32 3.08 0.0796801 0.00998163 0.00029661 1.20776 
32 3.08 0.0793734 0.00983754 0.000287798 1.17607 
32 3.08 0.0790492 0.00982586 0.000286239 1.18926 
32 3.08 0.0789461 0.00971035 0.000273801 1.15628 
32 3.1 0.0788025 0.00969624 0.000276847 1.15164 
32 3.1 0.0773168 0.00935543 0.000256263 1.11568 
32 3.1 0.0769432 0.00932122 0.000260208 1.12342 
32 3.1 0.0780875 0.0094915 0.00026095 1.12106 
32 3.1 0.0788734 0.00970206 0.000278319 1.14987 
32 3.12 0.0779498 0.00945869 0.000262505 1.11016 
32 3.12 0.0783727 0.00960697 0.000268134 1.13713 
32 3.12 0.0767953 0.00924408 0.000249234 1.09836 
32 3.12 0.0775588 0.00940791 0.000259246 1.11345 
32 3.12 0.0772123 0.00925806 0.000242934 1.08187 
32 3.14 0.076284 0.00896156 0.000228105 1.02476 
32 3.14 0.07651 0.0090835 0.000235168 1.05326 
32 3.14 0.0748158 0.00876105 0.000228366 1.03171 
32 3.14 0.0763012 0.00912588 0.000247132 1.07749 
32 3.14 0.0761822 0.00909352 0.000245044 1.07285 
32 3.16 0.0750295 0.00884812 0.00023125 1.04302 
32 3.16 0.0744156 0.00870871 0.000224541 1.02757 
32 3.16 0.074402 0.00859825 0.000215607 0.992437 
32 3.16 0.0744662 0.0086714 0.000221141 1.01304 
32 3.16 0.0752359 0.00880138 0.000225885 1.01782 
32 3.18 0.074143 0.00854076 0.000211786 0.98007 
32 3.18 0.0743703 0.00870323 0.00022919 1.02152 
32 3.18 0.0731854 0.00840974 0.000208864 0.983313 
32 3.18 0.0736746 0.0085019 0.000211956 0.989851 
32 3.18 0.07439 0.00857647 0.000211867 0.979752 
32 3.2 0.0722598 0.00824631 0.000207563 0.967946 
32 3.2 0.0722342 0.0081569 0.000196714 0.940519 
32 3.2 0.0727133 0.00827958 0.000207197 0.957556 
32 3.2 0.0726992 0.00825428 0.000197546 0.950114 
32 3.2 0.0725076 0.00824711 0.000204977 0.95672 
32 3.22 0.0717199 0.00806185 0.000193705 0.927992 
32 3.22 0.0713436 0.00800786 0.000194963 0.927947 
32 3.22 0.0715418 0.00802318 0.000192205 0.923809 
32 3.22 0.0711795 0.00792668 0.000181232 0.909567 
32 3.22 0.0712482 0.00799659 0.000192547 0.928685 
32 3.24 0.0698049 0.00766437 0.000174502 0.882298 
32 3.24 0.071533 0.00799045 0.000185826 0.908162 
32 3.24 0.0706592 0.00777882 0.00017631 0.880546 
32 3.24 0.071483 0.00800424 0.000186365 0.914778 
32 3.24 0.0709555 0.0078595 0.000181476 0.892782 
32 3.26 0.0698158 0.00761839 0.000171847 0.861964 
32 3.26 0.0698309 0.00765006 0.000174056 0.871253 
32 3.26 0.0695082 0.00759258 0.000173817 0.867319 
32 3.26 0.0707107 0.00786881 0.000186754 0.901119 
32 3.26 0.0699613 0.00765417 0.000173307 0.866812 
32 3.28 0.0693422 0.00753133 0.00016833 0.850106 
32 3.28 0.0694486 0.0075871 0.000171285 0.862902 
32 3.28 0.0692029 0.00751204 0.000169936 0.850105 
32 3.28 0.0694504 0.00759846 0.000173796 0.866374 
32 3.28 0.0686664 0.00738749 0.000162698 0.834316 
32 3.3 0.0688986 0.00746753 0.000167933 0.844183 
32 3.3 0.0690656 0.00738773 0.000156247 0.812269 
32 3.3 0.0678268 0.00719761 0.000152315 0.8059 
32 3.3 0.0686547 0.00742138 0.00016144 0.840275 
32 3.3 0.0687361 0.00737889 0.000161074 0.823617 
32 3.32 0.0676166 0.00718804 0.000154657 0.806874 
32 3.32 0.0675346 0.00715514 0.000149994 0.800146 
32 3.32 0.0669268 0.00704558 0.000148105 0.79156 
32 3.32 0.066868 0.00704543 0.00014693 0.79394 
32 3.32 0.0672387 0.00709847 0.00014885 0.794965 
32 3.34 0.067351 0.0071194 0.000149765 0.79199 
32 3.34 0.066485 0.00689145 0.00013801 0.757637 
32 3.34 0.0674164 0.00709975 0.000151315 0.78326 
32 3.34 0.0665652 0.00695114 0.000144207 0.772663 
32 3.34 0.066767 0.00704538 0.000149226 0.79331 
32 3.36 0.0661256 0.00683363 0.00013989 0.750031 
32 3.36 0.0662422 0.00695347 0.000147751 0.78185 
32 3.36 0.0660219 0.00690455 0.000144828 0.77582 
32 3.36 0.0663688 0.00685607 0.000138222 0.747051 
32 3.36 0.0662297 0.00687391 0.000139411 0.758106 
32 3.38 0.065849 0.00674085 0.000132218 0.728542 
32 3.38 0.0649857 0.00665823 0.000133914 0.737731 
32 3.38 0.0657113 0.00673614 0.00013488 0.732604 
32 3.38 0.0658217 0.00673859 0.000134008 0.728948 
32 3.38 0.0659996 0.00683424 0.000140048 0.750819 
32 3.4 0.0640986 0.00647267 0.00012633 0.711992 
32 3.4 0.0653838 0.00667105 0.000130078 0.72162 
32 3.4 0.0645881 0.00655686 0.000128421 0.718378 
32 3.4 0.0644115 0.00645779 0.000121238 0.695401 
32 3.4 0.0637219 0.00635174 0.000118671 0.690075 
32 3.42 0.0633229 0.00629955 0.000117045 0.68559 
32 3.42 0.0639439 0.00643016 0.000125789 0.70103 
32 3.42 0.0635926 0.00640528 0.000124246 0.706998 
32 3.42 0.0645242 0.00645617 0.000122482 0.686497 
32 3.42 0.0647854 0.00654322 0.00012437 0.702451 
32 3.44 0.0635814 0.00637789 0.000121965 0.695155 
32 3.44 0.063868 0.00636247 0.000118673 0.679694 
32 3.44 0.0636168 0.00631911 0.000117571 0.67632 
32 3.44 0.0633926 0.00629763 0.000118115 0.678404 
32 3.44 0.0637387 0.00637108 0.000122533 0.68717 
32 3.46 0.062551 0.00615252 0.000112647 0.662904 
32 3.46 0.0635928 0.00631708 0.000118064 0.672714 
32 3.46 0.0631816 0.00626707 0.000119799 0.673339 
32 3.46 0.0629951 0.00625005 0.00011807 0.675268 
32 3.46 0.0630971 0.0062275 0.000115112 0.664788 
32 3.48 0.0614719 0.00590909 0.000102139 0.626846 
32 3.48 0.0619656 0.00597086 0.000105933 0.627089 
32 3.48 0.0628162 0.00618314 0.00011411 0.65832 
32 3.48 0.0627395 0.00618972 0.0001148 0.663092 
32 3.48 0.0618592 0.00600326 0.00010639 0.640499 
32 3.5 0.0612963 0.00584782 9.87152e-05 0.611646 
32 3.5 0.0614217 0.00594798 0.00010675 0.636446 
32 3.5 0.0621506 0.00600162 0.000104585 0.625788 
32 3.5 0.0621844 0.00603234 0.000106236 0.633546 
32 3.5 0.0624404 0.00603323 0.000105306 0.624471 
32 3.52 0.0609312 0.00582163 9.97493e-05 0.61353 
32 3.52 0.0616525 0.0059177 0.000102446 0.615757 
32 3.52 0.0609371 0.00580393 9.83819e-05 0.608174 
32 3.52 0.0618098 0.0060423 0.000110478 0.646357 
32 3.52 0.0613561 0.00591117 0.000106036 0.624466 
32 3.54 0.0606633 0.0057916 0.000101196 0.610805 
32 3.54 0.0613102 0.0058563 0.000100252 0.606696 
32 3.54 0.0597234 0.00566927 9.83066e-05 0.608146 
32 3.54 0.060448 0.00573745 9.86262e-05 0.602681 
32 3.54 0.0610377 0.0058945 0.000106493 0.627387 
32 3.56 0.0596137 0.0055682 9.14482e-05 0.579426 
32 3.56 0.0604891 0.00575187 9.93637e-05 0.602015 
32 3.56 0.0604383 0.00568404 9.57012e-05 0.584271 
32 3.56 0.0597605 0.00560586 9.31656e-05 0.585216 
32 3.56 0.0599328 0.00561599 9.30813e-05 0.582198 
32 3.58 0.0600561 0.00564489 9.27608e-05 0.582983 
32 3.58 0.0595799 0.00556321 9.17818e-05 0.575912 
32 3.58 0.0594711 0.00555941 9.15361e-05 0.578532 
32 3.58 0.0602555 0.00567737 9.68716e-05 0.58541 
32 3.58 0.0598004 0.00560802 9.29829e-05 0.5812 
32 3.6 0.0589771 0.00542369 8.74668e-05 0.553353 
32 3.6 0.0595104 0.00553383 8.95579e-05 0.566712 
32 3.6 0.0589262 0.00543496 8.7622e-05 0.558271 
32 3.6 0.0591197 0.00551092 9.14806e-05 0.573377 
32 3.6 0.0591838 0.00546463 8.65167e-05 0.558055 
32 3.62 0.0582791 0.00534436 8.57903e-05 0.55101 
32 3.62 0.0589143 0.00545553 8.90516e-05 0.561402 
32 3.62 0.0589187 0.00545543 8.86902e-05 0.561224 
32 3.62 0.0588201 0.00542486 8.66569e-05 0.55586 
32 3.62 0.0584617 0.00536941 8.54106e-05 0.552065 
32 3.64 0.0585654 0.00538659 8.58223e-05 0.55045 
32 3.64 0.0578686 0.00526528 8.27953e-05 0.539149 
32 3.64 0.057648 0.00523469 8.28133e-05 0.53771 
32 3.64 0.0579383 0.00527934 8.2392e-05 0.540833 
32 3.64 0.0583352 0.00526736 8.11451e-05 0.524481 
32 3.66 0.0578555 0.00519679 7.84024e-05 0.517466 
32 3.66 0.058084 0.00526941 8.17837e-05 0.530371 
32 3.66 0.057567 0.00518343 8.00303e-05 0.523045 
32 3.66 0.0576674 0.00520808 8.09515e-05 0.526703 
32 3.66 0.0580889 0.00530425 8.42705e-05 0.53996 
32 3.68 0.0573523 0.00511956 7.68293e-05 0.509293 
32 3.68 0.0573295 0.00521919 8.33299e-05 0.537743 
32 3.68 0.0571021 0.00511098 7.66546e-05 0.514872 
32 3.68 0.0574572 0.00516895 7.87577e-05 0.519684 
32 3.68 0.0566322 0.00508751 7.93586e-05 0.523215 
32 3.7 0.0567451 0.00504683 7.53441e-05 0.505586 
32 3.7 0.0564932 0.00502549 7.54758e-05 0.507576 
32 3.7 0.0572986 0.00512361 7.72377e-05 0.509365 
32 3.7 0.0571203 0.00506291 7.48375e-05 0.498211 
32 3.7 0.0571629 0.00508955 7.61802e-05 0.504239 
32 3.72 0.05685 0.00502466 7.46351e-05 0.493485 
32 3.72 0.0573338 0.00517028 8.11576e-05 0.518364 
32 3.72 0.0570543 0.00506206 7.44416e-05 0.497374 
32 3.72 0.0560277 0.00495276 7.36161e-05 0.499243 
32 3.72 0.0565582 0.00496849 7.21445e-05 0.487132 
32 3.74 0.055792 0.00488456 7.11412e-05 0.485117 
32 3.74 0.0565533 0.00503166 7.63399e-05 0.501975 
32 3.74 0.0556873 0.00486025 7.02736e-05 0.481656 
32 3.74 0.0566008 0.00504064 7.66621e-05 0.502962 
32 3.74 0.0566404 0.00498909 7.35053e-05 0.487619 
32 3.76 0.0557072 0.00481917 6.77737e-05 0.467301 
32 3.76 0.0569309 0.00503659 7.4202e-05 0.488978 
32 3.76 0.0556271 0.00485986 6.99564e-05 0.480811 
32 3.76 0.0563107 0.00495575 7.22536e-05 0.486086 
32 3.76 0.0554529 0.00479549 6.71928e-05 0.468551 
32 3.78 0.0561619 0.00489642 6.99096e-05 0.471977 
32 3.78 0.0552127 0.00476133 6.67437e-05 0.464021 
32 3.78 0.0554977 0.00482935 6.88356e-05 0.4739 
32 3.78 0.0553418 0.00483473 6.93631e-05 0.480039 
32 3.78 0.0555195 0.00486374 7.1096e-05 0.482558 
32 3.8 0.0548598 0.00475496 6.85382e-05 0.470331 
32 3.8 0.0545875 0.00472085 6.67809e-05 0.469168 
32 3.8 0.0549146 0.00470541 6.55168e-05 0.455355 
32 3.8 0.0546768 0.004729 6.80046e-05 0.468736 
32 3.8 0.0551287 0.0047743 6.81215e-05 0.46757 
32 3.82 0.0543088 0.0046399 6.50846e-05 0.453148 
32 3.82 0.0545789 0.0046769 6.62436e-05 0.455181 
32 3.82 0.0546141 0.00467766 6.51403e-05 0.454356 
32 3.82 0.0540418 0.00458692 6.411e-05 0.446701 
32 3.82 0.0539275 0.00456467 6.34803e-05 0.444044 
32 3.84 0.0541063 0.00456063 6.07232e-05 0.435505 
32 3.84 0.0545117 0.00464705 6.49155e-05 0.446805 
32 3.84 0.054658 0.00467177 6.43352e-05 0.44914 
32 3.84 0.0539551 0.00456559 6.22058e-05 0.441183 
32 3.84 0.0538834 0.004545 6.19763e-05 0.437755 
32 3.86 0.053592 0.00450138 6.15001e-05 0.432223 
32 3.86 0.0541359 0.00455554 6.07401e-05 0.431045 
32 3.86 0.0537654 0.00454532 6.14643e-05 0.438941 
32 3.86 0.0533777 0.00450418 6.09348e-05 0.439046 
32 3.86 0.0538303 0.00455572 6.17463e-05 0.439848 
32 3.88 0.0538127 0.00451334 5.98641e-05 0.426896 
32 3.88 0.0535656 0.00450535 6.11842e-05 0.431787 
32 3.88 0.0541527 0.00457388 6.2277e-05 0.433185 
32 3.88 0.0532609 0.00442609 5.88103e-05 0.41946 
32 3.88 0.0524154 0.00432104 5.54656e-05 0.415318 
32 3.9 0.0527348 0.00437237 5.6967e-05 0.417849 
32 3.9 0.0527025 0.00438338 5.84386e-05 0.421631 
32 3.9 0.0532211 0.00442899 5.7804e-05 0.419186 
32 3.9 0.0534252 0.00448544 5.96851e-05 0.428292 
32 3.9 0.0539182 0.00453216 6.20413e-05 0.426665 
32 3.92 0.052684 0.00438087 5.72508e-05 0.419335 
32 3.92 0.0531867 0.00445143 5.92466e-05 0.423863 
32 3.92 0.0531953 0.00443088 5.93019e-05 0.418256 
32 3.92 0.0528561 0.00437561 5.57144e-05 0.413217 
32 3.92 0.0527303 0.00432974 5.43061e-05 0.404703 
32 3.94 0.0521436 0.00430442 5.71527e-05 0.412062 
32 3.94 0.0527998 0.0044141 5.94137e-05 0.422667 
32 3.94 0.0524432 0.00434602 5.6956e-05 0.41473 
32 3.94 0.052609 0.00432077 5.54597e-05 0.40364 
32 3.94 0.0516057 0.0041704 5.20599e-05 0.391733 
32 3.96 0.0523686 0.00426967 5.33389e-05 0.394912 
32 3.96 0.0524861 0.00431705 5.52355e-05 0.403978 
32 3.96 0.0520572 0.00428883 5.59284e-05 0.408274 
32 3.96 0.0523051 0.00429881 5.53955e-05 0.404168 
32 3.96 0.0525363 0.00430178 5.36632e-05 0.398666 
32 3.98 0.0513779 0.00413687 5.13579e-05 0.385203 
32 3.98 0.0522207 0.00424714 5.3154e-05 0.391111 
32 3.98 0.0517488 0.00418829 5.30551e-05 0.388593 
32 3.98 0.0511291 0.00411041 5.1861e-05 0.38496 
32 3.98 0.0513012 0.0041959 5.48012e-05 0.402418 
32 4 0.0517789 0.00421775 5.38072e-05 0.393393 
32 4 0.0512695 0.00411383 5.06888e-05 0.380227 
32 4 0.0515525 0.00418603 5.38088e-05 0.391262 
32 4 0.0521814 0.00423113 5.24756e-05 0.386105 
32 4 0.0521523 0.00422998 5.26413e-05 0.38659 
32 4.02 0.0517268 0.00421272 5.29804e-05 0.391531 
32 4.02 0.0510363 0.00408871 5.19373e-05 0.378014 
32 4.02 0.0517727 0.00419175 5.18494e-05 0.38498 
32 4.02 0.0510385 0.00410268 5.04275e-05 0.381518 
32 4.02 0.0505686 0.00403237 4.9592e-05 0.37577 
32 4.04 0.0509053 0.0040849 5.05168e-05 0.378565 
32 4.04 0.0506539 0.00402546 4.8238e-05 0.369968 
32 4.04 0.0510631 0.00413504 5.21192e-05 0.387194 
32 4.04 0.0509213 0.00407102 5.03609e-05 0.374634 
32 4.04 0.050975 0.00404103 4.802e-05 0.365644 
32 4.06 0.051049 0.00406336 4.81386e-05 0.36757 
32 4.06 0.0497236 0.00390461 4.64122e-05 0.361217 
32 4.06 0.0512719 0.00410945 4.91404e-05 0.373445 
32 4.06 0.050549 0.00400313 4.73766e-05 0.36519 
32 4.06 0.0509789 0.00408295 5.00626e-05 0.374316 
32 4.08 0.0504555 0.003985 4.6786e-05 0.361222 
32 4.08 0.0507363 0.00404357 4.92028e-05 0.36879 
32 4.08 0.0502262 0.0039703 4.82196e-05 0.363328 
32 4.08 0.0504201 0.00400178 4.95899e-05 0.36633 
32 4.08 0.0511994 0.00407919 4.86848e-05 0.365883 
32 4.1 0.0504285 0.00399933 4.78019e-05 0.363719 
32 4.1 0.049773 0.00388438 4.45237e-05 0.351412 
32 4.1 0.0502441 0.00396974 4.69548e-05 0.360965 
32 4.1 0.0504814 0.00402129 4.81159e-05 0.367869 
32 4.1 0.0503336 0.00399399 4.89883e-05 0.364774 
32 4.12 0.0504104 0.00397665 4.72377e-05 0.356771 
32 4.12 0.0495133 0.00389321 4.68426e-05 0.358313 
32 4.12 0.0500012 0.00390848 4.54051e-05 0.350039 
32 4.12 0.0499195 0.00392376 4.6339e-05 0.355865 
32 4.12 0.0504309 0.00395834 4.62981e-05 0.351705 
32 4.14 0.04959 0.00384749 4.30164e-05 0.34339 
32 4.14 0.0499984 0.00395382 4.72727e-05 0.35963 
32 4.14 0.0501744 0.00393058 4.49952e-05 0.349522 
32 4.14 0.0494107 0.00382551 4.35289e-05 0.342344 
32 4.14 0.0493441 0.0038167 4.32362e-05 0.341791 
32 4.16 0.0497053 0.00386311 4.4402e-05 0.342768 
32 4.16 0.0495902 0.00389514 4.57891e-05 0.353465 
32 4.16 0.049174 0.0038315 4.43957e-05 0.347918 
32 4.16 0.0494082 0.00385732 4.57523e-05 0.348591 
32 4.16 0.0490941 0.00381222 4.42435e-05 0.345105 
32 4.18 0.0490451 0.00375657 4.17106e-05 0.330998 
32 4.18 0.0494225 0.00384404 4.38611e-05 0.343324 
32 4.18 0.0491916 0.00379199 4.21391e-05 0.33615 
32 4.18 0.0488979 0.0037636 4.27061e-05 0.336254 
32 4.18 0.0496182 0.00384978 4.34469e-05 0.339982 
32 4.2 0.0483795 0.00369595 4.12793e-05 0.330453 
32 4.2 0.0490545 0.00378731 4.34045e-05 0.336692 
32 4.2 0.0488211 0.00373076 4.15064e-05 0.328475 
32 4.2 0.0493855 0.00380488 4.20886e-05 0.333032 
32 4.2 0.0492766 0.00380002 4.27577e-05 0.334468 
32 4.22 0.0488691 0.00373641 4.15726e-05 0.32715 
32 4.22 0.0489377 0.00376468 4.22823e-05 0.332383 
32 4.22 0.0487092 0.00369299 4.00653e-05 0.320401 
32 4.22 0.0491465 0.00376815 4.24068e-05 0.328257 
32 4.22 0.0484211 0.00367695 4.05823e-05 0.323299 
32 4.24 0.0479939 0.00362698 3.90783e-05 0.319653 
32 4.24 0.0487318 0.00371021 3.98679e-05 0.322517 
32 4.24 0.0486229 0.00370812 4.08179e-05 0.324574 
32 4.24 0.0491031 0.00377656 4.27059e-05 0.329768 
32 4.24 0.0485469 0.00371015 4.09535e-05 0.326847 
32 4.26 0.0489389 0.00375809 4.23892e-05 0.327652 
32 4.26 0.0484109 0.0036628 3.87967e-05 0.3171 
32 4.26 0.0478738 0.00357994 3.77188e-05 0.309613 
32 4.26 0.0483053 0.00365968 3.97137e-05 0.318806 
32 4.26 0.04854 0.00369955 4.08388e-05 0.322925 
32 4.28 0.0483756 0.00367618 4.0114e-05 0.319638 
32 4.28 0.0484924 0.00368446 4.01123e-05 0.318911 
32 4.28 0.0480309 0.00367065 4.16375e-05 0.326265 
32 4.28 0.0485525 0.00369963 4.09196e-05 0.321144 
32 4.28 0.0485855 0.00370209 4.08165e-05 0.320966 
32 4.3 0.0480703 0.00363441 3.97802e-05 0.315214 
32 4.3 0.048 0.00362456 3.9307e-05 0.314477 
32 4.3 0.04804 0.00359124 3.85072e-05 0.305628 
32 4.3 0.047409 0.00351806 3.61456e-05 0.302543 
32 4.3 0.0478711 0.0035523 3.66914e-05 0.300214 
32 4.32 0.0477492 0.00358643 3.902e-05 0.309676 
32 4.32 0.0480135 0.00359565 3.8129e-05 0.305862 
32 4.32 0.0477131 0.00358637 3.81008e-05 0.310478 
32 4.32 0.047393 0.00351199 3.68676e-05 0.300065 
32 4.32 0.0473318 0.00353828 3.74767e-05 0.30767 
32 4.34 0.0471951 0.00351038 3.69134e-05 0.302718 
32 4.34 0.0473408 0.00352158 3.72021e-05 0.30211 
32 4.34 0.0470131 0.00349568 3.75963e-05 0.303295 
32 4.34 0.0475539 0.0035243 3.64268e-05 0.297981 
32 4.34 0.0471547 0.00351801 3.78819e-05 0.305417 
32 4.36 0.0475609 0.00353834 3.78436e-05 0.299755 
32 4.36 0.0473758 0.00350832 3.62108e-05 0.296833 
32 4.36 0.0476559 0.00353529 3.62981e-05 0.296916 
32 4.36 0.0476959 0.00351518 3.59648e-05 0.291296 
32 4.36 0.0476848 0.00352523 3.61711e-05 0.293906 
32 4.38 0.0472225 0.0035109 3.6957e-05 0.29947 
32 4.38 0.0474996 0.00353738 3.73889e-05 0.299525 
32 4.38 0.0475111 0.0035335 3.69268e-05 0.29836 
32 4.38 0.0471107 0.00349104 3.66965e-05 0.297291 
32 4.38 0.0467275 0.00339536 3.33446e-05 0.283329 
32 4.4 0.0473809 0.00351332 3.68989e-05 0.295186 
32 4.4 0.0468846 0.00345342 3.55466e-05 0.292132 
32 4.4 0.0467252 0.00346403 3.73369e-05 0.298074 
32 4.4 0.0468006 0.00343762 3.53137e-05 0.290287 
32 4.4 0.0466309 0.00340215 3.40527e-05 0.285722 
32 4.42 0.0469195 0.00345714 3.59136e-05 0.290912 
32 4.42 0.0467146 0.00345726 3.62465e-05 0.295384 
32 4.42 0.0460471 0.00332559 3.29167e-05 0.279227 
32 4.42 0.0463812 0.00338606 3.44327e-05 0.286081 
32 4.42 0.0461994 0.00337608 3.47537e-05 0.28767 
32 4.44 0.0461053 0.00334717 3.33358e-05 0.281708 
32 4.44 0.0457729 0.00329688 3.20561e-05 0.277154 
32 4.44 0.0460775 0.00335045 3.37144e-05 0.283056 
32 4.44 0.0470516 0.00347376 3.56147e-05 0.290573 
32 4.44 0.0459266 0.00327825 3.10505e-05 0.269608 
32 4.46 0.0466088 0.0034007 3.39801e-05 0.282019 
32 4.46 0.0463166 0.00337553 3.37036e-05 0.282473 
32 4.46 0.0461066 0.00336192 3.50956e-05 0.283803 
32 4.46 0.0466225 0.00342 3.53418e-05 0.286156 
32 4.46 0.0464867 0.00337793 3.37758e-05 0.2794 
32 4.48 0.0462201 0.00332878 3.24926e-05 0.272567 
32 4.48 0.0467912 0.00341349 3.45963e-05 0.279788 
32 4.48 0.0465105 0.00340864 3.49873e-05 0.284666 
32 4.48 0.0462402 0.00335372 3.4241e-05 0.277842 
32 4.48 0.0461592 0.00332677 3.24101e-05 0.273393 
32 4.5 0.0459307 0.00329333 3.19023e-05 0.269359 
32 4.5 0.0456158 0.00327525 3.18988e-05 0.271804 
32 4.5 0.0461693 0.00334745 3.31582e-05 0.276672 
32 4.5 0.0462396 0.00334367 3.26578e-05 0.274333 
32 4.5 0.046033 0.00332886 3.33284e-05 0.275303 
