size temperature m m^2 m^4 mag_sus
64 2.2 0.784126 5.2176 
64 2.2 0.784284 5.41884 
64 2.2 0.784929 4.82713 
64 2.2 0.786389 4.4585 
64 2.2 0.785132 4.73414 
64 2.201 0.783255 5.1871 
64 2.201 0.782345 5.07874 
64 2.201 0.783124 5.4039 
64 2.201 0.782445 5.27266 
64 2.201 0.782742 5.27359 
64 2.202 0.781497 5.28486 
64 2.202 0.782179 4.91843 
64 2.202 0.781672 5.13826 
64 2.202 0.781798 5.1196 
64 2.202 0.781816 5.07576 
64 2.203 0.78088 4.72112 
64 2.203 0.780587 5.45449 
64 2.203 0.780073 5.65264 
64 2.203 0.781775 5.07557 
64 2.203 0.779787 5.60447 
64 2.204 0.779231 5.04914 
64 2.204 0.778924 5.81393 
64 2.204 0.780257 5.20355 
64 2.204 0.778023 6.52736 
64 2.204 0.779647 5.20021 
64 2.205 0.777959 5.44667 
64 2.205 0.777842 5.65158 
64 2.205 0.777162 5.76703 
64 2.205 0.777716 5.07677 
64 2.205 0.777487 5.5939 
64 2.206 0.775978 5.92373 
64 2.206 0.775906 5.80831 
64 2.206 0.777839 5.53565 
64 2.206 0.776982 5.65851 
64 2.206 0.775074 6.42074 
64 2.207 0.77518 5.8379 
64 2.207 0.774148 6.09193 
64 2.207 0.775147 5.62856 
64 2.207 0.775834 5.93553 
64 2.207 0.77529 5.89912 
64 2.208 0.772688 6.03773 
64 2.208 0.773387 6.35869 
64 2.208 0.773806 5.72262 
64 2.208 0.773689 6.61665 
64 2.208 0.772828 6.06389 
64 2.209 0.771761 6.05542 
64 2.209 0.773121 5.89075 
64 2.209 0.771804 6.58767 
64 2.209 0.770386 6.9829 
64 2.209 0.771875 6.06189 
64 2.21 0.769654 6.66178 
64 2.21 0.770215 6.36727 
64 2.21 0.770722 6.31678 
64 2.21 0.768938 7.0141 
64 2.21 0.771445 6.41672 
64 2.211 0.768253 7.03434 
64 2.211 0.768216 6.96119 
64 2.211 0.769975 5.77771 
64 2.211 0.769315 6.50873 
64 2.211 0.768736 6.66595 
64 2.212 0.766028 6.927 
64 2.212 0.768248 6.35974 
64 2.212 0.766992 6.83504 
64 2.212 0.766238 7.5368 
64 2.212 0.767817 6.43608 
64 2.213 0.765504 6.70536 
64 2.213 0.764724 7.45089 
64 2.213 0.766437 6.60941 
64 2.213 0.765612 7.20522 
64 2.213 0.76434 7.37939 
64 2.214 0.763867 7.7258 
64 2.214 0.763412 7.93074 
64 2.214 0.76472 7.15785 
64 2.214 0.764046 7.05901 
64 2.214 0.763499 7.17153 
64 2.215 0.762477 7.14873 
64 2.215 0.761537 7.68783 
64 2.215 0.762217 7.62526 
64 2.215 0.761206 7.77896 
64 2.215 0.761235 8.26084 
64 2.216 0.761108 7.45814 
64 2.216 0.761004 7.98427 
64 2.216 0.760141 8.06974 
64 2.216 0.759503 7.98792 
64 2.216 0.761444 7.26198 
64 2.217 0.758603 8.93394 
64 2.217 0.758415 8.0421 
64 2.217 0.759598 7.66816 
64 2.217 0.7581 8.37234 
64 2.217 0.759084 7.57932 
64 2.218 0.757574 7.86613 
64 2.218 0.756239 8.68133 
64 2.218 0.757554 8.62821 
64 2.218 0.758051 8.16612 
64 2.218 0.756143 8.68756 
64 2.219 0.755081 8.72775 
64 2.219 0.754359 9.1322 
64 2.219 0.755315 8.15231 
64 2.219 0.755618 8.20067 
64 2.219 0.756007 8.70226 
64 2.22 0.753909 9.21146 
64 2.22 0.753089 8.78942 
64 2.22 0.753515 8.37855 
64 2.22 0.753763 8.97651 
64 2.22 0.753902 8.74364 
64 2.221 0.750663 9.64818 
64 2.221 0.752575 8.34878 
64 2.221 0.750332 9.9411 
64 2.221 0.751706 8.87819 
64 2.221 0.751249 9.49727 
64 2.222 0.749501 9.94235 
64 2.222 0.751734 8.19756 
64 2.222 0.749647 9.31888 
64 2.222 0.749689 9.34678 
64 2.222 0.751176 8.74724 
64 2.223 0.747881 8.9541 
64 2.223 0.748745 9.8864 
64 2.223 0.748393 9.05734 
64 2.223 0.747075 10.4686 
64 2.223 0.74658 10.3233 
64 2.224 0.74575 10.7926 
64 2.224 0.74632 10.0867 
64 2.224 0.744796 10.1554 
64 2.224 0.746519 9.20481 
64 2.224 0.746237 9.58478 
64 2.225 0.744056 10.2101 
64 2.225 0.744304 10.2022 
64 2.225 0.742203 11.7137 
64 2.225 0.743308 11.1785 
64 2.225 0.743591 10.7534 
64 2.226 0.741857 11.4278 
64 2.226 0.741448 11.2735 
64 2.226 0.740219 11.3434 
64 2.226 0.741053 11.0683 
64 2.226 0.741912 10.6724 
64 2.227 0.73902 11.4752 
64 2.227 0.740404 10.9914 
64 2.227 0.740027 11.3819 
64 2.227 0.738741 11.8568 
64 2.227 0.739942 11.3683 
64 2.228 0.737408 12.1174 
64 2.228 0.739125 11.2195 
64 2.228 0.737767 12.0527 
64 2.228 0.738827 10.8231 
64 2.228 0.737459 11.3412 
64 2.229 0.73556 11.8889 
64 2.229 0.733864 13.2653 
64 2.229 0.73278 13.5531 
64 2.229 0.73655 11.5211 
64 2.229 0.73575 11.0436 
64 2.23 0.733352 12.5822 
64 2.23 0.73361 13.2597 
64 2.23 0.732975 12.5832 
64 2.23 0.731946 13.2234 
64 2.23 0.735761 11.218 
64 2.231 0.731713 11.9549 
64 2.231 0.731835 12.2759 
64 2.231 0.731145 13.2646 
64 2.231 0.73152 12.7863 
64 2.231 0.731005 12.9415 
64 2.232 0.7293 12.6004 
64 2.232 0.726525 14.5255 
64 2.232 0.730417 12.973 
64 2.232 0.727271 14.4605 
64 2.232 0.728439 13.308 
64 2.233 0.728072 12.8702 
64 2.233 0.727003 13.8379 
64 2.233 0.725103 15.4479 
64 2.233 0.723872 15.4097 
64 2.233 0.724898 15.8369 
64 2.234 0.724017 13.9286 
64 2.234 0.722635 14.7502 
64 2.234 0.721131 15.338 
64 2.234 0.723141 15.1242 
64 2.234 0.724199 13.9015 
64 2.235 0.721134 14.9016 
64 2.235 0.724098 13.0169 
64 2.235 0.721555 14.9471 
64 2.235 0.721818 14.8773 
64 2.235 0.722119 16.0032 
64 2.236 0.719136 15.2069 
64 2.236 0.717296 16.4222 
64 2.236 0.718946 15.6209 
64 2.236 0.719076 14.2929 
64 2.236 0.720362 14.7391 
64 2.237 0.718091 15.2385 
64 2.237 0.715989 16.3707 
64 2.237 0.715863 16.0895 
64 2.237 0.717279 15.1579 
64 2.237 0.715559 16.3221 
64 2.238 0.714591 16.9084 
64 2.238 0.714574 15.838 
64 2.238 0.713632 17.1786 
64 2.238 0.714796 16.5511 
64 2.238 0.716064 15.6762 
64 2.239 0.712271 16.0749 
64 2.239 0.711245 17.8281 
64 2.239 0.709068 18.0539 
64 2.239 0.712507 16.2726 
64 2.239 0.713143 16.8417 
64 2.24 0.709822 17.7595 
64 2.24 0.710065 17.6248 
64 2.24 0.704824 20.3432 
64 2.24 0.707366 18.5959 
64 2.24 0.706949 18.4867 
64 2.241 0.704159 19.2009 
64 2.241 0.708041 17.7511 
64 2.241 0.705383 19.1431 
64 2.241 0.70592 19.0777 
64 2.241 0.706971 17.3755 
64 2.242 0.702174 19.4745 
64 2.242 0.700867 21.5242 
64 2.242 0.702871 19.1403 
64 2.242 0.701301 20.7334 
64 2.242 0.701608 19.6072 
64 2.243 0.700008 20.3258 
64 2.243 0.699303 19.9427 
64 2.243 0.70047 20.0493 
64 2.243 0.701599 19.2612 
64 2.243 0.69945 20.3663 
64 2.244 0.696554 21.0557 
64 2.244 0.701933 17.6915 
64 2.244 0.698236 20.3286 
64 2.244 0.698102 20.2719 
64 2.244 0.698409 19.9895 
64 2.245 0.695086 21.42 
64 2.245 0.692416 22.9743 
64 2.245 0.69554 20.8477 
64 2.245 0.697714 19.102 
64 2.245 0.695247 20.2985 
