size temperature m m^2 m^4 mag_sus 
16 1.5 0.986342 0.973036 0.947427 0.0281166 
16 1.5 0.986457 0.973252 0.947809 0.0263571 
16 1.5 0.986608 0.973549 0.948385 0.0262283 
16 1.5 0.986413 0.973177 0.947705 0.0282857 
16 1.5 0.98659 0.973514 0.948319 0.0263097 
16 1.52 0.985249 0.970894 0.943314 0.0299936 
16 1.52 0.985514 0.971412 0.944302 0.0292654 
16 1.52 0.985241 0.970883 0.943307 0.0306579 
16 1.52 0.985127 0.970656 0.94286 0.0303724 
16 1.52 0.985367 0.971123 0.943747 0.0294477 
16 1.54 0.98372 0.967909 0.937617 0.0337538 
16 1.54 0.984074 0.968598 0.938927 0.0325976 
16 1.54 0.984108 0.968667 0.939071 0.0330583 
16 1.54 0.983988 0.968422 0.938562 0.03149 
16 1.54 0.983887 0.968231 0.938225 0.0329727 
16 1.56 0.982779 0.966068 0.934095 0.0349876 
16 1.56 0.982344 0.965219 0.932478 0.0360337 
16 1.56 0.982781 0.966071 0.934097 0.0347955 
16 1.56 0.982833 0.966165 0.934253 0.0336362 
16 1.56 0.982766 0.966047 0.934074 0.0359291 
16 1.58 0.9811 0.962804 0.927918 0.0399631 
16 1.58 0.981196 0.962985 0.928243 0.038783 
16 1.58 0.981467 0.963519 0.92928 0.0391502 
16 1.58 0.981345 0.963282 0.92883 0.0396226 
16 1.58 0.981404 0.963388 0.929001 0.0379952 
16 1.6 0.979814 0.960297 0.923156 0.0419041 
16 1.6 0.979633 0.959947 0.922499 0.042646 
16 1.6 0.979696 0.960073 0.922747 0.0429377 
16 1.6 0.979801 0.960276 0.923131 0.0426493 
16 1.6 0.979537 0.959769 0.922186 0.0440214 
16 1.62 0.977915 0.956622 0.91626 0.0480955 
16 1.62 0.977692 0.956181 0.915396 0.0472 
16 1.62 0.977979 0.956742 0.916472 0.047292 
16 1.62 0.978157 0.957081 0.917088 0.0457817 
16 1.62 0.978191 0.957155 0.917245 0.0468348 
16 1.64 0.976113 0.953134 0.909712 0.0525114 
16 1.64 0.975993 0.95289 0.909216 0.0511508 
16 1.64 0.976158 0.953215 0.909851 0.0516951 
16 1.64 0.976114 0.953131 0.909693 0.0518436 
16 1.64 0.976279 0.953466 0.910374 0.0538623 
16 1.66 0.973977 0.949013 0.902035 0.059076 
16 1.66 0.974182 0.949405 0.902751 0.0577208 
16 1.66 0.973713 0.948507 0.901102 0.0601308 
16 1.66 0.974309 0.949634 0.90312 0.0547856 
16 1.66 0.974333 0.949684 0.903229 0.0554268 
16 1.68 0.972118 0.945429 0.895361 0.0633375 
16 1.68 0.972132 0.945464 0.895455 0.0645619 
16 1.68 0.972552 0.946253 0.896855 0.0604838 
16 1.68 0.972375 0.94594 0.896365 0.0650828 
16 1.68 0.972535 0.946221 0.896793 0.0603996 
16 1.7 0.970409 0.942146 0.889298 0.0683146 
16 1.7 0.969791 0.940989 0.88724 0.0742916 
16 1.7 0.970021 0.941401 0.887907 0.0692466 
16 1.7 0.970153 0.941652 0.888365 0.0685013 
16 1.7 0.970599 0.9425 0.889907 0.0658775 
16 1.72 0.967614 0.936781 0.879384 0.0749515 
16 1.72 0.967486 0.936547 0.878998 0.0771659 
16 1.72 0.967986 0.937487 0.880667 0.0730272 
16 1.72 0.967723 0.936997 0.879805 0.0757134 
16 1.72 0.967826 0.937193 0.880167 0.0753643 
16 1.74 0.965755 0.93323 0.872892 0.080625 
16 1.74 0.965611 0.932983 0.87254 0.0851469 
16 1.74 0.965391 0.932543 0.87167 0.0829732 
16 1.74 0.965098 0.931999 0.870715 0.086131 
16 1.74 0.965063 0.931937 0.870621 0.0870727 
16 1.76 0.962579 0.927218 0.862077 0.0959247 
16 1.76 0.963073 0.928117 0.863566 0.0881752 
16 1.76 0.962965 0.92795 0.863391 0.0944155 
16 1.76 0.962643 0.927293 0.862065 0.0889351 
16 1.76 0.962777 0.927555 0.862559 0.0894464 
16 1.78 0.960028 0.922353 0.853206 0.100515 
16 1.78 0.959649 0.921656 0.852019 0.104925 
16 1.78 0.959893 0.922104 0.852784 0.102082 
16 1.78 0.959924 0.922152 0.852839 0.100329 
16 1.78 0.959463 0.92129 0.851321 0.103637 
16 1.8 0.95652 0.915753 0.841479 0.117138 
16 1.8 0.956412 0.915576 0.841232 0.121305 
16 1.8 0.956641 0.915953 0.841742 0.112379 
16 1.8 0.956955 0.916568 0.842898 0.114419 
16 1.8 0.957003 0.916655 0.843066 0.113807 
16 1.82 0.953802 0.910627 0.832322 0.125174 
16 1.82 0.953249 0.909572 0.830416 0.124963 
16 1.82 0.953865 0.910752 0.83256 0.125776 
16 1.82 0.953545 0.910155 0.831505 0.127734 
16 1.82 0.953723 0.910507 0.832198 0.129401 
16 1.84 0.950313 0.904105 0.820864 0.140487 
16 1.84 0.950278 0.90404 0.820743 0.14079 
16 1.84 0.949942 0.903409 0.819642 0.141802 
16 1.84 0.950393 0.904264 0.821169 0.141529 
16 1.84 0.949785 0.903098 0.819038 0.140056 
16 1.86 0.946905 0.897785 0.809884 0.158986 
16 1.86 0.946855 0.897659 0.809612 0.154913 
16 1.86 0.946505 0.896956 0.808232 0.149373 
16 1.86 0.946716 0.89741 0.809188 0.15665 
16 1.86 0.946894 0.897725 0.809702 0.15376 
16 1.88 0.942593 0.889786 0.79606 0.177684 
16 1.88 0.942615 0.889826 0.796124 0.177477 
16 1.88 0.94177 0.888276 0.793514 0.183137 
16 1.88 0.943022 0.89055 0.797297 0.171559 
16 1.88 0.942727 0.890004 0.796338 0.172811 
16 1.9 0.938502 0.882262 0.783196 0.198842 
16 1.9 0.937642 0.880676 0.780516 0.202515 
16 1.9 0.938052 0.881461 0.781858 0.204852 
16 1.9 0.937965 0.881257 0.781459 0.199273 
16 1.9 0.938201 0.881689 0.782184 0.197869 
16 1.92 0.933955 0.873952 0.76919 0.22386 
16 1.92 0.934037 0.874109 0.769441 0.224534 
16 1.92 0.933284 0.872723 0.767104 0.227168 
16 1.92 0.933847 0.873743 0.768808 0.223123 
16 1.92 0.933534 0.873215 0.768031 0.230615 
16 1.94 0.92812 0.863425 0.751808 0.266437 
16 1.94 0.928472 0.864006 0.752612 0.256844 
16 1.94 0.928737 0.864429 0.75323 0.247763 
16 1.94 0.928708 0.864442 0.753419 0.256466 
16 1.94 0.928502 0.864093 0.752847 0.260833 
16 1.96 0.922042 0.852586 0.734067 0.316682 
16 1.96 0.923624 0.855268 0.738287 0.285527 
16 1.96 0.923388 0.854898 0.737778 0.294153 
16 1.96 0.922484 0.853439 0.735735 0.32166 
16 1.96 0.923901 0.855804 0.739243 0.28887 
16 1.98 0.917483 0.844231 0.720188 0.317599 
16 1.98 0.918085 0.845358 0.722084 0.320375 
16 1.98 0.917784 0.844998 0.721915 0.345212 
16 1.98 0.91718 0.843854 0.719719 0.340545 
16 1.98 0.917266 0.843892 0.719783 0.32528 
16 2 0.912051 0.834701 0.705238 0.366637 
16 2 0.911754 0.834376 0.705041 0.394328 
16 2 0.910291 0.831778 0.700957 0.402868 
16 2 0.910999 0.832997 0.702663 0.393967 
16 2 0.91158 0.834034 0.704477 0.391009 
16 2.02 0.905013 0.822602 0.686653 0.450246 
16 2.02 0.904798 0.822126 0.685666 0.439196 
16 2.02 0.904671 0.821948 0.685396 0.44584 
16 2.02 0.904937 0.822568 0.686581 0.46336 
16 2.02 0.90462 0.821781 0.685126 0.436519 
16 2.04 0.898525 0.811439 0.669486 0.513499 
16 2.04 0.896784 0.808481 0.665076 0.53465 
16 2.04 0.896673 0.808493 0.665239 0.56085 
16 2.04 0.898095 0.810358 0.667237 0.474648 
16 2.04 0.896925 0.808848 0.665825 0.548794 
16 2.06 0.889054 0.795519 0.645751 0.634048 
16 2.06 0.888588 0.794733 0.644803 0.639177 
16 2.06 0.88738 0.793106 0.642762 0.703615 
16 2.06 0.88836 0.794238 0.643864 0.62816 
16 2.06 0.887695 0.793254 0.642521 0.652611 
16 2.08 0.878988 0.77892 0.621891 0.775492 
16 2.08 0.879713 0.780081 0.623205 0.761344 
16 2.08 0.879473 0.779517 0.622607 0.74382 
16 2.08 0.879628 0.77993 0.623184 0.761187 
16 2.08 0.879934 0.7802 0.623317 0.728237 
16 2.1 0.869618 0.763358 0.599619 0.86826 
16 2.1 0.870077 0.76435 0.60119 0.892002 
16 2.1 0.867328 0.760182 0.595872 0.965922 
16 2.1 0.869988 0.764153 0.600938 0.886823 
16 2.1 0.868325 0.761505 0.597203 0.916266 
16 2.12 0.856404 0.742833 0.571987 1.13572 
16 2.12 0.857391 0.744334 0.573709 1.11265 
16 2.12 0.856915 0.743293 0.572566 1.08562 
16 2.12 0.855643 0.742187 0.57181 1.21499 
16 2.12 0.856803 0.743794 0.573735 1.16917 
16 2.14 0.844813 0.724923 0.548166 1.34141 
16 2.14 0.844567 0.72421 0.547285 1.3059 
16 2.14 0.845022 0.725573 0.549348 1.37705 
16 2.14 0.842903 0.722069 0.544986 1.38563 
16 2.14 0.841711 0.720612 0.543204 1.45158 
16 2.16 0.828319 0.700092 0.516884 1.65692 
16 2.16 0.828894 0.701203 0.51872 1.67569 
16 2.16 0.829359 0.70141 0.518309 1.60879 
16 2.16 0.829918 0.702559 0.519846 1.63496 
16 2.16 0.831448 0.704569 0.522592 1.57205 
16 2.18 0.811237 0.675101 0.486609 1.99585 
16 2.18 0.813948 0.679115 0.491284 1.94967 
16 2.18 0.814142 0.680078 0.492941 2.02577 
16 2.18 0.810088 0.674118 0.486339 2.09907 
16 2.18 0.813405 0.679024 0.491832 2.04283 
16 2.2 0.79492 0.652127 0.459689 2.35409 
16 2.2 0.79742 0.65582 0.46385 2.32059 
16 2.2 0.795102 0.652673 0.46068 2.38392 
16 2.2 0.794834 0.652464 0.460613 2.40919 
16 2.2 0.795552 0.652918 0.460927 2.32907 
16 2.22 0.774 0.623455 0.427694 2.81129 
16 2.22 0.773396 0.623024 0.427182 2.86928 
16 2.22 0.774169 0.623564 0.427502 2.79373 
16 2.22 0.772473 0.6215 0.425461 2.85812 
16 2.22 0.770889 0.619501 0.423053 2.90951 
16 2.24 0.748335 0.589686 0.391363 3.39209 
16 2.24 0.753748 0.596857 0.399185 3.28244 
16 2.24 0.752084 0.59466 0.396685 3.31777 
16 2.24 0.750202 0.592623 0.395344 3.40803 
16 2.24 0.749683 0.592235 0.395045 3.45266 
16 2.26 0.725934 0.561026 0.362591 3.85658 
16 2.26 0.724225 0.55889 0.359742 3.8953 
16 2.26 0.727523 0.56247 0.363043 3.75853 
16 2.26 0.723583 0.558245 0.359567 3.92756 
16 2.26 0.727809 0.563112 0.363557 3.78409 
16 2.28 0.698656 0.527335 0.329314 4.40305 
16 2.28 0.697787 0.526126 0.328146 4.40366 
16 2.28 0.695931 0.523598 0.325483 4.41015 
16 2.28 0.698179 0.526741 0.329097 4.41121 
16 2.28 0.698466 0.527297 0.329559 4.42858 
16 2.3 0.670539 0.493888 0.298525 4.92696 
16 2.3 0.665853 0.48825 0.293227 4.99637 
16 2.3 0.668514 0.491038 0.295178 4.91149 
16 2.3 0.669724 0.492521 0.296465 4.89629 
16 2.3 0.670604 0.492771 0.296387 4.79294 
16 2.32 0.638223 0.454462 0.261659 5.20082 
16 2.32 0.641235 0.459326 0.267062 5.31235 
16 2.32 0.640683 0.45889 0.266041 5.34236 
16 2.32 0.637937 0.454073 0.260845 5.19831 
16 2.32 0.636484 0.454561 0.262952 5.45655 
16 2.34 0.609668 0.422979 0.235059 5.61051 
16 2.34 0.607349 0.420077 0.23261 5.60178 
16 2.34 0.610584 0.423393 0.234668 5.53356 
16 2.34 0.609109 0.421673 0.233073 5.54219 
16 2.34 0.608411 0.422362 0.234958 5.71057 
16 2.36 0.574448 0.385259 0.204972 5.99513 
16 2.36 0.572799 0.385282 0.206522 6.20292 
16 2.36 0.58036 0.390916 0.208338 5.86827 
16 2.36 0.58232 0.392789 0.210558 5.82431 
16 2.36 0.576989 0.386963 0.205175 5.86266 
16 2.38 0.543645 0.351882 0.177724 6.05926 
16 2.38 0.545916 0.354672 0.180851 6.09318 
16 2.38 0.54844 0.356075 0.180343 5.94707 
16 2.38 0.547901 0.356095 0.18094 6.01272 
16 2.38 0.547784 0.356471 0.18217 6.06693 
16 2.4 0.518629 0.326087 0.158712 6.09181 
16 2.4 0.518623 0.32602 0.158762 6.08527 
16 2.4 0.516131 0.323225 0.156121 6.06225 
16 2.4 0.519023 0.325457 0.157436 5.98099 
16 2.4 0.520273 0.327904 0.160205 6.10351 
16 2.42 0.489432 0.296277 0.137221 6.00151 
16 2.42 0.487473 0.295231 0.136536 6.09334 
16 2.42 0.485469 0.291272 0.132974 5.88084 
16 2.42 0.485913 0.292751 0.134419 5.99169 
16 2.42 0.484734 0.292176 0.134779 6.0519 
16 2.44 0.461459 0.269418 0.118694 5.9251 
16 2.44 0.462247 0.269591 0.117472 5.86689 
16 2.44 0.456293 0.265219 0.116468 5.98196 
16 2.44 0.458208 0.267016 0.117749 5.98683 
16 2.44 0.459591 0.267296 0.116973 5.88291 
16 2.46 0.435772 0.24522 0.102893 5.75714 
16 2.46 0.436258 0.244442 0.100953 5.63214 
16 2.46 0.431551 0.241336 0.100308 5.73396 
16 2.46 0.437298 0.246462 0.10323 5.7478 
16 2.46 0.433249 0.242695 0.101227 5.7225 
16 2.48 0.409441 0.219989 0.0861419 5.40353 
16 2.48 0.413648 0.224314 0.089064 5.49257 
16 2.48 0.406551 0.21897 0.0865907 5.54178 
16 2.48 0.408608 0.21871 0.0850033 5.34193 
16 2.48 0.413116 0.223487 0.0882977 5.45257 
16 2.5 0.39035 0.203492 0.0763426 5.23462 
16 2.5 0.387957 0.201262 0.0752072 5.19694 
16 2.5 0.386955 0.200658 0.074777 5.21451 
16 2.5 0.387357 0.201673 0.0760127 5.28669 
16 2.5 0.387675 0.200634 0.0743987 5.15501 
16 2.52 0.366398 0.182938 0.0650036 4.94632 
16 2.52 0.36888 0.184313 0.065176 4.90058 
16 2.52 0.37025 0.186103 0.0664512 4.97964 
16 2.52 0.367298 0.182868 0.0643539 4.87211 
16 2.52 0.367166 0.18322 0.0646048 4.91773 
16 2.54 0.351687 0.169699 0.0566664 4.63773 
16 2.54 0.349982 0.169111 0.0570196 4.69907 
16 2.54 0.353369 0.172019 0.0585811 4.7521 
16 2.54 0.348837 0.167721 0.0559505 4.63968 
16 2.54 0.350638 0.169395 0.0570318 4.68135 
16 2.56 0.330913 0.152832 0.0480435 4.33286 
16 2.56 0.331642 0.153289 0.0480043 4.33026 
16 2.56 0.33497 0.156964 0.0508743 4.47588 
16 2.56 0.334355 0.155219 0.0492332 4.34262 
16 2.56 0.33296 0.155373 0.0497989 4.45109 
16 2.58 0.31812 0.143036 0.0433565 4.15114 
16 2.58 0.318562 0.142275 0.0424547 4.04774 
16 2.58 0.319208 0.143404 0.0435211 4.11887 
16 2.58 0.318673 0.142635 0.0426857 4.07646 
16 2.58 0.320577 0.144305 0.0437108 4.12135 
16 2.6 0.305426 0.132307 0.0379842 3.84217 
16 2.6 0.305569 0.132097 0.0377391 3.81285 
16 2.6 0.302221 0.13019 0.0369029 3.82549 
16 2.6 0.306903 0.133552 0.0384681 3.87566 
16 2.6 0.302216 0.13044 0.0371666 3.85042 
16 2.62 0.291965 0.121818 0.0325335 3.57366 
16 2.62 0.290595 0.121612 0.0332035 3.63161 
16 2.62 0.295051 0.124474 0.0341181 3.65622 
16 2.62 0.288874 0.120105 0.032209 3.58171 
16 2.62 0.289393 0.1212 0.033229 3.65945 
16 2.64 0.278565 0.112397 0.0287308 3.37439 
16 2.64 0.275791 0.110171 0.0278923 3.30767 
16 2.64 0.28009 0.112857 0.0286995 3.33639 
16 2.64 0.279838 0.113767 0.0297294 3.43829 
16 2.64 0.281456 0.114367 0.029556 3.40842 
16 2.66 0.269294 0.105771 0.0259108 3.2002 
16 2.66 0.272246 0.107803 0.0268627 3.2419 
16 2.66 0.27088 0.10687 0.0263229 3.22342 
16 2.66 0.271644 0.10725 0.0265277 3.22015 
16 2.66 0.270429 0.105859 0.0257579 3.14968 
16 2.68 0.261226 0.0998421 0.0235222 3.01881 
16 2.68 0.26126 0.0995348 0.0231761 2.98774 
16 2.68 0.260713 0.0992835 0.0231676 2.991 
16 2.68 0.26239 0.100827 0.0240622 3.05463 
16 2.68 0.259075 0.0984112 0.022879 2.98902 
16 2.7 0.248123 0.0906861 0.0198706 2.76112 
16 2.7 0.248848 0.0918617 0.0204971 2.83842 
16 2.7 0.250146 0.0926312 0.0207368 2.84996 
16 2.7 0.249381 0.0919876 0.0205919 2.82516 
16 2.7 0.25125 0.0924932 0.0203313 2.78439 
16 2.72 0.240534 0.0859648 0.0182501 2.64546 
16 2.72 0.242473 0.0869194 0.0184442 2.6472 
16 2.72 0.242421 0.087164 0.0184508 2.67256 
16 2.72 0.240153 0.0857848 0.0181445 2.64577 
16 2.72 0.239905 0.0856567 0.0179882 2.6449 
16 2.74 0.232866 0.0809156 0.0163856 2.49356 
16 2.74 0.236134 0.0826476 0.0165936 2.51221 
16 2.74 0.232876 0.0804912 0.0159056 2.4535 
16 2.74 0.233902 0.0816474 0.0166572 2.51675 
16 2.74 0.234382 0.081138 0.0160658 2.44817 
16 2.76 0.231316 0.0797659 0.0157488 2.43558 
16 2.76 0.229038 0.0777969 0.0151021 2.35023 
16 2.76 0.226786 0.0771294 0.0150116 2.38354 
16 2.76 0.22688 0.0770136 0.0150192 2.36886 
16 2.76 0.22863 0.0783324 0.0154594 2.41724 
16 2.78 0.220945 0.0731538 0.0136279 2.2411 
16 2.78 0.22121 0.0730027 0.01338 2.21641 
16 2.78 0.220827 0.0730169 0.0134373 2.23329 
16 2.78 0.219055 0.0726736 0.013539 2.27345 
16 2.78 0.221067 0.0733833 0.0137654 2.25728 
16 2.8 0.215385 0.069728 0.012421 2.13369 
16 2.8 0.213873 0.069205 0.0123956 2.14521 
16 2.8 0.215442 0.0698894 0.0125081 2.1462 
16 2.8 0.214648 0.0698584 0.0127555 2.17458 
16 2.8 0.214241 0.0698312 0.0128066 2.18805 
16 2.82 0.207776 0.0649687 0.0108891 1.97882 
16 2.82 0.210645 0.0665201 0.0112515 2.01069 
16 2.82 0.210869 0.0669932 0.0113638 2.04506 
16 2.82 0.207078 0.0643957 0.010697 1.95308 
16 2.82 0.210294 0.0670854 0.011768 2.07541 
16 2.84 0.204016 0.063327 0.010622 1.95644 
16 2.84 0.204366 0.0629832 0.0102067 1.9126 
16 2.84 0.203144 0.0629601 0.0104948 1.9554 
16 2.84 0.206104 0.0640156 0.0105244 1.94135 
16 2.84 0.205389 0.0633508 0.0102153 1.90793 
16 2.86 0.200318 0.0605739 0.00959097 1.83018 
16 2.86 0.198684 0.0601602 0.00958405 1.8515 
16 2.86 0.199196 0.0600016 0.00940403 1.81908 
16 2.86 0.197677 0.0591021 0.00919091 1.79254 
16 2.86 0.197177 0.059824 0.00964442 1.8748 
16 2.88 0.191838 0.0559033 0.00831643 1.6979 
16 2.88 0.19403 0.0571077 0.00867813 1.7298 
16 2.88 0.194145 0.0570439 0.00852838 1.72016 
16 2.88 0.192138 0.0566752 0.00865395 1.75627 
16 2.88 0.194226 0.0572667 0.00866539 1.73716 
16 2.9 0.190952 0.0553759 0.00822186 1.66959 
16 2.9 0.18762 0.0534359 0.00758423 1.60967 
16 2.9 0.190483 0.0550396 0.00800069 1.65569 
16 2.9 0.192013 0.0564337 0.00863303 1.72708 
16 2.9 0.18713 0.053567 0.00775674 1.63747 
16 2.92 0.185743 0.0529202 0.00763007 1.61488 
16 2.92 0.184639 0.0520688 0.00729818 1.57608 
16 2.92 0.187101 0.0530624 0.00746176 1.58296 
16 2.92 0.185943 0.0527223 0.00745981 1.59101 
16 2.92 0.182906 0.0512282 0.00715614 1.55823 
16 2.94 0.181376 0.0505952 0.00702731 1.54105 
16 2.94 0.183827 0.051311 0.00698817 1.52542 
16 2.94 0.183017 0.0507004 0.00679814 1.49813 
16 2.94 0.182309 0.0504907 0.00677172 1.50239 
16 2.94 0.18171 0.0503231 0.00676346 1.50679 
16 2.96 0.176829 0.0479447 0.00615803 1.44227 
16 2.96 0.178693 0.0492782 0.0066719 1.50028 
16 2.96 0.179186 0.0489041 0.00632373 1.45267 
16 2.96 0.178708 0.0485579 0.00636753 1.43752 
16 2.96 0.179483 0.0491402 0.00652127 1.46388 
16 2.98 0.177327 0.0481728 0.00636754 1.43702 
16 2.98 0.174534 0.0464292 0.00585436 1.37168 
16 2.98 0.174559 0.0465383 0.00583688 1.38028 
16 2.98 0.173998 0.0465178 0.00592616 1.39533 
16 2.98 0.174085 0.0464012 0.0058837 1.3827 
16 3 0.173084 0.0459677 0.00579261 1.36617 
16 3 0.171388 0.0450703 0.00562846 1.33942 
16 3 0.170367 0.0447268 0.00550076 1.33989 
16 3 0.173334 0.0460802 0.0057322 1.36836 
16 3 0.172489 0.0455806 0.00569435 1.35067 
32 1.5 0.98662 0.973457 0.947768 0.0263759 
32 1.5 0.986526 0.973271 0.947405 0.026169 
32 1.5 0.986503 0.973228 0.947328 0.0272747 
32 1.5 0.986451 0.973125 0.94713 0.0277364 
32 1.5 0.986481 0.973186 0.947245 0.0272816 
32 1.52 0.985361 0.970979 0.94297 0.029578 
32 1.52 0.985237 0.970737 0.942504 0.0300231 
32 1.52 0.98523 0.970723 0.942475 0.0300646 
32 1.52 0.985306 0.970872 0.942763 0.0298346 
32 1.52 0.985258 0.970776 0.942576 0.0295042 
32 1.54 0.98409 0.968483 0.938154 0.0335113 
32 1.54 0.983985 0.968274 0.937742 0.0322391 
32 1.54 0.983959 0.968224 0.937647 0.0327708 
32 1.54 0.984052 0.968407 0.938 0.0323163 
32 1.54 0.984045 0.968393 0.937973 0.0324419 
32 1.56 0.982608 0.965573 0.932538 0.0354054 
32 1.56 0.982614 0.965583 0.932555 0.0349328 
32 1.56 0.98267 0.965696 0.932782 0.0363327 
32 1.56 0.982525 0.965409 0.932226 0.0359646 
32 1.56 0.982587 0.965533 0.932469 0.0365503 
32 1.58 0.981161 0.962737 0.927094 0.039231 
32 1.58 0.981286 0.962984 0.927574 0.039904 
32 1.58 0.981123 0.962661 0.926943 0.0384605 
32 1.58 0.981172 0.962759 0.927135 0.0391377 
32 1.58 0.981209 0.962835 0.92729 0.0406255 
32 1.6 0.979547 0.959583 0.921063 0.0444067 
32 1.6 0.979672 0.959824 0.921517 0.0428573 
32 1.6 0.979633 0.959747 0.921371 0.042854 
32 1.6 0.979596 0.959675 0.921235 0.0433706 
32 1.6 0.979691 0.959862 0.92159 0.042919 
32 1.62 0.977854 0.956276 0.914755 0.0483577 
32 1.62 0.97798 0.956519 0.915206 0.0461969 
32 1.62 0.977918 0.956397 0.914976 0.0467695 
32 1.62 0.977995 0.95655 0.915276 0.0478725 
32 1.62 0.977849 0.956265 0.914731 0.0478215 
32 1.64 0.976145 0.952943 0.908417 0.0520988 
32 1.64 0.976142 0.952937 0.908407 0.052437 
32 1.64 0.976189 0.953026 0.908567 0.0509079 
32 1.64 0.976129 0.952912 0.908361 0.052758 
32 1.64 0.976236 0.953118 0.908741 0.0506251 
32 1.66 0.974202 0.949165 0.901275 0.0589788 
32 1.66 0.974588 0.949912 0.902672 0.0555767 
32 1.66 0.974274 0.949302 0.901523 0.0570724 
32 1.66 0.974077 0.948923 0.90082 0.0596513 
32 1.66 0.974155 0.949069 0.901077 0.0563246 
32 1.68 0.972232 0.945336 0.89404 0.0617805 
32 1.68 0.972205 0.945286 0.893955 0.0632378 
32 1.68 0.972242 0.945359 0.894093 0.0632143 
32 1.68 0.972293 0.94546 0.89429 0.0642733 
32 1.68 0.972165 0.945209 0.89381 0.0632611 
32 1.7 0.970079 0.941165 0.886211 0.0677269 
32 1.7 0.970268 0.941531 0.8869 0.0675475 
32 1.7 0.970061 0.941135 0.88617 0.0703119 
32 1.7 0.97018 0.941361 0.886578 0.0672405 
32 1.7 0.969937 0.940895 0.885724 0.0709444 
32 1.72 0.967826 0.936813 0.878092 0.0756611 
32 1.72 0.967878 0.93691 0.878253 0.0725993 
32 1.72 0.96773 0.93663 0.877749 0.075866 
32 1.72 0.96792 0.936996 0.878434 0.0757208 
32 1.72 0.967726 0.936622 0.877739 0.0766211 
32 1.74 0.965232 0.931817 0.868813 0.0845127 
32 1.74 0.965259 0.931866 0.868892 0.0826003 
32 1.74 0.965424 0.932184 0.86949 0.0830401 
32 1.74 0.965238 0.931828 0.868836 0.0849354 
32 1.74 0.965375 0.932095 0.869344 0.0864807 
32 1.76 0.962602 0.926763 0.859482 0.0938612 
32 1.76 0.962726 0.927002 0.859923 0.0936241 
32 1.76 0.962704 0.926954 0.859818 0.0907674 
32 1.76 0.962726 0.927 0.859912 0.0924718 
32 1.76 0.962726 0.926999 0.859905 0.0914793 
32 1.78 0.959845 0.921481 0.849783 0.103481 
32 1.78 0.960081 0.921928 0.850584 0.0996072 
32 1.78 0.959765 0.921327 0.849489 0.101909 
32 1.78 0.960064 0.9219 0.850546 0.101915 
32 1.78 0.959862 0.921514 0.849837 0.102593 
32 1.8 0.956815 0.915692 0.839207 0.112303 
32 1.8 0.956731 0.915538 0.838942 0.115201 
32 1.8 0.957183 0.916396 0.840491 0.111423 
32 1.8 0.956852 0.915768 0.839365 0.115328 
32 1.8 0.956868 0.915798 0.839421 0.115357 
32 1.82 0.953902 0.910151 0.829171 0.124714 
32 1.82 0.95391 0.910161 0.829174 0.122032 
32 1.82 0.953976 0.910288 0.829405 0.122074 
32 1.82 0.953711 0.909789 0.828525 0.126586 
32 1.82 0.95345 0.909291 0.827617 0.126357 
32 1.84 0.950349 0.903411 0.817037 0.138034 
32 1.84 0.950137 0.903011 0.816323 0.139667 
32 1.84 0.950315 0.903357 0.816971 0.143366 
32 1.84 0.949943 0.902655 0.815722 0.14648 
32 1.84 0.950118 0.902978 0.81627 0.140741 
32 1.86 0.946681 0.896484 0.804669 0.153765 
32 1.86 0.946679 0.896489 0.804711 0.158802 
32 1.86 0.946661 0.896443 0.804587 0.15193 
32 1.86 0.946285 0.895745 0.803379 0.15911 
32 1.86 0.946498 0.896147 0.804099 0.158966 
32 1.88 0.942191 0.888053 0.789784 0.179011 
32 1.88 0.942358 0.888364 0.790331 0.177624 
32 1.88 0.94274 0.889076 0.791567 0.17275 
32 1.88 0.942434 0.888501 0.790552 0.173803 
32 1.88 0.942243 0.88815 0.789955 0.178395 
32 1.9 0.938119 0.880428 0.776399 0.194181 
32 1.9 0.938271 0.880716 0.77692 0.196307 
32 1.9 0.938256 0.880701 0.776935 0.203304 
32 1.9 0.93824 0.880659 0.776823 0.196911 
32 1.9 0.93836 0.88088 0.777193 0.193774 
32 1.92 0.933692 0.872191 0.762121 0.218836 
32 1.92 0.933699 0.872192 0.762082 0.212208 
32 1.92 0.933609 0.872059 0.761961 0.230849 
32 1.92 0.93378 0.872372 0.76249 0.227644 
32 1.92 0.93375 0.872298 0.762306 0.218478 
32 1.94 0.928851 0.863253 0.746848 0.257886 
32 1.94 0.928694 0.862948 0.746283 0.250774 
32 1.94 0.928882 0.863296 0.746879 0.25034 
32 1.94 0.928709 0.862986 0.746383 0.256471 
32 1.94 0.929073 0.863651 0.747497 0.250926 
32 1.96 0.923564 0.853531 0.730373 0.292558 
32 1.96 0.923338 0.853111 0.72964 0.291397 
32 1.96 0.923483 0.853372 0.730078 0.288564 
32 1.96 0.923429 0.85327 0.729892 0.286288 
32 1.96 0.923671 0.853709 0.730624 0.282602 
32 1.98 0.917592 0.842618 0.712117 0.332874 
32 1.98 0.917919 0.843208 0.713069 0.326996 
32 1.98 0.917226 0.84199 0.711164 0.354957 
32 1.98 0.917788 0.842969 0.712662 0.327423 
32 1.98 0.917192 0.841896 0.710929 0.338823 
32 2 0.910829 0.830382 0.692002 0.395086 
32 2 0.911674 0.83189 0.69443 0.379686 
32 2 0.911283 0.831203 0.693344 0.392029 
32 2 0.91073 0.830196 0.691681 0.39306 
32 2 0.911237 0.831109 0.693173 0.387216 
32 2.02 0.904592 0.819176 0.67384 0.450489 
32 2.02 0.904556 0.819105 0.673713 0.447782 
32 2.02 0.904407 0.818814 0.673178 0.43729 
32 2.02 0.904336 0.818686 0.672967 0.437123 
32 2.02 0.904587 0.819165 0.673799 0.449556 
32 2.04 0.896663 0.80507 0.651386 0.535239 
32 2.04 0.896619 0.805 0.651314 0.539311 
32 2.04 0.896591 0.804945 0.651221 0.537057 
32 2.04 0.89684 0.805389 0.651928 0.535812 
32 2.04 0.896834 0.805373 0.651882 0.532981 
32 2.06 0.888745 0.791108 0.629572 0.616433 
32 2.06 0.888653 0.791012 0.629575 0.649874 
32 2.06 0.888686 0.791025 0.629475 0.627152 
32 2.06 0.888295 0.790383 0.628604 0.654098 
32 2.06 0.888797 0.791249 0.629935 0.640854 
32 2.08 0.879503 0.775086 0.605268 0.768159 
32 2.08 0.879098 0.774423 0.604331 0.792263 
32 2.08 0.87839 0.773141 0.602275 0.77364 
32 2.08 0.87989 0.775724 0.606117 0.747322 
32 2.08 0.879648 0.775385 0.605822 0.79026 
32 2.1 0.868086 0.75557 0.57635 0.973746 
32 2.1 0.868917 0.756948 0.578356 0.94147 
32 2.1 0.869842 0.758409 0.58026 0.87002 
32 2.1 0.86865 0.756598 0.577939 0.997385 
32 2.1 0.86859 0.756374 0.577488 0.938573 
32 2.12 0.857604 0.737888 0.550711 1.16051 
32 2.12 0.85657 0.73617 0.548429 1.18725 
32 2.12 0.85678 0.736712 0.549495 1.275 
32 2.12 0.856125 0.735569 0.547819 1.26516 
32 2.12 0.857007 0.737159 0.550295 1.30323 
32 2.14 0.842849 0.713796 0.517718 1.6278 
32 2.14 0.843036 0.714112 0.518279 1.62794 
32 2.14 0.842913 0.713715 0.5175 1.53723 
32 2.14 0.843983 0.715641 0.52025 1.5949 
32 2.14 0.843634 0.714984 0.519155 1.56258 
32 2.16 0.827539 0.689442 0.485607 2.19085 
32 2.16 0.827573 0.689165 0.484958 2.03255 
32 2.16 0.827809 0.68981 0.48601 2.15362 
32 2.16 0.827509 0.689363 0.485437 2.17668 
32 2.16 0.82728 0.688815 0.484523 2.09702 
32 2.18 0.807937 0.659245 0.447908 3.04534 
32 2.18 0.807625 0.658785 0.447067 3.06577 
32 2.18 0.808955 0.660835 0.449655 3.01859 
32 2.18 0.8093 0.661155 0.449859 2.90718 
32 2.18 0.810372 0.662809 0.4519 2.86806 
32 2.2 0.785963 0.626592 0.409119 4.12111 
32 2.2 0.784013 0.624431 0.407062 4.53979 
32 2.2 0.78383 0.624827 0.40817 4.85808 
32 2.2 0.784937 0.625257 0.407594 4.24959 
32 2.2 0.78571 0.626702 0.409659 4.35769 
32 2.22 0.756489 0.585972 0.364781 6.31781 
32 2.22 0.755732 0.584562 0.362957 6.19499 
32 2.22 0.756981 0.586994 0.366019 6.44566 
32 2.22 0.75549 0.584408 0.363188 6.29285 
32 2.22 0.756913 0.586613 0.365704 6.31745 
32 2.24 0.720392 0.538825 0.317875 9.07898 
32 2.24 0.719873 0.538356 0.317469 9.20633 
32 2.24 0.71891 0.536964 0.316076 9.20301 
32 2.24 0.722174 0.540631 0.319214 8.72982 
32 2.24 0.722647 0.541274 0.319613 8.71071 
32 2.26 0.677116 0.485113 0.268253 12.0644 
32 2.26 0.674413 0.482979 0.266891 12.753 
32 2.26 0.678664 0.486356 0.268764 11.6767 
32 2.26 0.675711 0.483739 0.266833 12.3035 
32 2.26 0.681837 0.490555 0.272519 11.6238 
32 2.28 0.625349 0.426014 0.218718 15.6981 
32 2.28 0.630146 0.431447 0.223053 15.4333 
32 2.28 0.622752 0.423815 0.217323 16.1664 
32 2.28 0.623493 0.42448 0.218048 16.0505 
32 2.28 0.627179 0.427763 0.219887 15.4537 
32 2.3 0.565249 0.36185 0.17015 18.8522 
32 2.3 0.568239 0.364743 0.17231 18.6308 
32 2.3 0.56431 0.361563 0.17026 19.1964 
32 2.3 0.57161 0.368469 0.175177 18.5791 
32 2.3 0.568983 0.365056 0.17242 18.3938 
32 2.32 0.506865 0.303781 0.130595 20.6869 
32 2.32 0.513228 0.309337 0.133558 20.2744 
32 2.32 0.513116 0.31001 0.134728 20.6222 
32 2.32 0.508978 0.304514 0.130331 20.0631 
32 2.32 0.508508 0.305247 0.131488 20.5976 
32 2.34 0.45167 0.250794 0.0973915 20.4747 
32 2.34 0.44972 0.249911 0.0968591 20.8574 
32 2.34 0.448295 0.248792 0.0961508 20.9278 
32 2.34 0.454794 0.25389 0.0990232 20.5904 
32 2.34 0.450247 0.249389 0.095818 20.4215 
32 2.36 0.398671 0.203995 0.0705505 19.5497 
32 2.36 0.397507 0.20396 0.0710765 19.9365 
32 2.36 0.397015 0.203524 0.0706669 19.9171 
32 2.36 0.398113 0.203824 0.0704471 19.6689 
32 2.36 0.395664 0.202505 0.070369 19.9398 
32 2.38 0.352977 0.166755 0.0515972 18.1403 
32 2.38 0.353839 0.167159 0.0517101 18.0522 
32 2.38 0.353023 0.166045 0.0510449 17.8209 
32 2.38 0.350961 0.165256 0.0507908 18.1061 
32 2.38 0.354757 0.168139 0.0522617 18.1939 
32 2.4 0.3132 0.135767 0.0370346 16.0739 
32 2.4 0.313162 0.135122 0.036764 15.8088 
32 2.4 0.314274 0.136568 0.0373251 16.1278 
32 2.4 0.314258 0.1357 0.0365829 15.7617 
32 2.4 0.310028 0.133981 0.0366364 16.1551 
32 2.42 0.281542 0.112745 0.0273373 14.1664 
32 2.42 0.283447 0.114094 0.0278303 14.2819 
32 2.42 0.281944 0.11299 0.0273669 14.1742 
32 2.42 0.28293 0.113119 0.0273322 13.9932 
32 2.42 0.281524 0.11241 0.027059 14.0288 
32 2.44 0.255933 0.0942215 0.0199368 12.0529 
32 2.44 0.254819 0.0942989 0.020341 12.3241 
32 2.44 0.25657 0.0949266 0.020213 12.2118 
32 2.44 0.256289 0.0948186 0.0203047 12.227 
32 2.44 0.256113 0.0948335 0.0203236 12.2711 
32 2.46 0.236088 0.0816005 0.0157262 10.7657 
32 2.46 0.235011 0.0806367 0.0152859 10.5757 
32 2.46 0.234934 0.0806444 0.015149 10.5939 
32 2.46 0.235706 0.0811947 0.0154941 10.6719 
32 2.46 0.236515 0.0811266 0.0152717 10.4845 
32 2.48 0.217184 0.0697912 0.0118391 9.34088 
32 2.48 0.215142 0.0682604 0.011354 9.07326 
32 2.48 0.218902 0.0708325 0.0121636 9.46141 
32 2.48 0.218452 0.0703085 0.0118989 9.32634 
32 2.48 0.214484 0.0686321 0.0116254 9.34341 
32 2.5 0.201871 0.0610446 0.00939459 8.31196 
32 2.5 0.200271 0.0602105 0.00913684 8.2338 
32 2.5 0.202151 0.0608335 0.00918208 8.17904 
32 2.5 0.201055 0.0603657 0.00917708 8.16841 
32 2.5 0.200787 0.0603074 0.00924808 8.18871 
32 2.52 0.189552 0.0537561 0.00736872 7.2437 
32 2.52 0.187571 0.0527775 0.00708528 7.1496 
32 2.52 0.188034 0.0532821 0.00725313 7.28391 
32 2.52 0.188655 0.0535117 0.007331 7.2822 
32 2.52 0.188479 0.0534826 0.00738907 7.29731 
32 2.54 0.177254 0.0473414 0.00574721 6.41906 
32 2.54 0.178012 0.0478656 0.00597303 6.5219 
32 2.54 0.177704 0.0478674 0.0059852 6.56678 
32 2.54 0.175058 0.0465212 0.00572956 6.4004 
32 2.54 0.17607 0.0472503 0.0059281 6.55111 
32 2.56 0.166889 0.0421621 0.00470332 5.72413 
32 2.56 0.167038 0.0423244 0.00478754 5.76904 
32 2.56 0.16765 0.0429464 0.00489461 5.93594 
32 2.56 0.168635 0.0433895 0.00505665 5.98065 
32 2.56 0.166839 0.0425901 0.00488345 5.90197 
32 2.58 0.15629 0.0373551 0.00381458 5.13138 
32 2.58 0.157412 0.0377902 0.00385146 5.16436 
32 2.58 0.15584 0.0373668 0.00383278 5.19176 
32 2.58 0.15827 0.0382974 0.0040279 5.25815 
32 2.58 0.158634 0.0384385 0.0039963 5.26834 
32 2.6 0.150684 0.0349116 0.00341367 4.80727 
32 2.6 0.150538 0.0346048 0.00324782 4.70371 
32 2.6 0.151061 0.0353652 0.00349788 4.94113 
32 2.6 0.152223 0.0355275 0.00342559 4.86626 
32 2.6 0.151503 0.0349567 0.00328758 4.7275 
32 2.62 0.145638 0.0322829 0.00284109 4.32761 
32 2.62 0.144647 0.0322227 0.00285186 4.41652 
32 2.62 0.144824 0.0320778 0.0028341 4.33978 
32 2.62 0.145093 0.0324841 0.00291711 4.46813 
32 2.62 0.145205 0.0323219 0.00289871 4.39197 
32 2.64 0.139021 0.0297577 0.002456 4.04596 
32 2.64 0.137685 0.0290997 0.00236284 3.93412 
32 2.64 0.13846 0.0292886 0.00233634 3.92439 
32 2.64 0.137932 0.0292545 0.00236865 3.96776 
32 2.64 0.139767 0.0298106 0.00242374 3.98573 
32 2.66 0.130815 0.0265212 0.00202478 3.62198 
32 2.66 0.130909 0.0266747 0.00200755 3.6716 
32 2.66 0.134932 0.027937 0.00211264 3.74576 
32 2.66 0.132261 0.0270994 0.00206773 3.69809 
32 2.66 0.133632 0.0276197 0.0021666 3.7581 
32 2.68 0.127418 0.0250452 0.00175957 3.36613 
32 2.68 0.126241 0.0246714 0.00169857 3.33738 
32 2.68 0.12589 0.0244256 0.0016756 3.2773 
32 2.68 0.127513 0.0249435 0.00173809 3.31808 
32 2.68 0.128204 0.025465 0.00182354 3.44981 
32 2.7 0.124027 0.0236636 0.00156866 3.14062 
32 2.7 0.123252 0.0234197 0.00152771 3.12076 
32 2.7 0.123179 0.0234428 0.00155184 3.13636 
32 2.7 0.125281 0.0242875 0.00166172 3.25866 
32 2.7 0.123553 0.0237314 0.00163037 3.21082 
32 2.72 0.119074 0.0221675 0.00143327 3.00756 
32 2.72 0.119113 0.0220479 0.00137949 2.95906 
32 2.72 0.119468 0.0220229 0.00140668 2.9178 
32 2.72 0.119376 0.0221697 0.00139559 2.9813 
32 2.72 0.120574 0.022483 0.00143252 2.99105 
32 2.74 0.115215 0.0203993 0.00115606 2.66274 
32 2.74 0.114921 0.0205425 0.00121153 2.74153 
32 2.74 0.117036 0.0213447 0.00129591 2.858 
32 2.74 0.116204 0.0207959 0.00120093 2.72534 
32 2.74 0.115234 0.0204205 0.00115539 2.66902 
32 2.76 0.112868 0.0197849 0.00114503 2.61404 
32 2.76 0.111951 0.0194714 0.00107577 2.57427 
32 2.76 0.110641 0.0191468 0.00107217 2.56199 
32 2.76 0.110697 0.0192142 0.00108685 2.58241 
32 2.76 0.110378 0.0188503 0.00101395 2.47356 
32 2.78 0.111059 0.0189945 0.00101458 2.4533 
32 2.78 0.109626 0.0187066 0.000994688 2.46372 
32 2.78 0.108754 0.0183209 0.000952319 2.39187 
32 2.78 0.110031 0.018817 0.0010221 2.47168 
32 2.78 0.108881 0.0184213 0.000979191 2.41867 
32 2.8 0.105407 0.0172414 0.000863314 2.24211 
32 2.8 0.105979 0.017519 0.00089906 2.29943 
32 2.8 0.105219 0.0171361 0.000841343 2.21808 
32 2.8 0.106299 0.0175793 0.000876529 2.2966 
32 2.8 0.105421 0.0173189 0.000865825 2.2694 
32 2.82 0.104124 0.0169116 0.000822851 2.20403 
32 2.82 0.102616 0.0164515 0.000783543 2.15016 
32 2.82 0.102857 0.0165625 0.000815813 2.17251 
32 2.82 0.103629 0.0166551 0.000788811 2.14828 
32 2.82 0.102842 0.0164251 0.00078313 2.12378 
32 2.84 0.0995717 0.0154671 0.000703612 2.00205 
32 2.84 0.0995809 0.0155551 0.000708473 2.03313 
32 2.84 0.100454 0.0157502 0.000711172 2.04051 
32 2.84 0.100468 0.0157572 0.000730619 2.04202 
32 2.84 0.101065 0.0159852 0.000758448 2.08087 
32 2.86 0.0982697 0.0150453 0.000652746 1.92927 
32 2.86 0.100031 0.0155586 0.00070274 1.98799 
32 2.86 0.0999904 0.0154119 0.000673376 1.93838 
32 2.86 0.0982902 0.0150704 0.000663427 1.93681 
32 2.86 0.099098 0.0152229 0.000670037 1.93431 
32 2.88 0.0959494 0.0144096 0.000613172 1.85008 
32 2.88 0.0965172 0.0145092 0.000618575 1.84663 
32 2.88 0.0969592 0.0145225 0.000600668 1.82094 
32 2.88 0.0943275 0.0139348 0.000572613 1.79096 
32 2.88 0.0954654 0.0142646 0.000592637 1.83146 
32 2.9 0.0933113 0.0136251 0.000549125 1.73661 
32 2.9 0.0948432 0.0141573 0.000595612 1.82274 
32 2.9 0.0934324 0.0135862 0.000533015 1.71487 
32 2.9 0.0922258 0.0132683 0.000510768 1.68172 
32 2.9 0.0942643 0.0139994 0.00058592 1.80564 
32 2.92 0.0921201 0.013241 0.000507376 1.66746 
32 2.92 0.0923264 0.0132624 0.000515396 1.66163 
32 2.92 0.0911074 0.0129052 0.000487648 1.61477 
32 2.92 0.0921955 0.0133359 0.000525325 1.69586 
32 2.92 0.0916881 0.0129679 0.000482063 1.59954 
32 2.94 0.0916238 0.0130533 0.000485444 1.62249 
32 2.94 0.0910572 0.0129844 0.000488105 1.63456 
32 2.94 0.0905416 0.0127684 0.000482025 1.59196 
32 2.94 0.0901033 0.0126961 0.000470556 1.59434 
32 2.94 0.0898939 0.0127327 0.000481944 1.62019 
32 2.96 0.0873902 0.0121256 0.000446408 1.55281 
32 2.96 0.0890826 0.0123966 0.000462638 1.54323 
32 2.96 0.0887076 0.0122462 0.000431708 1.51426 
32 2.96 0.0892211 0.0124547 0.000460957 1.55477 
32 2.96 0.0886484 0.0123006 0.000436688 1.53671 
32 2.98 0.0867008 0.0118923 0.000432839 1.50346 
32 2.98 0.0864186 0.0115901 0.000386848 1.41641 
32 2.98 0.0864635 0.0116107 0.000393497 1.42079 
32 2.98 0.0866854 0.0117904 0.000418177 1.46936 
32 2.98 0.0849203 0.0113144 0.000378907 1.40986 
32 3 0.0850205 0.0113199 0.000379676 1.39652 
32 3 0.0856971 0.0115622 0.000399933 1.43983 
32 3 0.0848764 0.011288 0.000377308 1.39402 
32 3 0.0846408 0.0111823 0.000366415 1.37156 
32 3 0.0855467 0.0113463 0.000368181 1.3749 
48 1.5 0.98658 0.973357 0.947492 0.0267551 
48 1.5 0.986476 0.973153 0.947093 0.0263851 
48 1.5 0.986477 0.973154 0.9471 0.0278458 
48 1.5 0.986475 0.973151 0.947091 0.0273883 
48 1.5 0.986447 0.973094 0.946981 0.0268587 
48 1.52 0.98523 0.970698 0.94233 0.0297535 
48 1.52 0.985299 0.970834 0.942595 0.0295439 
48 1.52 0.985312 0.97086 0.942647 0.0303564 
48 1.52 0.985343 0.970921 0.942765 0.0300238 
48 1.52 0.98536 0.970955 0.942831 0.0302656 
48 1.54 0.984008 0.968293 0.937677 0.0332266 
48 1.54 0.983965 0.968209 0.937515 0.0333318 
48 1.54 0.983968 0.968216 0.937528 0.0334544 
48 1.54 0.984033 0.968344 0.937776 0.033248 
48 1.54 0.984062 0.9684 0.937881 0.0318924 
48 1.56 0.982698 0.96572 0.932709 0.0362595 
48 1.56 0.982673 0.965671 0.932612 0.0352963 
48 1.56 0.982671 0.965666 0.932605 0.0357978 
48 1.56 0.982678 0.96568 0.93263 0.0350153 
48 1.56 0.982622 0.96557 0.932418 0.0352822 
48 1.58 0.981175 0.962731 0.926952 0.0384396 
48 1.58 0.981278 0.962933 0.927341 0.038643 
48 1.58 0.981229 0.962837 0.927159 0.0396056 
48 1.58 0.981211 0.962803 0.927093 0.0395112 
48 1.58 0.981189 0.962759 0.927007 0.0386862 
48 1.6 0.979651 0.959746 0.921225 0.0427902 
48 1.6 0.979573 0.959592 0.920929 0.0423977 
48 1.6 0.979616 0.959677 0.921095 0.0430869 
48 1.6 0.979705 0.959852 0.92143 0.0427121 
48 1.6 0.979581 0.959609 0.920964 0.0428673 
48 1.62 0.977965 0.956449 0.914922 0.0477324 
48 1.62 0.978008 0.956533 0.915082 0.0474273 
48 1.62 0.977915 0.956351 0.914734 0.0473177 
48 1.62 0.978026 0.956568 0.915151 0.0479144 
48 1.62 0.977927 0.956375 0.914783 0.0486279 
48 1.64 0.976108 0.952825 0.908016 0.0523184 
48 1.64 0.976126 0.952861 0.908089 0.0535535 
48 1.64 0.976293 0.953184 0.908696 0.0501543 
48 1.64 0.976057 0.952725 0.907827 0.052346 
48 1.64 0.976211 0.953024 0.908389 0.0499328 
48 1.66 0.97418 0.94907 0.900896 0.0592465 
48 1.66 0.974246 0.949196 0.901129 0.0571962 
48 1.66 0.974357 0.949413 0.901539 0.0564654 
48 1.66 0.974277 0.949258 0.901249 0.0583148 
48 1.66 0.974252 0.949207 0.901149 0.0568349 
48 1.68 0.972353 0.945515 0.89417 0.06199 
48 1.68 0.972365 0.945541 0.89422 0.0630892 
48 1.68 0.972233 0.945283 0.893732 0.0627792 
48 1.68 0.972313 0.945438 0.894021 0.0611691 
48 1.68 0.972156 0.945133 0.893451 0.0632669 
48 1.7 0.970113 0.94117 0.885995 0.069724 
48 1.7 0.970151 0.941244 0.886131 0.068523 
48 1.7 0.969989 0.940929 0.885538 0.0687968 
48 1.7 0.970059 0.941067 0.885801 0.0701905 
48 1.7 0.970061 0.941069 0.885797 0.0673671 
48 1.72 0.967742 0.936583 0.877401 0.0768648 
48 1.72 0.967743 0.936582 0.877395 0.075318 
48 1.72 0.967685 0.93647 0.877186 0.0755587 
48 1.72 0.967789 0.936672 0.87757 0.0773153 
48 1.72 0.967661 0.936426 0.877106 0.0765851 
48 1.74 0.965255 0.931781 0.86845 0.0835946 
48 1.74 0.965417 0.932094 0.869033 0.0836393 
48 1.74 0.965382 0.932024 0.8689 0.0821717 
48 1.74 0.965141 0.931561 0.868042 0.0840627 
48 1.74 0.965279 0.931826 0.86853 0.0823933 
48 1.76 0.962687 0.92684 0.859299 0.0947756 
48 1.76 0.962883 0.927212 0.859979 0.0909304 
48 1.76 0.962562 0.926597 0.858842 0.0925326 
48 1.76 0.962592 0.92665 0.858928 0.0879604 
48 1.76 0.962796 0.927047 0.859676 0.092534 
48 1.78 0.959826 0.921346 0.84917 0.103254 
48 1.78 0.959817 0.921328 0.849134 0.10203 
48 1.78 0.95984 0.921372 0.849218 0.103149 
48 1.78 0.9598 0.921295 0.849078 0.103329 
48 1.78 0.95986 0.921411 0.849288 0.102387 
48 1.8 0.95695 0.915842 0.839094 0.114752 
48 1.8 0.956925 0.915794 0.839002 0.113708 
48 1.8 0.956831 0.915613 0.838667 0.112153 
48 1.8 0.956915 0.915775 0.838968 0.113538 
48 1.8 0.957025 0.915986 0.839358 0.114819 
48 1.82 0.953747 0.909731 0.827969 0.125275 
48 1.82 0.953637 0.909527 0.827613 0.130456 
48 1.82 0.953593 0.909442 0.827453 0.129276 
48 1.82 0.953664 0.909577 0.827701 0.130023 
48 1.82 0.953806 0.909844 0.828175 0.125527 
48 1.84 0.950085 0.902775 0.815413 0.142912 
48 1.84 0.950217 0.903024 0.815854 0.139852 
48 1.84 0.950136 0.90287 0.815577 0.140484 
48 1.84 0.950246 0.903082 0.815966 0.142597 
48 1.84 0.950172 0.90294 0.815703 0.140671 
48 1.86 0.946305 0.895625 0.802612 0.162694 
48 1.86 0.946521 0.896027 0.803307 0.154189 
48 1.86 0.946404 0.895807 0.802916 0.155351 
48 1.86 0.946405 0.89581 0.802933 0.159244 
48 1.86 0.946432 0.895859 0.803009 0.155217 
48 1.88 0.942441 0.888337 0.789645 0.174322 
48 1.88 0.942636 0.888705 0.790296 0.17369 
48 1.88 0.942574 0.888586 0.790077 0.170932 
48 1.88 0.94262 0.888672 0.790233 0.172171 
48 1.88 0.942677 0.888781 0.790427 0.172353 
48 1.9 0.938319 0.880603 0.776023 0.194968 
48 1.9 0.938209 0.880396 0.775656 0.193724 
48 1.9 0.938236 0.88045 0.775764 0.198234 
48 1.9 0.938219 0.88042 0.775716 0.200084 
48 1.9 0.938279 0.880531 0.775904 0.197484 
48 1.92 0.933648 0.871887 0.760839 0.226722 
48 1.92 0.933683 0.871945 0.760916 0.217988 
48 1.92 0.933978 0.8725 0.761894 0.22126 
48 1.92 0.933585 0.871767 0.760618 0.222255 
48 1.92 0.933726 0.872036 0.76111 0.230867 
48 1.94 0.92894 0.863137 0.745719 0.247728 
48 1.94 0.92898 0.863214 0.745853 0.248305 
48 1.94 0.928673 0.862653 0.744922 0.261855 
48 1.94 0.928912 0.863097 0.745687 0.260836 
48 1.94 0.929025 0.863303 0.746031 0.257079 
48 1.96 0.9232 0.852546 0.72767 0.291278 
48 1.96 0.923616 0.853307 0.728946 0.283088 
48 1.96 0.923089 0.852345 0.72734 0.295961 
48 1.96 0.923203 0.852552 0.727684 0.292434 
48 1.96 0.923421 0.852955 0.728368 0.291514 
48 1.98 0.917545 0.842183 0.710249 0.341815 
48 1.98 0.917747 0.842547 0.710836 0.332952 
48 1.98 0.917783 0.842608 0.710929 0.329031 
48 1.98 0.917806 0.842652 0.71101 0.331204 
48 1.98 0.91762 0.84231 0.710427 0.328908 
48 2 0.911782 0.831669 0.692731 0.372176 
48 2 0.911436 0.831049 0.691731 0.383635 
48 2 0.911617 0.831369 0.692232 0.372187 
48 2 0.911283 0.830773 0.691282 0.387834 
48 2 0.911438 0.831051 0.691725 0.381231 
48 2.02 0.90454 0.81858 0.671319 0.441621 
48 2.02 0.904424 0.818379 0.671019 0.45261 
48 2.02 0.904284 0.818138 0.670658 0.465368 
48 2.02 0.904232 0.81802 0.670396 0.439695 
48 2.02 0.904339 0.818244 0.67085 0.472362 
48 2.04 0.897076 0.805197 0.649766 0.50924 
48 2.04 0.896484 0.80416 0.648175 0.538623 
48 2.04 0.896766 0.804653 0.648925 0.524599 
48 2.04 0.896627 0.804385 0.64844 0.503068 
48 2.04 0.897112 0.805272 0.649923 0.522546 
48 2.06 0.88865 0.79026 0.62623 0.628035 
48 2.06 0.888384 0.789776 0.625441 0.61509 
48 2.06 0.888119 0.78933 0.624808 0.643265 
48 2.06 0.888485 0.78997 0.625792 0.632115 
48 2.06 0.888389 0.789803 0.625538 0.63599 
48 2.08 0.879538 0.774263 0.601514 0.748034 
48 2.08 0.879426 0.774063 0.601196 0.745891 
48 2.08 0.879281 0.773805 0.600782 0.741414 
48 2.08 0.879332 0.773903 0.600963 0.75155 
48 2.08 0.87948 0.774173 0.601409 0.762577 
48 2.1 0.868276 0.754783 0.572242 0.965386 
48 2.1 0.868927 0.755906 0.573913 0.9567 
48 2.1 0.868788 0.755665 0.573564 0.957247 
48 2.1 0.868762 0.755645 0.573578 0.98345 
48 2.1 0.868853 0.75578 0.57374 0.958496 
48 2.12 0.856839 0.735316 0.543835 1.24218 
48 2.12 0.856703 0.735042 0.543355 1.19687 
48 2.12 0.856988 0.735539 0.544089 1.20758 
48 2.12 0.857204 0.735879 0.544536 1.17289 
48 2.12 0.85651 0.734731 0.542962 1.21832 
48 2.14 0.843642 0.713159 0.51242 1.53703 
48 2.14 0.843685 0.713301 0.512733 1.61178 
48 2.14 0.843927 0.713679 0.513229 1.57943 
48 2.14 0.843262 0.712607 0.511778 1.63222 
48 2.14 0.843448 0.712984 0.512356 1.70077 
48 2.16 0.827602 0.686843 0.476532 2.04505 
48 2.16 0.827411 0.686664 0.476484 2.19134 
48 2.16 0.827417 0.686583 0.476356 2.09443 
48 2.16 0.828034 0.687593 0.477638 2.08185 
48 2.16 0.827108 0.686131 0.475847 2.1577 
48 2.18 0.807637 0.655235 0.43596 3.12692 
48 2.18 0.808454 0.656468 0.437555 3.03372 
48 2.18 0.809296 0.65761 0.438753 2.80075 
48 2.18 0.807846 0.65561 0.436632 3.16543 
48 2.18 0.809931 0.658735 0.440349 2.90313 
48 2.2 0.784378 0.619866 0.393459 4.835 
48 2.2 0.78461 0.620486 0.394374 5.10239 
48 2.2 0.784961 0.620934 0.394785 4.99523 
48 2.2 0.784405 0.620064 0.393823 4.9992 
48 2.2 0.785078 0.620928 0.394565 4.79754 
48 2.22 0.753208 0.575556 0.344648 8.54561 
48 2.22 0.75324 0.575304 0.344347 8.23391 
48 2.22 0.75294 0.575204 0.344593 8.59943 
48 2.22 0.753115 0.575808 0.345285 8.95229 
48 2.22 0.753149 0.575406 0.344424 8.48179 
48 2.24 0.711339 0.519769 0.289294 14.1591 
48 2.24 0.712091 0.520677 0.289888 13.9932 
48 2.24 0.711413 0.520409 0.290412 14.7095 
48 2.24 0.714 0.523002 0.291973 13.5834 
48 2.24 0.713357 0.522197 0.291316 13.6992 
48 2.26 0.653134 0.45021 0.229081 24.0863 
48 2.26 0.654079 0.450141 0.22828 22.7558 
48 2.26 0.653646 0.450246 0.228736 23.4401 
48 2.26 0.651214 0.448497 0.228091 24.8928 
48 2.26 0.655788 0.453308 0.231603 23.7024 
48 2.28 0.579844 0.370323 0.168684 34.463 
48 2.28 0.584864 0.374651 0.171091 32.9282 
48 2.28 0.580036 0.370169 0.16876 34.0826 
48 2.28 0.578431 0.368464 0.167339 34.2382 
48 2.28 0.577257 0.368 0.167293 35.1399 
48 2.3 0.49612 0.287187 0.113851 41.1241 
48 2.3 0.499987 0.290118 0.114862 40.2001 
48 2.3 0.493082 0.284291 0.112306 41.2325 
48 2.3 0.491695 0.282993 0.111545 41.3006 
48 2.3 0.491046 0.282515 0.111325 41.4606 
48 2.32 0.408676 0.209145 0.0700679 41.8389 
48 2.32 0.41245 0.211756 0.0710929 41.3541 
48 2.32 0.410775 0.21097 0.0711757 41.9431 
48 2.32 0.414506 0.213661 0.0721779 41.5577 
48 2.32 0.408291 0.209176 0.0703048 42.1811 
48 2.34 0.340976 0.15512 0.0442631 38.2582 
48 2.34 0.341768 0.154842 0.0436102 37.4509 
48 2.34 0.341873 0.15439 0.0430526 36.9356 
48 2.34 0.34418 0.156818 0.0446181 37.7687 
48 2.34 0.344695 0.157125 0.0447481 37.7206 
48 2.36 0.289525 0.115979 0.0271696 31.3912 
48 2.36 0.286308 0.113808 0.0263321 31.08 
48 2.36 0.286474 0.114359 0.0266311 31.5255 
48 2.36 0.28337 0.112321 0.0260409 31.2626 
48 2.36 0.28612 0.11403 0.0264781 31.4027 
48 2.38 0.243995 0.0861141 0.0167678 25.7316 
48 2.38 0.244354 0.0859681 0.0164741 25.4208 
48 2.38 0.243954 0.0855409 0.0163828 25.1961 
48 2.38 0.244329 0.0859945 0.0166938 25.458 
48 2.38 0.242275 0.0851583 0.0165348 25.6163 
48 2.4 0.213373 0.0668084 0.0106606 20.4292 
48 2.4 0.212565 0.0667616 0.0107417 20.7146 
48 2.4 0.214657 0.0675378 0.0108607 20.6016 
48 2.4 0.211295 0.0659779 0.0104718 20.4792 
48 2.4 0.214103 0.0677651 0.0111084 21.0482 
48 2.42 0.189064 0.0536154 0.0073059 17.0134 
48 2.42 0.189207 0.0538902 0.00745234 17.2236 
48 2.42 0.185796 0.051874 0.00688626 16.5219 
48 2.42 0.186426 0.0523409 0.00702067 16.7434 
48 2.42 0.188345 0.0530167 0.00706046 16.7021 
48 2.44 0.171295 0.0445646 0.00518293 14.3741 
48 2.44 0.170991 0.0443426 0.00518133 14.2626 
48 2.44 0.169816 0.0435532 0.00492979 13.8955 
48 2.44 0.1715 0.044454 0.00516521 14.2033 
48 2.44 0.169985 0.0437888 0.00497164 14.0639 
48 2.46 0.153743 0.0359099 0.00340131 11.4946 
48 2.46 0.156004 0.0370068 0.0036877 11.8662 
48 2.46 0.155549 0.0372055 0.00375916 12.1849 
48 2.46 0.157382 0.0375591 0.00369354 11.979 
48 2.46 0.156059 0.0370006 0.00366482 11.8443 
48 2.48 0.141197 0.0306513 0.00258232 9.95417 
48 2.48 0.143629 0.031486 0.0027123 10.0862 
48 2.48 0.142941 0.0312802 0.00267073 10.0782 
48 2.48 0.143432 0.0314953 0.00265725 10.1475 
48 2.48 0.143059 0.0312674 0.00263193 10.0349 
48 2.5 0.133108 0.0272913 0.00207581 8.82302 
48 2.5 0.133603 0.0273786 0.00206447 8.78192 
48 2.5 0.132256 0.0269936 0.00205104 8.7571 
48 2.5 0.133671 0.0272631 0.00201065 8.65853 
48 2.5 0.13204 0.0271268 0.00207272 8.93241 
48 2.52 0.12492 0.0240895 0.00160428 7.75722 
48 2.52 0.124873 0.0239913 0.00160787 7.67819 
48 2.52 0.12427 0.0238069 0.00159364 7.64689 
48 2.52 0.123945 0.0238239 0.00162756 7.73628 
48 2.52 0.123416 0.0235818 0.00156117 7.63449 
48 2.54 0.117133 0.0214683 0.00133423 7.02835 
48 2.54 0.116409 0.0209653 0.00124094 6.72529 
48 2.54 0.115537 0.020836 0.00125499 6.79154 
48 2.54 0.116226 0.0210839 0.00128762 6.87163 
48 2.54 0.116973 0.021018 0.00122958 6.65379 
48 2.56 0.110777 0.019092 0.00104257 6.13848 
48 2.56 0.110185 0.0188308 0.00101486 6.02117 
48 2.56 0.110343 0.018829 0.00100668 5.98798 
48 2.56 0.110671 0.0188943 0.00101245 5.98168 
48 2.56 0.110263 0.0188557 0.00102718 6.02807 
48 2.58 0.104309 0.0170063 0.000847066 5.47058 
48 2.58 0.106043 0.0175313 0.000889672 5.61376 
48 2.58 0.105595 0.0172482 0.000845525 5.44563 
48 2.58 0.104932 0.01711 0.000842651 5.44677 
48 2.58 0.105067 0.0171058 0.000840606 5.41783 
48 2.6 0.099878 0.0155772 0.00070169 4.9639 
48 2.6 0.0986244 0.015181 0.000670133 4.83329 
48 2.6 0.0992852 0.0154622 0.000702532 4.96662 
48 2.6 0.100047 0.0155633 0.000697732 4.92157 
48 2.6 0.0993301 0.0153675 0.000680175 4.87478 
48 2.62 0.0940703 0.0138332 0.00055737 4.38288 
48 2.62 0.0964066 0.0144512 0.000608711 4.53499 
48 2.62 0.0926817 0.0134974 0.000539203 4.31557 
48 2.62 0.0960025 0.0143674 0.000599214 4.52963 
48 2.62 0.0954207 0.0142204 0.00059261 4.49836 
48 2.64 0.0925514 0.0132089 0.000496003 4.05223 
48 2.64 0.0919111 0.0132215 0.000510297 4.1663 
48 2.64 0.0911891 0.0129983 0.000490748 4.08687 
48 2.64 0.0907828 0.0128299 0.00048084 4.00436 
48 2.64 0.0912614 0.0129447 0.000484191 4.02856 
48 2.66 0.0878598 0.01199 0.000417245 3.69909 
48 2.66 0.0878507 0.0121257 0.000434896 3.81806 
48 2.66 0.0884132 0.0122397 0.000443737 3.83092 
48 2.66 0.0885837 0.0122285 0.000436792 3.79503 
48 2.66 0.0889175 0.0122654 0.000435808 3.77569 
48 2.68 0.0855758 0.0112774 0.000358676 3.39939 
48 2.68 0.0842056 0.011046 0.000354451 3.40045 
48 2.68 0.084254 0.0111336 0.000373635 3.46878 
48 2.68 0.0839638 0.0110121 0.00035161 3.40631 
48 2.68 0.0860246 0.0114314 0.000372343 3.46563 
48 2.7 0.0821008 0.0106302 0.000341557 3.31918 
48 2.7 0.0826246 0.0106161 0.000324797 3.23348 
48 2.7 0.0818234 0.0104128 0.000312296 3.17251 
48 2.7 0.0827953 0.010686 0.000333932 3.26906 
48 2.7 0.0819381 0.0105021 0.000323359 3.23264 
48 2.72 0.0787203 0.00977502 0.000284536 3.03089 
48 2.72 0.0786062 0.00978866 0.000294342 3.05766 
48 2.72 0.0793126 0.00980494 0.000278536 2.97695 
48 2.72 0.0799283 0.00988455 0.000279889 2.96133 
48 2.72 0.0802862 0.0100643 0.000296851 3.06498 
48 2.74 0.0762836 0.00912609 0.000246643 2.7807 
48 2.74 0.0761788 0.00915686 0.000254621 2.82 
48 2.74 0.0773961 0.00939809 0.000260955 2.86565 
48 2.74 0.0763882 0.00911372 0.000244774 2.75686 
48 2.74 0.0757433 0.00902361 0.00024518 2.76359 
48 2.76 0.073416 0.00842715 0.000204722 2.53544 
48 2.76 0.0744232 0.00862872 0.000218191 2.57941 
48 2.76 0.0749227 0.00879328 0.000231178 2.65449 
48 2.76 0.0749949 0.00873168 0.000220901 2.59404 
48 2.76 0.0751136 0.0087614 0.000222693 2.60397 
48 2.78 0.0719612 0.00806942 0.000187299 2.396 
48 2.78 0.0718198 0.00807743 0.000192341 2.41949 
48 2.78 0.0729366 0.00830411 0.000206617 2.47337 
48 2.78 0.0728612 0.00833677 0.000206551 2.50955 
48 2.78 0.072355 0.00824174 0.00020435 2.49171 
48 2.8 0.0701817 0.00768903 0.000174005 2.27402 
48 2.8 0.0701079 0.00770017 0.0001741 2.2917 
48 2.8 0.0705073 0.0077767 0.00017519 2.30846 
48 2.8 0.0697431 0.00762662 0.000171905 2.27316 
48 2.8 0.0705175 0.00779696 0.000177119 2.32395 
48 2.82 0.0690649 0.00748234 0.000162788 2.21607 
48 2.82 0.0691052 0.00743772 0.0001644 2.17506 
48 2.82 0.0687367 0.00741671 0.000163681 2.1994 
48 2.82 0.0689155 0.00738373 0.000158338 2.15235 
48 2.82 0.0694791 0.0074432 0.000159987 2.13722 
48 2.84 0.0676911 0.00713183 0.000149583 2.06852 
48 2.84 0.0663609 0.00695129 0.000142425 2.06672 
48 2.84 0.0671724 0.00700142 0.000143283 2.01948 
48 2.84 0.0673641 0.00708568 0.000147827 2.06692 
48 2.84 0.0671189 0.00702903 0.000146185 2.04771 
48 2.86 0.0654732 0.00670319 0.000131974 1.94668 
48 2.86 0.0655346 0.00673145 0.000132735 1.96296 
48 2.86 0.0653077 0.00669205 0.000132968 1.95514 
48 2.86 0.0653737 0.00668138 0.000131099 1.9396 
48 2.86 0.0660886 0.00685488 0.000137659 2.00365 
48 2.88 0.0637453 0.00639342 0.000121227 1.86396 
48 2.88 0.0639186 0.00637911 0.000120224 1.83482 
48 2.88 0.0644689 0.00649812 0.000125795 1.8735 
48 2.88 0.0633487 0.00627958 0.000117239 1.81322 
48 2.88 0.06446 0.00642976 0.000122484 1.81973 
48 2.9 0.0616144 0.00594331 0.00010551 1.70573 
48 2.9 0.0629381 0.00616718 0.000110666 1.75261 
48 2.9 0.0624472 0.0061 0.000110371 1.74814 
48 2.9 0.0631306 0.00622589 0.000116485 1.77997 
48 2.9 0.0626732 0.00610114 0.000107015 1.72658 
48 2.92 0.0613589 0.00594105 0.000106235 1.71707 
48 2.92 0.0611718 0.00585709 0.000102234 1.6689 
48 2.92 0.0609319 0.00578699 9.93284e-05 1.6367 
48 2.92 0.0610936 0.00585524 0.000101916 1.67499 
48 2.92 0.0611829 0.00586873 0.000103453 1.67701 
48 2.94 0.059905 0.00566871 9.58901e-05 1.63012 
48 2.94 0.0600909 0.00563563 9.3995e-05 1.58672 
48 2.94 0.0598648 0.00565173 9.3827e-05 1.62059 
48 2.94 0.0598996 0.00562963 9.3286e-05 1.6 
48 2.94 0.0608167 0.00580667 9.9216e-05 1.65199 
48 2.96 0.0590806 0.00545704 8.86619e-05 1.5307 
48 2.96 0.0585089 0.00537197 8.79247e-05 1.51681 
48 2.96 0.0586161 0.00539568 8.64368e-05 1.52549 
48 2.96 0.0592353 0.00549466 9.07421e-05 1.54573 
48 2.96 0.0581977 0.00535416 8.77414e-05 1.53121 
48 2.98 0.057462 0.00519916 8.10884e-05 1.46689 
48 2.98 0.0574109 0.00513757 7.70824e-05 1.4238 
48 2.98 0.0576069 0.00522053 8.19966e-05 1.47052 
48 2.98 0.0572935 0.00511186 7.60153e-05 1.41435 
48 2.98 0.0576131 0.00523129 8.26562e-05 1.47829 
48 3 0.0566487 0.00500633 7.3731e-05 1.38029 
48 3 0.0564405 0.00503395 7.68381e-05 1.41959 
48 3 0.0571593 0.00510568 7.76138e-05 1.41196 
48 3 0.0562307 0.00500531 7.63362e-05 1.41574 
48 3 0.0568187 0.0049967 7.12558e-05 1.35808 
64 1.5 0.986545 0.973282 0.947316 0.0274963 
64 1.5 0.986485 0.973163 0.947085 0.0271731 
64 1.5 0.986504 0.9732 0.947155 0.02629 
64 1.5 0.98653 0.973252 0.947258 0.0271499 
64 1.5 0.986441 0.973076 0.946917 0.0279196 
64 1.52 0.985399 0.971022 0.942928 0.0306471 
64 1.52 0.985269 0.970767 0.942431 0.0296477 
64 1.52 0.985288 0.970804 0.942502 0.029278 
64 1.52 0.985281 0.970789 0.942473 0.0294454 
64 1.52 0.985301 0.970829 0.942552 0.029623 
64 1.54 0.984041 0.968349 0.937747 0.032559 
64 1.54 0.984041 0.96835 0.937749 0.0327274 
64 1.54 0.984018 0.968304 0.93766 0.0324402 
64 1.54 0.984028 0.968323 0.937696 0.0328166 
64 1.54 0.983938 0.968147 0.937358 0.0341208 
64 1.56 0.98269 0.965693 0.932617 0.0361336 
64 1.56 0.982629 0.965574 0.932387 0.0365673 
64 1.56 0.982651 0.965617 0.93247 0.0367073 
64 1.56 0.982623 0.965561 0.93236 0.0357456 
64 1.56 0.982605 0.965527 0.932297 0.0366283 
64 1.58 0.981178 0.962726 0.926901 0.0405273 
64 1.58 0.981171 0.962712 0.926874 0.039771 
64 1.58 0.981169 0.962707 0.926864 0.0393653 
64 1.58 0.981163 0.962695 0.926841 0.039486 
64 1.58 0.981181 0.962732 0.92691 0.0390133 
64 1.6 0.97966 0.959751 0.921187 0.0428343 
64 1.6 0.979685 0.959799 0.921278 0.0431523 
64 1.6 0.979604 0.959641 0.920978 0.0439934 
64 1.6 0.979528 0.959491 0.920688 0.0431074 
64 1.6 0.979648 0.959727 0.921139 0.0420048 
64 1.62 0.977913 0.956332 0.914644 0.0475964 
64 1.62 0.977998 0.956499 0.914962 0.0472027 
64 1.62 0.977956 0.956417 0.914804 0.0467734 
64 1.62 0.977938 0.956382 0.914738 0.0475783 
64 1.62 0.977958 0.956421 0.914815 0.0483939 
64 1.64 0.976222 0.953031 0.908347 0.0516687 
64 1.64 0.976165 0.95292 0.908138 0.0528864 
64 1.64 0.976147 0.952883 0.908066 0.0521859 
64 1.64 0.976156 0.952902 0.908102 0.0529837 
64 1.64 0.976155 0.952899 0.908095 0.0517697 
64 1.66 0.974293 0.949269 0.901199 0.0567653 
64 1.66 0.97433 0.949343 0.901338 0.0563494 
64 1.66 0.97431 0.949303 0.90126 0.0548761 
64 1.66 0.974297 0.949279 0.901218 0.0573441 
64 1.66 0.974234 0.949156 0.900983 0.0564491 
64 1.68 0.972128 0.945058 0.893231 0.06258 
64 1.68 0.972202 0.945202 0.893503 0.0613271 
64 1.68 0.972195 0.945188 0.893476 0.0619746 
64 1.68 0.972252 0.945299 0.893685 0.0615099 
64 1.68 0.972126 0.945056 0.893228 0.0631186 
64 1.7 0.969992 0.940913 0.885426 0.069993 
64 1.7 0.969994 0.940917 0.885433 0.0685478 
64 1.7 0.970153 0.941225 0.886009 0.0670165 
64 1.7 0.970127 0.941176 0.88592 0.0691881 
64 1.7 0.970067 0.941058 0.8857 0.0698851 
64 1.72 0.967708 0.936491 0.877136 0.077587 
64 1.72 0.967757 0.936586 0.877315 0.0772813 
64 1.72 0.967843 0.936752 0.877625 0.0765469 
64 1.72 0.967735 0.936543 0.877233 0.076096 
64 1.72 0.967657 0.936393 0.876955 0.0780691 
64 1.74 0.965291 0.931821 0.868421 0.0824784 
64 1.74 0.965334 0.931906 0.868585 0.0861114 
64 1.74 0.965284 0.931808 0.868398 0.0837464 
64 1.74 0.965266 0.931774 0.868334 0.0827982 
64 1.74 0.965414 0.93206 0.868868 0.0837194 
64 1.76 0.962694 0.92682 0.859145 0.0942963 
64 1.76 0.962549 0.926541 0.858624 0.0921221 
64 1.76 0.962822 0.927063 0.859586 0.0880999 
64 1.76 0.962698 0.926828 0.859155 0.0918895 
64 1.76 0.96274 0.926908 0.859303 0.0909097 
64 1.78 0.959815 0.921288 0.848935 0.101803 
64 1.78 0.959898 0.921449 0.849231 0.102165 
64 1.78 0.959665 0.921003 0.848416 0.106029 
64 1.78 0.959823 0.921304 0.848962 0.100182 
64 1.78 0.959907 0.921466 0.849261 0.101299 
64 1.8 0.956739 0.915402 0.838147 0.11652 
64 1.8 0.956887 0.915684 0.838663 0.115608 
64 1.8 0.956816 0.915547 0.838406 0.112312 
64 1.8 0.956983 0.915865 0.83899 0.112656 
64 1.8 0.956872 0.915654 0.838606 0.114584 
64 1.82 0.953423 0.909073 0.826617 0.126802 
64 1.82 0.953635 0.909477 0.827352 0.126452 
64 1.82 0.953612 0.909432 0.827272 0.127774 
64 1.82 0.953554 0.909322 0.827071 0.12654 
64 1.82 0.953662 0.909525 0.827432 0.121588 
64 1.84 0.950319 0.90317 0.815943 0.140624 
64 1.84 0.950198 0.902939 0.815525 0.139345 
64 1.84 0.95025 0.903037 0.815702 0.139852 
64 1.84 0.950085 0.902725 0.815137 0.139231 
64 1.84 0.950116 0.902783 0.81524 0.138277 
64 1.86 0.94655 0.896027 0.803117 0.155295 
64 1.86 0.946593 0.89611 0.803271 0.159361 
64 1.86 0.946484 0.895903 0.802898 0.157836 
64 1.86 0.946452 0.895844 0.802794 0.158792 
64 1.86 0.946551 0.89603 0.803125 0.15762 
64 1.88 0.942586 0.88855 0.789815 0.180287 
64 1.88 0.94261 0.888596 0.789893 0.178761 
64 1.88 0.942616 0.888606 0.789909 0.17773 
64 1.88 0.942783 0.88892 0.790463 0.17449 
64 1.88 0.942399 0.888198 0.789187 0.17979 
64 1.9 0.938381 0.88065 0.775863 0.196643 
64 1.9 0.938324 0.880544 0.775678 0.197197 
64 1.9 0.938331 0.880558 0.77571 0.201034 
64 1.9 0.938334 0.880563 0.775716 0.199493 
64 1.9 0.938275 0.880449 0.775505 0.193012 
64 1.92 0.933759 0.872011 0.760768 0.223855 
64 1.92 0.933721 0.871944 0.760661 0.230516 
64 1.92 0.933708 0.871916 0.760599 0.222762 
64 1.92 0.933747 0.871989 0.760734 0.226712 
64 1.92 0.933638 0.871783 0.760366 0.22139 
64 1.94 0.928821 0.862827 0.744878 0.251112 
64 1.94 0.928789 0.862769 0.744783 0.253846 
64 1.94 0.928704 0.862612 0.744513 0.254819 
64 1.94 0.928742 0.862684 0.744644 0.258116 
64 1.94 0.928726 0.862651 0.744577 0.252456 
64 1.96 0.923343 0.852703 0.727581 0.295417 
64 1.96 0.923271 0.852566 0.727335 0.286908 
64 1.96 0.923558 0.853096 0.728233 0.284289 
64 1.96 0.923396 0.852799 0.727741 0.292536 
64 1.96 0.923496 0.852983 0.728051 0.290425 
64 1.98 0.91777 0.842459 0.710265 0.326146 
64 1.98 0.917692 0.842321 0.710046 0.335442 
64 1.98 0.917761 0.842442 0.710233 0.324288 
64 1.98 0.917597 0.842144 0.709738 0.329032 
64 1.98 0.917759 0.842442 0.710244 0.33143 
64 2 0.911294 0.830644 0.690588 0.384202 
64 2 0.911371 0.830786 0.690826 0.38647 
64 2 0.911553 0.831115 0.691368 0.382836 
64 2 0.91117 0.83042 0.690225 0.390102 
64 2 0.911473 0.830966 0.691109 0.375451 
64 2.02 0.904076 0.817582 0.669181 0.464546 
64 2.02 0.904271 0.81793 0.669732 0.452393 
64 2.02 0.904586 0.818495 0.670645 0.445053 
64 2.02 0.904626 0.818572 0.670786 0.453736 
64 2.02 0.904326 0.818029 0.669896 0.454562 
64 2.04 0.896901 0.804688 0.648338 0.514343 
64 2.04 0.896871 0.80464 0.64828 0.52649 
64 2.04 0.896727 0.804385 0.647877 0.531531 
64 2.04 0.896982 0.804842 0.648611 0.532161 
64 2.04 0.896615 0.804179 0.647531 0.522307 
64 2.06 0.888339 0.789472 0.624282 0.649357 
64 2.06 0.888671 0.790056 0.625183 0.634559 
64 2.06 0.888453 0.789678 0.624611 0.653912 
64 2.06 0.888489 0.789728 0.624652 0.627457 
64 2.06 0.888258 0.789334 0.624074 0.658996 
64 2.08 0.878692 0.772499 0.597967 0.786647 
64 2.08 0.879094 0.7732 0.599032 0.774147 
64 2.08 0.879402 0.773737 0.599852 0.76618 
64 2.08 0.87933 0.773601 0.599615 0.748761 
64 2.08 0.879297 0.773544 0.599528 0.749039 
64 2.1 0.868795 0.755286 0.571877 0.938768 
64 2.1 0.868296 0.754403 0.570499 0.907341 
64 2.1 0.86901 0.755645 0.572381 0.909305 
64 2.1 0.868745 0.75521 0.571794 0.959046 
64 2.1 0.868957 0.755568 0.572305 0.939795 
64 2.12 0.856949 0.734994 0.542021 1.22129 
64 2.12 0.856674 0.734505 0.541253 1.18623 
64 2.12 0.857009 0.735104 0.542191 1.23637 
64 2.12 0.857075 0.735183 0.542227 1.16963 
64 2.12 0.856861 0.734834 0.541756 1.20385 
64 2.14 0.843482 0.712266 0.509517 1.53929 
64 2.14 0.84337 0.712096 0.509332 1.57599 
64 2.14 0.843739 0.71271 0.510194 1.55928 
64 2.14 0.843719 0.712705 0.510257 1.61559 
64 2.14 0.843463 0.712273 0.509624 1.6119 
64 2.16 0.82712 0.685344 0.472781 2.30605 
64 2.16 0.827681 0.686156 0.473691 2.08665 
64 2.16 0.828288 0.68714 0.474985 2.04593 
64 2.16 0.827402 0.685755 0.473261 2.20173 
64 2.16 0.827844 0.686623 0.474525 2.45856 
64 2.18 0.808879 0.655907 0.434114 3.04679 
64 2.18 0.807914 0.654504 0.432575 3.34194 
64 2.18 0.808299 0.655058 0.433207 3.21461 
64 2.18 0.808924 0.655967 0.434191 3.02384 
64 2.18 0.808599 0.655458 0.433548 3.05512 
64 2.2 0.785384 0.619283 0.388852 4.57192 
64 2.2 0.783869 0.617161 0.386714 5.04649 
64 2.2 0.784604 0.618114 0.387596 4.67338 
64 2.2 0.78483 0.61869 0.388591 5.08621 
64 2.2 0.784944 0.618642 0.388237 4.6622 
64 2.22 0.753254 0.572155 0.336052 8.78783 
64 2.22 0.753163 0.571834 0.335497 8.44774 
64 2.22 0.754334 0.573279 0.336724 7.85827 
64 2.22 0.753906 0.573095 0.336985 8.70998 
64 2.22 0.75342 0.572435 0.336365 8.84419 
64 2.24 0.707045 0.510317 0.275012 19.0248 
64 2.24 0.709651 0.513007 0.276963 17.1913 
64 2.24 0.70941 0.512996 0.277053 17.7997 
64 2.24 0.708295 0.511791 0.276022 18.4858 
64 2.24 0.70942 0.5129 0.276892 17.596 
64 2.26 0.638209 0.428376 0.205866 38.1769 
64 2.26 0.639786 0.429728 0.206468 36.9753 
64 2.26 0.638483 0.429206 0.206817 39.0495 
64 2.26 0.640914 0.431202 0.207923 37.0296 
64 2.26 0.639294 0.429516 0.206619 37.7323 
64 2.28 0.547433 0.331578 0.136767 57.2979 
64 2.28 0.541512 0.326497 0.134115 59.7542 
64 2.28 0.544825 0.329444 0.13588 58.5832 
64 2.28 0.540134 0.325323 0.133304 60.3226 
64 2.28 0.543079 0.32817 0.135265 59.7082 
64 2.3 0.432039 0.226282 0.0765193 70.566 
64 2.3 0.432166 0.225943 0.0760891 69.7677 
64 2.3 0.43657 0.229281 0.0774424 68.8979 
64 2.3 0.43545 0.229023 0.077879 70.1783 
64 2.3 0.435964 0.228529 0.0770468 68.5001 
64 2.32 0.33954 0.151678 0.040967 64.2483 
64 2.32 0.335944 0.148991 0.0399103 63.792 
64 2.32 0.339805 0.151383 0.0408083 63.409 
64 2.32 0.337905 0.149557 0.0397675 62.458 
64 2.32 0.337278 0.149477 0.0396397 63.065 
64 2.34 0.264583 0.0985236 0.0203448 49.921 
64 2.34 0.267727 0.0996689 0.0205012 48.9968 
64 2.34 0.26571 0.0987841 0.020356 49.3311 
64 2.34 0.265564 0.0994517 0.0208718 50.6354 
64 2.34 0.265152 0.09897 0.0206405 50.1747 
64 2.36 0.213055 0.0668891 0.01065 37.3093 
64 2.36 0.219733 0.070259 0.0113601 38.142 
64 2.36 0.21546 0.0680036 0.0109117 37.455 
64 2.36 0.216344 0.0685687 0.0110451 37.7735 
64 2.36 0.215399 0.0679452 0.0108762 37.3994 
64 2.38 0.183614 0.0500486 0.00618045 28.1117 
64 2.38 0.18362 0.0503644 0.0063392 28.6514 
64 2.38 0.184708 0.0507813 0.00638625 28.6792 
64 2.38 0.183297 0.0501055 0.00625726 28.4098 
64 2.38 0.180746 0.0490473 0.00610846 28.1871 
64 2.4 0.158778 0.0379578 0.00376192 21.7557 
64 2.4 0.159412 0.0384801 0.00385369 22.3023 
64 2.4 0.157856 0.0377599 0.00375955 21.9158 
64 2.4 0.159063 0.0381955 0.00381464 22.0065 
64 2.4 0.159018 0.0383697 0.00385738 22.3281 
64 2.42 0.14134 0.0307167 0.00258446 18.1775 
64 2.42 0.143018 0.0310481 0.00259792 17.931 
64 2.42 0.14042 0.0304652 0.00257097 18.1906 
64 2.42 0.141958 0.0306369 0.0025151 17.7464 
64 2.42 0.142533 0.0309781 0.00256489 18.0469 
64 2.44 0.127116 0.024933 0.00170376 14.7298 
64 2.44 0.125491 0.0243328 0.00166699 14.411 
64 2.44 0.126886 0.0246761 0.00168446 14.3964 
64 2.44 0.127952 0.025036 0.00170436 14.5449 
64 2.44 0.126618 0.0246672 0.0017001 14.4958 
64 2.46 0.117108 0.0211489 0.00125495 12.379 
64 2.46 0.117295 0.0210579 0.00121341 12.1543 
64 2.46 0.114225 0.0203438 0.00119191 12.1489 
64 2.46 0.116229 0.0208439 0.00122189 12.2127 
64 2.46 0.11583 0.0207138 0.00119835 12.15 
64 2.48 0.106178 0.0174628 0.000861554 10.222 
64 2.48 0.107109 0.0177811 0.000889748 10.4197 
64 2.48 0.105284 0.0172434 0.000855198 10.1718 
64 2.48 0.105909 0.0174043 0.000862331 10.2194 
64 2.48 0.106867 0.017558 0.000873388 10.1367 
64 2.5 0.0996367 0.0154635 0.00069379 9.07026 
64 2.5 0.100088 0.0156411 0.000716582 9.21351 
64 2.5 0.0987391 0.0152457 0.000667453 9.0051 
64 2.5 0.0996568 0.0154124 0.000680325 8.98 
64 2.5 0.0983315 0.0150423 0.000649014 8.80341 
64 2.52 0.0920686 0.0131504 0.000502413 7.59666 
64 2.52 0.0938314 0.0136771 0.000537223 7.92021 
64 2.52 0.0927373 0.0134211 0.000523726 7.8358 
64 2.52 0.0933477 0.013462 0.000522783 7.71776 
64 2.52 0.09278 0.0135163 0.000531985 7.97772 
64 2.54 0.0873845 0.0118132 0.000402176 6.73606 
64 2.54 0.0884538 0.0121498 0.000423936 6.97565 
64 2.54 0.087322 0.0118944 0.000412705 6.88467 
64 2.54 0.0882871 0.0121204 0.000419511 6.9758 
64 2.54 0.0875141 0.0119319 0.000416494 6.89088 
64 2.56 0.0823354 0.0106645 0.000339054 6.21655 
64 2.56 0.0832426 0.0108225 0.000336667 6.22906 
64 2.56 0.0835097 0.0108345 0.000339133 6.17706 
64 2.56 0.0822445 0.010509 0.000318524 5.99171 
64 2.56 0.0828371 0.0106915 0.000333625 6.12718 
64 2.58 0.0787505 0.0096644 0.000272677 5.49746 
64 2.58 0.07832 0.00955232 0.000263853 5.42687 
64 2.58 0.0785641 0.00968261 0.000277089 5.57293 
64 2.58 0.079103 0.0096832 0.000267904 5.43897 
64 2.58 0.078858 0.00974391 0.00027906 5.59681 
64 2.6 0.0752595 0.00881312 0.000227193 4.96109 
64 2.6 0.0751775 0.00882705 0.000229169 5.00247 
64 2.6 0.0749254 0.00872952 0.000221506 4.90842 
64 2.6 0.0744051 0.0086668 0.000221884 4.93203 
64 2.6 0.0749765 0.00886625 0.000237874 5.11178 
64 2.62 0.071561 0.00797842 0.000184821 4.4672 
64 2.62 0.0714523 0.00802906 0.000192308 4.57067 
64 2.62 0.0714599 0.00802929 0.00019374 4.56935 
64 2.62 0.0711318 0.00788558 0.000181905 4.41781 
64 2.62 0.0709505 0.00793357 0.000187548 4.5331 
64 2.64 0.0685064 0.0073 0.000156471 4.04459 
64 2.64 0.0681332 0.00722452 0.000152422 4.00661 
64 2.64 0.0693475 0.00745264 0.000160459 4.10152 
64 2.64 0.0684904 0.00735668 0.000160506 4.13594 
64 2.64 0.0683947 0.00735454 0.000161674 4.15295 
64 2.66 0.0652238 0.00672254 0.000137304 3.80095 
64 2.66 0.0659474 0.00679737 0.000134671 3.77003 
64 2.66 0.0660966 0.00691288 0.000145181 3.91757 
64 2.66 0.0656971 0.00678999 0.000139341 3.80941 
64 2.66 0.066008 0.00682879 0.00013736 3.80611 
64 2.68 0.0632905 0.00626765 0.000115887 3.4571 
64 2.68 0.0637984 0.00635595 0.000119173 3.49338 
64 2.68 0.0634261 0.00629487 0.000117403 3.47242 
64 2.68 0.0638739 0.00637575 0.000121056 3.50892 
64 2.68 0.0629563 0.00611921 0.000109264 3.29471 
64 2.7 0.0620221 0.00596768 0.000102847 3.21754 
64 2.7 0.0611376 0.00587634 0.000102704 3.24423 
64 2.7 0.0614738 0.00595103 0.000106556 3.29501 
64 2.7 0.0618231 0.00601835 0.000109697 3.33179 
64 2.7 0.0617497 0.00592921 0.000103612 3.21032 
64 2.72 0.0591447 0.00548452 8.94183e-05 2.99132 
64 2.72 0.0592348 0.00548018 8.92821e-05 2.96873 
64 2.72 0.0595584 0.00559483 9.34335e-05 3.08348 
64 2.72 0.0592501 0.00554961 9.14028e-05 3.07054 
64 2.72 0.0591051 0.0054639 8.82907e-05 2.96733 
64 2.74 0.0575856 0.00517539 7.88448e-05 2.77942 
64 2.74 0.0572034 0.00511235 7.70657e-05 2.75078 
64 2.74 0.0574364 0.00518172 8.10055e-05 2.81454 
64 2.74 0.0575893 0.00518515 7.89804e-05 2.79339 
64 2.74 0.057257 0.00513428 7.83343e-05 2.77439 
64 2.76 0.0555769 0.00485188 7.13326e-05 2.61653 
64 2.76 0.0557542 0.00485346 6.9064e-05 2.58958 
64 2.76 0.0564041 0.0049662 7.20695e-05 2.64871 
64 2.76 0.0564065 0.00498861 7.42229e-05 2.68157 
64 2.76 0.0552659 0.0047815 6.86128e-05 2.56324 
64 2.78 0.054762 0.00467189 6.40151e-05 2.46499 
64 2.78 0.0541183 0.0046231 6.46059e-05 2.49636 
64 2.78 0.0538133 0.00452971 6.02787e-05 2.40727 
64 2.78 0.0543599 0.00465154 6.44286e-05 2.49964 
64 2.78 0.0545678 0.00470355 6.66743e-05 2.54292 
64 2.8 0.0524188 0.0042932 5.46119e-05 2.26079 
64 2.8 0.052479 0.00428076 5.35121e-05 2.23337 
64 2.8 0.0531978 0.00443833 5.76288e-05 2.35275 
64 2.8 0.0528048 0.00433874 5.50125e-05 2.26799 
64 2.8 0.0528538 0.00439675 5.78073e-05 2.34528 
64 2.82 0.0514391 0.00418956 5.2262e-05 2.24202 
64 2.82 0.0514803 0.00417516 5.1759e-05 2.21494 
64 2.82 0.0516975 0.00417098 5.16014e-05 2.17632 
64 2.82 0.0508008 0.00404117 4.85991e-05 2.12128 
64 2.82 0.0518971 0.00421555 5.27915e-05 2.21103 
64 2.84 0.0499594 0.00389333 4.44236e-05 2.01539 
64 2.84 0.0508527 0.00400595 4.70254e-05 2.04793 
64 2.84 0.0502678 0.00393418 4.57087e-05 2.02973 
64 2.84 0.0503863 0.00398288 4.71302e-05 2.08276 
64 2.84 0.04997 0.00391708 4.59156e-05 2.04811 
64 2.86 0.0493289 0.00380013 4.24975e-05 1.95747 
64 2.86 0.0493176 0.00379706 4.22738e-05 1.95467 
64 2.86 0.0490713 0.0037655 4.14812e-05 1.94418 
64 2.86 0.0496813 0.00384313 4.37191e-05 1.96908 
64 2.86 0.0493022 0.003798 4.2773e-05 1.9582 
64 2.88 0.0480516 0.0036164 3.9147e-05 1.85948 
64 2.88 0.047357 0.0035092 3.65625e-05 1.80126 
64 2.88 0.0473502 0.00352918 3.7444e-05 1.83059 
64 2.88 0.0478608 0.0036065 3.90126e-05 1.87142 
64 2.88 0.0479035 0.00361142 3.85105e-05 1.87261 
64 2.9 0.0461765 0.00339011 3.51548e-05 1.7766 
64 2.9 0.0466162 0.00341011 3.47678e-05 1.74721 
64 2.9 0.046728 0.00343085 3.50441e-05 1.76176 
64 2.9 0.0470977 0.00348157 3.60922e-05 1.78441 
64 2.9 0.0470501 0.00349565 3.67884e-05 1.81062 
64 2.92 0.0457605 0.00329597 3.31264e-05 1.68602 
64 2.92 0.0457882 0.00331019 3.24026e-05 1.7024 
64 2.92 0.0461326 0.00332488 3.25321e-05 1.6786 
64 2.92 0.0463405 0.0033516 3.27937e-05 1.68912 
64 2.92 0.0460531 0.00331613 3.28868e-05 1.67662 
64 2.94 0.0452653 0.00324166 3.21797e-05 1.66169 
64 2.94 0.0448513 0.00317563 3.07407e-05 1.62166 
64 2.94 0.0453228 0.00320772 3.02512e-05 1.60714 
64 2.94 0.0449765 0.00317886 3.03116e-05 1.6105 
64 2.94 0.0450896 0.00319879 3.05831e-05 1.62408 
64 2.96 0.0436124 0.00297343 2.63616e-05 1.48257 
64 2.96 0.044058 0.00308412 2.91451e-05 1.58168 
64 2.96 0.0438183 0.00302854 2.81365e-05 1.53392 
64 2.96 0.0439987 0.00301332 2.66778e-05 1.49093 
64 2.96 0.0438483 0.00300826 2.67547e-05 1.50221 
64 2.98 0.0425954 0.00283173 2.39506e-05 1.39836 
64 2.98 0.0433083 0.00294051 2.55718e-05 1.46371 
64 2.98 0.0436337 0.00297173 2.59653e-05 1.46773 
64 2.98 0.0433275 0.00295847 2.63662e-05 1.4861 
64 2.98 0.0431538 0.0029343 2.56915e-05 1.47353 
64 3 0.0426638 0.0028459 2.35957e-05 1.40043 
64 3 0.0423788 0.00281546 2.33658e-05 1.39195 
64 3 0.042695 0.00282989 2.30985e-05 1.37493 
64 3 0.043 0.00290125 2.57016e-05 1.43667 
64 3 0.0417063 0.00273156 2.21735e-05 1.35461 
