J: 7.31691 1.20283 -0.0675555 -0.000547103 
sizes nth step2 temp ene 
10 3 1024 1.5 -217.163 
10 3 1024 1.5 -217.289 
10 3 1024 1.5 -217.321 
10 3 1024 1.5 -217.254 
10 3 1024 1.5 -217.181 
10 3 1024 1.5 -217.26 
10 3 1024 1.5 -217.257 
10 3 1024 1.5 -217.409 
10 3 1024 1.5 -217.082 
10 3 1024 1.5 -217.15 
10 3 1024 1.5 -217.306 
10 3 1024 1.5 -217.224 
10 3 1024 1.5 -217.166 
10 3 1024 1.5 -217.593 
10 3 1024 1.5 -217.649 
10 3 1024 1.5 -217.377 
10 3 1024 1.5 -217.09 
10 3 1024 1.5 -217.313 
10 3 1024 1.5 -217.43 
10 3 1024 1.5 -217.505 
10 3 1024 1.5 -217.514 
10 3 1024 1.5 -216.881 
10 3 1024 1.5 -217.438 
10 3 1024 1.5 -217.117 
10 3 1024 1.5 -217.239 
10 3 1024 1.505 -217.146 
10 3 1024 1.505 -217.359 
10 3 1024 1.505 -217.267 
10 3 1024 1.505 -217.292 
10 3 1024 1.505 -217.235 
10 3 1024 1.505 -217.304 
10 3 1024 1.505 -217.24 
10 3 1024 1.505 -217.266 
10 3 1024 1.505 -217.35 
10 3 1024 1.505 -217.101 
10 3 1024 1.505 -217.354 
10 3 1024 1.505 -217.126 
10 3 1024 1.505 -216.866 
10 3 1024 1.505 -217.213 
10 3 1024 1.505 -217.342 
10 3 1024 1.505 -217.289 
10 3 1024 1.505 -217.408 
10 3 1024 1.505 -217.313 
10 3 1024 1.505 -217.338 
10 3 1024 1.505 -216.989 
10 3 1024 1.505 -217.076 
10 3 1024 1.505 -217.233 
10 3 1024 1.505 -217.251 
10 3 1024 1.505 -217.297 
10 3 1024 1.505 -217.32 
10 3 1024 1.51 -217.324 
10 3 1024 1.51 -217.113 
10 3 1024 1.51 -217.221 
10 3 1024 1.51 -216.982 
10 3 1024 1.51 -216.963 
10 3 1024 1.51 -217.474 
10 3 1024 1.51 -216.985 
10 3 1024 1.51 -217.028 
10 3 1024 1.51 -217.016 
10 3 1024 1.51 -217.184 
10 3 1024 1.51 -217.036 
10 3 1024 1.51 -217.038 
10 3 1024 1.51 -217.28 
10 3 1024 1.51 -217.387 
10 3 1024 1.51 -217.002 
10 3 1024 1.51 -216.828 
10 3 1024 1.51 -217.087 
10 3 1024 1.51 -217.056 
10 3 1024 1.51 -217.139 
10 3 1024 1.51 -217.18 
10 3 1024 1.51 -217.158 
10 3 1024 1.51 -217.179 
10 3 1024 1.51 -217.167 
10 3 1024 1.51 -217.035 
10 3 1024 1.51 -217.272 
10 3 1024 1.515 -216.916 
10 3 1024 1.515 -217.06 
10 3 1024 1.515 -217.218 
10 3 1024 1.515 -217.032 
10 3 1024 1.515 -217.086 
10 3 1024 1.515 -217.031 
10 3 1024 1.515 -217.102 
10 3 1024 1.515 -217.188 
10 3 1024 1.515 -217.323 
10 3 1024 1.515 -217.089 
10 3 1024 1.515 -217.156 
10 3 1024 1.515 -216.93 
10 3 1024 1.515 -217.091 
10 3 1024 1.515 -217.142 
10 3 1024 1.515 -216.774 
10 3 1024 1.515 -216.972 
10 3 1024 1.515 -217.212 
10 3 1024 1.515 -216.917 
10 3 1024 1.515 -216.978 
10 3 1024 1.515 -217.245 
10 3 1024 1.515 -217.171 
10 3 1024 1.515 -216.908 
10 3 1024 1.515 -216.742 
10 3 1024 1.515 -216.798 
10 3 1024 1.515 -217.065 
10 3 1024 1.52 -216.769 
10 3 1024 1.52 -216.855 
10 3 1024 1.52 -216.904 
10 3 1024 1.52 -216.896 
10 3 1024 1.52 -216.967 
10 3 1024 1.52 -217.107 
10 3 1024 1.52 -216.772 
10 3 1024 1.52 -216.853 
10 3 1024 1.52 -217.146 
10 3 1024 1.52 -217.452 
10 3 1024 1.52 -216.943 
10 3 1024 1.52 -217.017 
10 3 1024 1.52 -217.303 
10 3 1024 1.52 -216.989 
10 3 1024 1.52 -217.181 
10 3 1024 1.52 -217.018 
10 3 1024 1.52 -217.068 
10 3 1024 1.52 -216.746 
10 3 1024 1.52 -217.066 
10 3 1024 1.52 -216.502 
10 3 1024 1.52 -216.858 
10 3 1024 1.52 -216.834 
10 3 1024 1.52 -217.397 
10 3 1024 1.52 -217.112 
10 3 1024 1.52 -216.98 
10 3 1024 1.525 -216.759 
10 3 1024 1.525 -217.015 
10 3 1024 1.525 -217.132 
10 3 1024 1.525 -216.888 
10 3 1024 1.525 -216.929 
10 3 1024 1.525 -216.686 
10 3 1024 1.525 -216.934 
10 3 1024 1.525 -216.878 
10 3 1024 1.525 -216.786 
10 3 1024 1.525 -216.341 
10 3 1024 1.525 -216.558 
10 3 1024 1.525 -216.873 
10 3 1024 1.525 -216.911 
10 3 1024 1.525 -217.042 
10 3 1024 1.525 -216.821 
10 3 1024 1.525 -217.22 
10 3 1024 1.525 -217.014 
10 3 1024 1.525 -216.864 
10 3 1024 1.525 -216.866 
10 3 1024 1.525 -216.792 
10 3 1024 1.525 -216.815 
10 3 1024 1.525 -216.796 
10 3 1024 1.525 -217.075 
10 3 1024 1.525 -216.84 
10 3 1024 1.525 -217.026 
10 3 1024 1.53 -216.928 
10 3 1024 1.53 -217.151 
10 3 1024 1.53 -216.855 
10 3 1024 1.53 -216.818 
10 3 1024 1.53 -217.035 
10 3 1024 1.53 -216.925 
10 3 1024 1.53 -217.053 
10 3 1024 1.53 -216.616 
10 3 1024 1.53 -216.975 
10 3 1024 1.53 -216.588 
10 3 1024 1.53 -216.92 
10 3 1024 1.53 -217.188 
10 3 1024 1.53 -216.49 
10 3 1024 1.53 -216.722 
10 3 1024 1.53 -217.022 
10 3 1024 1.53 -216.839 
10 3 1024 1.53 -216.99 
10 3 1024 1.53 -216.932 
10 3 1024 1.53 -216.834 
10 3 1024 1.53 -217.123 
10 3 1024 1.53 -216.794 
10 3 1024 1.53 -216.686 
10 3 1024 1.53 -216.645 
10 3 1024 1.53 -217.165 
10 3 1024 1.53 -216.945 
10 3 1024 1.535 -216.695 
10 3 1024 1.535 -216.62 
10 3 1024 1.535 -216.997 
10 3 1024 1.535 -216.518 
10 3 1024 1.535 -216.56 
10 3 1024 1.535 -217.096 
10 3 1024 1.535 -216.364 
10 3 1024 1.535 -216.876 
10 3 1024 1.535 -216.678 
10 3 1024 1.535 -216.905 
10 3 1024 1.535 -216.778 
10 3 1024 1.535 -216.67 
10 3 1024 1.535 -216.927 
10 3 1024 1.535 -216.76 
10 3 1024 1.535 -216.89 
10 3 1024 1.535 -217.113 
10 3 1024 1.535 -217.027 
10 3 1024 1.535 -216.596 
10 3 1024 1.535 -216.798 
10 3 1024 1.535 -216.81 
10 3 1024 1.535 -217.016 
10 3 1024 1.535 -216.762 
10 3 1024 1.535 -216.786 
10 3 1024 1.535 -216.706 
10 3 1024 1.535 -216.861 
10 3 1024 1.54 -216.927 
10 3 1024 1.54 -216.84 
10 3 1024 1.54 -216.511 
10 3 1024 1.54 -216.852 
10 3 1024 1.54 -216.85 
10 3 1024 1.54 -216.734 
10 3 1024 1.54 -216.87 
10 3 1024 1.54 -216.825 
10 3 1024 1.54 -216.782 
10 3 1024 1.54 -216.961 
10 3 1024 1.54 -216.852 
10 3 1024 1.54 -216.867 
10 3 1024 1.54 -216.685 
10 3 1024 1.54 -216.818 
10 3 1024 1.54 -216.541 
10 3 1024 1.54 -216.974 
10 3 1024 1.54 -216.898 
10 3 1024 1.54 -216.77 
10 3 1024 1.54 -216.967 
10 3 1024 1.54 -216.763 
10 3 1024 1.54 -216.868 
10 3 1024 1.54 -216.56 
10 3 1024 1.54 -216.949 
10 3 1024 1.54 -216.75 
10 3 1024 1.54 -216.606 
10 3 1024 1.545 -216.653 
10 3 1024 1.545 -217.005 
10 3 1024 1.545 -216.944 
10 3 1024 1.545 -216.412 
10 3 1024 1.545 -216.636 
10 3 1024 1.545 -216.716 
10 3 1024 1.545 -216.778 
10 3 1024 1.545 -216.728 
10 3 1024 1.545 -216.767 
10 3 1024 1.545 -216.669 
10 3 1024 1.545 -216.557 
10 3 1024 1.545 -216.809 
10 3 1024 1.545 -216.64 
10 3 1024 1.545 -216.511 
10 3 1024 1.545 -216.516 
10 3 1024 1.545 -216.913 
10 3 1024 1.545 -216.674 
10 3 1024 1.545 -216.471 
10 3 1024 1.545 -216.867 
10 3 1024 1.545 -217.175 
10 3 1024 1.545 -216.529 
10 3 1024 1.545 -216.73 
10 3 1024 1.545 -217.257 
10 3 1024 1.545 -216.318 
10 3 1024 1.545 -216.416 
10 3 1024 1.55 -216.764 
10 3 1024 1.55 -216.713 
10 3 1024 1.55 -216.766 
10 3 1024 1.55 -216.584 
10 3 1024 1.55 -216.637 
10 3 1024 1.55 -217.003 
10 3 1024 1.55 -216.96 
10 3 1024 1.55 -216.536 
10 3 1024 1.55 -216.662 
10 3 1024 1.55 -216.89 
10 3 1024 1.55 -216.718 
10 3 1024 1.55 -216.794 
10 3 1024 1.55 -216.464 
10 3 1024 1.55 -216.797 
10 3 1024 1.55 -216.494 
10 3 1024 1.55 -216.632 
10 3 1024 1.55 -216.392 
10 3 1024 1.55 -216.701 
10 3 1024 1.55 -216.582 
10 3 1024 1.55 -216.667 
10 3 1024 1.55 -216.71 
10 3 1024 1.55 -216.784 
10 3 1024 1.55 -216.631 
10 3 1024 1.55 -216.811 
10 3 1024 1.55 -216.517 
10 3 1024 1.555 -216.409 
10 3 1024 1.555 -216.496 
10 3 1024 1.555 -216.4 
10 3 1024 1.555 -216.395 
10 3 1024 1.555 -216.592 
10 3 1024 1.555 -216.815 
10 3 1024 1.555 -216.256 
10 3 1024 1.555 -216.222 
10 3 1024 1.555 -216.438 
10 3 1024 1.555 -216.131 
10 3 1024 1.555 -216.262 
10 3 1024 1.555 -216.339 
10 3 1024 1.555 -216.469 
10 3 1024 1.555 -216.549 
10 3 1024 1.555 -216.744 
10 3 1024 1.555 -216.696 
10 3 1024 1.555 -216.5 
10 3 1024 1.555 -216.356 
10 3 1024 1.555 -216.723 
10 3 1024 1.555 -216.644 
10 3 1024 1.555 -216.672 
10 3 1024 1.555 -216.56 
10 3 1024 1.555 -216.199 
10 3 1024 1.555 -216.646 
10 3 1024 1.555 -216.85 
10 3 1024 1.56 -216.524 
10 3 1024 1.56 -216.639 
10 3 1024 1.56 -216.29 
10 3 1024 1.56 -216.308 
10 3 1024 1.56 -216.442 
10 3 1024 1.56 -216.627 
10 3 1024 1.56 -216.569 
10 3 1024 1.56 -216.508 
10 3 1024 1.56 -216.704 
10 3 1024 1.56 -216.65 
10 3 1024 1.56 -216.733 
10 3 1024 1.56 -216.409 
10 3 1024 1.56 -216.445 
10 3 1024 1.56 -216.479 
10 3 1024 1.56 -216.367 
10 3 1024 1.56 -216.395 
10 3 1024 1.56 -216.257 
10 3 1024 1.56 -217.054 
10 3 1024 1.56 -216.475 
10 3 1024 1.56 -216.657 
10 3 1024 1.56 -216.453 
10 3 1024 1.56 -217.021 
10 3 1024 1.56 -216.567 
10 3 1024 1.56 -216.43 
10 3 1024 1.56 -216.404 
10 3 1024 1.565 -216.53 
10 3 1024 1.565 -216.294 
10 3 1024 1.565 -216.34 
10 3 1024 1.565 -216.44 
10 3 1024 1.565 -216.498 
10 3 1024 1.565 -216.345 
10 3 1024 1.565 -216.651 
10 3 1024 1.565 -216.661 
10 3 1024 1.565 -216.506 
10 3 1024 1.565 -216.326 
10 3 1024 1.565 -216.54 
10 3 1024 1.565 -216.452 
10 3 1024 1.565 -216.372 
10 3 1024 1.565 -216.25 
10 3 1024 1.565 -216.525 
10 3 1024 1.565 -216.686 
10 3 1024 1.565 -216.399 
10 3 1024 1.565 -216.836 
10 3 1024 1.565 -216.671 
10 3 1024 1.565 -216.412 
10 3 1024 1.565 -216.626 
10 3 1024 1.565 -216.715 
10 3 1024 1.565 -216.317 
10 3 1024 1.565 -216.352 
10 3 1024 1.565 -216.44 
10 3 1024 1.57 -216.391 
10 3 1024 1.57 -216.268 
10 3 1024 1.57 -216.208 
10 3 1024 1.57 -216.566 
10 3 1024 1.57 -216.43 
10 3 1024 1.57 -216.027 
10 3 1024 1.57 -216.434 
10 3 1024 1.57 -216.362 
10 3 1024 1.57 -216.511 
10 3 1024 1.57 -216.213 
10 3 1024 1.57 -216.343 
10 3 1024 1.57 -216.216 
10 3 1024 1.57 -216.432 
10 3 1024 1.57 -216.253 
10 3 1024 1.57 -216.292 
10 3 1024 1.57 -216.097 
10 3 1024 1.57 -216.48 
10 3 1024 1.57 -216.653 
10 3 1024 1.57 -216.308 
10 3 1024 1.57 -216.425 
10 3 1024 1.57 -216.377 
10 3 1024 1.57 -216.156 
10 3 1024 1.57 -216.375 
10 3 1024 1.57 -216.328 
10 3 1024 1.57 -216.827 
10 3 1024 1.575 -216.138 
10 3 1024 1.575 -216.328 
10 3 1024 1.575 -216.229 
10 3 1024 1.575 -216.336 
10 3 1024 1.575 -216.147 
10 3 1024 1.575 -216.214 
10 3 1024 1.575 -216.385 
10 3 1024 1.575 -216.437 
10 3 1024 1.575 -216.375 
10 3 1024 1.575 -216.128 
10 3 1024 1.575 -216.279 
10 3 1024 1.575 -215.976 
10 3 1024 1.575 -216.271 
10 3 1024 1.575 -216.332 
10 3 1024 1.575 -216.404 
10 3 1024 1.575 -216.167 
10 3 1024 1.575 -216.188 
10 3 1024 1.575 -216.378 
10 3 1024 1.575 -216.437 
10 3 1024 1.575 -216.405 
10 3 1024 1.575 -216.547 
10 3 1024 1.575 -216.359 
10 3 1024 1.575 -216.087 
10 3 1024 1.575 -216.455 
10 3 1024 1.575 -216.163 
10 3 1024 1.58 -216.147 
10 3 1024 1.58 -216.18 
10 3 1024 1.58 -215.817 
10 3 1024 1.58 -216.435 
10 3 1024 1.58 -216.251 
10 3 1024 1.58 -216.923 
10 3 1024 1.58 -216.291 
10 3 1024 1.58 -216.374 
10 3 1024 1.58 -216.704 
10 3 1024 1.58 -216.117 
10 3 1024 1.58 -216.18 
10 3 1024 1.58 -215.998 
10 3 1024 1.58 -216.179 
10 3 1024 1.58 -216.187 
10 3 1024 1.58 -216.435 
10 3 1024 1.58 -216.286 
10 3 1024 1.58 -216.495 
10 3 1024 1.58 -216.228 
10 3 1024 1.58 -216.128 
10 3 1024 1.58 -216.335 
10 3 1024 1.58 -216.136 
10 3 1024 1.58 -216.273 
10 3 1024 1.58 -216.308 
10 3 1024 1.58 -216.201 
10 3 1024 1.58 -216.074 
10 3 1024 1.585 -216.299 
10 3 1024 1.585 -216.324 
10 3 1024 1.585 -215.801 
10 3 1024 1.585 -216.32 
10 3 1024 1.585 -216.232 
10 3 1024 1.585 -216.339 
10 3 1024 1.585 -216.291 
10 3 1024 1.585 -215.902 
10 3 1024 1.585 -216.497 
10 3 1024 1.585 -216.164 
10 3 1024 1.585 -215.825 
10 3 1024 1.585 -215.963 
10 3 1024 1.585 -216.205 
10 3 1024 1.585 -216.381 
10 3 1024 1.585 -216.229 
10 3 1024 1.585 -215.953 
10 3 1024 1.585 -216.579 
10 3 1024 1.585 -216.174 
10 3 1024 1.585 -216.242 
10 3 1024 1.585 -216.023 
10 3 1024 1.585 -216.317 
10 3 1024 1.585 -216.254 
10 3 1024 1.585 -216.064 
10 3 1024 1.585 -216.072 
10 3 1024 1.585 -216.033 
10 3 1024 1.59 -216.044 
10 3 1024 1.59 -216.325 
10 3 1024 1.59 -216.413 
10 3 1024 1.59 -216.253 
10 3 1024 1.59 -216.072 
10 3 1024 1.59 -215.806 
10 3 1024 1.59 -216.114 
10 3 1024 1.59 -216.457 
10 3 1024 1.59 -216.06 
10 3 1024 1.59 -215.918 
10 3 1024 1.59 -216.277 
10 3 1024 1.59 -215.778 
10 3 1024 1.59 -216.118 
10 3 1024 1.59 -215.745 
10 3 1024 1.59 -216.034 
10 3 1024 1.59 -215.934 
10 3 1024 1.59 -215.932 
10 3 1024 1.59 -216.084 
10 3 1024 1.59 -216.153 
10 3 1024 1.59 -215.691 
10 3 1024 1.59 -216.13 
10 3 1024 1.59 -215.954 
10 3 1024 1.59 -215.705 
10 3 1024 1.59 -216.437 
10 3 1024 1.59 -216.258 
10 3 1024 1.595 -215.713 
10 3 1024 1.595 -215.972 
10 3 1024 1.595 -215.873 
10 3 1024 1.595 -215.795 
10 3 1024 1.595 -215.951 
10 3 1024 1.595 -215.858 
10 3 1024 1.595 -216.057 
10 3 1024 1.595 -215.76 
10 3 1024 1.595 -215.777 
10 3 1024 1.595 -215.715 
10 3 1024 1.595 -215.898 
10 3 1024 1.595 -216.081 
10 3 1024 1.595 -215.799 
10 3 1024 1.595 -215.875 
10 3 1024 1.595 -216.101 
10 3 1024 1.595 -216.183 
10 3 1024 1.595 -215.666 
10 3 1024 1.595 -215.847 
10 3 1024 1.595 -215.716 
10 3 1024 1.595 -216.098 
10 3 1024 1.595 -216.206 
10 3 1024 1.595 -215.773 
10 3 1024 1.595 -216.244 
10 3 1024 1.595 -216.504 
10 3 1024 1.595 -216.058 
10 3 1024 1.6 -215.897 
10 3 1024 1.6 -215.834 
10 3 1024 1.6 -215.666 
10 3 1024 1.6 -215.838 
10 3 1024 1.6 -216.155 
10 3 1024 1.6 -216.149 
10 3 1024 1.6 -215.775 
10 3 1024 1.6 -215.614 
10 3 1024 1.6 -216.141 
10 3 1024 1.6 -216.193 
10 3 1024 1.6 -215.5 
10 3 1024 1.6 -215.871 
10 3 1024 1.6 -215.875 
10 3 1024 1.6 -215.844 
10 3 1024 1.6 -216.028 
10 3 1024 1.6 -215.988 
10 3 1024 1.6 -215.832 
10 3 1024 1.6 -215.802 
10 3 1024 1.6 -215.677 
10 3 1024 1.6 -216.121 
10 3 1024 1.6 -215.818 
10 3 1024 1.6 -215.568 
10 3 1024 1.6 -216.369 
10 3 1024 1.6 -215.982 
10 3 1024 1.6 -215.701 
10 3 1024 1.605 -215.812 
10 3 1024 1.605 -216.212 
10 3 1024 1.605 -215.885 
10 3 1024 1.605 -216.012 
10 3 1024 1.605 -215.95 
10 3 1024 1.605 -215.636 
10 3 1024 1.605 -215.806 
10 3 1024 1.605 -216.058 
10 3 1024 1.605 -215.813 
10 3 1024 1.605 -215.82 
10 3 1024 1.605 -215.805 
10 3 1024 1.605 -215.867 
10 3 1024 1.605 -215.916 
10 3 1024 1.605 -215.696 
10 3 1024 1.605 -215.916 
10 3 1024 1.605 -215.675 
10 3 1024 1.605 -215.937 
10 3 1024 1.605 -216.051 
10 3 1024 1.605 -215.859 
10 3 1024 1.605 -215.778 
10 3 1024 1.605 -215.255 
10 3 1024 1.605 -215.798 
10 3 1024 1.605 -215.704 
10 3 1024 1.605 -216.106 
10 3 1024 1.605 -215.828 
10 3 1024 1.61 -216.094 
10 3 1024 1.61 -215.662 
10 3 1024 1.61 -215.743 
10 3 1024 1.61 -215.609 
10 3 1024 1.61 -215.697 
10 3 1024 1.61 -216.006 
10 3 1024 1.61 -216.263 
10 3 1024 1.61 -215.975 
10 3 1024 1.61 -215.641 
10 3 1024 1.61 -215.634 
10 3 1024 1.61 -215.778 
10 3 1024 1.61 -215.699 
10 3 1024 1.61 -215.745 
10 3 1024 1.61 -215.689 
10 3 1024 1.61 -215.41 
10 3 1024 1.61 -215.588 
10 3 1024 1.61 -215.963 
10 3 1024 1.61 -215.592 
10 3 1024 1.61 -215.429 
10 3 1024 1.61 -215.668 
10 3 1024 1.61 -215.45 
10 3 1024 1.61 -215.678 
10 3 1024 1.61 -215.467 
10 3 1024 1.61 -216.107 
10 3 1024 1.61 -216.057 
10 3 1024 1.615 -215.77 
10 3 1024 1.615 -215.498 
10 3 1024 1.615 -215.968 
10 3 1024 1.615 -216.2 
10 3 1024 1.615 -215.733 
10 3 1024 1.615 -215.876 
10 3 1024 1.615 -215.529 
10 3 1024 1.615 -215.406 
10 3 1024 1.615 -215.714 
10 3 1024 1.615 -215.347 
10 3 1024 1.615 -215.527 
10 3 1024 1.615 -216.026 
10 3 1024 1.615 -216.114 
10 3 1024 1.615 -215.47 
10 3 1024 1.615 -215.674 
10 3 1024 1.615 -215.341 
10 3 1024 1.615 -215.498 
10 3 1024 1.615 -215.394 
10 3 1024 1.615 -215.524 
10 3 1024 1.615 -215.814 
10 3 1024 1.615 -215.411 
10 3 1024 1.615 -215.802 
10 3 1024 1.615 -215.567 
10 3 1024 1.615 -215.663 
10 3 1024 1.615 -215.498 
10 3 1024 1.62 -215.638 
10 3 1024 1.62 -215.562 
10 3 1024 1.62 -215.344 
10 3 1024 1.62 -215.936 
10 3 1024 1.62 -215.971 
10 3 1024 1.62 -215.672 
10 3 1024 1.62 -215.81 
10 3 1024 1.62 -215.386 
10 3 1024 1.62 -215.475 
10 3 1024 1.62 -215.561 
10 3 1024 1.62 -215.387 
10 3 1024 1.62 -215.903 
10 3 1024 1.62 -215.44 
10 3 1024 1.62 -215.389 
10 3 1024 1.62 -215.48 
10 3 1024 1.62 -215.73 
10 3 1024 1.62 -215.785 
10 3 1024 1.62 -215.386 
10 3 1024 1.62 -215.411 
10 3 1024 1.62 -215.554 
10 3 1024 1.62 -215.506 
10 3 1024 1.62 -215.6 
10 3 1024 1.62 -215.505 
10 3 1024 1.62 -215.677 
10 3 1024 1.62 -215.524 
10 3 1024 1.625 -215.795 
10 3 1024 1.625 -215.347 
10 3 1024 1.625 -215.217 
10 3 1024 1.625 -215.317 
10 3 1024 1.625 -215.865 
10 3 1024 1.625 -215.933 
10 3 1024 1.625 -215.565 
10 3 1024 1.625 -215.222 
10 3 1024 1.625 -215.292 
10 3 1024 1.625 -215.503 
10 3 1024 1.625 -215.507 
10 3 1024 1.625 -215.742 
10 3 1024 1.625 -215.418 
10 3 1024 1.625 -215.677 
10 3 1024 1.625 -215.696 
10 3 1024 1.625 -215.656 
10 3 1024 1.625 -215.587 
10 3 1024 1.625 -215.163 
10 3 1024 1.625 -215.743 
10 3 1024 1.625 -215.06 
10 3 1024 1.625 -215.499 
10 3 1024 1.625 -215.367 
10 3 1024 1.625 -215.449 
10 3 1024 1.625 -215.275 
10 3 1024 1.625 -215.624 
10 3 1024 1.63 -215.468 
10 3 1024 1.63 -215.392 
10 3 1024 1.63 -215.44 
10 3 1024 1.63 -215.372 
10 3 1024 1.63 -215.457 
10 3 1024 1.63 -215.67 
10 3 1024 1.63 -215.533 
10 3 1024 1.63 -215.291 
10 3 1024 1.63 -215.096 
10 3 1024 1.63 -215.584 
10 3 1024 1.63 -215.071 
10 3 1024 1.63 -215.214 
10 3 1024 1.63 -215.536 
10 3 1024 1.63 -215.366 
10 3 1024 1.63 -215.655 
10 3 1024 1.63 -215.429 
10 3 1024 1.63 -215.221 
10 3 1024 1.63 -215.924 
10 3 1024 1.63 -215.377 
10 3 1024 1.63 -215.725 
10 3 1024 1.63 -215.262 
10 3 1024 1.63 -215.555 
10 3 1024 1.63 -215.427 
10 3 1024 1.63 -215.712 
10 3 1024 1.63 -215.68 
10 3 1024 1.635 -215.353 
10 3 1024 1.635 -215.279 
10 3 1024 1.635 -215.108 
10 3 1024 1.635 -215.051 
10 3 1024 1.635 -215.175 
10 3 1024 1.635 -215.358 
10 3 1024 1.635 -215.28 
10 3 1024 1.635 -215.388 
10 3 1024 1.635 -215.385 
10 3 1024 1.635 -215.039 
10 3 1024 1.635 -215.377 
10 3 1024 1.635 -215.869 
10 3 1024 1.635 -215.083 
10 3 1024 1.635 -215.156 
10 3 1024 1.635 -214.991 
10 3 1024 1.635 -215.601 
10 3 1024 1.635 -215.221 
10 3 1024 1.635 -215.282 
10 3 1024 1.635 -215.462 
10 3 1024 1.635 -215.395 
10 3 1024 1.635 -215.529 
10 3 1024 1.635 -214.873 
10 3 1024 1.635 -215.37 
10 3 1024 1.635 -215.529 
10 3 1024 1.635 -215.241 
10 3 1024 1.64 -215.196 
10 3 1024 1.64 -215.242 
10 3 1024 1.64 -214.983 
10 3 1024 1.64 -215.33 
10 3 1024 1.64 -215.458 
10 3 1024 1.64 -215.376 
10 3 1024 1.64 -215.181 
10 3 1024 1.64 -214.954 
10 3 1024 1.64 -215.506 
10 3 1024 1.64 -215.017 
10 3 1024 1.64 -215.702 
10 3 1024 1.64 -215.367 
10 3 1024 1.64 -215.808 
10 3 1024 1.64 -215.174 
10 3 1024 1.64 -215.627 
10 3 1024 1.64 -215.003 
10 3 1024 1.64 -215.364 
10 3 1024 1.64 -215.279 
10 3 1024 1.64 -215.364 
10 3 1024 1.64 -215.433 
10 3 1024 1.64 -215.366 
10 3 1024 1.64 -215.322 
10 3 1024 1.64 -215.395 
10 3 1024 1.64 -215.147 
10 3 1024 1.64 -215.535 
10 3 1024 1.645 -215.366 
10 3 1024 1.645 -214.955 
10 3 1024 1.645 -215.301 
10 3 1024 1.645 -215.109 
10 3 1024 1.645 -215.208 
10 3 1024 1.645 -214.99 
10 3 1024 1.645 -215.359 
10 3 1024 1.645 -215.341 
10 3 1024 1.645 -215.404 
10 3 1024 1.645 -215.451 
10 3 1024 1.645 -214.959 
10 3 1024 1.645 -215.353 
10 3 1024 1.645 -215.285 
10 3 1024 1.645 -215.175 
10 3 1024 1.645 -215.322 
10 3 1024 1.645 -215.102 
10 3 1024 1.645 -214.789 
10 3 1024 1.645 -214.972 
10 3 1024 1.645 -214.903 
10 3 1024 1.645 -215.481 
10 3 1024 1.645 -215.435 
10 3 1024 1.645 -215.299 
10 3 1024 1.645 -214.802 
10 3 1024 1.645 -215.179 
10 3 1024 1.645 -215.319 
10 3 1024 1.65 -214.951 
10 3 1024 1.65 -215.315 
10 3 1024 1.65 -215.215 
10 3 1024 1.65 -215.112 
10 3 1024 1.65 -215.308 
10 3 1024 1.65 -215.161 
10 3 1024 1.65 -215.28 
10 3 1024 1.65 -214.812 
10 3 1024 1.65 -215.439 
10 3 1024 1.65 -215.007 
10 3 1024 1.65 -215.129 
10 3 1024 1.65 -214.608 
10 3 1024 1.65 -214.85 
10 3 1024 1.65 -215.041 
10 3 1024 1.65 -214.998 
10 3 1024 1.65 -214.783 
10 3 1024 1.65 -214.915 
10 3 1024 1.65 -214.796 
10 3 1024 1.65 -215.149 
10 3 1024 1.65 -214.627 
10 3 1024 1.65 -215.117 
10 3 1024 1.65 -215.189 
10 3 1024 1.65 -214.891 
10 3 1024 1.65 -215.28 
10 3 1024 1.65 -214.966 
10 3 1024 1.655 -215.116 
10 3 1024 1.655 -215.134 
10 3 1024 1.655 -215 
10 3 1024 1.655 -215.083 
10 3 1024 1.655 -214.971 
10 3 1024 1.655 -214.87 
10 3 1024 1.655 -214.905 
10 3 1024 1.655 -214.374 
10 3 1024 1.655 -215.16 
10 3 1024 1.655 -214.707 
10 3 1024 1.655 -215.086 
10 3 1024 1.655 -215.107 
10 3 1024 1.655 -214.999 
10 3 1024 1.655 -214.878 
10 3 1024 1.655 -215.079 
10 3 1024 1.655 -214.92 
10 3 1024 1.655 -215.131 
10 3 1024 1.655 -215.123 
10 3 1024 1.655 -215.118 
10 3 1024 1.655 -215.017 
10 3 1024 1.655 -215.236 
10 3 1024 1.655 -214.96 
10 3 1024 1.655 -215.3 
10 3 1024 1.655 -214.615 
10 3 1024 1.655 -215.039 
10 3 1024 1.66 -214.658 
10 3 1024 1.66 -214.515 
10 3 1024 1.66 -214.484 
10 3 1024 1.66 -214.752 
10 3 1024 1.66 -214.443 
10 3 1024 1.66 -214.67 
10 3 1024 1.66 -214.738 
10 3 1024 1.66 -214.829 
10 3 1024 1.66 -215.067 
10 3 1024 1.66 -215.159 
10 3 1024 1.66 -215.055 
10 3 1024 1.66 -214.739 
10 3 1024 1.66 -215.003 
10 3 1024 1.66 -215.063 
10 3 1024 1.66 -215.002 
10 3 1024 1.66 -214.634 
10 3 1024 1.66 -215.321 
10 3 1024 1.66 -215.11 
10 3 1024 1.66 -214.907 
10 3 1024 1.66 -215.273 
10 3 1024 1.66 -214.545 
10 3 1024 1.66 -215.3 
10 3 1024 1.66 -215.218 
10 3 1024 1.66 -215.108 
10 3 1024 1.66 -214.935 
10 3 1024 1.665 -214.822 
10 3 1024 1.665 -214.817 
10 3 1024 1.665 -214.604 
10 3 1024 1.665 -215.059 
10 3 1024 1.665 -214.831 
10 3 1024 1.665 -214.854 
10 3 1024 1.665 -214.795 
10 3 1024 1.665 -214.693 
10 3 1024 1.665 -214.918 
10 3 1024 1.665 -214.887 
10 3 1024 1.665 -215.081 
10 3 1024 1.665 -214.932 
10 3 1024 1.665 -215.142 
10 3 1024 1.665 -214.659 
10 3 1024 1.665 -214.85 
10 3 1024 1.665 -215.087 
10 3 1024 1.665 -214.833 
10 3 1024 1.665 -214.539 
10 3 1024 1.665 -214.591 
10 3 1024 1.665 -214.804 
10 3 1024 1.665 -214.63 
10 3 1024 1.665 -215.038 
10 3 1024 1.665 -215.071 
10 3 1024 1.665 -214.655 
10 3 1024 1.665 -215.049 
10 3 1024 1.67 -214.579 
10 3 1024 1.67 -215.079 
10 3 1024 1.67 -214.983 
10 3 1024 1.67 -214.951 
10 3 1024 1.67 -214.85 
10 3 1024 1.67 -214.742 
10 3 1024 1.67 -214.845 
10 3 1024 1.67 -215.011 
10 3 1024 1.67 -215.133 
10 3 1024 1.67 -214.854 
10 3 1024 1.67 -214.556 
10 3 1024 1.67 -214.797 
10 3 1024 1.67 -214.546 
10 3 1024 1.67 -214.752 
10 3 1024 1.67 -214.577 
10 3 1024 1.67 -215.51 
10 3 1024 1.67 -214.756 
10 3 1024 1.67 -214.864 
10 3 1024 1.67 -214.594 
10 3 1024 1.67 -214.371 
10 3 1024 1.67 -214.457 
10 3 1024 1.67 -214.506 
10 3 1024 1.67 -214.306 
10 3 1024 1.67 -214.804 
10 3 1024 1.67 -214.913 
10 3 1024 1.675 -214.286 
10 3 1024 1.675 -214.612 
10 3 1024 1.675 -214.615 
10 3 1024 1.675 -214.163 
10 3 1024 1.675 -214.441 
10 3 1024 1.675 -214.245 
10 3 1024 1.675 -214.942 
10 3 1024 1.675 -214.416 
10 3 1024 1.675 -214.701 
10 3 1024 1.675 -214.76 
10 3 1024 1.675 -214.808 
10 3 1024 1.675 -214.449 
10 3 1024 1.675 -214.611 
10 3 1024 1.675 -214.843 
10 3 1024 1.675 -214.414 
10 3 1024 1.675 -214.415 
10 3 1024 1.675 -214.752 
10 3 1024 1.675 -214.267 
10 3 1024 1.675 -214.877 
10 3 1024 1.675 -214.751 
10 3 1024 1.675 -215.067 
10 3 1024 1.675 -214.805 
10 3 1024 1.675 -214.806 
10 3 1024 1.675 -214.686 
10 3 1024 1.675 -214.742 
10 3 1024 1.68 -214.866 
10 3 1024 1.68 -214.455 
10 3 1024 1.68 -214.855 
10 3 1024 1.68 -214.537 
10 3 1024 1.68 -214.83 
10 3 1024 1.68 -214.264 
10 3 1024 1.68 -214.313 
10 3 1024 1.68 -214.542 
10 3 1024 1.68 -214.199 
10 3 1024 1.68 -214.473 
10 3 1024 1.68 -214.519 
10 3 1024 1.68 -214.355 
10 3 1024 1.68 -214.631 
10 3 1024 1.68 -214.614 
10 3 1024 1.68 -215.078 
10 3 1024 1.68 -214.692 
10 3 1024 1.68 -214.53 
10 3 1024 1.68 -214.627 
10 3 1024 1.68 -214.04 
10 3 1024 1.68 -214.783 
10 3 1024 1.68 -214.771 
10 3 1024 1.68 -214.622 
10 3 1024 1.68 -214.512 
10 3 1024 1.68 -214.467 
10 3 1024 1.68 -214.388 
10 3 1024 1.685 -214.063 
10 3 1024 1.685 -214.415 
10 3 1024 1.685 -214.769 
10 3 1024 1.685 -214.054 
10 3 1024 1.685 -214.323 
10 3 1024 1.685 -214.473 
10 3 1024 1.685 -214.142 
10 3 1024 1.685 -214.494 
10 3 1024 1.685 -214.535 
10 3 1024 1.685 -214.818 
10 3 1024 1.685 -214.256 
10 3 1024 1.685 -214.463 
10 3 1024 1.685 -214.512 
10 3 1024 1.685 -214.173 
10 3 1024 1.685 -214.456 
10 3 1024 1.685 -214.761 
10 3 1024 1.685 -214.349 
10 3 1024 1.685 -214.254 
10 3 1024 1.685 -214.507 
10 3 1024 1.685 -214.841 
10 3 1024 1.685 -214.463 
10 3 1024 1.685 -214.764 
10 3 1024 1.685 -214.818 
10 3 1024 1.685 -214.572 
10 3 1024 1.685 -214.256 
10 3 1024 1.69 -214.422 
10 3 1024 1.69 -213.99 
10 3 1024 1.69 -214.384 
10 3 1024 1.69 -214.649 
10 3 1024 1.69 -213.766 
10 3 1024 1.69 -214.162 
10 3 1024 1.69 -214.267 
10 3 1024 1.69 -214.316 
10 3 1024 1.69 -214.406 
10 3 1024 1.69 -214.292 
10 3 1024 1.69 -214.085 
10 3 1024 1.69 -214.04 
10 3 1024 1.69 -214.282 
10 3 1024 1.69 -214.18 
10 3 1024 1.69 -214.783 
10 3 1024 1.69 -213.918 
10 3 1024 1.69 -214.049 
10 3 1024 1.69 -214.349 
10 3 1024 1.69 -213.958 
10 3 1024 1.69 -213.946 
10 3 1024 1.69 -214.162 
10 3 1024 1.69 -214.389 
10 3 1024 1.69 -214.251 
10 3 1024 1.69 -214.302 
10 3 1024 1.69 -214.254 
10 3 1024 1.695 -214.162 
10 3 1024 1.695 -213.762 
10 3 1024 1.695 -214.102 
10 3 1024 1.695 -214.452 
10 3 1024 1.695 -214.13 
10 3 1024 1.695 -214.325 
10 3 1024 1.695 -214.304 
10 3 1024 1.695 -214.686 
10 3 1024 1.695 -214.379 
10 3 1024 1.695 -213.976 
10 3 1024 1.695 -214.504 
10 3 1024 1.695 -214.572 
10 3 1024 1.695 -214.136 
10 3 1024 1.695 -213.989 
10 3 1024 1.695 -214.318 
10 3 1024 1.695 -214.182 
10 3 1024 1.695 -214.404 
10 3 1024 1.695 -214.207 
10 3 1024 1.695 -214.08 
10 3 1024 1.695 -213.768 
10 3 1024 1.695 -214.813 
10 3 1024 1.695 -213.924 
10 3 1024 1.695 -214.34 
10 3 1024 1.695 -214.118 
10 3 1024 1.695 -214.453 
10 3 1024 1.7 -214.237 
10 3 1024 1.7 -214.112 
10 3 1024 1.7 -213.687 
10 3 1024 1.7 -214.013 
10 3 1024 1.7 -214.042 
10 3 1024 1.7 -213.96 
10 3 1024 1.7 -214.34 
10 3 1024 1.7 -214.371 
10 3 1024 1.7 -214.166 
10 3 1024 1.7 -214.07 
10 3 1024 1.7 -214.115 
10 3 1024 1.7 -214.192 
10 3 1024 1.7 -214.093 
10 3 1024 1.7 -214.129 
10 3 1024 1.7 -213.968 
10 3 1024 1.7 -214.219 
10 3 1024 1.7 -214.369 
10 3 1024 1.7 -213.867 
10 3 1024 1.7 -213.81 
10 3 1024 1.7 -213.904 
10 3 1024 1.7 -214.093 
10 3 1024 1.7 -214.182 
10 3 1024 1.7 -214.13 
10 3 1024 1.7 -214.119 
10 3 1024 1.7 -214.294 
10 3 1024 1.705 -213.5 
10 3 1024 1.705 -214.298 
10 3 1024 1.705 -214.286 
10 3 1024 1.705 -214.273 
10 3 1024 1.705 -213.73 
10 3 1024 1.705 -214.22 
10 3 1024 1.705 -213.815 
10 3 1024 1.705 -213.775 
10 3 1024 1.705 -214.328 
10 3 1024 1.705 -213.684 
10 3 1024 1.705 -214.201 
10 3 1024 1.705 -213.784 
10 3 1024 1.705 -213.991 
10 3 1024 1.705 -213.821 
10 3 1024 1.705 -214.064 
10 3 1024 1.705 -213.81 
10 3 1024 1.705 -213.879 
10 3 1024 1.705 -213.958 
10 3 1024 1.705 -214.043 
10 3 1024 1.705 -214.22 
10 3 1024 1.705 -214.04 
10 3 1024 1.705 -214.638 
10 3 1024 1.705 -213.914 
10 3 1024 1.705 -214.444 
10 3 1024 1.705 -214.291 
10 3 1024 1.71 -213.908 
10 3 1024 1.71 -213.492 
10 3 1024 1.71 -213.569 
10 3 1024 1.71 -213.98 
10 3 1024 1.71 -213.81 
10 3 1024 1.71 -214.296 
10 3 1024 1.71 -213.943 
10 3 1024 1.71 -213.418 
10 3 1024 1.71 -214.204 
10 3 1024 1.71 -213.874 
10 3 1024 1.71 -213.928 
10 3 1024 1.71 -214.025 
10 3 1024 1.71 -214.215 
10 3 1024 1.71 -213.763 
10 3 1024 1.71 -213.656 
10 3 1024 1.71 -213.435 
10 3 1024 1.71 -213.428 
10 3 1024 1.71 -214.293 
10 3 1024 1.71 -213.608 
10 3 1024 1.71 -214.112 
10 3 1024 1.71 -214.243 
10 3 1024 1.71 -213.881 
10 3 1024 1.71 -214.208 
10 3 1024 1.71 -213.853 
10 3 1024 1.71 -213.814 
10 3 1024 1.715 -213.668 
10 3 1024 1.715 -213.896 
10 3 1024 1.715 -213.714 
10 3 1024 1.715 -213.708 
10 3 1024 1.715 -213.85 
10 3 1024 1.715 -213.656 
10 3 1024 1.715 -214.218 
10 3 1024 1.715 -213.966 
10 3 1024 1.715 -214.065 
10 3 1024 1.715 -213.846 
10 3 1024 1.715 -213.934 
10 3 1024 1.715 -213.351 
10 3 1024 1.715 -213.974 
10 3 1024 1.715 -213.762 
10 3 1024 1.715 -213.334 
10 3 1024 1.715 -213.672 
10 3 1024 1.715 -213.782 
10 3 1024 1.715 -213.988 
10 3 1024 1.715 -214.086 
10 3 1024 1.715 -214.283 
10 3 1024 1.715 -214.433 
10 3 1024 1.715 -213.992 
10 3 1024 1.715 -213.553 
10 3 1024 1.715 -213.744 
10 3 1024 1.715 -213.925 
10 3 1024 1.72 -213.876 
10 3 1024 1.72 -213.343 
10 3 1024 1.72 -213.971 
10 3 1024 1.72 -213.64 
10 3 1024 1.72 -213.713 
10 3 1024 1.72 -214.196 
10 3 1024 1.72 -213.378 
10 3 1024 1.72 -213.543 
10 3 1024 1.72 -213.573 
10 3 1024 1.72 -213.762 
10 3 1024 1.72 -213.622 
10 3 1024 1.72 -213.501 
10 3 1024 1.72 -213.233 
10 3 1024 1.72 -213.633 
10 3 1024 1.72 -213.881 
10 3 1024 1.72 -213.806 
10 3 1024 1.72 -213.839 
10 3 1024 1.72 -214.179 
10 3 1024 1.72 -213.77 
10 3 1024 1.72 -214.059 
10 3 1024 1.72 -213.718 
10 3 1024 1.72 -213.77 
10 3 1024 1.72 -213.726 
10 3 1024 1.72 -213.204 
10 3 1024 1.72 -213.817 
10 3 1024 1.725 -213.256 
10 3 1024 1.725 -213.828 
10 3 1024 1.725 -213.266 
10 3 1024 1.725 -212.942 
10 3 1024 1.725 -213.658 
10 3 1024 1.725 -213.443 
10 3 1024 1.725 -213.408 
10 3 1024 1.725 -213.802 
10 3 1024 1.725 -213.672 
10 3 1024 1.725 -213.954 
10 3 1024 1.725 -213.659 
10 3 1024 1.725 -213.097 
10 3 1024 1.725 -213.463 
10 3 1024 1.725 -213.44 
10 3 1024 1.725 -213.782 
10 3 1024 1.725 -213.099 
10 3 1024 1.725 -213.608 
10 3 1024 1.725 -213.979 
10 3 1024 1.725 -213.628 
10 3 1024 1.725 -213.723 
10 3 1024 1.725 -214.126 
10 3 1024 1.725 -213.657 
10 3 1024 1.725 -213.651 
10 3 1024 1.725 -213.434 
10 3 1024 1.725 -213.968 
10 3 1024 1.73 -213.345 
10 3 1024 1.73 -213.722 
10 3 1024 1.73 -213.363 
10 3 1024 1.73 -213.519 
10 3 1024 1.73 -213.651 
10 3 1024 1.73 -213.239 
10 3 1024 1.73 -213.931 
10 3 1024 1.73 -213.601 
10 3 1024 1.73 -213.132 
10 3 1024 1.73 -213.431 
10 3 1024 1.73 -213.398 
10 3 1024 1.73 -213.399 
10 3 1024 1.73 -213.105 
10 3 1024 1.73 -213.135 
10 3 1024 1.73 -213.574 
10 3 1024 1.73 -213.449 
10 3 1024 1.73 -213.351 
10 3 1024 1.73 -213.303 
10 3 1024 1.73 -213.778 
10 3 1024 1.73 -213.703 
10 3 1024 1.73 -213.159 
10 3 1024 1.73 -213.662 
10 3 1024 1.73 -213.476 
10 3 1024 1.73 -213.463 
10 3 1024 1.73 -213.648 
10 3 1024 1.735 -213.427 
10 3 1024 1.735 -213.076 
10 3 1024 1.735 -213.364 
10 3 1024 1.735 -212.855 
10 3 1024 1.735 -213.288 
10 3 1024 1.735 -213.084 
10 3 1024 1.735 -213.608 
10 3 1024 1.735 -213.58 
10 3 1024 1.735 -213.324 
10 3 1024 1.735 -213.538 
10 3 1024 1.735 -213.557 
10 3 1024 1.735 -213.341 
10 3 1024 1.735 -213.225 
10 3 1024 1.735 -213.196 
10 3 1024 1.735 -213.272 
10 3 1024 1.735 -213.893 
10 3 1024 1.735 -213.577 
10 3 1024 1.735 -213.461 
10 3 1024 1.735 -213.513 
10 3 1024 1.735 -213.398 
10 3 1024 1.735 -213.046 
10 3 1024 1.735 -213.794 
10 3 1024 1.735 -213.425 
10 3 1024 1.735 -213.452 
10 3 1024 1.735 -213.47 
10 3 1024 1.74 -213.093 
10 3 1024 1.74 -213.125 
10 3 1024 1.74 -213.183 
10 3 1024 1.74 -213.57 
10 3 1024 1.74 -212.967 
10 3 1024 1.74 -213.379 
10 3 1024 1.74 -213.286 
10 3 1024 1.74 -212.599 
10 3 1024 1.74 -212.508 
10 3 1024 1.74 -213.017 
10 3 1024 1.74 -213.707 
10 3 1024 1.74 -213.575 
10 3 1024 1.74 -213.152 
10 3 1024 1.74 -213.179 
10 3 1024 1.74 -212.844 
10 3 1024 1.74 -212.971 
10 3 1024 1.74 -212.93 
10 3 1024 1.74 -213.279 
10 3 1024 1.74 -213.366 
10 3 1024 1.74 -213.586 
10 3 1024 1.74 -212.76 
10 3 1024 1.74 -213.31 
10 3 1024 1.74 -213.422 
10 3 1024 1.74 -213.289 
10 3 1024 1.74 -213.305 
10 3 1024 1.745 -213.186 
10 3 1024 1.745 -213.227 
10 3 1024 1.745 -213.023 
10 3 1024 1.745 -213.062 
10 3 1024 1.745 -213.13 
10 3 1024 1.745 -213.162 
10 3 1024 1.745 -212.941 
10 3 1024 1.745 -212.882 
10 3 1024 1.745 -212.618 
10 3 1024 1.745 -212.842 
10 3 1024 1.745 -213.207 
10 3 1024 1.745 -213.144 
10 3 1024 1.745 -213.371 
10 3 1024 1.745 -212.88 
10 3 1024 1.745 -213.424 
10 3 1024 1.745 -213.26 
10 3 1024 1.745 -212.712 
10 3 1024 1.745 -213.18 
10 3 1024 1.745 -213.285 
10 3 1024 1.745 -213.308 
10 3 1024 1.745 -213.602 
10 3 1024 1.745 -212.645 
10 3 1024 1.745 -213.11 
10 3 1024 1.745 -213.167 
10 3 1024 1.745 -213.326 
10 3 1024 1.75 -213.645 
10 3 1024 1.75 -212.935 
10 3 1024 1.75 -213.087 
10 3 1024 1.75 -213.298 
10 3 1024 1.75 -213.218 
10 3 1024 1.75 -213.404 
10 3 1024 1.75 -213.175 
10 3 1024 1.75 -213.419 
10 3 1024 1.75 -212.382 
10 3 1024 1.75 -213.286 
10 3 1024 1.75 -213.118 
10 3 1024 1.75 -213.05 
10 3 1024 1.75 -213.089 
10 3 1024 1.75 -213.087 
10 3 1024 1.75 -213.197 
10 3 1024 1.75 -212.759 
10 3 1024 1.75 -213.139 
10 3 1024 1.75 -212.973 
10 3 1024 1.75 -212.849 
10 3 1024 1.75 -213.204 
10 3 1024 1.75 -212.863 
10 3 1024 1.75 -213.292 
10 3 1024 1.75 -212.937 
10 3 1024 1.75 -212.549 
10 3 1024 1.75 -212.862 
10 3 1024 1.755 -213.263 
10 3 1024 1.755 -212.702 
10 3 1024 1.755 -212.816 
10 3 1024 1.755 -212.827 
10 3 1024 1.755 -212.959 
10 3 1024 1.755 -212.649 
10 3 1024 1.755 -212.5 
10 3 1024 1.755 -212.389 
10 3 1024 1.755 -212.925 
10 3 1024 1.755 -212.8 
10 3 1024 1.755 -212.44 
10 3 1024 1.755 -212.91 
10 3 1024 1.755 -212.943 
10 3 1024 1.755 -212.599 
10 3 1024 1.755 -213.005 
10 3 1024 1.755 -212.733 
10 3 1024 1.755 -212.84 
10 3 1024 1.755 -212.998 
10 3 1024 1.755 -212.932 
10 3 1024 1.755 -213.023 
10 3 1024 1.755 -213.403 
10 3 1024 1.755 -213.226 
10 3 1024 1.755 -212.821 
10 3 1024 1.755 -213.532 
10 3 1024 1.755 -212.263 
10 3 1024 1.76 -212.843 
10 3 1024 1.76 -212.839 
10 3 1024 1.76 -212.336 
10 3 1024 1.76 -212.876 
10 3 1024 1.76 -212.861 
10 3 1024 1.76 -212.573 
10 3 1024 1.76 -212.598 
10 3 1024 1.76 -212.824 
10 3 1024 1.76 -212.767 
10 3 1024 1.76 -212.518 
10 3 1024 1.76 -212.816 
10 3 1024 1.76 -212.451 
10 3 1024 1.76 -213.026 
10 3 1024 1.76 -212.737 
10 3 1024 1.76 -212.61 
10 3 1024 1.76 -212.51 
10 3 1024 1.76 -212.345 
10 3 1024 1.76 -212.767 
10 3 1024 1.76 -212.839 
10 3 1024 1.76 -212.833 
10 3 1024 1.76 -212.441 
10 3 1024 1.76 -212.999 
10 3 1024 1.76 -212.817 
10 3 1024 1.76 -212.6 
10 3 1024 1.76 -212.74 
10 3 1024 1.765 -211.909 
10 3 1024 1.765 -212.449 
10 3 1024 1.765 -212.811 
10 3 1024 1.765 -212.543 
10 3 1024 1.765 -213.156 
10 3 1024 1.765 -212.768 
10 3 1024 1.765 -212.975 
10 3 1024 1.765 -212.536 
10 3 1024 1.765 -212.466 
10 3 1024 1.765 -212.325 
10 3 1024 1.765 -211.801 
10 3 1024 1.765 -212.611 
10 3 1024 1.765 -212.433 
10 3 1024 1.765 -212.784 
10 3 1024 1.765 -212.045 
10 3 1024 1.765 -212.852 
10 3 1024 1.765 -212.787 
10 3 1024 1.765 -212.281 
10 3 1024 1.765 -212.174 
10 3 1024 1.765 -212.349 
10 3 1024 1.765 -212.177 
10 3 1024 1.765 -212.597 
10 3 1024 1.765 -212.649 
10 3 1024 1.765 -212.368 
10 3 1024 1.765 -212.671 
10 3 1024 1.77 -212.603 
10 3 1024 1.77 -211.705 
10 3 1024 1.77 -213.069 
10 3 1024 1.77 -212.13 
10 3 1024 1.77 -212.38 
10 3 1024 1.77 -212.186 
10 3 1024 1.77 -212.392 
10 3 1024 1.77 -212.981 
10 3 1024 1.77 -212.705 
10 3 1024 1.77 -212.26 
10 3 1024 1.77 -212.592 
10 3 1024 1.77 -212.313 
10 3 1024 1.77 -211.916 
10 3 1024 1.77 -212.668 
10 3 1024 1.77 -212.456 
10 3 1024 1.77 -212.126 
10 3 1024 1.77 -212.691 
10 3 1024 1.77 -212.815 
10 3 1024 1.77 -212.235 
10 3 1024 1.77 -212.58 
10 3 1024 1.77 -212.417 
10 3 1024 1.77 -212.734 
10 3 1024 1.77 -212.889 
10 3 1024 1.77 -212.511 
10 3 1024 1.77 -212.434 
10 3 1024 1.775 -212.314 
10 3 1024 1.775 -212.253 
10 3 1024 1.775 -212.198 
10 3 1024 1.775 -212.438 
10 3 1024 1.775 -211.839 
10 3 1024 1.775 -212.902 
10 3 1024 1.775 -212.969 
10 3 1024 1.775 -212.425 
10 3 1024 1.775 -212.686 
10 3 1024 1.775 -212.406 
10 3 1024 1.775 -211.971 
10 3 1024 1.775 -212.423 
10 3 1024 1.775 -212.121 
10 3 1024 1.775 -212.249 
10 3 1024 1.775 -212.117 
10 3 1024 1.775 -211.973 
10 3 1024 1.775 -212.413 
10 3 1024 1.775 -212.587 
10 3 1024 1.775 -212.349 
10 3 1024 1.775 -212.573 
10 3 1024 1.775 -212.257 
10 3 1024 1.775 -212.165 
10 3 1024 1.775 -212.458 
10 3 1024 1.775 -211.515 
10 3 1024 1.775 -212.689 
10 3 1024 1.78 -212.834 
10 3 1024 1.78 -212.547 
10 3 1024 1.78 -211.934 
10 3 1024 1.78 -212.187 
10 3 1024 1.78 -211.665 
10 3 1024 1.78 -211.956 
10 3 1024 1.78 -212.584 
10 3 1024 1.78 -212.18 
10 3 1024 1.78 -212.285 
10 3 1024 1.78 -212.688 
10 3 1024 1.78 -212.26 
10 3 1024 1.78 -213.025 
10 3 1024 1.78 -212.193 
10 3 1024 1.78 -212.353 
10 3 1024 1.78 -212.391 
10 3 1024 1.78 -212.393 
10 3 1024 1.78 -211.765 
10 3 1024 1.78 -211.78 
10 3 1024 1.78 -212.26 
10 3 1024 1.78 -211.805 
10 3 1024 1.78 -212.119 
10 3 1024 1.78 -212.62 
10 3 1024 1.78 -212.131 
10 3 1024 1.78 -211.962 
10 3 1024 1.78 -212.268 
10 3 1024 1.785 -211.513 
10 3 1024 1.785 -212.661 
10 3 1024 1.785 -212.465 
10 3 1024 1.785 -212.356 
10 3 1024 1.785 -212.626 
10 3 1024 1.785 -212.202 
10 3 1024 1.785 -212.18 
10 3 1024 1.785 -211.923 
10 3 1024 1.785 -212.139 
10 3 1024 1.785 -212.424 
10 3 1024 1.785 -212.275 
10 3 1024 1.785 -211.854 
10 3 1024 1.785 -212.208 
10 3 1024 1.785 -212.183 
10 3 1024 1.785 -212.117 
10 3 1024 1.785 -211.558 
10 3 1024 1.785 -212.124 
10 3 1024 1.785 -212.038 
10 3 1024 1.785 -211.695 
10 3 1024 1.785 -212.369 
10 3 1024 1.785 -212.223 
10 3 1024 1.785 -212.187 
10 3 1024 1.785 -212.017 
10 3 1024 1.785 -211.935 
10 3 1024 1.785 -212.235 
10 3 1024 1.79 -211.746 
10 3 1024 1.79 -212.269 
10 3 1024 1.79 -211.884 
10 3 1024 1.79 -212.395 
10 3 1024 1.79 -211.995 
10 3 1024 1.79 -212.061 
10 3 1024 1.79 -212.492 
10 3 1024 1.79 -211.713 
10 3 1024 1.79 -211.82 
10 3 1024 1.79 -212.676 
10 3 1024 1.79 -211.801 
10 3 1024 1.79 -211.748 
10 3 1024 1.79 -211.976 
10 3 1024 1.79 -211.898 
10 3 1024 1.79 -211.886 
10 3 1024 1.79 -211.822 
10 3 1024 1.79 -212.255 
10 3 1024 1.79 -211.529 
10 3 1024 1.79 -211.818 
10 3 1024 1.79 -212.42 
10 3 1024 1.79 -211.861 
10 3 1024 1.79 -212.309 
10 3 1024 1.79 -211.548 
10 3 1024 1.79 -212.286 
10 3 1024 1.79 -212.547 
10 3 1024 1.795 -211.738 
10 3 1024 1.795 -211.854 
10 3 1024 1.795 -211.604 
10 3 1024 1.795 -212.414 
10 3 1024 1.795 -211.947 
10 3 1024 1.795 -212.15 
10 3 1024 1.795 -212.28 
10 3 1024 1.795 -211.862 
10 3 1024 1.795 -211.808 
10 3 1024 1.795 -211.855 
10 3 1024 1.795 -211.826 
10 3 1024 1.795 -212.109 
10 3 1024 1.795 -211.872 
10 3 1024 1.795 -211.91 
10 3 1024 1.795 -211.859 
10 3 1024 1.795 -212.101 
10 3 1024 1.795 -211.422 
10 3 1024 1.795 -211.925 
10 3 1024 1.795 -211.506 
10 3 1024 1.795 -212.501 
10 3 1024 1.795 -212.258 
10 3 1024 1.795 -212.185 
10 3 1024 1.795 -211.95 
10 3 1024 1.795 -211.658 
10 3 1024 1.795 -211.569 
10 3 1024 1.8 -211.523 
10 3 1024 1.8 -211.657 
10 3 1024 1.8 -211.577 
10 3 1024 1.8 -211.876 
10 3 1024 1.8 -212.023 
10 3 1024 1.8 -211.359 
10 3 1024 1.8 -212.6 
10 3 1024 1.8 -211.599 
10 3 1024 1.8 -211.602 
10 3 1024 1.8 -211.555 
10 3 1024 1.8 -211.783 
10 3 1024 1.8 -211.28 
10 3 1024 1.8 -211.335 
10 3 1024 1.8 -211.479 
10 3 1024 1.8 -211.417 
10 3 1024 1.8 -211.81 
10 3 1024 1.8 -212.263 
10 3 1024 1.8 -211.715 
10 3 1024 1.8 -212.161 
10 3 1024 1.8 -211.435 
10 3 1024 1.8 -211.763 
10 3 1024 1.8 -211.948 
10 3 1024 1.8 -211.694 
10 3 1024 1.8 -212.525 
10 3 1024 1.8 -211.237 
10 3 1024 1.805 -211.319 
10 3 1024 1.805 -212.101 
10 3 1024 1.805 -211.842 
10 3 1024 1.805 -211.308 
10 3 1024 1.805 -211.23 
10 3 1024 1.805 -211.858 
10 3 1024 1.805 -211.949 
10 3 1024 1.805 -211.51 
10 3 1024 1.805 -211.624 
10 3 1024 1.805 -211.338 
10 3 1024 1.805 -211.798 
10 3 1024 1.805 -211.82 
10 3 1024 1.805 -211.604 
10 3 1024 1.805 -211.563 
10 3 1024 1.805 -211.663 
10 3 1024 1.805 -211.441 
10 3 1024 1.805 -211.701 
10 3 1024 1.805 -211.559 
10 3 1024 1.805 -211.167 
10 3 1024 1.805 -211.954 
10 3 1024 1.805 -211.952 
10 3 1024 1.805 -211.357 
10 3 1024 1.805 -211.953 
10 3 1024 1.805 -211.856 
10 3 1024 1.805 -211.563 
10 3 1024 1.81 -210.895 
10 3 1024 1.81 -211.401 
10 3 1024 1.81 -211.875 
10 3 1024 1.81 -210.884 
10 3 1024 1.81 -211.104 
10 3 1024 1.81 -211.195 
10 3 1024 1.81 -211.291 
10 3 1024 1.81 -211.023 
10 3 1024 1.81 -211.418 
10 3 1024 1.81 -210.913 
10 3 1024 1.81 -211.33 
10 3 1024 1.81 -212.113 
10 3 1024 1.81 -211.339 
10 3 1024 1.81 -211.481 
10 3 1024 1.81 -211.631 
10 3 1024 1.81 -211.627 
10 3 1024 1.81 -211.41 
10 3 1024 1.81 -211.333 
10 3 1024 1.81 -211.444 
10 3 1024 1.81 -211.367 
10 3 1024 1.81 -211.515 
10 3 1024 1.81 -210.992 
10 3 1024 1.81 -211.379 
10 3 1024 1.81 -210.711 
10 3 1024 1.81 -211.45 
10 3 1024 1.815 -211.922 
10 3 1024 1.815 -211.069 
10 3 1024 1.815 -211.528 
10 3 1024 1.815 -211.562 
10 3 1024 1.815 -211.528 
10 3 1024 1.815 -211.711 
10 3 1024 1.815 -210.956 
10 3 1024 1.815 -211.477 
10 3 1024 1.815 -211.194 
10 3 1024 1.815 -211.336 
10 3 1024 1.815 -211.9 
10 3 1024 1.815 -211.684 
10 3 1024 1.815 -211.609 
10 3 1024 1.815 -211.388 
10 3 1024 1.815 -211.504 
10 3 1024 1.815 -211.281 
10 3 1024 1.815 -210.854 
10 3 1024 1.815 -211.33 
10 3 1024 1.815 -211.281 
10 3 1024 1.815 -211.567 
10 3 1024 1.815 -211.747 
10 3 1024 1.815 -211.469 
10 3 1024 1.815 -211.432 
10 3 1024 1.815 -211.134 
10 3 1024 1.815 -211.397 
10 3 1024 1.82 -211.202 
10 3 1024 1.82 -210.991 
10 3 1024 1.82 -210.716 
10 3 1024 1.82 -210.968 
10 3 1024 1.82 -210.918 
10 3 1024 1.82 -211.082 
10 3 1024 1.82 -211.45 
10 3 1024 1.82 -211.493 
10 3 1024 1.82 -211.489 
10 3 1024 1.82 -211.305 
10 3 1024 1.82 -211.455 
10 3 1024 1.82 -211.612 
10 3 1024 1.82 -210.504 
10 3 1024 1.82 -211.405 
10 3 1024 1.82 -211.24 
10 3 1024 1.82 -211.407 
10 3 1024 1.82 -211.242 
10 3 1024 1.82 -211.188 
10 3 1024 1.82 -210.851 
10 3 1024 1.82 -210.726 
10 3 1024 1.82 -211.954 
10 3 1024 1.82 -211.354 
10 3 1024 1.82 -211.179 
10 3 1024 1.82 -211.405 
10 3 1024 1.82 -211.112 
10 3 1024 1.825 -210.729 
10 3 1024 1.825 -211.283 
10 3 1024 1.825 -210.454 
10 3 1024 1.825 -210.905 
10 3 1024 1.825 -210.719 
10 3 1024 1.825 -211.563 
10 3 1024 1.825 -210.741 
10 3 1024 1.825 -211.006 
10 3 1024 1.825 -211.338 
10 3 1024 1.825 -211.669 
10 3 1024 1.825 -211.051 
10 3 1024 1.825 -210.866 
10 3 1024 1.825 -211.581 
10 3 1024 1.825 -210.929 
10 3 1024 1.825 -210.809 
10 3 1024 1.825 -211.417 
10 3 1024 1.825 -211.521 
10 3 1024 1.825 -211.092 
10 3 1024 1.825 -211.081 
10 3 1024 1.825 -211.353 
10 3 1024 1.825 -211.4 
10 3 1024 1.825 -210.886 
10 3 1024 1.825 -210.93 
10 3 1024 1.825 -211.309 
10 3 1024 1.825 -210.935 
10 3 1024 1.83 -210.539 
10 3 1024 1.83 -211.297 
10 3 1024 1.83 -211.151 
10 3 1024 1.83 -211.061 
10 3 1024 1.83 -210.955 
10 3 1024 1.83 -210.933 
10 3 1024 1.83 -210.491 
10 3 1024 1.83 -210.507 
10 3 1024 1.83 -211.304 
10 3 1024 1.83 -210.714 
10 3 1024 1.83 -211.418 
10 3 1024 1.83 -210.686 
10 3 1024 1.83 -210.685 
10 3 1024 1.83 -210.475 
10 3 1024 1.83 -211.655 
10 3 1024 1.83 -210.111 
10 3 1024 1.83 -210.866 
10 3 1024 1.83 -210.856 
10 3 1024 1.83 -211.023 
10 3 1024 1.83 -210.735 
10 3 1024 1.83 -210.566 
10 3 1024 1.83 -210.434 
10 3 1024 1.83 -211.33 
10 3 1024 1.83 -210.62 
10 3 1024 1.83 -211.322 
10 3 1024 1.835 -210.407 
10 3 1024 1.835 -210.564 
10 3 1024 1.835 -210.709 
10 3 1024 1.835 -210.786 
10 3 1024 1.835 -210.147 
10 3 1024 1.835 -211.194 
10 3 1024 1.835 -210.434 
10 3 1024 1.835 -210.809 
10 3 1024 1.835 -210.493 
10 3 1024 1.835 -210.954 
10 3 1024 1.835 -210.578 
10 3 1024 1.835 -211.154 
10 3 1024 1.835 -210.754 
10 3 1024 1.835 -210.769 
10 3 1024 1.835 -211.029 
10 3 1024 1.835 -210.833 
10 3 1024 1.835 -210.914 
10 3 1024 1.835 -210.467 
10 3 1024 1.835 -210.262 
10 3 1024 1.835 -210.719 
10 3 1024 1.835 -209.747 
10 3 1024 1.835 -210.802 
10 3 1024 1.835 -211.03 
10 3 1024 1.835 -211.196 
10 3 1024 1.835 -210.965 
10 3 1024 1.84 -210.171 
10 3 1024 1.84 -210.763 
10 3 1024 1.84 -210.592 
10 3 1024 1.84 -211.09 
10 3 1024 1.84 -211.306 
10 3 1024 1.84 -210.35 
10 3 1024 1.84 -210.548 
10 3 1024 1.84 -211.195 
10 3 1024 1.84 -210.233 
10 3 1024 1.84 -210.162 
10 3 1024 1.84 -210.497 
10 3 1024 1.84 -210.627 
10 3 1024 1.84 -211.021 
10 3 1024 1.84 -210.731 
10 3 1024 1.84 -211.183 
10 3 1024 1.84 -211.117 
10 3 1024 1.84 -210.441 
10 3 1024 1.84 -210.738 
10 3 1024 1.84 -210.251 
10 3 1024 1.84 -210.7 
10 3 1024 1.84 -210.399 
10 3 1024 1.84 -210.481 
10 3 1024 1.84 -209.847 
10 3 1024 1.84 -210.529 
10 3 1024 1.84 -210.631 
10 3 1024 1.845 -210.725 
10 3 1024 1.845 -210.789 
10 3 1024 1.845 -210.678 
10 3 1024 1.845 -211.183 
10 3 1024 1.845 -210.721 
10 3 1024 1.845 -210.809 
10 3 1024 1.845 -210.675 
10 3 1024 1.845 -211.27 
10 3 1024 1.845 -210.934 
10 3 1024 1.845 -210.499 
10 3 1024 1.845 -210.359 
10 3 1024 1.845 -210.409 
10 3 1024 1.845 -210.214 
10 3 1024 1.845 -210.303 
10 3 1024 1.845 -210.191 
10 3 1024 1.845 -210.759 
10 3 1024 1.845 -210.655 
10 3 1024 1.845 -210.76 
10 3 1024 1.845 -210.641 
10 3 1024 1.845 -209.941 
10 3 1024 1.845 -210.627 
10 3 1024 1.845 -209.684 
10 3 1024 1.845 -210.765 
10 3 1024 1.845 -210.449 
10 3 1024 1.845 -210.419 
10 3 1024 1.85 -210.183 
10 3 1024 1.85 -209.949 
10 3 1024 1.85 -210.362 
10 3 1024 1.85 -210.275 
10 3 1024 1.85 -210.339 
10 3 1024 1.85 -210.046 
10 3 1024 1.85 -210.297 
10 3 1024 1.85 -210.183 
10 3 1024 1.85 -210.877 
10 3 1024 1.85 -210.424 
10 3 1024 1.85 -210.095 
10 3 1024 1.85 -210.696 
10 3 1024 1.85 -210.159 
10 3 1024 1.85 -210.799 
10 3 1024 1.85 -209.944 
10 3 1024 1.85 -209.48 
10 3 1024 1.85 -210.652 
10 3 1024 1.85 -210.352 
10 3 1024 1.85 -210.341 
10 3 1024 1.85 -210.523 
10 3 1024 1.85 -210.365 
10 3 1024 1.85 -210.659 
10 3 1024 1.85 -210.473 
10 3 1024 1.85 -210.633 
10 3 1024 1.85 -209.769 
10 3 1024 1.855 -210.448 
10 3 1024 1.855 -209.934 
10 3 1024 1.855 -210.044 
10 3 1024 1.855 -210.044 
10 3 1024 1.855 -209.911 
10 3 1024 1.855 -209.703 
10 3 1024 1.855 -210.372 
10 3 1024 1.855 -209.963 
10 3 1024 1.855 -210.402 
10 3 1024 1.855 -210.268 
10 3 1024 1.855 -210.242 
10 3 1024 1.855 -210.469 
10 3 1024 1.855 -210.362 
10 3 1024 1.855 -210.261 
10 3 1024 1.855 -209.235 
10 3 1024 1.855 -210.028 
10 3 1024 1.855 -210.14 
10 3 1024 1.855 -210.402 
10 3 1024 1.855 -210.271 
10 3 1024 1.855 -210.129 
10 3 1024 1.855 -210.183 
10 3 1024 1.855 -210.543 
10 3 1024 1.855 -210.519 
10 3 1024 1.855 -210.15 
10 3 1024 1.855 -210.109 
10 3 1024 1.86 -210.413 
10 3 1024 1.86 -209.914 
10 3 1024 1.86 -210.343 
10 3 1024 1.86 -209.507 
10 3 1024 1.86 -210.663 
10 3 1024 1.86 -210.366 
10 3 1024 1.86 -209.645 
10 3 1024 1.86 -209.634 
10 3 1024 1.86 -210.256 
10 3 1024 1.86 -209.858 
10 3 1024 1.86 -209.736 
10 3 1024 1.86 -210.145 
10 3 1024 1.86 -210.002 
10 3 1024 1.86 -210.431 
10 3 1024 1.86 -209.514 
10 3 1024 1.86 -210.097 
10 3 1024 1.86 -210.242 
10 3 1024 1.86 -209.872 
10 3 1024 1.86 -210.309 
10 3 1024 1.86 -209.935 
10 3 1024 1.86 -209.952 
10 3 1024 1.86 -210.144 
10 3 1024 1.86 -209.869 
10 3 1024 1.86 -209.624 
10 3 1024 1.86 -209.621 
10 3 1024 1.865 -210.377 
10 3 1024 1.865 -209.44 
10 3 1024 1.865 -209.466 
10 3 1024 1.865 -209.115 
10 3 1024 1.865 -209.157 
10 3 1024 1.865 -209.732 
10 3 1024 1.865 -209.975 
10 3 1024 1.865 -209.052 
10 3 1024 1.865 -209.746 
10 3 1024 1.865 -210.198 
10 3 1024 1.865 -210.254 
10 3 1024 1.865 -209.369 
10 3 1024 1.865 -210.206 
10 3 1024 1.865 -209.781 
10 3 1024 1.865 -209.659 
10 3 1024 1.865 -209.864 
10 3 1024 1.865 -210.329 
10 3 1024 1.865 -209.762 
10 3 1024 1.865 -209.587 
10 3 1024 1.865 -209.269 
10 3 1024 1.865 -209.776 
10 3 1024 1.865 -209.581 
10 3 1024 1.865 -210.359 
10 3 1024 1.865 -210.348 
10 3 1024 1.865 -210.395 
10 3 1024 1.87 -210.273 
10 3 1024 1.87 -209.48 
10 3 1024 1.87 -209.925 
10 3 1024 1.87 -209.495 
10 3 1024 1.87 -209.729 
10 3 1024 1.87 -209.428 
10 3 1024 1.87 -209.811 
10 3 1024 1.87 -209.503 
10 3 1024 1.87 -209.601 
10 3 1024 1.87 -209.656 
10 3 1024 1.87 -208.902 
10 3 1024 1.87 -209.614 
10 3 1024 1.87 -209.603 
10 3 1024 1.87 -209.648 
10 3 1024 1.87 -209.483 
10 3 1024 1.87 -209.832 
10 3 1024 1.87 -210.179 
10 3 1024 1.87 -209.983 
10 3 1024 1.87 -209.173 
10 3 1024 1.87 -209.958 
10 3 1024 1.87 -209.716 
10 3 1024 1.87 -209.308 
10 3 1024 1.87 -209.394 
10 3 1024 1.87 -209.755 
10 3 1024 1.87 -209.438 
10 3 1024 1.875 -209.493 
10 3 1024 1.875 -210.044 
10 3 1024 1.875 -209.462 
10 3 1024 1.875 -209.026 
10 3 1024 1.875 -209.794 
10 3 1024 1.875 -209.599 
10 3 1024 1.875 -209.655 
10 3 1024 1.875 -209.888 
10 3 1024 1.875 -209.435 
10 3 1024 1.875 -209.699 
10 3 1024 1.875 -210.071 
10 3 1024 1.875 -209.635 
10 3 1024 1.875 -209.246 
10 3 1024 1.875 -209.578 
10 3 1024 1.875 -209.993 
10 3 1024 1.875 -210.076 
10 3 1024 1.875 -209.243 
10 3 1024 1.875 -208.683 
10 3 1024 1.875 -209.393 
10 3 1024 1.875 -209.353 
10 3 1024 1.875 -210.059 
10 3 1024 1.875 -209.601 
10 3 1024 1.875 -209.031 
10 3 1024 1.875 -209.732 
10 3 1024 1.875 -209.617 
10 3 1024 1.88 -209.263 
10 3 1024 1.88 -209.197 
10 3 1024 1.88 -209.184 
10 3 1024 1.88 -209.224 
10 3 1024 1.88 -209.26 
10 3 1024 1.88 -209.351 
10 3 1024 1.88 -209.444 
10 3 1024 1.88 -209.387 
10 3 1024 1.88 -209.553 
10 3 1024 1.88 -209.825 
10 3 1024 1.88 -209.534 
10 3 1024 1.88 -209.361 
10 3 1024 1.88 -208.939 
10 3 1024 1.88 -208.714 
10 3 1024 1.88 -209.293 
10 3 1024 1.88 -209.294 
10 3 1024 1.88 -209.456 
10 3 1024 1.88 -210.166 
10 3 1024 1.88 -209.249 
10 3 1024 1.88 -209.483 
10 3 1024 1.88 -209.554 
10 3 1024 1.88 -209.325 
10 3 1024 1.88 -208.732 
10 3 1024 1.88 -209.625 
10 3 1024 1.88 -208.847 
10 3 1024 1.885 -209.28 
10 3 1024 1.885 -209.84 
10 3 1024 1.885 -208.605 
10 3 1024 1.885 -208.424 
10 3 1024 1.885 -209.86 
10 3 1024 1.885 -209.007 
10 3 1024 1.885 -209.544 
10 3 1024 1.885 -209.153 
10 3 1024 1.885 -208.894 
10 3 1024 1.885 -209.057 
10 3 1024 1.885 -209.118 
10 3 1024 1.885 -208.711 
10 3 1024 1.885 -209.168 
10 3 1024 1.885 -209.674 
10 3 1024 1.885 -209.031 
10 3 1024 1.885 -208.937 
10 3 1024 1.885 -209.208 
10 3 1024 1.885 -209.643 
10 3 1024 1.885 -208.274 
10 3 1024 1.885 -208.75 
10 3 1024 1.885 -210.178 
10 3 1024 1.885 -209.771 
10 3 1024 1.885 -209.254 
10 3 1024 1.885 -209.491 
10 3 1024 1.885 -208.981 
10 3 1024 1.89 -209.263 
10 3 1024 1.89 -207.86 
10 3 1024 1.89 -209.051 
10 3 1024 1.89 -209.163 
10 3 1024 1.89 -209.851 
10 3 1024 1.89 -209.374 
10 3 1024 1.89 -209.59 
10 3 1024 1.89 -208.851 
10 3 1024 1.89 -209.542 
10 3 1024 1.89 -208.992 
10 3 1024 1.89 -209.633 
10 3 1024 1.89 -209.051 
10 3 1024 1.89 -209.172 
10 3 1024 1.89 -208.361 
10 3 1024 1.89 -208.799 
10 3 1024 1.89 -208.662 
10 3 1024 1.89 -208.926 
10 3 1024 1.89 -209.169 
10 3 1024 1.89 -208.76 
10 3 1024 1.89 -208.814 
10 3 1024 1.89 -209.389 
10 3 1024 1.89 -208.414 
10 3 1024 1.89 -209.676 
10 3 1024 1.89 -208.965 
10 3 1024 1.89 -209.306 
10 3 1024 1.895 -209.396 
10 3 1024 1.895 -209.578 
10 3 1024 1.895 -208.812 
10 3 1024 1.895 -208.394 
10 3 1024 1.895 -209.279 
10 3 1024 1.895 -208.789 
10 3 1024 1.895 -208.696 
10 3 1024 1.895 -208.859 
10 3 1024 1.895 -207.819 
10 3 1024 1.895 -208.589 
10 3 1024 1.895 -209.339 
10 3 1024 1.895 -208.541 
10 3 1024 1.895 -208.688 
10 3 1024 1.895 -209.153 
10 3 1024 1.895 -208.853 
10 3 1024 1.895 -209.187 
10 3 1024 1.895 -208.845 
10 3 1024 1.895 -208.868 
10 3 1024 1.895 -208.342 
10 3 1024 1.895 -208.111 
10 3 1024 1.895 -209.459 
10 3 1024 1.895 -209.159 
10 3 1024 1.895 -209.269 
10 3 1024 1.895 -209.388 
10 3 1024 1.895 -209.567 
10 3 1024 1.9 -208.681 
10 3 1024 1.9 -208.458 
10 3 1024 1.9 -208.932 
10 3 1024 1.9 -208.496 
10 3 1024 1.9 -208.84 
10 3 1024 1.9 -208.782 
10 3 1024 1.9 -208.421 
10 3 1024 1.9 -208.578 
10 3 1024 1.9 -209.348 
10 3 1024 1.9 -208.488 
10 3 1024 1.9 -208.664 
10 3 1024 1.9 -208.697 
10 3 1024 1.9 -208.904 
10 3 1024 1.9 -208.53 
10 3 1024 1.9 -207.771 
10 3 1024 1.9 -208.761 
10 3 1024 1.9 -209.5 
10 3 1024 1.9 -208.652 
10 3 1024 1.9 -208.002 
10 3 1024 1.9 -208.588 
10 3 1024 1.9 -208.114 
10 3 1024 1.9 -208.12 
10 3 1024 1.9 -208.948 
10 3 1024 1.9 -208.871 
10 3 1024 1.9 -208.612 
10 3 1024 1.905 -208.675 
10 3 1024 1.905 -208.324 
10 3 1024 1.905 -208.636 
10 3 1024 1.905 -208.305 
10 3 1024 1.905 -208.487 
10 3 1024 1.905 -208.959 
10 3 1024 1.905 -208.856 
10 3 1024 1.905 -208.772 
10 3 1024 1.905 -209.15 
10 3 1024 1.905 -208.665 
10 3 1024 1.905 -208.528 
10 3 1024 1.905 -208.743 
10 3 1024 1.905 -208.393 
10 3 1024 1.905 -208.525 
10 3 1024 1.905 -208.9 
10 3 1024 1.905 -208.536 
10 3 1024 1.905 -209.177 
10 3 1024 1.905 -208.686 
10 3 1024 1.905 -208.629 
10 3 1024 1.905 -208.364 
10 3 1024 1.905 -208.212 
10 3 1024 1.905 -208.791 
10 3 1024 1.905 -208.773 
10 3 1024 1.905 -208.05 
10 3 1024 1.905 -208.266 
10 3 1024 1.91 -208.165 
10 3 1024 1.91 -208.455 
10 3 1024 1.91 -208.879 
10 3 1024 1.91 -208.385 
10 3 1024 1.91 -208.697 
10 3 1024 1.91 -207.373 
10 3 1024 1.91 -208.543 
10 3 1024 1.91 -209.018 
10 3 1024 1.91 -208.143 
10 3 1024 1.91 -208.317 
10 3 1024 1.91 -208.084 
10 3 1024 1.91 -208.512 
10 3 1024 1.91 -207.998 
10 3 1024 1.91 -208.826 
10 3 1024 1.91 -209.025 
10 3 1024 1.91 -208.555 
10 3 1024 1.91 -208.74 
10 3 1024 1.91 -208.824 
10 3 1024 1.91 -208.51 
10 3 1024 1.91 -208.088 
10 3 1024 1.91 -208.989 
10 3 1024 1.91 -207.834 
10 3 1024 1.91 -208.102 
10 3 1024 1.91 -207.911 
10 3 1024 1.91 -208.738 
10 3 1024 1.915 -208.468 
10 3 1024 1.915 -208.317 
10 3 1024 1.915 -208.044 
10 3 1024 1.915 -207.339 
10 3 1024 1.915 -208.275 
10 3 1024 1.915 -208.448 
10 3 1024 1.915 -208.623 
10 3 1024 1.915 -208.4 
10 3 1024 1.915 -208.057 
10 3 1024 1.915 -208.138 
10 3 1024 1.915 -208.305 
10 3 1024 1.915 -207.977 
10 3 1024 1.915 -208.418 
10 3 1024 1.915 -208.172 
10 3 1024 1.915 -208.467 
10 3 1024 1.915 -209.042 
10 3 1024 1.915 -207.994 
10 3 1024 1.915 -208.317 
10 3 1024 1.915 -208.827 
10 3 1024 1.915 -208.381 
10 3 1024 1.915 -208.825 
10 3 1024 1.915 -208.59 
10 3 1024 1.915 -207.719 
10 3 1024 1.915 -208.492 
10 3 1024 1.915 -208.51 
10 3 1024 1.92 -208.043 
10 3 1024 1.92 -207.927 
10 3 1024 1.92 -207.867 
10 3 1024 1.92 -208.172 
10 3 1024 1.92 -208.247 
10 3 1024 1.92 -207.746 
10 3 1024 1.92 -207.668 
10 3 1024 1.92 -208.662 
10 3 1024 1.92 -207.768 
10 3 1024 1.92 -207.997 
10 3 1024 1.92 -207.963 
10 3 1024 1.92 -208.895 
10 3 1024 1.92 -208.132 
10 3 1024 1.92 -208.492 
10 3 1024 1.92 -207.596 
10 3 1024 1.92 -207.309 
10 3 1024 1.92 -208.262 
10 3 1024 1.92 -208.459 
10 3 1024 1.92 -207.998 
10 3 1024 1.92 -208.037 
10 3 1024 1.92 -208.737 
10 3 1024 1.92 -207.745 
10 3 1024 1.92 -208.248 
10 3 1024 1.92 -208.063 
10 3 1024 1.92 -208.054 
10 3 1024 1.925 -206.799 
10 3 1024 1.925 -207.555 
10 3 1024 1.925 -207.536 
10 3 1024 1.925 -208.035 
10 3 1024 1.925 -208.1 
10 3 1024 1.925 -207.025 
10 3 1024 1.925 -208.22 
10 3 1024 1.925 -208.117 
10 3 1024 1.925 -208.134 
10 3 1024 1.925 -208.14 
10 3 1024 1.925 -208.757 
10 3 1024 1.925 -207.324 
10 3 1024 1.925 -207.304 
10 3 1024 1.925 -208.019 
10 3 1024 1.925 -207.79 
10 3 1024 1.925 -207.345 
10 3 1024 1.925 -207.46 
10 3 1024 1.925 -208.296 
10 3 1024 1.925 -207.948 
10 3 1024 1.925 -208.029 
10 3 1024 1.925 -208.383 
10 3 1024 1.925 -207.855 
10 3 1024 1.925 -207.162 
10 3 1024 1.925 -208.183 
10 3 1024 1.925 -208.275 
10 3 1024 1.93 -207.926 
10 3 1024 1.93 -207.84 
10 3 1024 1.93 -207.506 
10 3 1024 1.93 -207.427 
10 3 1024 1.93 -208.281 
10 3 1024 1.93 -208.07 
10 3 1024 1.93 -207.404 
10 3 1024 1.93 -207.935 
10 3 1024 1.93 -207.692 
10 3 1024 1.93 -207.456 
10 3 1024 1.93 -208.061 
10 3 1024 1.93 -207.773 
10 3 1024 1.93 -207.48 
10 3 1024 1.93 -207.789 
10 3 1024 1.93 -207.299 
10 3 1024 1.93 -207.387 
10 3 1024 1.93 -207.598 
10 3 1024 1.93 -207.957 
10 3 1024 1.93 -207.762 
10 3 1024 1.93 -207.454 
10 3 1024 1.93 -207.245 
10 3 1024 1.93 -208 
10 3 1024 1.93 -208.06 
10 3 1024 1.93 -206.916 
10 3 1024 1.93 -207.662 
10 3 1024 1.935 -207.904 
10 3 1024 1.935 -206.628 
10 3 1024 1.935 -207.842 
10 3 1024 1.935 -207.855 
10 3 1024 1.935 -207.324 
10 3 1024 1.935 -206.743 
10 3 1024 1.935 -207.177 
10 3 1024 1.935 -206.469 
10 3 1024 1.935 -207.151 
10 3 1024 1.935 -207.057 
10 3 1024 1.935 -206.987 
10 3 1024 1.935 -206.847 
10 3 1024 1.935 -207.793 
10 3 1024 1.935 -207.584 
10 3 1024 1.935 -207.987 
10 3 1024 1.935 -206.983 
10 3 1024 1.935 -207.076 
10 3 1024 1.935 -207.553 
10 3 1024 1.935 -206.828 
10 3 1024 1.935 -207.784 
10 3 1024 1.935 -206.555 
10 3 1024 1.935 -207.014 
10 3 1024 1.935 -206.729 
10 3 1024 1.935 -208.101 
10 3 1024 1.935 -207.482 
10 3 1024 1.94 -206.876 
10 3 1024 1.94 -206.731 
10 3 1024 1.94 -207.677 
10 3 1024 1.94 -207.528 
10 3 1024 1.94 -206.851 
10 3 1024 1.94 -207.133 
10 3 1024 1.94 -206.362 
10 3 1024 1.94 -206.951 
10 3 1024 1.94 -207.258 
10 3 1024 1.94 -207.943 
10 3 1024 1.94 -207.741 
10 3 1024 1.94 -207.442 
10 3 1024 1.94 -207.777 
10 3 1024 1.94 -206.829 
10 3 1024 1.94 -207.721 
10 3 1024 1.94 -207.407 
10 3 1024 1.94 -207.52 
10 3 1024 1.94 -207.181 
10 3 1024 1.94 -207.304 
10 3 1024 1.94 -207.17 
10 3 1024 1.94 -207.914 
10 3 1024 1.94 -207.582 
10 3 1024 1.94 -207.507 
10 3 1024 1.94 -207.165 
10 3 1024 1.94 -207.274 
10 3 1024 1.945 -207.068 
10 3 1024 1.945 -206.64 
10 3 1024 1.945 -207.915 
10 3 1024 1.945 -206.969 
10 3 1024 1.945 -207.524 
10 3 1024 1.945 -207.812 
10 3 1024 1.945 -206.273 
10 3 1024 1.945 -208.219 
10 3 1024 1.945 -206.415 
10 3 1024 1.945 -207.316 
10 3 1024 1.945 -206.607 
10 3 1024 1.945 -206.671 
10 3 1024 1.945 -206.443 
10 3 1024 1.945 -206.715 
10 3 1024 1.945 -206.571 
10 3 1024 1.945 -207.558 
10 3 1024 1.945 -207.114 
10 3 1024 1.945 -206.949 
10 3 1024 1.945 -207.129 
10 3 1024 1.945 -207.165 
10 3 1024 1.945 -207.848 
10 3 1024 1.945 -207.315 
10 3 1024 1.945 -206.955 
10 3 1024 1.945 -206.812 
10 3 1024 1.945 -206.726 
10 3 1024 1.95 -206.325 
10 3 1024 1.95 -206.074 
10 3 1024 1.95 -206.562 
10 3 1024 1.95 -206.874 
10 3 1024 1.95 -206.863 
10 3 1024 1.95 -206.339 
10 3 1024 1.95 -206.504 
10 3 1024 1.95 -207.034 
10 3 1024 1.95 -207.145 
10 3 1024 1.95 -207.205 
10 3 1024 1.95 -206.047 
10 3 1024 1.95 -206.516 
10 3 1024 1.95 -206.848 
10 3 1024 1.95 -206.516 
10 3 1024 1.95 -207.509 
10 3 1024 1.95 -207.019 
10 3 1024 1.95 -206.181 
10 3 1024 1.95 -206.32 
10 3 1024 1.95 -206.904 
10 3 1024 1.95 -206.11 
10 3 1024 1.95 -205.746 
10 3 1024 1.95 -206.822 
10 3 1024 1.95 -206.69 
10 3 1024 1.95 -207.52 
10 3 1024 1.95 -206.878 
10 3 1024 1.955 -206.083 
10 3 1024 1.955 -206.479 
10 3 1024 1.955 -206.644 
10 3 1024 1.955 -206.916 
10 3 1024 1.955 -206.911 
10 3 1024 1.955 -205.686 
10 3 1024 1.955 -206.803 
10 3 1024 1.955 -207.101 
10 3 1024 1.955 -206.801 
10 3 1024 1.955 -206.61 
10 3 1024 1.955 -206.719 
10 3 1024 1.955 -206.077 
10 3 1024 1.955 -206.869 
10 3 1024 1.955 -207.176 
10 3 1024 1.955 -205.635 
10 3 1024 1.955 -206.156 
10 3 1024 1.955 -206.547 
10 3 1024 1.955 -206.341 
10 3 1024 1.955 -206.056 
10 3 1024 1.955 -207.102 
10 3 1024 1.955 -207.025 
10 3 1024 1.955 -206.66 
10 3 1024 1.955 -206.483 
10 3 1024 1.955 -205.683 
10 3 1024 1.955 -206.337 
10 3 1024 1.96 -206.812 
10 3 1024 1.96 -206.735 
10 3 1024 1.96 -206.444 
10 3 1024 1.96 -206.032 
10 3 1024 1.96 -206.673 
10 3 1024 1.96 -205.839 
10 3 1024 1.96 -206.632 
10 3 1024 1.96 -206.688 
10 3 1024 1.96 -206.276 
10 3 1024 1.96 -207.091 
10 3 1024 1.96 -206.096 
10 3 1024 1.96 -206.462 
10 3 1024 1.96 -206.958 
10 3 1024 1.96 -206.445 
10 3 1024 1.96 -206.838 
10 3 1024 1.96 -206.722 
10 3 1024 1.96 -207.047 
10 3 1024 1.96 -207.083 
10 3 1024 1.96 -206.063 
10 3 1024 1.96 -206.182 
10 3 1024 1.96 -207.086 
10 3 1024 1.96 -205.983 
10 3 1024 1.96 -206.382 
10 3 1024 1.96 -206.542 
10 3 1024 1.96 -206.652 
10 3 1024 1.965 -206.688 
10 3 1024 1.965 -206.484 
10 3 1024 1.965 -206.402 
10 3 1024 1.965 -206.079 
10 3 1024 1.965 -206.192 
10 3 1024 1.965 -205.889 
10 3 1024 1.965 -206.249 
10 3 1024 1.965 -206.986 
10 3 1024 1.965 -206.476 
10 3 1024 1.965 -206.726 
10 3 1024 1.965 -205.873 
10 3 1024 1.965 -206.157 
10 3 1024 1.965 -206.184 
10 3 1024 1.965 -205.81 
10 3 1024 1.965 -206.075 
10 3 1024 1.965 -206.171 
10 3 1024 1.965 -206.145 
10 3 1024 1.965 -205.522 
10 3 1024 1.965 -205.972 
10 3 1024 1.965 -206.423 
10 3 1024 1.965 -207.15 
10 3 1024 1.965 -206.504 
10 3 1024 1.965 -206.544 
10 3 1024 1.965 -206.453 
10 3 1024 1.965 -206.17 
10 3 1024 1.97 -205.975 
10 3 1024 1.97 -205.594 
10 3 1024 1.97 -206.246 
10 3 1024 1.97 -206.047 
10 3 1024 1.97 -205.795 
10 3 1024 1.97 -206.814 
10 3 1024 1.97 -205.532 
10 3 1024 1.97 -206.588 
10 3 1024 1.97 -206.122 
10 3 1024 1.97 -206.199 
10 3 1024 1.97 -206.494 
10 3 1024 1.97 -205.936 
10 3 1024 1.97 -206.606 
10 3 1024 1.97 -205.124 
10 3 1024 1.97 -206.651 
10 3 1024 1.97 -206.162 
10 3 1024 1.97 -205.814 
10 3 1024 1.97 -206.715 
10 3 1024 1.97 -205.3 
10 3 1024 1.97 -206.027 
10 3 1024 1.97 -205.655 
10 3 1024 1.97 -206.459 
10 3 1024 1.97 -205.742 
10 3 1024 1.97 -206.261 
10 3 1024 1.97 -206.622 
10 3 1024 1.975 -206.157 
10 3 1024 1.975 -205.358 
10 3 1024 1.975 -205.983 
10 3 1024 1.975 -205.798 
10 3 1024 1.975 -204.817 
10 3 1024 1.975 -205.697 
10 3 1024 1.975 -205.598 
10 3 1024 1.975 -205.154 
10 3 1024 1.975 -205.421 
10 3 1024 1.975 -206.779 
10 3 1024 1.975 -206.462 
10 3 1024 1.975 -205.713 
10 3 1024 1.975 -205.1 
10 3 1024 1.975 -205.893 
10 3 1024 1.975 -205.897 
10 3 1024 1.975 -205.881 
10 3 1024 1.975 -204.939 
10 3 1024 1.975 -206.321 
10 3 1024 1.975 -206.481 
10 3 1024 1.975 -206.537 
10 3 1024 1.975 -205.018 
10 3 1024 1.975 -205.358 
10 3 1024 1.975 -206.324 
10 3 1024 1.975 -205.748 
10 3 1024 1.975 -205.104 
10 3 1024 1.98 -205.344 
10 3 1024 1.98 -205.379 
10 3 1024 1.98 -205.844 
10 3 1024 1.98 -204.898 
10 3 1024 1.98 -205.554 
10 3 1024 1.98 -204.934 
10 3 1024 1.98 -205.47 
10 3 1024 1.98 -205.112 
10 3 1024 1.98 -205.266 
10 3 1024 1.98 -204.921 
10 3 1024 1.98 -205.926 
10 3 1024 1.98 -205.908 
10 3 1024 1.98 -205.006 
10 3 1024 1.98 -205.076 
10 3 1024 1.98 -205.614 
10 3 1024 1.98 -205.654 
10 3 1024 1.98 -206.271 
10 3 1024 1.98 -206.193 
10 3 1024 1.98 -205.332 
10 3 1024 1.98 -206.344 
10 3 1024 1.98 -205.542 
10 3 1024 1.98 -206.319 
10 3 1024 1.98 -206.029 
10 3 1024 1.98 -206.249 
10 3 1024 1.98 -206.065 
10 3 1024 1.985 -205.884 
10 3 1024 1.985 -205.144 
10 3 1024 1.985 -204.923 
10 3 1024 1.985 -205.159 
10 3 1024 1.985 -205.953 
10 3 1024 1.985 -205.448 
10 3 1024 1.985 -204.967 
10 3 1024 1.985 -205.368 
10 3 1024 1.985 -205.396 
10 3 1024 1.985 -205.049 
10 3 1024 1.985 -206.276 
10 3 1024 1.985 -204.806 
10 3 1024 1.985 -205.746 
10 3 1024 1.985 -205.712 
10 3 1024 1.985 -205.278 
10 3 1024 1.985 -204.995 
10 3 1024 1.985 -205.49 
10 3 1024 1.985 -205.587 
10 3 1024 1.985 -205.819 
10 3 1024 1.985 -204.502 
10 3 1024 1.985 -205.752 
10 3 1024 1.985 -205.052 
10 3 1024 1.985 -205.175 
10 3 1024 1.985 -205.653 
10 3 1024 1.985 -205.612 
10 3 1024 1.99 -205.351 
10 3 1024 1.99 -205.527 
10 3 1024 1.99 -205.866 
10 3 1024 1.99 -205.267 
10 3 1024 1.99 -204.99 
10 3 1024 1.99 -205.03 
10 3 1024 1.99 -205.705 
10 3 1024 1.99 -204.915 
10 3 1024 1.99 -205.467 
10 3 1024 1.99 -205.19 
10 3 1024 1.99 -204.895 
10 3 1024 1.99 -204.532 
10 3 1024 1.99 -205.02 
10 3 1024 1.99 -205.554 
10 3 1024 1.99 -205.653 
10 3 1024 1.99 -206.077 
10 3 1024 1.99 -204.988 
10 3 1024 1.99 -205.044 
10 3 1024 1.99 -205.291 
10 3 1024 1.99 -205.267 
10 3 1024 1.99 -205.734 
10 3 1024 1.99 -204.942 
10 3 1024 1.99 -205.234 
10 3 1024 1.99 -205.459 
10 3 1024 1.99 -205.294 
10 3 1024 1.995 -204.638 
10 3 1024 1.995 -204.861 
10 3 1024 1.995 -204.81 
10 3 1024 1.995 -204.556 
10 3 1024 1.995 -205.075 
10 3 1024 1.995 -205.522 
10 3 1024 1.995 -205.982 
10 3 1024 1.995 -204.582 
10 3 1024 1.995 -205.14 
10 3 1024 1.995 -204.613 
10 3 1024 1.995 -205.156 
10 3 1024 1.995 -205.875 
10 3 1024 1.995 -204.736 
10 3 1024 1.995 -204.027 
10 3 1024 1.995 -206.052 
10 3 1024 1.995 -204.052 
10 3 1024 1.995 -205.146 
10 3 1024 1.995 -204.739 
10 3 1024 1.995 -205.338 
10 3 1024 1.995 -204.803 
10 3 1024 1.995 -205.212 
10 3 1024 1.995 -204.346 
10 3 1024 1.995 -205.084 
10 3 1024 1.995 -205.229 
10 3 1024 1.995 -204.775 
10 3 1024 2 -204.293 
10 3 1024 2 -205.074 
10 3 1024 2 -205.099 
10 3 1024 2 -205.411 
10 3 1024 2 -204.795 
10 3 1024 2 -205.156 
10 3 1024 2 -205.085 
10 3 1024 2 -205.343 
10 3 1024 2 -204.771 
10 3 1024 2 -204.749 
10 3 1024 2 -202.844 
10 3 1024 2 -204.926 
10 3 1024 2 -204.667 
10 3 1024 2 -204.004 
10 3 1024 2 -205.29 
10 3 1024 2 -205.289 
10 3 1024 2 -204.829 
10 3 1024 2 -204.726 
10 3 1024 2 -204.934 
10 3 1024 2 -205.85 
10 3 1024 2 -205.551 
10 3 1024 2 -204.447 
10 3 1024 2 -204.72 
10 3 1024 2 -205.018 
10 3 1024 2 -204.921 
10 3 1024 2.005 -203.84 
10 3 1024 2.005 -204.512 
10 3 1024 2.005 -204.05 
10 3 1024 2.005 -205.074 
10 3 1024 2.005 -204.221 
10 3 1024 2.005 -205.505 
10 3 1024 2.005 -205.549 
10 3 1024 2.005 -205.196 
10 3 1024 2.005 -204.811 
10 3 1024 2.005 -203.832 
10 3 1024 2.005 -204.632 
10 3 1024 2.005 -204.463 
10 3 1024 2.005 -205.009 
10 3 1024 2.005 -203.97 
10 3 1024 2.005 -204.162 
10 3 1024 2.005 -204.469 
10 3 1024 2.005 -204.83 
10 3 1024 2.005 -204.846 
10 3 1024 2.005 -203.988 
10 3 1024 2.005 -203.837 
10 3 1024 2.005 -204.233 
10 3 1024 2.005 -204.111 
10 3 1024 2.005 -204.105 
10 3 1024 2.005 -204.075 
10 3 1024 2.005 -205.243 
10 3 1024 2.01 -204.384 
10 3 1024 2.01 -204.095 
10 3 1024 2.01 -204.063 
10 3 1024 2.01 -204.845 
10 3 1024 2.01 -203.824 
10 3 1024 2.01 -204.352 
10 3 1024 2.01 -203.92 
10 3 1024 2.01 -204.398 
10 3 1024 2.01 -204.812 
10 3 1024 2.01 -204.752 
10 3 1024 2.01 -204.208 
10 3 1024 2.01 -203.426 
10 3 1024 2.01 -204.42 
10 3 1024 2.01 -204.964 
10 3 1024 2.01 -205.355 
10 3 1024 2.01 -205.395 
10 3 1024 2.01 -204.412 
10 3 1024 2.01 -203.971 
10 3 1024 2.01 -204.308 
10 3 1024 2.01 -204.212 
10 3 1024 2.01 -203.348 
10 3 1024 2.01 -204.512 
10 3 1024 2.01 -205.437 
10 3 1024 2.01 -204.285 
10 3 1024 2.01 -204.492 
10 3 1024 2.015 -204.332 
10 3 1024 2.015 -204.416 
10 3 1024 2.015 -203.884 
10 3 1024 2.015 -203.39 
10 3 1024 2.015 -204.304 
10 3 1024 2.015 -204.806 
10 3 1024 2.015 -204.166 
10 3 1024 2.015 -203.789 
10 3 1024 2.015 -203.777 
10 3 1024 2.015 -204.666 
10 3 1024 2.015 -204.847 
10 3 1024 2.015 -204.604 
10 3 1024 2.015 -204.833 
10 3 1024 2.015 -204.123 
10 3 1024 2.015 -204.418 
10 3 1024 2.015 -204.726 
10 3 1024 2.015 -203.617 
10 3 1024 2.015 -203.879 
10 3 1024 2.015 -203.645 
10 3 1024 2.015 -204.189 
10 3 1024 2.015 -204.759 
10 3 1024 2.015 -203.756 
10 3 1024 2.015 -204.408 
10 3 1024 2.015 -203.639 
10 3 1024 2.015 -203.773 
10 3 1024 2.02 -203.137 
10 3 1024 2.02 -203.458 
10 3 1024 2.02 -203.431 
10 3 1024 2.02 -203.32 
10 3 1024 2.02 -204.081 
10 3 1024 2.02 -202.695 
10 3 1024 2.02 -204.843 
10 3 1024 2.02 -203.87 
10 3 1024 2.02 -203.672 
10 3 1024 2.02 -203.76 
10 3 1024 2.02 -204.208 
10 3 1024 2.02 -204.467 
10 3 1024 2.02 -204.23 
10 3 1024 2.02 -204.192 
10 3 1024 2.02 -203.181 
10 3 1024 2.02 -203.777 
10 3 1024 2.02 -204.122 
10 3 1024 2.02 -203.976 
10 3 1024 2.02 -203.247 
10 3 1024 2.02 -204.243 
10 3 1024 2.02 -204.359 
10 3 1024 2.02 -203.938 
10 3 1024 2.02 -204.279 
10 3 1024 2.02 -203.421 
10 3 1024 2.02 -203.279 
10 3 1024 2.025 -203.937 
10 3 1024 2.025 -203.911 
10 3 1024 2.025 -203.835 
10 3 1024 2.025 -203.77 
10 3 1024 2.025 -202.691 
10 3 1024 2.025 -202.942 
10 3 1024 2.025 -202.883 
10 3 1024 2.025 -203.585 
10 3 1024 2.025 -204.015 
10 3 1024 2.025 -203.072 
10 3 1024 2.025 -203.799 
10 3 1024 2.025 -203.589 
10 3 1024 2.025 -203.524 
10 3 1024 2.025 -203.673 
10 3 1024 2.025 -204.525 
10 3 1024 2.025 -204.285 
10 3 1024 2.025 -205.034 
10 3 1024 2.025 -203.889 
10 3 1024 2.025 -203.105 
10 3 1024 2.025 -203.7 
10 3 1024 2.025 -204.104 
10 3 1024 2.025 -203.64 
10 3 1024 2.025 -202.858 
10 3 1024 2.025 -204.034 
10 3 1024 2.025 -203.494 
10 3 1024 2.03 -202.609 
10 3 1024 2.03 -204.353 
10 3 1024 2.03 -204.159 
10 3 1024 2.03 -204.022 
10 3 1024 2.03 -203.673 
10 3 1024 2.03 -202.236 
10 3 1024 2.03 -203.962 
10 3 1024 2.03 -203.486 
10 3 1024 2.03 -203.29 
10 3 1024 2.03 -203.935 
10 3 1024 2.03 -203.186 
10 3 1024 2.03 -203.472 
10 3 1024 2.03 -202.629 
10 3 1024 2.03 -203.429 
10 3 1024 2.03 -203.137 
10 3 1024 2.03 -202.728 
10 3 1024 2.03 -203.497 
10 3 1024 2.03 -203.999 
10 3 1024 2.03 -202.467 
10 3 1024 2.03 -203.609 
10 3 1024 2.03 -203.673 
10 3 1024 2.03 -203.441 
10 3 1024 2.03 -203.707 
10 3 1024 2.03 -202.521 
10 3 1024 2.03 -202.713 
10 3 1024 2.035 -202.937 
10 3 1024 2.035 -202.702 
10 3 1024 2.035 -203.388 
10 3 1024 2.035 -203.817 
10 3 1024 2.035 -203.293 
10 3 1024 2.035 -203.041 
10 3 1024 2.035 -204.101 
10 3 1024 2.035 -203.616 
10 3 1024 2.035 -203.587 
10 3 1024 2.035 -202.897 
10 3 1024 2.035 -203.044 
10 3 1024 2.035 -202.84 
10 3 1024 2.035 -203.177 
10 3 1024 2.035 -202.911 
10 3 1024 2.035 -202.246 
10 3 1024 2.035 -202.585 
10 3 1024 2.035 -204.347 
10 3 1024 2.035 -202.847 
10 3 1024 2.035 -202.746 
10 3 1024 2.035 -203.64 
10 3 1024 2.035 -203.849 
10 3 1024 2.035 -203.034 
10 3 1024 2.035 -203.421 
10 3 1024 2.035 -203.766 
10 3 1024 2.035 -202.349 
10 3 1024 2.04 -203.027 
10 3 1024 2.04 -202.539 
10 3 1024 2.04 -203.462 
10 3 1024 2.04 -203.025 
10 3 1024 2.04 -202.784 
10 3 1024 2.04 -202.434 
10 3 1024 2.04 -202.357 
10 3 1024 2.04 -203.446 
10 3 1024 2.04 -202.846 
10 3 1024 2.04 -202.974 
10 3 1024 2.04 -203.844 
10 3 1024 2.04 -203.726 
10 3 1024 2.04 -202.888 
10 3 1024 2.04 -202.456 
10 3 1024 2.04 -203.621 
10 3 1024 2.04 -203.407 
10 3 1024 2.04 -203.971 
10 3 1024 2.04 -202.872 
10 3 1024 2.04 -202.885 
10 3 1024 2.04 -203.073 
10 3 1024 2.04 -202.773 
10 3 1024 2.04 -202.149 
10 3 1024 2.04 -203.586 
10 3 1024 2.04 -203.47 
10 3 1024 2.04 -202.213 
10 3 1024 2.045 -201.996 
10 3 1024 2.045 -203.261 
10 3 1024 2.045 -201.496 
10 3 1024 2.045 -203.112 
10 3 1024 2.045 -203.152 
10 3 1024 2.045 -202.999 
10 3 1024 2.045 -203.584 
10 3 1024 2.045 -202.262 
10 3 1024 2.045 -202.957 
10 3 1024 2.045 -203.8 
10 3 1024 2.045 -201.596 
10 3 1024 2.045 -203.666 
10 3 1024 2.045 -203.418 
10 3 1024 2.045 -203.537 
10 3 1024 2.045 -203.331 
10 3 1024 2.045 -202.603 
10 3 1024 2.045 -203.1 
10 3 1024 2.045 -202.889 
10 3 1024 2.045 -202.995 
10 3 1024 2.045 -202.406 
10 3 1024 2.045 -202.143 
10 3 1024 2.045 -202.776 
10 3 1024 2.045 -201.889 
10 3 1024 2.045 -202.87 
10 3 1024 2.045 -203.483 
10 3 1024 2.05 -202.988 
10 3 1024 2.05 -202.185 
10 3 1024 2.05 -202.633 
10 3 1024 2.05 -202.357 
10 3 1024 2.05 -202.512 
10 3 1024 2.05 -202.645 
10 3 1024 2.05 -202.081 
10 3 1024 2.05 -202.755 
10 3 1024 2.05 -202.45 
10 3 1024 2.05 -202.256 
10 3 1024 2.05 -202.596 
10 3 1024 2.05 -201.571 
10 3 1024 2.05 -202.865 
10 3 1024 2.05 -202.521 
10 3 1024 2.05 -203.139 
10 3 1024 2.05 -202.377 
10 3 1024 2.05 -202.214 
10 3 1024 2.05 -202.981 
10 3 1024 2.05 -202.32 
10 3 1024 2.05 -202.417 
10 3 1024 2.05 -203.003 
10 3 1024 2.05 -202.735 
10 3 1024 2.05 -202.008 
10 3 1024 2.05 -202.839 
10 3 1024 2.05 -201.934 
10 3 1024 2.055 -202.489 
10 3 1024 2.055 -201.642 
10 3 1024 2.055 -202.721 
10 3 1024 2.055 -202.139 
10 3 1024 2.055 -201.807 
10 3 1024 2.055 -202.98 
10 3 1024 2.055 -202.308 
10 3 1024 2.055 -202.75 
10 3 1024 2.055 -201.927 
10 3 1024 2.055 -201.385 
10 3 1024 2.055 -201.292 
10 3 1024 2.055 -203.883 
10 3 1024 2.055 -202.142 
10 3 1024 2.055 -203.371 
10 3 1024 2.055 -202.687 
10 3 1024 2.055 -202.279 
10 3 1024 2.055 -201.704 
10 3 1024 2.055 -202.599 
10 3 1024 2.055 -202.818 
10 3 1024 2.055 -202.406 
10 3 1024 2.055 -203.357 
10 3 1024 2.055 -201.945 
10 3 1024 2.055 -202.592 
10 3 1024 2.055 -202.352 
10 3 1024 2.055 -202.411 
10 3 1024 2.06 -201.507 
10 3 1024 2.06 -201.407 
10 3 1024 2.06 -202.467 
10 3 1024 2.06 -201.022 
10 3 1024 2.06 -202.299 
10 3 1024 2.06 -201.136 
10 3 1024 2.06 -201.533 
10 3 1024 2.06 -202.636 
10 3 1024 2.06 -201.474 
10 3 1024 2.06 -201.54 
10 3 1024 2.06 -203.372 
10 3 1024 2.06 -202.519 
10 3 1024 2.06 -201.864 
10 3 1024 2.06 -201.86 
10 3 1024 2.06 -202.064 
10 3 1024 2.06 -203.012 
10 3 1024 2.06 -201.863 
10 3 1024 2.06 -202.157 
10 3 1024 2.06 -202.064 
10 3 1024 2.06 -202.116 
10 3 1024 2.06 -201.837 
10 3 1024 2.06 -202.162 
10 3 1024 2.06 -201.918 
10 3 1024 2.06 -201.316 
10 3 1024 2.06 -202.199 
10 3 1024 2.065 -202.047 
10 3 1024 2.065 -202.166 
10 3 1024 2.065 -201.38 
10 3 1024 2.065 -201.361 
10 3 1024 2.065 -202.476 
10 3 1024 2.065 -201.198 
10 3 1024 2.065 -202.225 
10 3 1024 2.065 -201.26 
10 3 1024 2.065 -201.502 
10 3 1024 2.065 -201.509 
10 3 1024 2.065 -201.872 
10 3 1024 2.065 -202.95 
10 3 1024 2.065 -201.95 
10 3 1024 2.065 -201.328 
10 3 1024 2.065 -201.451 
10 3 1024 2.065 -202.215 
10 3 1024 2.065 -201.838 
10 3 1024 2.065 -201.288 
10 3 1024 2.065 -201.806 
10 3 1024 2.065 -202.785 
10 3 1024 2.065 -201.971 
10 3 1024 2.065 -201.913 
10 3 1024 2.065 -201.817 
10 3 1024 2.065 -202.287 
10 3 1024 2.065 -201.959 
