size temperature m mag_sus 
32 2.2 0.784489 4.3131 
32 2.2 0.784967 4.53607 
32 2.2 0.783358 4.3782 
32 2.2 0.784628 4.1477 
32 2.2 0.78452 4.43699 
32 2.201 0.783782 4.27469 
32 2.201 0.783656 4.45707 
32 2.201 0.783224 4.4417 
32 2.201 0.783121 4.57971 
32 2.201 0.783925 4.22961 
32 2.202 0.783854 4.32836 
32 2.202 0.783331 4.47039 
32 2.202 0.781106 4.57546 
32 2.202 0.781609 4.69883 
32 2.202 0.78272 4.4827 
32 2.203 0.779247 4.78837 
32 2.203 0.7813 4.44816 
32 2.203 0.780296 4.84232 
32 2.203 0.778469 5.1008 
32 2.203 0.781025 4.68492 
32 2.204 0.77956 4.64754 
32 2.204 0.780043 4.65582 
32 2.204 0.780864 4.49199 
32 2.204 0.781098 4.48969 
32 2.204 0.781151 4.37112 
32 2.205 0.778106 4.4145 
32 2.205 0.778543 4.86125 
32 2.205 0.778743 4.67697 
32 2.205 0.778681 4.71299 
32 2.205 0.779473 4.54698 
32 2.206 0.775788 5.17526 
32 2.206 0.776365 4.69574 
32 2.206 0.778428 4.78555 
32 2.206 0.775597 5.00315 
32 2.206 0.77568 5.08002 
32 2.207 0.775671 4.84387 
32 2.207 0.773802 5.34548 
32 2.207 0.775754 5.04539 
32 2.207 0.77497 5.13637 
32 2.207 0.774369 5.29362 
32 2.208 0.774741 4.89253 
32 2.208 0.776518 4.68079 
32 2.208 0.773936 5.0331 
32 2.208 0.774223 5.18716 
32 2.208 0.774807 5.20984 
32 2.209 0.772999 5.27247 
32 2.209 0.771489 5.2331 
32 2.209 0.773604 5.11041 
32 2.209 0.772214 5.1071 
32 2.209 0.774708 5.01296 
32 2.21 0.772429 4.91664 
32 2.21 0.772364 5.23522 
32 2.21 0.771479 5.4384 
32 2.21 0.769454 5.28495 
32 2.21 0.772059 5.0042 
32 2.211 0.76835 5.67929 
32 2.211 0.769396 5.36794 
32 2.211 0.769983 5.25079 
32 2.211 0.771565 4.96732 
32 2.211 0.771222 5.24503 
32 2.212 0.768373 5.43564 
32 2.212 0.767768 5.69395 
32 2.212 0.769571 5.18643 
32 2.212 0.771147 4.93384 
32 2.212 0.768132 5.32592 
32 2.213 0.764903 5.75687 
32 2.213 0.76835 5.14201 
32 2.213 0.764945 5.68493 
32 2.213 0.766911 5.33617 
32 2.213 0.766483 5.48181 
32 2.214 0.767128 5.66475 
32 2.214 0.766632 5.78881 
32 2.214 0.765603 5.83572 
32 2.214 0.762247 6.21287 
32 2.214 0.765433 5.71651 
32 2.215 0.7648 5.67397 
32 2.215 0.7647 5.69706 
32 2.215 0.764989 5.81024 
32 2.215 0.765928 5.70743 
32 2.215 0.763478 5.78355 
32 2.216 0.762814 5.99296 
32 2.216 0.763069 6.10299 
32 2.216 0.761276 6.24677 
32 2.216 0.761251 6.34728 
32 2.216 0.762542 5.78573 
32 2.217 0.759493 6.32143 
32 2.217 0.760707 6.03052 
32 2.217 0.761115 5.95477 
32 2.217 0.762336 5.81466 
32 2.217 0.759107 6.21221 
32 2.218 0.759164 6.5201 
32 2.218 0.758533 6.19186 
32 2.218 0.760456 6.15465 
32 2.218 0.757317 6.1957 
32 2.218 0.760991 5.90752 
32 2.219 0.75866 6.1285 
32 2.219 0.760105 5.90499 
32 2.219 0.757854 6.02748 
32 2.219 0.756563 6.15803 
32 2.219 0.760516 5.94821 
32 2.22 0.755419 6.75855 
32 2.22 0.756288 6.27451 
32 2.22 0.755411 6.44695 
32 2.22 0.757716 6.01614 
32 2.22 0.758358 5.90447 
32 2.221 0.754219 6.58243 
32 2.221 0.754723 6.5411 
32 2.221 0.754207 6.53439 
32 2.221 0.75615 6.11905 
32 2.221 0.756892 6.01406 
32 2.222 0.752501 6.64378 
32 2.222 0.75238 6.79483 
32 2.222 0.754384 6.16906 
32 2.222 0.754016 6.37085 
32 2.222 0.752852 6.53331 
32 2.223 0.751662 6.56911 
32 2.223 0.751189 6.87484 
32 2.223 0.750581 6.67642 
32 2.223 0.750386 6.82983 
32 2.223 0.750977 6.72715 
32 2.224 0.753033 6.43371 
32 2.224 0.751109 6.42039 
32 2.224 0.751454 6.56874 
32 2.224 0.750991 6.78136 
32 2.224 0.749546 7.11759 
32 2.225 0.747419 6.96025 
32 2.225 0.749689 6.65926 
32 2.225 0.749736 6.55931 
32 2.225 0.749639 6.86754 
32 2.225 0.749545 6.58145 
32 2.226 0.749098 6.82696 
32 2.226 0.744241 7.51838 
32 2.226 0.745435 7.01263 
32 2.226 0.74868 6.70002 
32 2.226 0.745915 6.67767 
32 2.227 0.747372 6.94258 
32 2.227 0.745695 6.90119 
32 2.227 0.744797 7.22049 
32 2.227 0.746155 6.74824 
32 2.227 0.742903 7.63634 
32 2.228 0.742831 7.18138 
32 2.228 0.744832 7.17089 
32 2.228 0.74358 7.24089 
32 2.228 0.744524 6.9929 
32 2.228 0.744978 7.03315 
32 2.229 0.739529 7.7922 
32 2.229 0.739902 7.84463 
32 2.229 0.742458 7.06837 
32 2.229 0.742482 7.32582 
32 2.229 0.742517 7.33979 
32 2.23 0.738719 7.71492 
32 2.23 0.737658 7.85242 
32 2.23 0.741797 7.09873 
32 2.23 0.741738 7.08891 
32 2.23 0.740538 7.56044 
32 2.231 0.738828 7.35039 
32 2.231 0.734015 8.63029 
32 2.231 0.737321 7.78656 
32 2.231 0.738966 7.4292 
32 2.231 0.737249 7.67469 
32 2.232 0.736121 7.55153 
32 2.232 0.736697 7.50493 
32 2.232 0.735223 7.76515 
32 2.232 0.734414 7.8857 
32 2.232 0.735158 7.89999 
32 2.233 0.735441 7.80399 
32 2.233 0.734 7.82493 
32 2.233 0.731419 8.1213 
32 2.233 0.734547 7.94513 
32 2.233 0.735515 7.59294 
32 2.234 0.732651 7.97569 
32 2.234 0.734549 7.7793 
32 2.234 0.732412 7.96076 
32 2.234 0.729894 8.64237 
32 2.234 0.731113 8.38536 
32 2.235 0.732089 8.0717 
32 2.235 0.729013 8.46523 
32 2.235 0.730022 8.38079 
32 2.235 0.731518 8.23298 
32 2.235 0.732172 8.11423 
32 2.236 0.730986 8.01774 
32 2.236 0.729043 8.44667 
32 2.236 0.724189 8.88378 
32 2.236 0.730204 8.04024 
32 2.236 0.729499 8.16765 
32 2.237 0.72693 8.51077 
32 2.237 0.726374 8.59338 
32 2.237 0.725439 8.79361 
32 2.237 0.725206 8.81589 
32 2.237 0.729842 7.80273 
32 2.238 0.724515 8.86714 
32 2.238 0.725409 8.64956 
32 2.238 0.726404 8.31314 
32 2.238 0.725954 8.26287 
32 2.238 0.72604 8.57262 
32 2.239 0.723086 8.66185 
32 2.239 0.724332 8.63915 
32 2.239 0.723802 8.62856 
32 2.239 0.723326 8.78157 
32 2.239 0.722156 8.83047 
32 2.24 0.720251 9.1806 
32 2.24 0.725613 8.00287 
32 2.24 0.721771 8.87223 
32 2.24 0.719495 9.04385 
32 2.24 0.72173 8.62946 
32 2.241 0.719062 9.02598 
32 2.241 0.718304 9.08352 
32 2.241 0.715574 9.68122 
32 2.241 0.717225 9.46528 
32 2.241 0.720213 8.79751 
32 2.242 0.713976 10.1797 
32 2.242 0.717198 9.30138 
32 2.242 0.718912 8.89388 
32 2.242 0.714333 9.72455 
32 2.242 0.716863 9.43022 
32 2.243 0.713101 9.61204 
32 2.243 0.711945 9.82567 
32 2.243 0.71613 9.02985 
32 2.243 0.7124 9.81931 
32 2.243 0.712355 9.85703 
32 2.244 0.710117 10.054 
32 2.244 0.710684 10.0032 
32 2.244 0.714938 9.14864 
32 2.244 0.711698 9.98119 
32 2.244 0.710963 9.78179 
32 2.245 0.711593 9.65002 
32 2.245 0.709703 10.1871 
32 2.245 0.708434 10.1587 
32 2.245 0.707071 10.4733 
32 2.245 0.713848 9.22119 
32 2.246 0.710117 9.86102 
32 2.246 0.70762 9.93247 
32 2.246 0.709978 9.8975 
32 2.246 0.707699 9.96753 
32 2.246 0.708076 10.3886 
32 2.247 0.707985 9.79479 
32 2.247 0.704749 10.3994 
32 2.247 0.712011 9.23585 
32 2.247 0.707611 9.52374 
32 2.247 0.705564 10.2903 
32 2.248 0.703123 10.4695 
32 2.248 0.705203 10.2059 
32 2.248 0.707922 9.73272 
32 2.248 0.703255 10.3975 
32 2.248 0.703592 10.4922 
32 2.249 0.703661 10.1427 
32 2.249 0.70288 10.3323 
32 2.249 0.700986 10.3385 
32 2.249 0.701792 10.4163 
32 2.249 0.702641 10.4732 
32 2.25 0.700577 10.6882 
32 2.25 0.698867 10.8205 
32 2.25 0.702417 10.1273 
32 2.25 0.702729 10.1132 
32 2.25 0.698796 10.5815 
32 2.251 0.695818 11.1536 
32 2.251 0.695035 10.8319 
32 2.251 0.694395 10.9405 
32 2.251 0.698288 10.367 
32 2.251 0.700731 10.2792 
32 2.252 0.696202 10.8259 
32 2.252 0.696839 10.8446 
32 2.252 0.696971 10.4349 
32 2.252 0.698009 10.6446 
32 2.252 0.692193 11.4012 
32 2.253 0.695578 10.6213 
32 2.253 0.694966 10.5446 
32 2.253 0.695303 10.7342 
32 2.253 0.690097 11.3407 
32 2.253 0.692118 11.0401 
32 2.254 0.690852 11.5045 
32 2.254 0.690426 11.3828 
32 2.254 0.691789 11.05 
32 2.254 0.692463 10.8519 
32 2.254 0.691825 11.2609 
32 2.255 0.688024 11.735 
32 2.255 0.687778 11.1248 
32 2.255 0.689353 11.4528 
32 2.255 0.69256 10.9368 
32 2.255 0.68883 11.1447 
32 2.256 0.687506 11.5662 
32 2.256 0.685349 11.6474 
32 2.256 0.682928 12.0731 
32 2.256 0.688805 11.518 
32 2.256 0.683479 12.0618 
32 2.257 0.683527 12.0075 
32 2.257 0.682765 11.8392 
32 2.257 0.682224 12.0411 
32 2.257 0.684215 11.7366 
32 2.257 0.680885 12.2173 
32 2.258 0.682809 11.7367 
32 2.258 0.682015 11.7233 
32 2.258 0.680381 12.0568 
32 2.258 0.6842 11.8121 
32 2.258 0.681508 11.8123 
32 2.259 0.680911 11.974 
32 2.259 0.680042 11.8094 
32 2.259 0.681612 11.6666 
32 2.259 0.681354 11.9647 
32 2.259 0.678645 12.1091 
32 2.26 0.677272 12.6202 
32 2.26 0.678035 12.4442 
32 2.26 0.678346 11.8395 
32 2.26 0.675378 12.7379 
32 2.26 0.677594 12.1066 
32 2.261 0.676868 11.8507 
32 2.261 0.673541 12.4821 
32 2.261 0.671689 12.7089 
32 2.261 0.676778 11.9599 
32 2.261 0.673565 12.5747 
32 2.262 0.670721 13.0786 
32 2.262 0.673802 12.2449 
32 2.262 0.671856 12.5025 
32 2.262 0.670164 12.5204 
32 2.262 0.671083 12.9582 
32 2.263 0.671321 12.2993 
32 2.263 0.66801 12.9744 
32 2.263 0.669966 12.8479 
32 2.263 0.671239 12.6808 
32 2.263 0.666838 13.223 
32 2.264 0.666853 13.0343 
32 2.264 0.669015 12.9195 
32 2.264 0.668311 13.0326 
32 2.264 0.665857 12.9663 
32 2.264 0.665218 13.2225 
32 2.265 0.66329 13.3151 
32 2.265 0.6641 13.1419 
32 2.265 0.661132 13.4179 
32 2.265 0.663195 13.2431 
32 2.265 0.665205 13.1177 
32 2.266 0.667627 12.8158 
32 2.266 0.666466 12.8792 
32 2.266 0.661621 13.6021 
32 2.266 0.662215 13.5933 
32 2.266 0.65999 13.5991 
32 2.267 0.660847 13.3881 
32 2.267 0.661035 13.2637 
32 2.267 0.657919 13.9758 
32 2.267 0.662105 13.301 
32 2.267 0.661692 13.1157 
32 2.268 0.658394 13.8305 
32 2.268 0.663056 13.0352 
32 2.268 0.656484 13.9294 
32 2.268 0.657566 13.3784 
32 2.268 0.65749 13.793 
32 2.269 0.654513 13.6947 
32 2.269 0.652117 14.072 
32 2.269 0.654956 13.6452 
32 2.269 0.655812 13.5633 
32 2.269 0.65477 14.0352 
32 2.27 0.652546 13.9452 
32 2.27 0.652602 13.8889 
32 2.27 0.649318 14.5082 
32 2.27 0.650996 14.3883 
32 2.27 0.652386 14.2851 
32 2.271 0.65035 14.3797 
32 2.271 0.64698 14.4283 
32 2.271 0.649633 14.4691 
32 2.271 0.648676 14.4915 
32 2.271 0.650407 14.1129 
32 2.272 0.645518 14.5537 
32 2.272 0.646025 14.3009 
32 2.272 0.648824 14.061 
32 2.272 0.645853 14.3286 
32 2.272 0.648258 14.3933 
32 2.273 0.646003 14.5326 
32 2.273 0.642761 15.0092 
32 2.273 0.646742 14.142 
32 2.273 0.644408 14.5936 
32 2.273 0.645479 13.9353 
32 2.274 0.643772 14.8418 
32 2.274 0.644138 14.236 
32 2.274 0.641716 14.5692 
32 2.274 0.642227 14.9594 
32 2.274 0.643054 14.5518 
32 2.275 0.642619 14.6417 
32 2.275 0.637602 15.2082 
32 2.275 0.636402 15.1279 
32 2.275 0.637652 15.2049 
32 2.275 0.64274 14.6732 
32 2.276 0.636121 15.0377 
32 2.276 0.638932 15.0129 
32 2.276 0.637144 14.8386 
32 2.276 0.634352 15.4534 
32 2.276 0.639017 14.6409 
32 2.277 0.634472 15.2433 
32 2.277 0.637142 14.8844 
32 2.277 0.637494 15.0424 
32 2.277 0.637462 14.7269 
32 2.277 0.636007 14.8847 
32 2.278 0.629096 15.6782 
32 2.278 0.632587 15.1464 
32 2.278 0.632175 15.1787 
32 2.278 0.632161 15.2366 
32 2.278 0.629916 15.5642 
32 2.279 0.626671 15.9884 
32 2.279 0.627765 15.7576 
32 2.279 0.627483 15.5203 
32 2.279 0.624389 15.9532 
32 2.279 0.62705 15.59 
32 2.28 0.625429 15.6395 
32 2.28 0.628423 15.0784 
32 2.28 0.621527 15.7865 
32 2.28 0.629115 15.6172 
32 2.28 0.625692 15.8657 
32 2.281 0.620595 16.3153 
32 2.281 0.624272 15.4463 
32 2.281 0.621987 15.9323 
32 2.281 0.623149 16.0181 
32 2.281 0.622113 16.2195 
32 2.282 0.622131 15.7439 
32 2.282 0.620423 16.289 
32 2.282 0.62298 15.7175 
32 2.282 0.62089 15.9852 
32 2.282 0.623401 16.0302 
32 2.283 0.620543 15.8232 
32 2.283 0.620321 16.052 
32 2.283 0.61717 16.3525 
32 2.283 0.619027 16.7436 
32 2.283 0.618992 16.1564 
32 2.284 0.617237 16.4016 
32 2.284 0.610576 16.7374 
32 2.284 0.617424 16.4714 
32 2.284 0.61596 16.4357 
32 2.284 0.612092 16.8863 
32 2.285 0.610555 16.6874 
32 2.285 0.612178 16.2646 
32 2.285 0.607162 17.3608 
32 2.285 0.614201 16.4826 
32 2.285 0.612651 16.2033 
32 2.286 0.607942 17.1094 
32 2.286 0.610459 16.8251 
32 2.286 0.607599 16.9478 
32 2.286 0.60843 17.0018 
32 2.286 0.605434 16.9384 
32 2.287 0.607447 16.2881 
32 2.287 0.606103 16.7895 
32 2.287 0.605074 17.1539 
32 2.287 0.606008 16.7322 
32 2.287 0.606805 17.1042 
32 2.288 0.602034 17.4935 
32 2.288 0.599535 17.5245 
32 2.288 0.601389 16.9523 
32 2.288 0.605475 16.4509 
32 2.288 0.601618 17.3779 
32 2.289 0.601923 16.8545 
32 2.289 0.602145 16.8931 
32 2.289 0.599874 17.197 
32 2.289 0.599685 17.2804 
32 2.289 0.600509 16.9162 
32 2.29 0.598879 17.013 
32 2.29 0.59902 17.0543 
32 2.29 0.598958 17.2 
32 2.29 0.595146 17.5192 
32 2.29 0.597167 17.486 
32 2.291 0.59629 16.946 
32 2.291 0.593344 17.6778 
32 2.291 0.597131 17.1214 
32 2.291 0.59482 17.2616 
32 2.291 0.592019 17.3692 
32 2.292 0.587759 18.2077 
32 2.292 0.59195 17.4061 
32 2.292 0.589296 18.087 
32 2.292 0.590893 17.8908 
32 2.292 0.59108 17.3164 
32 2.293 0.590049 17.8058 
32 2.293 0.591165 17.5573 
32 2.293 0.589034 17.4193 
32 2.293 0.591506 17.3702 
32 2.293 0.586912 17.3159 
32 2.294 0.586351 18.0039 
32 2.294 0.588108 17.9018 
32 2.294 0.586627 17.357 
32 2.294 0.585962 17.8991 
32 2.294 0.58636 18.1741 
32 2.295 0.584529 17.6558 
32 2.295 0.583905 18.1573 
32 2.295 0.586527 17.4756 
32 2.295 0.586188 17.7307 
32 2.295 0.582325 18.4626 
32 2.296 0.580079 18.1202 
32 2.296 0.575658 18.4262 
32 2.296 0.581327 18.3589 
32 2.296 0.578952 18.1722 
32 2.296 0.578968 18.1972 
32 2.297 0.576816 18.3011 
32 2.297 0.571402 18.905 
32 2.297 0.575427 18.6588 
32 2.297 0.576409 18.3131 
32 2.297 0.577268 18.442 
32 2.298 0.578756 18.5542 
32 2.298 0.577245 18.0138 
32 2.298 0.576183 18.4658 
32 2.298 0.573472 18.5298 
32 2.298 0.576648 17.6878 
32 2.299 0.573644 18.1566 
32 2.299 0.572064 18.4082 
32 2.299 0.569798 18.8299 
32 2.299 0.573503 18.2577 
32 2.299 0.574935 17.9409 
32 2.3 0.567292 19.1325 
32 2.3 0.564734 19.319 
32 2.3 0.56761 19.1577 
32 2.3 0.568048 18.5247 
32 2.3 0.569977 18.5926 
32 2.301 0.56288 18.7643 
32 2.301 0.565313 18.7618 
32 2.301 0.564056 18.7281 
32 2.301 0.56479 18.5705 
32 2.301 0.567287 18.3953 
32 2.302 0.559463 19.1184 
32 2.302 0.560992 19.2461 
32 2.302 0.559566 19.3612 
32 2.302 0.56156 18.7056 
32 2.302 0.561697 19.0937 
32 2.303 0.559544 18.8369 
32 2.303 0.559089 19.2604 
32 2.303 0.562182 18.8358 
32 2.303 0.5593 19.0674 
32 2.303 0.556672 19.2036 
32 2.304 0.553959 19.2537 
32 2.304 0.558012 19.1827 
32 2.304 0.55604 19.4595 
32 2.304 0.556909 19.0193 
32 2.304 0.559207 19.1707 
32 2.305 0.549239 19.5342 
32 2.305 0.55008 19.2838 
32 2.305 0.550473 19.3188 
32 2.305 0.553766 19.0875 
32 2.305 0.557988 19.0749 
32 2.306 0.545571 19.4866 
32 2.306 0.552336 19.0107 
32 2.306 0.549228 19.3826 
32 2.306 0.548773 19.5893 
32 2.306 0.551984 19.097 
32 2.307 0.544991 19.663 
32 2.307 0.547915 19.5862 
32 2.307 0.552712 18.9887 
32 2.307 0.54369 19.6961 
32 2.307 0.550513 19.0738 
32 2.308 0.541187 19.7586 
32 2.308 0.542179 19.59 
32 2.308 0.545704 19.959 
32 2.308 0.546648 19.2551 
32 2.308 0.546291 19.3906 
32 2.309 0.544655 19.294 
32 2.309 0.542612 19.478 
32 2.309 0.542604 19.6645 
32 2.309 0.541757 19.5192 
32 2.309 0.543352 19.6408 
32 2.31 0.54125 19.5864 
32 2.31 0.53769 19.8883 
32 2.31 0.536908 19.5939 
32 2.31 0.533951 19.8114 
32 2.31 0.533896 20.1131 
32 2.311 0.539701 19.4491 
32 2.311 0.53822 19.8494 
32 2.311 0.537652 19.279 
32 2.311 0.534405 20.1829 
32 2.311 0.532194 19.8278 
32 2.312 0.529824 19.7207 
32 2.312 0.534562 19.9424 
32 2.312 0.529923 19.8321 
32 2.312 0.529835 19.7871 
32 2.312 0.530537 20.3685 
32 2.313 0.53006 20.0205 
32 2.313 0.529395 20.045 
32 2.313 0.529501 20.2526 
32 2.313 0.528524 20.0932 
32 2.313 0.5308 19.8484 
32 2.314 0.530053 19.6827 
32 2.314 0.52365 20.1455 
32 2.314 0.523296 20.4081 
32 2.314 0.523988 20.1341 
32 2.314 0.524007 20.3237 
32 2.315 0.525236 19.7446 
32 2.315 0.525901 19.9842 
32 2.315 0.525354 19.5946 
32 2.315 0.525637 19.8848 
32 2.315 0.527507 19.9909 
32 2.316 0.521279 20.2728 
32 2.316 0.521945 20.2561 
32 2.316 0.51882 20.2004 
32 2.316 0.523837 20.0182 
32 2.316 0.525787 20.0153 
32 2.317 0.519399 20.1559 
32 2.317 0.519078 20.2277 
32 2.317 0.517261 20.3779 
32 2.317 0.521376 19.6426 
32 2.317 0.517816 20.1569 
32 2.318 0.514459 20.3053 
32 2.318 0.517924 20.0342 
32 2.318 0.516226 19.8682 
32 2.318 0.512403 20.4254 
32 2.318 0.512974 20.4549 
32 2.319 0.515879 19.8827 
32 2.319 0.512878 20.2092 
32 2.319 0.518751 19.8748 
32 2.319 0.513144 20.1344 
32 2.319 0.511786 20.2188 
32 2.32 0.510912 20.1797 
32 2.32 0.507645 20.3421 
32 2.32 0.507876 20.0953 
32 2.32 0.5141 19.8791 
32 2.32 0.506817 20.3236 
32 2.321 0.502263 20.7024 
32 2.321 0.504057 20.3009 
32 2.321 0.502175 20.763 
32 2.321 0.507831 20.5034 
32 2.321 0.502823 20.6159 
32 2.322 0.499541 21.1266 
32 2.322 0.506915 20.4039 
32 2.322 0.502462 20.4292 
32 2.322 0.501455 20.8461 
32 2.322 0.505425 20.4248 
32 2.323 0.496537 20.7952 
32 2.323 0.501097 20.1939 
32 2.323 0.501006 20.5372 
32 2.323 0.498112 20.9734 
32 2.323 0.495971 20.9946 
32 2.324 0.496984 20.3667 
32 2.324 0.496011 20.2929 
32 2.324 0.490648 21.205 
32 2.324 0.495486 21.05 
32 2.324 0.498561 20.6783 
32 2.325 0.4945 20.1099 
32 2.325 0.495238 20.7778 
32 2.325 0.492687 20.9171 
32 2.325 0.498846 20.6885 
32 2.325 0.494174 20.367 
32 2.326 0.490746 20.5982 
32 2.326 0.492524 20.6722 
32 2.326 0.490637 21.0789 
32 2.326 0.490213 20.8551 
32 2.326 0.493076 20.059 
32 2.327 0.488188 20.5893 
32 2.327 0.486007 20.5902 
32 2.327 0.489339 20.4764 
32 2.327 0.48773 21.0154 
32 2.327 0.488276 20.272 
32 2.328 0.480436 20.8746 
32 2.328 0.48719 20.6302 
32 2.328 0.485765 20.3263 
32 2.328 0.480202 21.1472 
32 2.328 0.485478 20.8125 
32 2.329 0.482078 20.6752 
32 2.329 0.482599 20.6386 
32 2.329 0.481399 20.7818 
32 2.329 0.482652 20.8885 
32 2.329 0.484205 20.3392 
32 2.33 0.48041 20.41 
32 2.33 0.479585 20.7263 
32 2.33 0.479203 20.776 
32 2.33 0.478883 20.3525 
32 2.33 0.479639 20.5468 
32 2.331 0.473565 20.875 
32 2.331 0.476539 20.7649 
32 2.331 0.480697 20.4163 
32 2.331 0.477769 20.5247 
32 2.331 0.474324 20.8567 
32 2.332 0.477213 20.4829 
32 2.332 0.477493 20.5471 
32 2.332 0.476995 20.4821 
32 2.332 0.473693 20.7417 
32 2.332 0.473683 20.9177 
32 2.333 0.474693 20.3897 
32 2.333 0.468803 21.0911 
32 2.333 0.472012 20.6536 
32 2.333 0.467888 20.9214 
32 2.333 0.470508 20.7766 
32 2.334 0.466165 21.0765 
32 2.334 0.469216 20.4246 
32 2.334 0.46725 20.7693 
32 2.334 0.467852 20.8884 
32 2.334 0.468855 20.8096 
32 2.335 0.462315 21.0066 
32 2.335 0.462722 20.759 
32 2.335 0.468696 20.4762 
32 2.335 0.464172 20.8146 
32 2.335 0.464153 20.9645 
32 2.336 0.461405 20.8125 
32 2.336 0.462438 20.4959 
32 2.336 0.46396 20.571 
32 2.336 0.465467 20.4451 
32 2.336 0.463345 20.6531 
32 2.337 0.4595 20.4899 
32 2.337 0.460965 20.59 
32 2.337 0.460608 20.5911 
32 2.337 0.456335 20.9474 
32 2.337 0.461628 20.7424 
32 2.338 0.450771 20.7415 
32 2.338 0.453913 20.6657 
32 2.338 0.456102 20.6933 
32 2.338 0.460306 20.6116 
32 2.338 0.455316 20.77 
32 2.339 0.453977 20.5865 
32 2.339 0.454596 20.8819 
32 2.339 0.456844 20.399 
32 2.339 0.451637 20.6663 
32 2.339 0.451855 20.8711 
32 2.34 0.45198 20.8425 
32 2.34 0.452513 20.5552 
32 2.34 0.450486 20.8361 
32 2.34 0.451496 20.4287 
32 2.34 0.450938 20.4561 
32 2.341 0.447589 20.507 
32 2.341 0.446882 20.7392 
32 2.341 0.45147 20.5746 
32 2.341 0.447455 21.0199 
32 2.341 0.44938 20.9107 
32 2.342 0.446599 20.9409 
32 2.342 0.446543 20.1285 
32 2.342 0.448479 20.1139 
32 2.342 0.446087 20.7015 
32 2.342 0.443896 21.0594 
32 2.343 0.437703 20.7915 
32 2.343 0.441288 20.9506 
32 2.343 0.441302 20.554 
32 2.343 0.440133 20.8878 
32 2.343 0.442819 20.5846 
32 2.344 0.441348 20.3527 
32 2.344 0.437615 20.4947 
32 2.344 0.436726 20.3892 
32 2.344 0.440398 20.4182 
32 2.344 0.442085 20.6023 
32 2.345 0.435186 20.8909 
32 2.345 0.438386 20.2 
32 2.345 0.43436 20.4379 
32 2.345 0.438098 20.3803 
32 2.345 0.435806 20.6515 
32 2.346 0.43388 20.6172 
32 2.346 0.436887 20.3889 
32 2.346 0.433912 20.4721 
32 2.346 0.440656 20.3361 
32 2.346 0.436965 20.5266 
32 2.347 0.429248 20.3886 
32 2.347 0.433665 20.1525 
32 2.347 0.428137 20.5014 
32 2.347 0.431018 20.5883 
32 2.347 0.430108 20.4103 
32 2.348 0.427124 20.4436 
32 2.348 0.429258 20.0979 
32 2.348 0.428074 20.5318 
32 2.348 0.428057 20.6233 
32 2.348 0.428517 20.3572 
32 2.349 0.428289 20.3484 
32 2.349 0.429681 19.8457 
32 2.349 0.422328 20.661 
32 2.349 0.426582 20.673 
32 2.349 0.42726 20.5873 
32 2.35 0.422445 20.5282 
32 2.35 0.425199 20.2365 
32 2.35 0.421317 20.6085 
32 2.35 0.425311 19.9504 
32 2.35 0.429094 20.2171 
32 2.351 0.422088 19.7774 
32 2.351 0.423115 20.4388 
32 2.351 0.419405 20.1964 
32 2.351 0.426099 20.1209 
32 2.351 0.423015 20.2418 
32 2.352 0.420896 19.9256 
32 2.352 0.420028 20.4436 
32 2.352 0.41636 20.5021 
32 2.352 0.420936 20.2128 
32 2.352 0.416084 20.1263 
32 2.353 0.415737 19.8608 
32 2.353 0.418117 20.0505 
32 2.353 0.417153 19.9032 
32 2.353 0.417175 19.8613 
32 2.353 0.416722 20.0749 
32 2.354 0.414876 19.6793 
32 2.354 0.412897 20.3073 
32 2.354 0.416195 20.0734 
32 2.354 0.416148 19.7154 
32 2.354 0.412052 20.3304 
32 2.355 0.417305 20.1627 
32 2.355 0.411288 20.1912 
32 2.355 0.413527 19.7421 
32 2.355 0.410139 20.2553 
32 2.355 0.412019 20.0716 
32 2.356 0.408326 19.9212 
32 2.356 0.411867 19.9807 
32 2.356 0.413243 20.0631 
32 2.356 0.409967 20.0546 
32 2.356 0.408231 19.7762 
32 2.357 0.403027 20.0753 
32 2.357 0.410345 19.6064 
32 2.357 0.40379 19.6612 
32 2.357 0.40609 19.7077 
32 2.357 0.408854 19.7442 
32 2.358 0.405676 19.6966 
32 2.358 0.402576 19.8064 
32 2.358 0.406063 19.9663 
32 2.358 0.405965 19.5909 
32 2.358 0.401831 20.0314 
32 2.359 0.399562 19.6359 
32 2.359 0.406119 19.5978 
32 2.359 0.405306 19.5392 
32 2.359 0.401038 19.9662 
32 2.359 0.397609 19.6133 
32 2.36 0.399076 20.0981 
32 2.36 0.396972 19.8931 
32 2.36 0.395165 19.6795 
32 2.36 0.401922 19.4866 
32 2.36 0.397115 19.9538 
32 2.361 0.396196 19.8314 
32 2.361 0.39772 19.8474 
32 2.361 0.399786 19.2955 
32 2.361 0.39542 19.6952 
32 2.361 0.397144 19.6624 
32 2.362 0.393165 19.4047 
32 2.362 0.390418 19.5398 
32 2.362 0.395062 19.53 
32 2.362 0.391993 19.4303 
32 2.362 0.392168 19.475 
32 2.363 0.393722 19.4467 
32 2.363 0.388229 19.432 
32 2.363 0.391055 19.5684 
32 2.363 0.396205 19.3675 
32 2.363 0.397333 19.6537 
32 2.364 0.390044 19.1673 
32 2.364 0.395522 18.9731 
32 2.364 0.388727 19.2304 
32 2.364 0.38828 19.582 
32 2.364 0.391332 19.7864 
32 2.365 0.384685 19.3014 
32 2.365 0.389331 19.2218 
32 2.365 0.389594 19.3419 
32 2.365 0.385862 19.1842 
32 2.365 0.391369 19.267 
32 2.366 0.381525 19.01 
32 2.366 0.386907 19.2223 
32 2.366 0.384765 19.1474 
32 2.366 0.383047 19.1789 
32 2.366 0.383497 18.909 
32 2.367 0.387288 19.0501 
32 2.367 0.382301 18.9522 
32 2.367 0.383877 18.9337 
32 2.367 0.380221 19.3885 
32 2.367 0.383386 19.4023 
32 2.368 0.380089 18.7554 
32 2.368 0.381221 18.7473 
32 2.368 0.380278 19.0795 
32 2.368 0.380467 19.0581 
32 2.368 0.376186 19.0666 
32 2.369 0.380419 18.9805 
32 2.369 0.376323 18.8517 
32 2.369 0.378888 19.0915 
32 2.369 0.374371 18.833 
32 2.369 0.378801 19.1593 
32 2.37 0.375332 19.0294 
32 2.37 0.376354 18.6134 
32 2.37 0.377328 18.9222 
32 2.37 0.377156 18.364 
32 2.37 0.375759 18.8596 
32 2.371 0.367433 18.2427 
32 2.371 0.375369 18.3803 
32 2.371 0.371015 18.7231 
32 2.371 0.375128 18.9096 
32 2.371 0.373971 18.9147 
32 2.372 0.370617 18.7542 
32 2.372 0.368261 18.6872 
32 2.372 0.371556 18.6641 
32 2.372 0.370138 18.7677 
32 2.372 0.374475 18.7556 
32 2.373 0.365997 18.5473 
32 2.373 0.366388 18.413 
32 2.373 0.367439 18.5787 
32 2.373 0.362959 18.1784 
32 2.373 0.370884 18.7659 
32 2.374 0.36513 18.4682 
32 2.374 0.36103 18.543 
32 2.374 0.362654 18.4268 
32 2.374 0.366723 18.6449 
32 2.374 0.366624 18.7345 
32 2.375 0.362424 18.5426 
32 2.375 0.36184 18.5401 
32 2.375 0.36239 18.294 
32 2.375 0.360123 18.5421 
32 2.375 0.362313 18.459 
32 2.376 0.358921 18.4662 
32 2.376 0.360346 18.3918 
32 2.376 0.360759 18.3915 
32 2.376 0.358921 18.2782 
32 2.376 0.364329 18.3681 
32 2.377 0.361817 18.2326 
32 2.377 0.35892 18.1684 
32 2.377 0.356642 18.8392 
32 2.377 0.363873 18.0581 
32 2.377 0.356876 18.141 
32 2.378 0.354622 18.2796 
32 2.378 0.358199 18.5259 
32 2.378 0.354096 18.0555 
32 2.378 0.35871 18.1467 
32 2.378 0.358442 18.2611 
32 2.379 0.359094 18.4057 
32 2.379 0.356106 18.2449 
32 2.379 0.353541 17.8352 
32 2.379 0.356904 18.0944 
32 2.379 0.35762 18.134 
32 2.38 0.354234 18.0038 
32 2.38 0.352531 18.082 
32 2.38 0.347494 18.0563 
32 2.38 0.353363 18.1277 
32 2.38 0.350993 17.9415 
32 2.381 0.355531 17.6342 
32 2.381 0.356843 18.0659 
32 2.381 0.352633 18.0048 
32 2.381 0.351594 17.9476 
32 2.381 0.352347 17.6532 
32 2.382 0.349206 17.9929 
32 2.382 0.348708 17.8416 
32 2.382 0.350006 17.6885 
32 2.382 0.347976 17.7033 
32 2.382 0.347136 18.0349 
32 2.383 0.348091 17.6277 
32 2.383 0.347729 17.6548 
32 2.383 0.345223 17.4888 
32 2.383 0.347024 17.7719 
32 2.383 0.349882 17.678 
32 2.384 0.345449 17.6381 
32 2.384 0.347266 17.8043 
32 2.384 0.342426 17.5686 
32 2.384 0.349107 17.6106 
32 2.384 0.344842 17.6761 
32 2.385 0.339809 17.384 
32 2.385 0.339324 17.1906 
32 2.385 0.341701 17.5916 
32 2.385 0.341094 17.1375 
32 2.385 0.338257 17.4832 
32 2.386 0.344535 17.3064 
32 2.386 0.342014 17.5449 
32 2.386 0.344911 17.5102 
32 2.386 0.342165 17.2168 
32 2.386 0.342059 17.0575 
32 2.387 0.335173 16.7452 
32 2.387 0.338693 17.4953 
32 2.387 0.337601 17.4895 
32 2.387 0.339066 17.3927 
32 2.387 0.343245 17.4093 
32 2.388 0.340371 17.1637 
32 2.388 0.335781 17.101 
32 2.388 0.335285 17.1046 
32 2.388 0.334597 17.1698 
32 2.388 0.340643 17.3385 
32 2.389 0.333993 17.2518 
32 2.389 0.33391 17.0949 
32 2.389 0.333263 16.9192 
32 2.389 0.332649 16.9797 
32 2.389 0.338858 16.9682 
32 2.39 0.329015 17.0652 
32 2.39 0.330259 16.7461 
32 2.39 0.332407 17.1426 
32 2.39 0.329772 16.961 
32 2.39 0.3299 16.7383 
32 2.391 0.331936 16.9896 
32 2.391 0.330944 16.8204 
32 2.391 0.329233 16.8067 
32 2.391 0.329291 16.6996 
32 2.391 0.332304 16.7989 
32 2.392 0.328951 16.8929 
32 2.392 0.331203 16.8754 
32 2.392 0.328153 16.3962 
32 2.392 0.32966 16.6423 
32 2.392 0.32836 16.9986 
32 2.393 0.325787 16.5901 
32 2.393 0.327332 16.8577 
32 2.393 0.329693 17.1956 
32 2.393 0.325797 16.6456 
32 2.393 0.326471 16.6753 
32 2.394 0.32325 16.8193 
32 2.394 0.323943 16.796 
32 2.394 0.324568 16.6365 
32 2.394 0.328759 16.5142 
32 2.394 0.322553 16.6346 
32 2.395 0.326277 16.5648 
32 2.395 0.326421 16.3396 
32 2.395 0.327187 16.7841 
32 2.395 0.327236 16.3645 
32 2.395 0.322246 16.3535 
32 2.396 0.325026 16.5569 
32 2.396 0.320042 16.1823 
32 2.396 0.324768 16.5739 
32 2.396 0.323119 16.3874 
32 2.396 0.32304 16.4733 
32 2.397 0.318205 16.1586 
32 2.397 0.320846 16.3035 
32 2.397 0.31869 16.5058 
32 2.397 0.325157 15.9809 
32 2.397 0.321028 16.2688 
32 2.398 0.316242 16.1317 
32 2.398 0.317537 15.8453 
32 2.398 0.317637 16.0127 
32 2.398 0.316646 15.855 
32 2.398 0.318573 16.0605 
32 2.399 0.317089 16.2128 
32 2.399 0.318581 16.0916 
32 2.399 0.317267 16.0699 
32 2.399 0.313205 15.9828 
32 2.399 0.314145 16.0497 
32 2.4 0.314444 16.0031 
32 2.4 0.313806 15.8452 
32 2.4 0.315768 15.8922 
32 2.4 0.312287 15.9343 
32 2.4 0.31138 15.8834 
32 2.401 0.311241 15.6078 
32 2.401 0.311333 15.8098 
32 2.401 0.313334 15.8005 
32 2.401 0.312265 15.8148 
32 2.401 0.313512 15.6785 
32 2.402 0.312075 15.9254 
32 2.402 0.311377 15.7368 
32 2.402 0.308895 15.7409 
32 2.402 0.310671 15.8579 
32 2.402 0.314507 15.7768 
32 2.403 0.305998 15.5344 
32 2.403 0.308662 15.6456 
32 2.403 0.310699 15.7208 
32 2.403 0.309514 15.8252 
32 2.403 0.304523 15.8649 
32 2.404 0.307275 15.7299 
32 2.404 0.307668 15.6813 
32 2.404 0.302563 15.3061 
32 2.404 0.309892 15.4702 
32 2.404 0.303704 15.2004 
32 2.405 0.304937 15.5967 
32 2.405 0.311176 15.4717 
32 2.405 0.306008 15.7658 
32 2.405 0.307005 15.4431 
32 2.405 0.306781 15.307 
32 2.406 0.303279 15.4805 
32 2.406 0.305109 15.3852 
32 2.406 0.302969 15.1269 
32 2.406 0.307771 15.4448 
32 2.406 0.30177 15.2233 
32 2.407 0.30134 15.3169 
32 2.407 0.303346 15.1478 
32 2.407 0.3022 15.2949 
32 2.407 0.299887 14.9934 
32 2.407 0.304213 15.1802 
32 2.408 0.302276 15.1976 
32 2.408 0.302958 15.1116 
32 2.408 0.297769 14.8203 
32 2.408 0.302185 15.4106 
32 2.408 0.297305 15.2561 
32 2.409 0.301188 15.3907 
32 2.409 0.297531 14.9774 
32 2.409 0.299036 15.0792 
32 2.409 0.297473 14.9936 
32 2.409 0.298311 15.0306 
32 2.41 0.295104 14.9235 
32 2.41 0.294471 14.9002 
32 2.41 0.297433 14.9135 
32 2.41 0.297872 14.9511 
32 2.41 0.298333 14.9475 
32 2.411 0.294643 14.8549 
32 2.411 0.296089 14.913 
32 2.411 0.295519 14.8624 
32 2.411 0.300392 14.948 
32 2.411 0.293773 14.6858 
32 2.412 0.296669 14.7241 
32 2.412 0.29461 14.7862 
32 2.412 0.292561 14.7425 
32 2.412 0.297131 14.9726 
32 2.412 0.296438 14.8117 
32 2.413 0.291147 14.598 
32 2.413 0.293662 14.6994 
32 2.413 0.296286 15.0093 
32 2.413 0.292424 14.4678 
32 2.413 0.292 14.5056 
32 2.414 0.291642 14.605 
32 2.414 0.292426 14.5936 
32 2.414 0.292573 14.5727 
32 2.414 0.292876 14.3128 
32 2.414 0.293285 14.6475 
32 2.415 0.290683 14.5834 
32 2.415 0.287228 14.3819 
32 2.415 0.289933 14.3011 
32 2.415 0.290406 14.9444 
32 2.415 0.294723 14.5501 
32 2.416 0.288258 14.1741 
32 2.416 0.289913 14.45 
32 2.416 0.290051 14.2678 
32 2.416 0.291505 14.5655 
32 2.416 0.287569 14.3302 
32 2.417 0.286364 14.1535 
32 2.417 0.286041 14.008 
32 2.417 0.288743 14.52 
32 2.417 0.287627 14.3171 
32 2.417 0.288106 14.1676 
32 2.418 0.286378 14.2441 
32 2.418 0.287253 14.1717 
32 2.418 0.284625 14.1991 
32 2.418 0.281963 14.0011 
32 2.418 0.291664 14.4147 
32 2.419 0.290614 14.2362 
32 2.419 0.28337 14.1614 
32 2.419 0.282814 13.9394 
32 2.419 0.283588 14.0027 
32 2.419 0.284315 14.3701 
32 2.42 0.281341 14.3394 
32 2.42 0.28139 13.9193 
32 2.42 0.279573 13.8334 
32 2.42 0.280515 14.0201 
32 2.42 0.280467 13.6016 
32 2.421 0.285021 13.97 
32 2.421 0.282322 13.7269 
32 2.421 0.282004 14.0822 
32 2.421 0.28141 13.9173 
32 2.421 0.282848 14.0284 
32 2.422 0.280261 13.6794 
32 2.422 0.280197 13.8711 
32 2.422 0.279624 13.87 
32 2.422 0.280291 14.2108 
32 2.422 0.278499 13.6202 
32 2.423 0.283369 14.0255 
32 2.423 0.275889 13.6677 
32 2.423 0.276318 13.7521 
32 2.423 0.279498 14.0064 
32 2.423 0.28357 13.7873 
32 2.424 0.276536 13.8357 
32 2.424 0.277859 13.6315 
32 2.424 0.280667 13.5462 
32 2.424 0.272092 13.5965 
32 2.424 0.280777 13.7878 
32 2.425 0.276025 13.6439 
32 2.425 0.274978 13.6791 
32 2.425 0.274616 13.5853 
32 2.425 0.27801 13.5185 
32 2.425 0.275982 13.58 
32 2.426 0.272885 13.4679 
32 2.426 0.275084 13.5022 
32 2.426 0.273102 13.4665 
32 2.426 0.276508 13.5666 
32 2.426 0.274071 13.2442 
32 2.427 0.272539 13.396 
32 2.427 0.274125 13.5465 
32 2.427 0.273652 13.4479 
32 2.427 0.273566 13.1527 
32 2.427 0.271256 13.2225 
32 2.428 0.272129 13.4154 
32 2.428 0.272743 13.3686 
32 2.428 0.269779 13.1386 
32 2.428 0.271199 13.0279 
32 2.428 0.269991 13.2553 
32 2.429 0.271097 13.0601 
32 2.429 0.272378 13.2016 
32 2.429 0.269806 13.2489 
32 2.429 0.271875 13.254 
32 2.429 0.269812 13.2542 
32 2.43 0.269978 13.0688 
32 2.43 0.273307 13.5041 
32 2.43 0.265786 13.1024 
32 2.43 0.269721 13.3979 
32 2.43 0.268988 12.9617 
32 2.431 0.267329 13.1688 
32 2.431 0.267331 13.0449 
32 2.431 0.268965 12.7921 
32 2.431 0.266702 13.1967 
32 2.431 0.266485 12.9109 
32 2.432 0.262995 12.7705 
32 2.432 0.268003 12.9415 
32 2.432 0.265756 12.9787 
32 2.432 0.267134 12.9663 
32 2.432 0.27058 12.8532 
32 2.433 0.262769 12.7192 
32 2.433 0.265182 12.625 
32 2.433 0.265813 12.7909 
32 2.433 0.266643 12.7289 
32 2.433 0.266049 12.8891 
32 2.434 0.261949 12.8085 
32 2.434 0.264569 12.7615 
32 2.434 0.265866 12.7514 
32 2.434 0.263756 12.6736 
32 2.434 0.266909 13.1528 
32 2.435 0.263436 12.4764 
32 2.435 0.261435 12.4951 
32 2.435 0.264884 12.7271 
32 2.435 0.261029 12.6461 
32 2.435 0.261728 12.5458 
32 2.436 0.263022 12.8111 
32 2.436 0.26217 12.539 
32 2.436 0.263124 12.4193 
32 2.436 0.260442 12.5161 
32 2.436 0.261087 12.4364 
32 2.437 0.261594 12.499 
32 2.437 0.260827 12.319 
32 2.437 0.261463 12.4536 
32 2.437 0.261386 12.4222 
32 2.437 0.260443 12.3699 
32 2.438 0.258241 12.443 
32 2.438 0.258372 12.3916 
32 2.438 0.260862 12.3707 
32 2.438 0.259704 12.5729 
32 2.438 0.261851 12.4842 
32 2.439 0.255586 12.4169 
32 2.439 0.259816 12.4124 
32 2.439 0.259214 12.4535 
32 2.439 0.257691 12.3476 
32 2.439 0.259323 12.3696 
32 2.44 0.254604 12.3797 
32 2.44 0.259705 12.207 
32 2.44 0.258039 12.3687 
32 2.44 0.257053 11.9474 
32 2.44 0.255861 12.0996 
32 2.441 0.253076 11.9527 
32 2.441 0.255817 12.009 
32 2.441 0.256252 12.1235 
32 2.441 0.260243 12.3836 
32 2.441 0.25395 12.2136 
32 2.442 0.252606 12.1641 
32 2.442 0.255853 12.0823 
32 2.442 0.255307 12.0958 
32 2.442 0.25431 12.0397 
32 2.442 0.254804 12.1766 
32 2.443 0.250139 11.9556 
32 2.443 0.253942 12.125 
32 2.443 0.253716 11.9766 
32 2.443 0.255924 11.9501 
32 2.443 0.255965 12.0033 
32 2.444 0.25488 12.335 
32 2.444 0.249806 11.7736 
32 2.444 0.256357 11.8903 
32 2.444 0.252853 11.7314 
32 2.444 0.252254 11.9542 
32 2.445 0.248899 11.8013 
32 2.445 0.254342 11.8842 
32 2.445 0.252282 11.6599 
32 2.445 0.249329 11.6102 
32 2.445 0.251705 11.676 
32 2.446 0.250554 11.6159 
32 2.446 0.247349 11.508 
32 2.446 0.248082 11.6473 
32 2.446 0.247362 11.7261 
32 2.446 0.253013 11.7872 
32 2.447 0.247532 11.6146 
32 2.447 0.246721 11.4865 
32 2.447 0.249371 11.5855 
32 2.447 0.247028 11.6138 
32 2.447 0.249179 11.5141 
32 2.448 0.249154 11.7271 
32 2.448 0.24584 11.5 
32 2.448 0.248447 11.6388 
32 2.448 0.246094 11.5654 
32 2.448 0.243091 11.4098 
32 2.449 0.243948 11.3658 
32 2.449 0.247251 11.4583 
32 2.449 0.244583 11.4004 
32 2.449 0.244516 11.3398 
32 2.449 0.24838 11.542 
32 2.45 0.245115 11.4068 
32 2.45 0.244371 11.2502 
32 2.45 0.246991 11.588 
32 2.45 0.249361 11.6514 
32 2.45 0.244789 11.3619 
32 2.451 0.244876 11.529 
32 2.451 0.245693 11.5234 
32 2.451 0.246446 11.4398 
32 2.451 0.242255 11.1448 
32 2.451 0.244178 11.2338 
32 2.452 0.245127 11.1668 
32 2.452 0.244289 11.5232 
32 2.452 0.243851 11.3097 
32 2.452 0.244106 11.4271 
32 2.452 0.243662 11.3009 
32 2.453 0.245681 11.1783 
32 2.453 0.245022 11.2403 
32 2.453 0.242953 11.163 
32 2.453 0.241005 11.0472 
32 2.453 0.242097 11.0694 
32 2.454 0.240202 11.2009 
32 2.454 0.240363 10.909 
32 2.454 0.239911 11.1436 
32 2.454 0.241534 11.1753 
32 2.454 0.241906 11.0879 
32 2.455 0.241554 11.1569 
32 2.455 0.238458 10.794 
32 2.455 0.242206 11.3037 
32 2.455 0.239683 11.2097 
32 2.455 0.239254 11.1929 
32 2.456 0.236604 10.7543 
32 2.456 0.24093 11.1513 
32 2.456 0.237935 10.7176 
32 2.456 0.240307 11.1322 
32 2.456 0.241273 10.9388 
32 2.457 0.238462 10.8539 
32 2.457 0.239064 11.002 
32 2.457 0.237566 10.7899 
32 2.457 0.239304 10.9394 
32 2.457 0.237556 10.8723 
32 2.458 0.237616 11.0604 
32 2.458 0.239182 10.8489 
32 2.458 0.240645 11.0154 
32 2.458 0.237509 10.7646 
32 2.458 0.238401 10.8419 
32 2.459 0.234254 10.5353 
32 2.459 0.237209 10.9823 
32 2.459 0.233865 10.5214 
32 2.459 0.237065 10.7593 
32 2.459 0.235929 10.7655 
32 2.46 0.233103 10.6012 
32 2.46 0.231346 10.6292 
32 2.46 0.23582 10.8931 
32 2.46 0.234555 10.5806 
32 2.46 0.235167 10.7788 
32 2.461 0.233276 10.4594 
32 2.461 0.231451 10.6173 
32 2.461 0.231421 10.4558 
32 2.461 0.23388 10.5886 
32 2.461 0.231911 10.6833 
32 2.462 0.230778 10.3949 
32 2.462 0.23194 10.5166 
32 2.462 0.231953 10.2818 
32 2.462 0.234619 10.5253 
32 2.462 0.231489 10.5404 
32 2.463 0.232096 10.4106 
32 2.463 0.232181 10.3296 
32 2.463 0.234304 10.4691 
32 2.463 0.230797 10.5013 
32 2.463 0.234826 10.6475 
32 2.464 0.229822 10.4045 
32 2.464 0.23072 10.3164 
32 2.464 0.229713 10.3031 
32 2.464 0.2319 10.6406 
32 2.464 0.233085 10.4239 
32 2.465 0.229561 10.5578 
32 2.465 0.230657 10.2955 
32 2.465 0.230172 10.2839 
32 2.465 0.230197 10.3112 
32 2.465 0.228219 10.4347 
32 2.466 0.229627 10.3439 
32 2.466 0.229647 10.1957 
32 2.466 0.230055 10.2784 
32 2.466 0.23102 10.3268 
32 2.466 0.228228 10.2261 
32 2.467 0.227223 10.2153 
32 2.467 0.22903 10.1939 
32 2.467 0.227023 10.0129 
32 2.467 0.226515 10.0875 
32 2.467 0.227704 10.162 
32 2.468 0.227518 10.1931 
32 2.468 0.228041 10.3056 
32 2.468 0.227686 9.96514 
32 2.468 0.228514 10.2568 
32 2.468 0.223096 9.83748 
32 2.469 0.227126 10.3374 
32 2.469 0.227551 9.90829 
32 2.469 0.227703 10.0689 
32 2.469 0.225884 10.0752 
32 2.469 0.226894 10.0197 
32 2.47 0.2281 9.9869 
32 2.47 0.226202 10.0357 
32 2.47 0.22703 9.88165 
32 2.47 0.225245 10.0271 
32 2.47 0.227538 10.0536 
32 2.471 0.223209 9.88754 
32 2.471 0.224777 9.93306 
32 2.471 0.226381 9.79227 
32 2.471 0.223912 9.96531 
32 2.471 0.222692 9.85814 
32 2.472 0.222908 9.82292 
32 2.472 0.220939 9.69001 
32 2.472 0.223431 9.9239 
32 2.472 0.22347 9.82426 
32 2.472 0.222658 9.6953 
32 2.473 0.220324 9.80206 
32 2.473 0.220208 9.70203 
32 2.473 0.223177 9.94748 
32 2.473 0.221789 9.70486 
32 2.473 0.225779 9.86005 
32 2.474 0.224149 9.85828 
32 2.474 0.222199 9.67746 
32 2.474 0.221834 9.96927 
32 2.474 0.221837 9.84266 
32 2.474 0.220083 9.77895 
32 2.475 0.221031 9.54645 
32 2.475 0.219015 9.40345 
32 2.475 0.221525 9.7905 
32 2.475 0.220084 9.61209 
32 2.475 0.220625 9.76386 
32 2.476 0.220885 9.47749 
32 2.476 0.219693 9.47851 
32 2.476 0.221153 9.48679 
32 2.476 0.219796 9.68416 
32 2.476 0.224245 9.58243 
32 2.477 0.220069 9.79674 
32 2.477 0.222768 9.7677 
32 2.477 0.218745 9.67827 
32 2.477 0.217388 9.50084 
32 2.477 0.218338 9.5228 
32 2.478 0.221079 9.57572 
32 2.478 0.217553 9.35213 
32 2.478 0.218996 9.41114 
32 2.478 0.216126 9.37022 
32 2.478 0.214631 9.28347 
32 2.479 0.218289 9.25347 
32 2.479 0.218296 9.48613 
32 2.479 0.219519 9.31102 
32 2.479 0.217305 9.38988 
32 2.479 0.217485 9.44931 
32 2.48 0.217426 9.49538 
32 2.48 0.217096 9.49786 
32 2.48 0.213709 9.17304 
32 2.48 0.217766 9.19153 
32 2.48 0.217243 9.45251 
32 2.481 0.215812 9.45303 
32 2.481 0.214856 9.32123 
32 2.481 0.215389 9.27989 
32 2.481 0.214804 9.3416 
32 2.481 0.216365 9.22154 
32 2.482 0.21415 9.29942 
32 2.482 0.214987 9.2923 
32 2.482 0.215345 9.27758 
32 2.482 0.216488 9.21118 
32 2.482 0.215669 9.31918 
32 2.483 0.213749 9.13165 
32 2.483 0.21428 9.06571 
32 2.483 0.216884 9.37023 
32 2.483 0.213306 9.24483 
32 2.483 0.215836 9.22614 
32 2.484 0.211572 9.12266 
32 2.484 0.21458 9.12218 
32 2.484 0.212839 9.09425 
32 2.484 0.21407 9.09267 
32 2.484 0.21289 9.29032 
32 2.485 0.211648 9.0662 
32 2.485 0.213723 8.90871 
32 2.485 0.212781 8.94007 
32 2.485 0.214476 9.17663 
32 2.485 0.210515 8.86202 
32 2.486 0.211578 8.96077 
32 2.486 0.209684 8.60734 
32 2.486 0.209608 8.9476 
32 2.486 0.212205 9.00363 
32 2.486 0.212197 9.03007 
32 2.487 0.209665 8.89221 
32 2.487 0.211874 9.01129 
32 2.487 0.208931 8.86591 
32 2.487 0.211424 9.02099 
32 2.487 0.210014 8.82977 
32 2.488 0.209762 9.05459 
32 2.488 0.211459 8.92557 
32 2.488 0.211138 8.81334 
32 2.488 0.210466 8.90047 
32 2.488 0.20839 8.7368 
32 2.489 0.208665 8.6488 
32 2.489 0.209161 8.91527 
32 2.489 0.211679 8.94867 
32 2.489 0.209771 8.8559 
32 2.489 0.209689 8.78391 
32 2.49 0.210015 8.7277 
32 2.49 0.206443 8.50845 
32 2.49 0.207345 8.77624 
32 2.49 0.209395 8.72437 
32 2.49 0.208898 8.68692 
32 2.491 0.207676 8.73391 
32 2.491 0.207428 8.60551 
32 2.491 0.205589 8.54558 
32 2.491 0.208391 8.61994 
32 2.491 0.210293 8.93112 
32 2.492 0.205824 8.56795 
32 2.492 0.206763 8.69831 
32 2.492 0.206006 8.75017 
32 2.492 0.207037 8.84511 
32 2.492 0.208245 8.77641 
32 2.493 0.207638 8.58643 
32 2.493 0.205176 8.38919 
32 2.493 0.207813 8.71072 
32 2.493 0.20601 8.55583 
32 2.493 0.205435 8.58703 
32 2.494 0.208203 8.6585 
32 2.494 0.204245 8.63826 
32 2.494 0.206318 8.53185 
32 2.494 0.206694 8.52343 
32 2.494 0.20784 8.58946 
32 2.495 0.207071 8.7178 
32 2.495 0.204962 8.54587 
32 2.495 0.20425 8.4329 
32 2.495 0.206341 8.45307 
32 2.495 0.203659 8.37217 
32 2.496 0.204013 8.4442 
32 2.496 0.201599 8.25731 
32 2.496 0.202045 8.45531 
32 2.496 0.204931 8.56745 
32 2.496 0.202867 8.31849 
32 2.497 0.203709 8.33428 
32 2.497 0.202377 8.29416 
32 2.497 0.203278 8.51304 
32 2.497 0.202755 8.48479 
32 2.497 0.202131 8.49482 
32 2.498 0.20302 8.24151 
32 2.498 0.201392 8.36139 
32 2.498 0.202601 8.32271 
32 2.498 0.202191 8.25782 
32 2.498 0.202488 8.23163 
32 2.499 0.200367 8.23584 
32 2.499 0.203362 8.35528 
32 2.499 0.205167 8.39847 
32 2.499 0.20099 8.21104 
32 2.499 0.202693 8.39084 
