size temperature m m2 m4 ms e sp_h  
20 1.5 0.995324 0.990705 0.981629 0.00903525 -871.932 0.0957701 
20 1.5 0.99543 0.990914 0.982036 0.00855391 -872.023 0.0941443 
20 1.5 0.995303 0.990661 0.98154 0.00883418 -871.821 0.0966032 
20 1.505 0.995235 0.990528 0.981278 0.00901317 -871.702 0.0981433 
20 1.505 0.995331 0.990717 0.981646 0.00854953 -871.9 0.0910442 
20 1.505 0.995283 0.990622 0.981465 0.00902323 -871.871 0.0942704 
20 1.51 0.99514 0.990339 0.980906 0.00911994 -871.561 0.0975241 
20 1.51 0.995236 0.990531 0.981289 0.00929446 -871.754 0.0983097 
20 1.51 0.995326 0.990707 0.981632 0.00886059 -871.882 0.094213 
20 1.515 0.995067 0.990194 0.980623 0.00936119 -871.451 0.0996938 
20 1.515 0.995121 0.990301 0.980834 0.00928062 -871.544 0.0976417 
20 1.515 0.995097 0.990253 0.980736 0.00913151 -871.47 0.0981044 
20 1.52 0.994884 0.989833 0.979915 0.00982741 -871.17 0.102943 
20 1.52 0.994916 0.989895 0.980038 0.00979814 -871.196 0.102114 
20 1.52 0.994939 0.989942 0.980134 0.00994048 -871.248 0.104791 
20 1.525 0.994772 0.989611 0.97948 0.0100854 -870.962 0.10307 
20 1.525 0.994749 0.989564 0.979389 0.0101343 -870.91 0.105338 
20 1.525 0.994884 0.989832 0.979914 0.00983385 -871.125 0.103375 
20 1.53 0.994742 0.98955 0.979359 0.0100087 -870.872 0.106444 
20 1.53 0.994711 0.98949 0.979241 0.0101083 -870.851 0.10624 
20 1.53 0.994685 0.989438 0.979141 0.01031 -870.831 0.105507 
20 1.535 0.994582 0.989233 0.978739 0.0104209 -870.67 0.10555 
20 1.535 0.994568 0.989204 0.978676 0.0100491 -870.623 0.103767 
20 1.535 0.994636 0.98934 0.978945 0.0101218 -870.763 0.103285 
20 1.54 0.994398 0.98887 0.978027 0.0108339 -870.336 0.111665 
20 1.54 0.994433 0.988938 0.97816 0.0107178 -870.445 0.108171 
20 1.54 0.994379 0.988832 0.977952 0.0109011 -870.333 0.110987 
20 1.545 0.994309 0.988693 0.977679 0.0108882 -870.24 0.108741 
20 1.545 0.994276 0.988627 0.977548 0.0109232 -870.17 0.109865 
20 1.545 0.994245 0.988566 0.977428 0.0109851 -870.081 0.111382 
20 1.55 0.994169 0.988415 0.977133 0.0111121 -869.997 0.110368 
20 1.55 0.994065 0.988211 0.976737 0.0117008 -869.878 0.113731 
20 1.55 0.994106 0.98829 0.976882 0.0108785 -869.831 0.11174 
20 1.555 0.994061 0.988201 0.976714 0.011332 -869.814 0.112454 
20 1.555 0.994049 0.988178 0.976672 0.011559 -869.807 0.115154 
20 1.555 0.993991 0.988063 0.976445 0.0115786 -869.7 0.115769 
20 1.56 0.993841 0.987768 0.975871 0.012244 -869.433 0.121163 
20 1.56 0.993886 0.987856 0.976041 0.0119382 -869.531 0.117151 
20 1.56 0.993959 0.988 0.97632 0.011626 -869.62 0.112747 
20 1.565 0.993703 0.987492 0.975323 0.0119023 -869.217 0.11612 
20 1.565 0.993635 0.987358 0.975059 0.012058 -869.114 0.117481 
20 1.565 0.993665 0.987419 0.975182 0.0121742 -869.173 0.11748 
20 1.57 0.993573 0.987236 0.974822 0.0122965 -868.969 0.120439 
20 1.57 0.993531 0.987151 0.974651 0.0119967 -868.919 0.118871 
20 1.57 0.993486 0.987066 0.974497 0.0129329 -868.897 0.121485 
20 1.575 0.993454 0.987002 0.97437 0.01288 -868.804 0.124776 
20 1.575 0.993445 0.986985 0.974339 0.0129628 -868.806 0.124921 
20 1.575 0.99336 0.986815 0.973998 0.0126589 -868.689 0.121217 
20 1.58 0.993212 0.986521 0.973418 0.0126246 -868.39 0.124104 
20 1.58 0.993198 0.986494 0.973372 0.0130779 -868.393 0.124127 
20 1.58 0.993286 0.986669 0.973712 0.0127953 -868.528 0.12404 
20 1.585 0.993159 0.986417 0.973223 0.0132078 -868.371 0.124734 
20 1.585 0.993146 0.986391 0.973168 0.0130556 -868.274 0.125537 
20 1.585 0.993137 0.986373 0.973133 0.0129713 -868.313 0.124909 
20 1.59 0.99286 0.985826 0.972065 0.0137309 -867.91 0.127818 
20 1.59 0.992919 0.985943 0.972296 0.0137458 -867.947 0.130982 
20 1.59 0.99303 0.986161 0.97272 0.0132551 -868.127 0.125606 
20 1.595 0.99269 0.98549 0.971412 0.0142254 -867.598 0.131984 
20 1.595 0.992809 0.985725 0.971872 0.0139748 -867.802 0.130882 
20 1.595 0.9928 0.985709 0.971845 0.0143586 -867.811 0.131523 
20 1.6 0.992611 0.985335 0.971113 0.0146144 -867.465 0.13521 
20 1.6 0.992547 0.985211 0.970878 0.0153144 -867.383 0.13692 
20 1.6 0.992609 0.985331 0.971107 0.0147008 -867.476 0.13581 
20 1.605 0.992433 0.984984 0.970425 0.0148512 -867.227 0.135479 
20 1.605 0.992568 0.98525 0.970942 0.0143839 -867.368 0.133327 
20 1.605 0.992325 0.984772 0.970019 0.0156435 -867.035 0.140149 
20 1.61 0.992162 0.984445 0.969364 0.0147828 -866.689 0.139108 
20 1.61 0.992272 0.984667 0.969813 0.015643 -866.998 0.141061 
20 1.61 0.992325 0.984769 0.970001 0.0148073 -867.066 0.132953 
20 1.615 0.992175 0.984472 0.969423 0.0151169 -866.768 0.138651 
20 1.615 0.992145 0.984414 0.96931 0.0152296 -866.703 0.139125 
20 1.615 0.992129 0.984385 0.96926 0.0157555 -866.7 0.142293 
20 1.62 0.991895 0.983919 0.968344 0.0156738 -866.33 0.141887 
20 1.62 0.991766 0.983667 0.967857 0.0162881 -866.19 0.14284 
20 1.62 0.991903 0.983939 0.968393 0.0163652 -866.39 0.144 
20 1.625 0.991731 0.983598 0.967726 0.0164774 -866.098 0.144991 
20 1.625 0.991702 0.983542 0.967623 0.0170272 -866.075 0.146312 
20 1.625 0.991646 0.983433 0.967416 0.0174968 -866.066 0.147491 
20 1.63 0.991476 0.983093 0.966735 0.0166777 -865.673 0.145826 
20 1.63 0.991625 0.983389 0.967324 0.0170158 -865.881 0.148718 
20 1.63 0.991558 0.98326 0.967079 0.0176585 -865.804 0.152223 
20 1.635 0.991353 0.98285 0.966257 0.0165861 -865.426 0.147685 
20 1.635 0.991453 0.983047 0.966647 0.0166994 -865.609 0.147945 
20 1.635 0.99119 0.982529 0.965639 0.0173383 -865.284 0.149178 
20 1.64 0.991173 0.982494 0.965565 0.0170339 -865.159 0.148805 
20 1.64 0.991296 0.982739 0.966055 0.0174696 -865.403 0.15196 
20 1.64 0.991273 0.982695 0.965973 0.0177926 -865.417 0.150869 
20 1.645 0.991084 0.982319 0.965227 0.017324 -865.078 0.147992 
20 1.645 0.990946 0.98205 0.964717 0.0184961 -864.84 0.156939 
20 1.645 0.990985 0.982127 0.964867 0.0184024 -864.934 0.156735 
20 1.65 0.990708 0.981579 0.963792 0.0184785 -864.47 0.158121 
20 1.65 0.990765 0.981689 0.964001 0.017949 -864.498 0.155394 
20 1.65 0.990709 0.981581 0.963797 0.018529 -864.46 0.156429 
20 1.655 0.99057 0.981306 0.963259 0.0184875 -864.238 0.159719 
20 1.655 0.990674 0.981515 0.96368 0.0192981 -864.454 0.1571 
20 1.655 0.990659 0.981484 0.963611 0.0187607 -864.408 0.15719 
20 1.66 0.990258 0.980694 0.962084 0.0201177 -863.801 0.167598 
20 1.66 0.990482 0.981136 0.962939 0.0193951 -864.185 0.158462 
20 1.66 0.990182 0.980544 0.961789 0.020092 -863.648 0.168925 
20 1.665 0.990236 0.980647 0.961973 0.0189061 -863.647 0.162594 
20 1.665 0.990055 0.980296 0.961315 0.0208725 -863.541 0.166349 
20 1.665 0.990066 0.980312 0.961329 0.0196398 -863.453 0.162908 
20 1.67 0.98994 0.980066 0.960857 0.0203393 -863.314 0.163836 
20 1.67 0.989859 0.979907 0.960551 0.0206479 -863.152 0.16951 
20 1.67 0.989885 0.979959 0.96065 0.0204969 -863.241 0.166581 
20 1.675 0.989773 0.979736 0.960214 0.0204677 -862.993 0.168811 
20 1.675 0.989899 0.979988 0.960713 0.0208006 -863.199 0.170437 
20 1.675 0.989753 0.979697 0.960136 0.0203467 -862.945 0.166915 
20 1.68 0.989554 0.979306 0.959386 0.021261 -862.687 0.173172 
20 1.68 0.989415 0.979033 0.958858 0.0217019 -862.465 0.172984 
20 1.68 0.989582 0.979359 0.959481 0.020687 -862.732 0.168739 
20 1.685 0.989243 0.978692 0.958189 0.0215447 -862.156 0.173181 
20 1.685 0.989412 0.979027 0.958838 0.0212255 -862.464 0.170732 
20 1.685 0.989172 0.978554 0.957925 0.0219975 -862.16 0.171238 
20 1.69 0.988973 0.978164 0.957174 0.0227243 -861.819 0.17757 
20 1.69 0.989021 0.978256 0.957343 0.0219491 -861.902 0.174467 
20 1.69 0.989013 0.97824 0.957314 0.0220984 -861.798 0.176892 
20 1.695 0.988724 0.977672 0.956216 0.0228559 -861.322 0.183903 
20 1.695 0.988725 0.977677 0.956231 0.0232255 -861.365 0.182443 
20 1.695 0.988865 0.977951 0.956756 0.0225511 -861.628 0.180347 
20 1.7 0.988612 0.977452 0.95579 0.0230538 -861.203 0.182822 
20 1.7 0.98835 0.976939 0.954808 0.0243582 -860.872 0.182595 
20 1.7 0.988642 0.977513 0.955915 0.023367 -861.3 0.182264 
20 1.705 0.988347 0.97693 0.95478 0.0235725 -860.821 0.18311 
20 1.705 0.98832 0.976878 0.954677 0.0235371 -860.722 0.18574 
20 1.705 0.988472 0.97718 0.955275 0.0239916 -861.042 0.184592 
20 1.71 0.988286 0.976813 0.95456 0.0240623 -860.751 0.184007 
20 1.71 0.988046 0.976342 0.953655 0.0250402 -860.355 0.190849 
20 1.71 0.988114 0.976477 0.953917 0.0249316 -860.519 0.190375 
20 1.715 0.987797 0.975855 0.952721 0.0259584 -860.068 0.192677 
20 1.715 0.987779 0.975814 0.952623 0.0248588 -859.944 0.191405 
20 1.715 0.98795 0.976152 0.953281 0.0247597 -860.191 0.187606 
20 1.72 0.987533 0.975333 0.951704 0.025987 -859.579 0.197953 
20 1.72 0.987632 0.975523 0.952053 0.0246587 -859.657 0.193501 
20 1.72 0.987585 0.975435 0.951901 0.025846 -859.699 0.197 
20 1.725 0.98755 0.975366 0.951764 0.0256678 -859.542 0.194822 
20 1.725 0.987297 0.974873 0.950826 0.0272333 -859.297 0.198459 
20 1.725 0.987419 0.975105 0.951247 0.0250826 -859.39 0.193699 
20 1.73 0.987169 0.974619 0.950328 0.0268787 -859.099 0.19878 
20 1.73 0.987097 0.974477 0.950048 0.0266851 -858.94 0.197569 
20 1.73 0.987234 0.974742 0.950546 0.0254889 -859.09 0.190906 
20 1.735 0.98682 0.973935 0.949009 0.0276849 -858.526 0.203336 
20 1.735 0.986806 0.973903 0.948935 0.0269333 -858.497 0.199899 
20 1.735 0.986933 0.974152 0.949416 0.0266694 -858.623 0.196566 
20 1.74 0.986574 0.973451 0.948076 0.0281661 -858.089 0.207514 
20 1.74 0.986663 0.973623 0.948401 0.0274527 -858.264 0.202983 
20 1.74 0.98659 0.973482 0.948134 0.0280372 -858.116 0.206017 
20 1.745 0.98608 0.972482 0.946213 0.0294438 -857.381 0.212121 
20 1.745 0.986161 0.972641 0.946517 0.029061 -857.547 0.209148 
20 1.745 0.986249 0.972813 0.946847 0.0288424 -857.704 0.207762 
20 1.75 0.98589 0.972107 0.945481 0.0292098 -857.114 0.212959 
20 1.75 0.985976 0.972276 0.945803 0.028818 -857.198 0.208839 
20 1.75 0.985966 0.972257 0.945769 0.0289802 -857.199 0.212281 
20 1.755 0.98577 0.971872 0.945029 0.0294318 -856.922 0.212937 
20 1.755 0.985878 0.972091 0.945479 0.0309217 -857.102 0.217974 
20 1.755 0.985573 0.971491 0.944312 0.0309125 -856.72 0.214366 
20 1.76 0.985439 0.971224 0.943787 0.0304119 -856.439 0.215912 
20 1.76 0.985396 0.971139 0.943621 0.0303246 -856.285 0.218806 
20 1.76 0.985195 0.970746 0.942867 0.0308828 -856.092 0.21733 
20 1.765 0.985056 0.970476 0.942359 0.0317449 -855.892 0.22092 
20 1.765 0.985376 0.971099 0.943541 0.0300971 -856.317 0.216086 
20 1.765 0.985178 0.970719 0.942841 0.0324223 -856.188 0.221715 
20 1.77 0.984931 0.97023 0.941887 0.0319526 -855.746 0.220968 
20 1.77 0.984828 0.970025 0.941479 0.0313911 -855.507 0.217692 
20 1.77 0.984669 0.96972 0.940913 0.0329657 -855.327 0.225662 
20 1.775 0.984439 0.969271 0.94006 0.033982 -855.049 0.225343 
20 1.775 0.98428 0.968961 0.939468 0.0345773 -854.724 0.234647 
20 1.775 0.984366 0.969125 0.939763 0.0331755 -854.795 0.226516 
20 1.78 0.983835 0.968089 0.937791 0.0351632 -854.122 0.232658 
20 1.78 0.984036 0.968478 0.938525 0.0339552 -854.369 0.230836 
20 1.78 0.984315 0.96903 0.939601 0.0343661 -854.783 0.233186 
20 1.785 0.983976 0.968371 0.938355 0.0361434 -854.26 0.241915 
20 1.785 0.983885 0.968188 0.937988 0.035357 -854.186 0.234028 
20 1.785 0.983769 0.967961 0.937552 0.0356503 -853.991 0.237539 
20 1.79 0.983586 0.967605 0.936875 0.0362379 -853.761 0.236306 
20 1.79 0.983556 0.967537 0.936714 0.0344704 -853.614 0.23442 
20 1.79 0.983797 0.968008 0.937611 0.0335389 -853.967 0.228249 
20 1.795 0.983317 0.967076 0.935858 0.0364685 -853.392 0.241771 
20 1.795 0.983178 0.96681 0.935369 0.0380736 -853.189 0.246426 
20 1.795 0.983145 0.966739 0.935207 0.0365311 -853.183 0.23853 
20 1.8 0.983027 0.96651 0.934777 0.0371782 -852.908 0.241285 
20 1.8 0.982688 0.965842 0.933477 0.036671 -852.425 0.241692 
20 1.8 0.983071 0.966599 0.934957 0.0377975 -853.009 0.242129 
20 1.805 0.98246 0.965402 0.932656 0.0383343 -852.06 0.249689 
20 1.805 0.982437 0.965358 0.93258 0.0387504 -852.07 0.254033 
20 1.805 0.982939 0.966334 0.934426 0.0364747 -852.707 0.240308 
20 1.81 0.982016 0.964533 0.930995 0.0391814 -851.41 0.250016 
20 1.81 0.98209 0.964681 0.931286 0.0395486 -851.617 0.251122 
20 1.81 0.982241 0.964976 0.931853 0.039404 -851.834 0.251444 
20 1.815 0.981728 0.963974 0.929937 0.0402953 -851.096 0.254413 
20 1.815 0.982011 0.964523 0.93097 0.0387761 -851.391 0.248911 
20 1.815 0.981895 0.964297 0.930549 0.0395403 -851.319 0.249849 
20 1.82 0.981403 0.963343 0.928753 0.0421102 -850.57 0.261082 
20 1.82 0.981848 0.964214 0.930418 0.0413285 -851.242 0.257726 
20 1.82 0.981381 0.963294 0.928638 0.0408193 -850.498 0.259682 
20 1.825 0.981105 0.96276 0.927637 0.0423866 -850.151 0.26102 
20 1.825 0.981163 0.962878 0.927873 0.0429773 -850.356 0.260809 
20 1.825 0.981251 0.96305 0.9282 0.0428255 -850.415 0.259704 
20 1.83 0.981067 0.962684 0.927482 0.041675 -850.192 0.25596 
20 1.83 0.980661 0.961896 0.925995 0.0434929 -849.532 0.267305 
20 1.83 0.980568 0.961721 0.925681 0.0450119 -849.421 0.267979 
20 1.835 0.980635 0.96184 0.925874 0.0425432 -849.358 0.267764 
20 1.835 0.980302 0.961197 0.924668 0.0445147 -849.065 0.26604 
20 1.835 0.980358 0.961308 0.92489 0.0449356 -849.12 0.27401 
20 1.84 0.979953 0.960516 0.923377 0.045331 -848.536 0.271232 
20 1.84 0.979941 0.960497 0.923352 0.0460248 -848.526 0.274174 
20 1.84 0.979822 0.960266 0.922916 0.0465611 -848.479 0.270703 
20 1.845 0.979401 0.959441 0.921328 0.0462394 -847.674 0.276995 
20 1.845 0.979608 0.959843 0.922091 0.0456063 -847.968 0.27669 
20 1.845 0.979365 0.959374 0.921214 0.0470417 -847.708 0.279199 
20 1.85 0.979196 0.959049 0.920617 0.0484851 -847.399 0.285148 
20 1.85 0.979295 0.959237 0.920958 0.047245 -847.574 0.279379 
20 1.85 0.979239 0.95913 0.920756 0.0474928 -847.525 0.283771 
20 1.855 0.978874 0.958408 0.919352 0.046091 -846.917 0.281159 
20 1.855 0.978624 0.957942 0.918538 0.05095 -846.802 0.290003 
20 1.855 0.978731 0.958138 0.91887 0.0482447 -846.771 0.287092 
20 1.86 0.97875 0.958178 0.918953 0.0486704 -846.74 0.284879 
20 1.86 0.978292 0.957293 0.917293 0.0508165 -846.19 0.288817 
20 1.86 0.978393 0.957497 0.91771 0.0523735 -846.399 0.293087 
20 1.865 0.978093 0.956909 0.91658 0.0519266 -845.932 0.293776 
20 1.865 0.978171 0.95706 0.91687 0.0518659 -846.055 0.29876 
20 1.865 0.978241 0.957185 0.917062 0.0490574 -846.009 0.287937 
20 1.87 0.977343 0.955447 0.913799 0.0527231 -844.923 0.294339 
20 1.87 0.977479 0.955708 0.914286 0.0519379 -845.025 0.293654 
20 1.87 0.977396 0.955541 0.913946 0.0506629 -844.794 0.297567 
20 1.875 0.977064 0.954907 0.912785 0.0536459 -844.522 0.298674 
20 1.875 0.977166 0.955102 0.913147 0.0528595 -844.665 0.299614 
20 1.875 0.977199 0.95517 0.913291 0.0536959 -844.732 0.299115 
20 1.88 0.976437 0.953682 0.910452 0.0536173 -843.585 0.303846 
20 1.88 0.976771 0.954339 0.91172 0.0545147 -844.076 0.306549 
20 1.88 0.976784 0.954366 0.911776 0.0549219 -844.088 0.300751 
20 1.885 0.976358 0.953543 0.910244 0.0569561 -843.619 0.30604 
20 1.885 0.97644 0.953701 0.910535 0.0563504 -843.632 0.31148 
20 1.885 0.976344 0.953506 0.910141 0.0549185 -843.44 0.304498 
20 1.89 0.975478 0.951834 0.907016 0.0584596 -842.413 0.315725 
20 1.89 0.9757 0.952265 0.907828 0.0579051 -842.587 0.316171 
20 1.89 0.975523 0.951938 0.907265 0.0619548 -842.503 0.321173 
20 1.895 0.975156 0.951203 0.905809 0.0578133 -841.854 0.3184 
20 1.895 0.975376 0.951633 0.90662 0.0576656 -842.17 0.310257 
20 1.895 0.975709 0.952278 0.907834 0.0567154 -842.527 0.309685 
20 1.9 0.974753 0.950429 0.904371 0.0598383 -841.278 0.320291 
20 1.9 0.975168 0.95123 0.905867 0.0581598 -841.858 0.313673 
20 1.9 0.974676 0.950287 0.904138 0.0619105 -841.343 0.32465 
20 1.905 0.974532 0.950022 0.903683 0.0648968 -841.13 0.333979 
20 1.905 0.974365 0.949677 0.902962 0.0607527 -840.745 0.321949 
20 1.905 0.974655 0.950237 0.904008 0.0597913 -841.103 0.318851 
20 1.91 0.973651 0.94831 0.90045 0.065538 -839.755 0.340835 
20 1.91 0.974244 0.949454 0.902579 0.0632192 -840.697 0.324642 
20 1.91 0.974007 0.948989 0.901683 0.0625987 -840.397 0.318911 
20 1.915 0.97342 0.947864 0.899618 0.0662587 -839.585 0.337836 
20 1.915 0.973561 0.94813 0.90009 0.0643902 -839.663 0.331676 
20 1.915 0.973551 0.948115 0.900078 0.0652333 -839.711 0.333988 
20 1.92 0.972713 0.946487 0.897008 0.0657832 -838.474 0.343612 
20 1.92 0.972918 0.94689 0.897786 0.0668782 -838.801 0.340815 
20 1.92 0.973226 0.947486 0.898898 0.0659046 -839.284 0.334259 
20 1.925 0.971972 0.945078 0.894455 0.0724605 -837.799 0.352882 
20 1.925 0.972644 0.946359 0.896783 0.0669297 -838.386 0.337024 
20 1.925 0.97267 0.946409 0.896882 0.0670246 -838.53 0.341145 
20 1.93 0.971774 0.944689 0.893704 0.0712804 -837.494 0.349734 
20 1.93 0.971695 0.944528 0.893368 0.0695436 -837.211 0.34582 
20 1.93 0.971943 0.945015 0.894308 0.0706736 -837.607 0.344375 
20 1.935 0.971361 0.943888 0.892195 0.0714321 -836.685 0.353425 
20 1.935 0.971134 0.943444 0.891341 0.0705624 -836.451 0.348305 
20 1.935 0.971604 0.944362 0.893096 0.0717154 -837.069 0.349052 
20 1.94 0.97089 0.942981 0.890513 0.0729356 -836.069 0.353699 
20 1.94 0.970545 0.942316 0.889273 0.073847 -835.621 0.357229 
20 1.94 0.970803 0.942822 0.890245 0.0748262 -836.166 0.358732 
20 1.945 0.970087 0.941448 0.887709 0.0779666 -835.246 0.36391 
20 1.945 0.97036 0.941962 0.888623 0.0746839 -835.391 0.358558 
20 1.945 0.970249 0.94176 0.888291 0.0775451 -835.452 0.361735 
20 1.95 0.969615 0.940551 0.886088 0.0814947 -834.703 0.375753 
20 1.95 0.969899 0.941079 0.887 0.0766979 -834.789 0.367896 
20 1.95 0.969659 0.940615 0.886129 0.0769788 -834.538 0.362037 
20 1.955 0.969399 0.940131 0.885295 0.0812284 -834.538 0.363279 
20 1.955 0.969388 0.940103 0.885216 0.0796778 -834.251 0.372216 
20 1.955 0.969041 0.93946 0.8841 0.0857443 -833.876 0.381582 
20 1.96 0.968868 0.939086 0.883276 0.0777997 -833.329 0.365196 
20 1.96 0.968524 0.938439 0.882126 0.0817636 -833.085 0.378095 
20 1.96 0.968551 0.938485 0.882191 0.0804725 -832.997 0.371498 
20 1.965 0.967792 0.937031 0.879519 0.0832691 -832.134 0.377882 
20 1.965 0.968097 0.937622 0.880624 0.0832464 -832.54 0.380068 
20 1.965 0.968157 0.937774 0.881026 0.0905491 -832.631 0.395663 
20 1.97 0.967355 0.936202 0.878021 0.0865582 -831.548 0.388341 
20 1.97 0.967629 0.936716 0.87893 0.0830941 -831.846 0.382399 
20 1.97 0.967353 0.936189 0.877964 0.084623 -831.383 0.380959 
20 1.975 0.967012 0.935546 0.87682 0.0877382 -831.227 0.386254 
20 1.975 0.966546 0.934654 0.87518 0.0894928 -830.364 0.398265 
20 1.975 0.96654 0.934627 0.875077 0.0864837 -830.381 0.388298 
20 1.98 0.965795 0.933217 0.872549 0.0923117 -829.659 0.401378 
20 1.98 0.96604 0.933676 0.873351 0.0892414 -829.73 0.398005 
20 1.98 0.966015 0.93363 0.873278 0.0897881 -829.844 0.39783 
20 1.985 0.965921 0.933451 0.872952 0.0902099 -829.691 0.390887 
20 1.985 0.965529 0.9327 0.871573 0.0913415 -829.108 0.407792 
20 1.985 0.965482 0.93261 0.871404 0.0916721 -829.086 0.393792 
20 1.99 0.964774 0.931286 0.869071 0.0998953 -828.345 0.410483 
20 1.99 0.965095 0.931876 0.870083 0.0940153 -828.701 0.404954 
20 1.99 0.96468 0.931083 0.868628 0.095504 -828.385 0.400653 
20 1.995 0.964216 0.930214 0.867098 0.100488 -827.746 0.41578 
20 1.995 0.964109 0.929998 0.866663 0.098697 -827.453 0.405809 
20 1.995 0.964225 0.930221 0.86707 0.098191 -827.553 0.410857 
20 2 0.963639 0.929088 0.864961 0.0974673 -826.754 0.409289 
20 2 0.963746 0.929311 0.86543 0.100755 -826.964 0.418161 
20 2 0.96396 0.929705 0.8661 0.0970154 -827.124 0.412247 
20 2.005 0.962971 0.927826 0.862696 0.102091 -826.004 0.419815 
20 2.005 0.962774 0.927464 0.862084 0.105768 -825.812 0.432695 
20 2.005 0.96253 0.92701 0.861289 0.108853 -825.564 0.430034 
20 2.01 0.962142 0.926257 0.859879 0.107193 -824.981 0.433273 
20 2.01 0.962236 0.926413 0.860084 0.102248 -825.11 0.416618 
20 2.01 0.96215 0.926245 0.859772 0.102028 -824.809 0.424945 
20 2.015 0.961504 0.925048 0.85769 0.110814 -824.131 0.436279 
20 2.015 0.961463 0.924967 0.857547 0.110159 -824.046 0.445515 
20 2.015 0.961947 0.925872 0.859134 0.105009 -824.742 0.423203 
20 2.02 0.960797 0.923697 0.855233 0.112102 -823.336 0.443104 
20 2.02 0.960825 0.923759 0.855362 0.113514 -823.335 0.441443 
20 2.02 0.961012 0.924094 0.855911 0.108658 -823.387 0.43989 
20 2.025 0.960246 0.922654 0.853358 0.114878 -822.742 0.449887 
20 2.025 0.960355 0.922872 0.853791 0.11643 -822.941 0.449719 
20 2.025 0.960401 0.922937 0.853832 0.112013 -822.571 0.441218 
20 2.03 0.959202 0.920677 0.8498 0.119653 -821.446 0.452062 
20 2.03 0.959541 0.92131 0.85091 0.116559 -821.815 0.451014 
20 2.03 0.959937 0.922029 0.852106 0.108439 -821.985 0.44555 
20 2.035 0.958575 0.919494 0.847681 0.123527 -820.567 0.456473 
20 2.035 0.958679 0.919666 0.847912 0.117846 -820.595 0.447912 
20 2.035 0.958507 0.919356 0.847416 0.121832 -820.635 0.46212 
20 2.04 0.957807 0.918036 0.845052 0.125616 -819.916 0.460622 
20 2.04 0.957835 0.918074 0.845079 0.122759 -819.725 0.465642 
20 2.04 0.957438 0.917349 0.843855 0.129573 -819.343 0.469203 
20 2.045 0.957653 0.917708 0.844342 0.118896 -819.181 0.455419 
20 2.045 0.957105 0.916714 0.842692 0.129682 -818.753 0.474349 
20 2.045 0.957186 0.91687 0.842986 0.129819 -818.885 0.471118 
20 2.05 0.956452 0.915466 0.840421 0.129874 -817.951 0.477194 
20 2.05 0.956362 0.915295 0.840111 0.130053 -817.929 0.476914 
20 2.05 0.956315 0.915211 0.839979 0.13123 -817.912 0.479629 
20 2.055 0.955437 0.913524 0.836862 0.129138 -816.614 0.480347 
20 2.055 0.955668 0.914005 0.837856 0.136753 -817.141 0.475738 
20 2.055 0.955531 0.913732 0.837341 0.134835 -816.937 0.485578 
20 2.06 0.95512 0.912972 0.836027 0.139442 -816.414 0.491105 
20 2.06 0.954595 0.911983 0.834249 0.142101 -815.792 0.483183 
20 2.06 0.954923 0.912578 0.83525 0.135694 -815.977 0.491007 
20 2.065 0.953635 0.910156 0.830941 0.142341 -814.589 0.495931 
20 2.065 0.953435 0.909817 0.830474 0.150806 -814.691 0.50395 
20 2.065 0.953899 0.910665 0.831884 0.143495 -815.122 0.48211 
20 2.07 0.952851 0.908703 0.828425 0.150128 -813.863 0.495103 
20 2.07 0.953281 0.909483 0.829726 0.1424 -814.142 0.490317 
20 2.07 0.952725 0.908442 0.827903 0.146308 -813.577 0.505571 
20 2.075 0.952567 0.90812 0.827255 0.141974 -813.261 0.494636 
20 2.075 0.952458 0.90793 0.826966 0.145084 -813.291 0.504295 
20 2.075 0.952044 0.907161 0.825628 0.148821 -812.703 0.511236 
20 2.08 0.951535 0.906217 0.82399 0.153374 -812.207 0.513554 
20 2.08 0.951507 0.906151 0.823835 0.151052 -812.069 0.518298 
20 2.08 0.951553 0.906282 0.824195 0.159173 -812.281 0.515139 
20 2.085 0.950662 0.904599 0.821189 0.161324 -811.232 0.525784 
20 2.085 0.950874 0.904979 0.821796 0.156723 -811.436 0.518466 
20 2.085 0.950708 0.904668 0.82126 0.157654 -811.248 0.512568 
20 2.09 0.949396 0.902228 0.817018 0.167424 -809.937 0.525642 
20 2.09 0.949589 0.902553 0.817479 0.159576 -809.808 0.531779 
20 2.09 0.949948 0.903209 0.818583 0.154671 -810.225 0.501665 
20 2.095 0.949602 0.902546 0.81737 0.152973 -809.816 0.515555 
20 2.095 0.948457 0.900458 0.813873 0.169388 -808.791 0.54107 
20 2.095 0.948501 0.900561 0.814104 0.173053 -808.723 0.543984 
20 2.1 0.948226 0.900015 0.813055 0.168079 -808.36 0.528142 
20 2.1 0.947574 0.898864 0.811075 0.184108 -807.719 0.532271 
20 2.1 0.947556 0.898776 0.810927 0.173862 -807.835 0.541853 
20 2.105 0.94632 0.896467 0.806876 0.179733 -806.268 0.543387 
20 2.105 0.94702 0.897758 0.809081 0.172978 -806.81 0.542625 
20 2.105 0.946771 0.897293 0.808269 0.174343 -806.947 0.530498 
20 2.11 0.945934 0.89575 0.805632 0.181637 -805.884 0.554468 
20 2.11 0.945369 0.894692 0.803768 0.183596 -804.965 0.556849 
20 2.11 0.945636 0.895224 0.804766 0.188877 -805.604 0.547779 
20 2.115 0.944386 0.892904 0.800784 0.196504 -804.31 0.581796 
20 2.115 0.944852 0.893712 0.802014 0.18264 -804.567 0.553412 
20 2.115 0.944828 0.893671 0.801942 0.183612 -804.345 0.558571 
20 2.12 0.943314 0.890931 0.797409 0.205402 -802.911 0.584369 
20 2.12 0.943839 0.891841 0.7988 0.190311 -803.239 0.574163 
20 2.12 0.943626 0.891445 0.798116 0.191526 -803.34 0.562584 
20 2.125 0.94305 0.890396 0.79635 0.198063 -802.481 0.58298 
20 2.125 0.942818 0.889992 0.79574 0.204394 -802.194 0.597552 
20 2.125 0.942648 0.889685 0.79517 0.207027 -802.223 0.581063 
20 2.13 0.940913 0.886436 0.78952 0.210036 -800.107 0.592328 
20 2.13 0.941166 0.886944 0.790498 0.215829 -800.826 0.586394 
20 2.13 0.941492 0.887542 0.791502 0.21308 -801.005 0.586755 
20 2.135 0.940322 0.885332 0.787578 0.210943 -799.211 0.595384 
20 2.135 0.940075 0.884879 0.786813 0.213141 -799.408 0.590041 
20 2.135 0.940858 0.886348 0.789397 0.212256 -800.013 0.606837 
20 2.14 0.939135 0.88316 0.783902 0.221429 -798.273 0.60355 
20 2.14 0.939166 0.883252 0.784184 0.227904 -798.601 0.604904 
20 2.14 0.939354 0.883587 0.784706 0.224354 -798.534 0.600924 
20 2.145 0.938179 0.881385 0.780844 0.224512 -797.372 0.606116 
20 2.145 0.937882 0.8809 0.780126 0.237979 -797.091 0.609585 
20 2.145 0.938481 0.88198 0.781956 0.229743 -797.673 0.607675 
20 2.15 0.937174 0.879563 0.777817 0.235844 -796.098 0.631003 
20 2.15 0.937156 0.879507 0.777627 0.231816 -796.255 0.608422 
20 2.15 0.937723 0.880598 0.779642 0.236723 -796.96 0.617368 
20 2.155 0.936396 0.878134 0.775398 0.240542 -795.39 0.633951 
20 2.155 0.935125 0.875803 0.771442 0.249582 -794.119 0.626846 
20 2.155 0.936335 0.878056 0.775328 0.247128 -795.394 0.627047 
20 2.16 0.934491 0.874654 0.769531 0.255576 -793.498 0.654111 
20 2.16 0.935554 0.87653 0.772493 0.234873 -794.418 0.615963 
20 2.16 0.934941 0.875441 0.770745 0.245469 -793.65 0.629094 
20 2.165 0.933731 0.873222 0.767008 0.252857 -792.505 0.643307 
20 2.165 0.932803 0.871578 0.764367 0.269026 -791.604 0.64709 
20 2.165 0.933579 0.873018 0.766803 0.267606 -792.423 0.64369 
20 2.17 0.932587 0.871235 0.763921 0.27962 -791.724 0.652938 
20 2.17 0.932305 0.870724 0.763026 0.282034 -791.34 0.658619 
20 2.17 0.932498 0.870995 0.763319 0.265895 -791.563 0.646359 
20 2.175 0.931212 0.868711 0.759557 0.286087 -790.184 0.649896 
20 2.175 0.931271 0.868777 0.759634 0.277885 -790.138 0.65923 
20 2.175 0.931565 0.869403 0.760747 0.292315 -790.525 0.641154 
20 2.18 0.92965 0.865781 0.754477 0.280869 -788.237 0.663085 
20 2.18 0.930488 0.867274 0.756919 0.26907 -789.219 0.652378 
20 2.18 0.929442 0.865463 0.754111 0.293736 -788.321 0.669674 
20 2.185 0.928337 0.863419 0.750648 0.294413 -787.317 0.667842 
20 2.185 0.928506 0.863719 0.751128 0.292117 -787.491 0.660872 
20 2.185 0.928836 0.864339 0.752171 0.293563 -787.424 0.663371 
20 2.19 0.926244 0.859624 0.744365 0.309844 -785.066 0.710741 
20 2.19 0.926731 0.860664 0.746265 0.334934 -785.896 0.696605 
20 2.19 0.926027 0.859342 0.74412 0.331589 -785.08 0.703536 
20 2.195 0.925543 0.858335 0.74219 0.310758 -784.344 0.703501 
20 2.195 0.925337 0.858008 0.741744 0.320704 -784.262 0.689337 
20 2.195 0.92528 0.857864 0.741377 0.313805 -783.856 0.693661 
20 2.2 0.924602 0.856724 0.739662 0.333868 -783.288 0.695258 
20 2.2 0.92483 0.85703 0.739954 0.312386 -783.374 0.697849 
20 2.2 0.924292 0.856111 0.738585 0.326336 -783.159 0.697472 
20 2.205 0.922885 0.853575 0.734412 0.337047 -781.542 0.716745 
20 2.205 0.922125 0.852339 0.7325 0.367426 -780.731 0.718558 
20 2.205 0.9238 0.855245 0.737197 0.333576 -782.368 0.711217 
20 2.21 0.921348 0.850803 0.729875 0.347454 -780.135 0.729293 
20 2.21 0.922119 0.85218 0.7321 0.339558 -780.793 0.717733 
20 2.21 0.921661 0.851326 0.730593 0.338049 -780.162 0.715352 
20 2.215 0.919638 0.847883 0.725293 0.387892 -778.746 0.73052 
20 2.215 0.920486 0.849246 0.727245 0.352487 -778.715 0.725679 
20 2.215 0.920296 0.848904 0.726717 0.353811 -778.85 0.718594 
20 2.22 0.918388 0.845476 0.7211 0.367556 -777.228 0.723144 
20 2.22 0.917575 0.844086 0.719029 0.385929 -776.615 0.743922 
20 2.22 0.918636 0.84607 0.722386 0.392371 -777.71 0.735727 
20 2.225 0.917307 0.843636 0.718361 0.392652 -776.383 0.753214 
20 2.225 0.916833 0.842817 0.717118 0.401421 -775.935 0.759218 
20 2.225 0.916698 0.842537 0.716536 0.396018 -775.571 0.749329 
20 2.23 0.914827 0.839379 0.711755 0.443163 -774.193 0.781043 
20 2.23 0.914489 0.8386 0.710212 0.414245 -773.44 0.784722 
20 2.23 0.916292 0.841787 0.715355 0.393999 -775.209 0.767512 
20 2.235 0.913741 0.837246 0.708069 0.416043 -772.81 0.791008 
20 2.235 0.913295 0.836578 0.707149 0.442001 -772.528 0.785226 
20 2.235 0.912989 0.835903 0.705847 0.421224 -772.098 0.779154 
20 2.24 0.912195 0.834436 0.703413 0.417428 -771.277 0.770132 
20 2.24 0.911198 0.832825 0.700987 0.454116 -770.561 0.778072 
20 2.24 0.912094 0.834345 0.703413 0.433722 -771.193 0.776126 
20 2.245 0.910205 0.830991 0.69798 0.448795 -769.661 0.796546 
20 2.245 0.908852 0.828601 0.694272 0.461232 -768.577 0.805248 
20 2.245 0.90926 0.829566 0.696185 0.501294 -769.254 0.818561 
20 2.25 0.908649 0.828422 0.694274 0.494238 -768.516 0.794388 
20 2.25 0.908238 0.827543 0.692663 0.47075 -767.614 0.81113 
20 2.25 0.907387 0.826299 0.691146 0.524038 -767.715 0.819142 
20 2.255 0.90578 0.823256 0.685996 0.499971 -765.685 0.834576 
20 2.255 0.90682 0.825059 0.688804 0.485346 -766.676 0.827615 
20 2.255 0.906048 0.823757 0.686765 0.502472 -765.737 0.83039 
20 2.26 0.904585 0.821326 0.683037 0.540184 -764.692 0.821592 
20 2.26 0.904486 0.82101 0.682558 0.515921 -764.688 0.837453 
20 2.26 0.903772 0.819771 0.680596 0.525336 -764.21 0.840288 
20 2.265 0.901317 0.815645 0.674373 0.578067 -761.791 0.852193 
20 2.265 0.903861 0.820062 0.681237 0.547121 -763.888 0.845418 
20 2.265 0.902508 0.81778 0.677887 0.575613 -763.241 0.85731 
20 2.27 0.900589 0.81441 0.672676 0.590313 -761.434 0.873721 
20 2.27 0.900283 0.813642 0.671032 0.552155 -760.754 0.853205 
20 2.27 0.900077 0.813756 0.671833 0.637525 -761.341 0.86067 
20 2.275 0.899328 0.812124 0.668902 0.586103 -760.025 0.859676 
20 2.275 0.899222 0.812073 0.668859 0.610537 -760.307 0.861912 
20 2.275 0.898378 0.810564 0.66659 0.61212 -759.244 0.884048 
20 2.28 0.896034 0.806524 0.660483 0.639907 -757.612 0.884194 
20 2.28 0.896519 0.807488 0.662088 0.656386 -757.904 0.893561 
20 2.28 0.897218 0.808399 0.663023 0.59624 -758.17 0.869811 
20 2.285 0.894898 0.804504 0.657284 0.640904 -756.012 0.913767 
20 2.285 0.892956 0.801418 0.653071 0.708527 -755.044 0.942894 
20 2.285 0.895391 0.805217 0.658037 0.611373 -756.184 0.865178 
20 2.29 0.891833 0.799514 0.650215 0.724472 -753.998 0.919817 
20 2.29 0.89191 0.799509 0.64996 0.69968 -754.169 0.916914 
20 2.29 0.892143 0.800131 0.651096 0.735717 -754.438 0.91636 
20 2.295 0.889465 0.795224 0.643253 0.710635 -751.494 0.919191 
20 2.295 0.890956 0.797834 0.647203 0.702718 -752.748 0.920325 
20 2.295 0.88833 0.793586 0.641203 0.776672 -751.491 0.941609 
20 2.3 0.888134 0.793243 0.640518 0.775995 -750.751 0.946441 
20 2.3 0.887028 0.791097 0.637177 0.74426 -749.76 0.931382 
20 2.3 0.887653 0.792278 0.639019 0.756492 -750.471 0.923471 
20 2.305 0.885325 0.788559 0.633869 0.825871 -748.744 0.949653 
20 2.305 0.885444 0.78852 0.633631 0.782649 -748.262 0.963436 
20 2.305 0.887485 0.792002 0.638694 0.758842 -749.665 0.956132 
20 2.31 0.882419 0.783613 0.62654 0.857283 -746.067 0.9875 
20 2.31 0.88311 0.784856 0.628458 0.861056 -746.979 0.993994 
20 2.31 0.884078 0.786167 0.630017 0.792033 -747.251 0.984058 
20 2.315 0.879647 0.779025 0.619869 0.906686 -744.194 0.989504 
20 2.315 0.880031 0.779662 0.620927 0.899734 -744.56 0.979376 
20 2.315 0.881477 0.781836 0.62366 0.83544 -745.246 0.980917 
20 2.32 0.876805 0.774474 0.613383 0.980516 -742.113 1.01408 
20 2.32 0.878013 0.776061 0.615227 0.888713 -742.777 0.988761 
20 2.32 0.877146 0.774964 0.614254 0.96189 -742.504 1.00906 
20 2.325 0.874383 0.77037 0.607656 1.00222 -740.254 1.02673 
20 2.325 0.874742 0.771019 0.608509 1.00577 -740.445 1.02258 
20 2.325 0.874085 0.769726 0.606449 0.980955 -740.252 1.01223 
20 2.33 0.873097 0.767882 0.603332 0.958592 -738.717 1.00679 
20 2.33 0.871913 0.766809 0.603031 1.12901 -738.736 1.05572 
20 2.33 0.871201 0.765371 0.600684 1.09546 -738.198 1.03156 
20 2.335 0.871621 0.765414 0.599847 0.974841 -737.43 1.04294 
20 2.335 0.870165 0.763397 0.597661 1.06383 -737.154 1.04384 
20 2.335 0.868614 0.761048 0.594549 1.1233 -736.102 1.07274 
20 2.34 0.86627 0.75702 0.588543 1.12745 -734.018 1.08512 
20 2.34 0.867666 0.75885 0.590522 1.02648 -734.256 1.05754 
20 2.34 0.867165 0.758278 0.589972 1.07744 -734.269 1.04589 
20 2.345 0.862773 0.751462 0.581123 1.20844 -731.618 1.09258 
20 2.345 0.864274 0.754229 0.585033 1.23821 -732.541 1.08021 
20 2.345 0.865338 0.755521 0.586559 1.14493 -732.954 1.09038 
20 2.35 0.859852 0.746981 0.575079 1.29958 -729.791 1.10092 
20 2.35 0.859198 0.745685 0.573084 1.27051 -729.41 1.10829 
20 2.35 0.861698 0.749543 0.57793 1.1949 -730.482 1.10903 
20 2.355 0.856305 0.741499 0.567672 1.39978 -727.444 1.10975 
20 2.355 0.856942 0.742456 0.569108 1.37681 -727.526 1.14177 
20 2.355 0.858215 0.743986 0.570489 1.26613 -727.938 1.1241 
20 2.36 0.853543 0.736493 0.560295 1.34865 -725.248 1.11569 
20 2.36 0.854653 0.738752 0.56389 1.41004 -726.104 1.1394 
20 2.36 0.852685 0.735939 0.560482 1.50294 -725.27 1.15786 
20 2.365 0.850682 0.732285 0.554751 1.45902 -723.031 1.13495 
20 2.365 0.848864 0.729819 0.552503 1.56423 -722.918 1.19303 
20 2.365 0.849161 0.730524 0.553508 1.59833 -722.685 1.16867 
20 2.37 0.847803 0.72808 0.549849 1.57135 -721.547 1.16275 
20 2.37 0.846977 0.727026 0.548617 1.62969 -721.246 1.18253 
20 2.37 0.847648 0.72758 0.548758 1.53134 -721.451 1.15469 
20 2.375 0.844053 0.722096 0.541762 1.62866 -719.099 1.19152 
20 2.375 0.842077 0.719158 0.538268 1.69525 -718.118 1.20772 
20 2.375 0.845131 0.723845 0.543961 1.61655 -719.575 1.19275 
20 2.38 0.839098 0.714355 0.531575 1.72588 -716.313 1.20405 
20 2.38 0.838121 0.713158 0.530268 1.80015 -715.523 1.22245 
20 2.38 0.83889 0.71435 0.531835 1.7839 -716.136 1.19412 
20 2.385 0.834032 0.707352 0.523442 1.96944 -713.503 1.27756 
20 2.385 0.835041 0.708412 0.524241 1.86464 -713.536 1.23929 
20 2.385 0.835287 0.70929 0.526051 1.943 -713.963 1.2569 
20 2.39 0.830142 0.700857 0.514436 1.96189 -710.14 1.27135 
20 2.39 0.831774 0.703042 0.51707 1.87327 -710.985 1.25814 
20 2.39 0.832021 0.703663 0.518107 1.90885 -711.302 1.25962 
20 2.395 0.827931 0.698154 0.511655 2.11866 -709.112 1.28427 
20 2.395 0.82899 0.699155 0.512482 1.99253 -709.34 1.29842 
20 2.395 0.825145 0.694358 0.507362 2.2538 -708.08 1.30659 
20 2.4 0.822196 0.689397 0.500618 2.23194 -705.23 1.31992 
20 2.4 0.822215 0.689446 0.500676 2.2346 -705.576 1.30734 
20 2.4 0.821624 0.689413 0.501619 2.39117 -705.635 1.36319 
20 2.405 0.817545 0.682765 0.492635 2.3927 -703.151 1.31994 
20 2.405 0.818781 0.684275 0.494127 2.30729 -703.93 1.30936 
20 2.405 0.817513 0.682669 0.492907 2.38528 -703.247 1.38646 
20 2.41 0.813377 0.676565 0.4852 2.4869 -700.927 1.35494 
20 2.41 0.813418 0.675967 0.483803 2.37659 -700.46 1.33434 
20 2.41 0.813955 0.677427 0.48619 2.47379 -701.181 1.3606 
20 2.415 0.809201 0.670514 0.477664 2.60175 -698.281 1.37951 
20 2.415 0.807127 0.667294 0.473889 2.6236 -696.984 1.39547 
20 2.415 0.806404 0.666828 0.473688 2.73963 -697.682 1.37513 
20 2.42 0.803611 0.662757 0.468733 2.80443 -695.067 1.39701 
20 2.42 0.804286 0.663416 0.468959 2.73408 -695.928 1.3557 
20 2.42 0.80133 0.660062 0.46637 2.96406 -694.212 1.43813 
20 2.425 0.799564 0.656686 0.461605 2.86729 -692.463 1.45269 
20 2.425 0.796946 0.65333 0.45809 3.00316 -692.171 1.44339 
20 2.425 0.798244 0.654038 0.457787 2.77841 -691.868 1.41144 
20 2.43 0.790092 0.644589 0.448809 3.34875 -689.001 1.48065 
20 2.43 0.79369 0.64752 0.449811 2.8931 -689.167 1.39971 
20 2.43 0.791929 0.646118 0.449508 3.12198 -689.512 1.4496 
20 2.435 0.786674 0.63857 0.440294 3.23842 -686.077 1.46904 
20 2.435 0.78894 0.641335 0.443674 3.10597 -686.515 1.4585 
20 2.435 0.783138 0.634379 0.437089 3.46199 -685.05 1.54105 
20 2.44 0.781308 0.631323 0.432529 3.42305 -682.766 1.50197 
20 2.44 0.78217 0.632581 0.43403 3.40834 -683.974 1.49472 
20 2.44 0.779131 0.629133 0.431144 3.62093 -682.678 1.51155 
20 2.445 0.776146 0.624521 0.425183 3.6186 -680.603 1.50636 
20 2.445 0.775321 0.623458 0.423812 3.65413 -680.293 1.52127 
20 2.445 0.772672 0.619811 0.420112 3.72808 -679.351 1.54051 
20 2.45 0.767168 0.612608 0.412462 3.92835 -676.781 1.54646 
20 2.45 0.768093 0.613042 0.412337 3.76727 -676.805 1.53768 
20 2.45 0.767748 0.612706 0.411944 3.79904 -676.979 1.54458 
20 2.455 0.763212 0.606809 0.405622 3.96205 -673.992 1.55629 
20 2.455 0.765606 0.609687 0.40863 3.83448 -674.902 1.54627 
20 2.455 0.759868 0.603099 0.402522 4.18732 -673.279 1.55389 
20 2.46 0.757199 0.598737 0.397173 4.12777 -671.654 1.5672 
20 2.46 0.755313 0.595751 0.393602 4.10617 -669.884 1.58702 
20 2.46 0.757854 0.598931 0.396714 3.9981 -670.839 1.57489 
20 2.465 0.749186 0.587968 0.3856 4.33062 -667.838 1.5832 
20 2.465 0.74899 0.588011 0.385462 4.38544 -667.278 1.56713 
20 2.465 0.752079 0.591595 0.389239 4.21439 -668.583 1.56621 
20 2.47 0.740266 0.576958 0.374843 4.69063 -663.681 1.65714 
20 2.47 0.743718 0.581047 0.378631 4.52298 -665.024 1.65069 
20 2.47 0.741786 0.57848 0.376031 4.57231 -663.611 1.65276 
20 2.475 0.736714 0.572246 0.369939 4.7675 -661.904 1.66641 
20 2.475 0.737309 0.572747 0.370306 4.70682 -661.442 1.6753 
20 2.475 0.736417 0.571623 0.368788 4.73741 -661.543 1.61138 
20 2.48 0.727396 0.560525 0.357961 5.06781 -657.666 1.6504 
20 2.48 0.726821 0.559376 0.356575 5.01723 -656.652 1.67582 
20 2.48 0.726247 0.559311 0.356649 5.14125 -657.638 1.65894 
20 2.485 0.718387 0.548808 0.346523 5.26828 -653.771 1.69077 
20 2.485 0.717918 0.54867 0.346554 5.35436 -653.336 1.746 
20 2.485 0.718292 0.549157 0.347348 5.34644 -653.51 1.72678 
20 2.49 0.708824 0.537065 0.334841 5.56354 -649.637 1.72144 
20 2.49 0.712979 0.542672 0.341038 5.51537 -651.417 1.73337 
20 2.49 0.711424 0.540602 0.338776 5.53869 -650.528 1.71359 
20 2.495 0.707067 0.534274 0.331396 5.50385 -647.702 1.73845 
20 2.495 0.704092 0.532161 0.331325 5.83811 -647.629 1.77842 
20 2.495 0.707436 0.535139 0.332696 5.55889 -648.37 1.72408 
20 2.5 0.697862 0.523363 0.321729 5.81642 -644.548 1.73154 
20 2.5 0.69427 0.520123 0.319215 6.09781 -643.522 1.75375 
20 2.5 0.695461 0.521299 0.32016 6.02123 -643.708 1.75547 
20 2.505 0.691443 0.515294 0.31394 5.94019 -641.677 1.74852 
20 2.505 0.686784 0.511258 0.3112 6.32116 -641.053 1.76887 
20 2.505 0.687554 0.51115 0.309934 6.13478 -640.146 1.74679 
20 2.51 0.680318 0.502783 0.302459 6.36671 -636.998 1.80368 
20 2.51 0.675162 0.496765 0.297791 6.52125 -635.655 1.81636 
20 2.51 0.676135 0.498052 0.29862 6.51704 -635.842 1.8143 
20 2.515 0.670257 0.490291 0.291019 6.52833 -633.15 1.77825 
20 2.515 0.668307 0.488922 0.290394 6.72565 -633.092 1.78195 
20 2.515 0.670531 0.491705 0.293188 6.6947 -634.098 1.80598 
20 2.52 0.663682 0.482435 0.283469 6.66063 -630.262 1.78559 
20 2.52 0.656959 0.475711 0.278562 7.00264 -628.487 1.79533 
20 2.52 0.662269 0.481399 0.28324 6.79336 -630.467 1.78826 
20 2.525 0.655112 0.472077 0.274092 6.79696 -626.833 1.78003 
20 2.525 0.651314 0.468415 0.271078 7.00283 -626.124 1.77653 
20 2.525 0.655177 0.472773 0.274913 6.89364 -626.599 1.75026 
20 2.53 0.642693 0.458867 0.262955 7.24319 -622.688 1.769 
20 2.53 0.644561 0.460484 0.264278 7.11853 -622.127 1.81369 
20 2.53 0.647671 0.46384 0.26688 7.01396 -623.225 1.80571 
20 2.535 0.634349 0.448579 0.254103 7.28671 -618.495 1.80593 
20 2.535 0.635092 0.449555 0.254971 7.29203 -619.222 1.77595 
20 2.535 0.638041 0.452653 0.256946 7.18842 -619.61 1.78314 
20 2.54 0.623787 0.436797 0.244043 7.5098 -614.225 1.79985 
20 2.54 0.627939 0.442349 0.249064 7.56555 -615.93 1.79352 
20 2.54 0.627089 0.43949 0.245389 7.28323 -614.65 1.80866 
20 2.545 0.618258 0.429202 0.236302 7.38059 -610.845 1.77496 
20 2.545 0.613521 0.425553 0.234822 7.72419 -611.147 1.82206 
20 2.545 0.615731 0.427532 0.236247 7.60821 -611.149 1.82582 
20 2.55 0.608822 0.420001 0.229465 7.73915 -608.044 1.79231 
20 2.55 0.607766 0.418196 0.227584 7.65746 -607.801 1.7776 
20 2.55 0.609931 0.419984 0.22893 7.52447 -608.34 1.77371 
20 2.555 0.601831 0.412244 0.223271 7.83453 -605.782 1.8061 
20 2.555 0.600901 0.410601 0.221565 7.75253 -604.594 1.80972 
20 2.555 0.601276 0.411198 0.22219 7.77539 -605.253 1.8025 
20 2.56 0.594558 0.403967 0.216104 7.88545 -601.951 1.79315 
20 2.56 0.592406 0.401987 0.215168 7.97528 -601.447 1.81757 
20 2.56 0.588457 0.396505 0.209568 7.84753 -600.072 1.76975 
20 2.565 0.581367 0.390639 0.206409 8.21081 -597.932 1.81911 
20 2.565 0.581878 0.390208 0.205517 8.05091 -598.078 1.77876 
20 2.565 0.577557 0.385639 0.201467 8.11958 -595.999 1.78585 
20 2.57 0.57089 0.37936 0.197733 8.31827 -594.316 1.79239 
20 2.57 0.569037 0.377365 0.195666 8.33654 -593.995 1.77047 
20 2.57 0.571991 0.379339 0.196677 8.11915 -593.478 1.79764 
20 2.575 0.562684 0.369295 0.188579 8.18354 -590.366 1.74219 
20 2.575 0.559421 0.366004 0.186128 8.24096 -588.926 1.73748 
20 2.575 0.561192 0.369333 0.189836 8.44991 -590.666 1.79896 
20 2.58 0.55731 0.364127 0.184849 8.29964 -588.448 1.72679 
20 2.58 0.55584 0.362962 0.184019 8.37276 -588.055 1.75358 
20 2.58 0.555121 0.36108 0.181514 8.2047 -587.19 1.70966 
20 2.585 0.541471 0.348221 0.173424 8.51546 -583.31 1.76516 
20 2.585 0.545947 0.351736 0.175198 8.30617 -583.399 1.71397 
20 2.585 0.543338 0.349184 0.173489 8.35107 -583.855 1.69809 
20 2.59 0.534054 0.340993 0.168258 8.61465 -580.104 1.73659 
20 2.59 0.52922 0.335319 0.163963 8.53209 -579.08 1.73114 
20 2.59 0.527809 0.333615 0.161868 8.49933 -578.778 1.68803 
20 2.595 0.527225 0.332195 0.160115 8.3589 -576.745 1.67438 
20 2.595 0.523783 0.329528 0.159021 8.5056 -576.269 1.68098 
20 2.595 0.524763 0.33046 0.159515 8.49082 -576.894 1.69544 
20 2.6 0.517233 0.321569 0.152417 8.31361 -573.078 1.64976 
20 2.6 0.519176 0.324136 0.154684 8.39877 -574.056 1.67435 
20 2.6 0.515814 0.321636 0.153371 8.54939 -573.12 1.67673 
20 2.605 0.508085 0.313192 0.146819 8.45171 -570.366 1.65691 
20 2.605 0.504376 0.309708 0.144756 8.49339 -569.326 1.6446 
20 2.605 0.508284 0.313498 0.147287 8.46776 -569.812 1.66209 
20 2.61 0.496591 0.3022 0.139835 8.52067 -566.054 1.66459 
20 2.61 0.498132 0.304532 0.142164 8.64315 -567.795 1.70623 
20 2.61 0.495103 0.300703 0.13847 8.51743 -566.139 1.61451 
20 2.615 0.489881 0.295319 0.134431 8.46444 -563.801 1.60005 
20 2.615 0.489512 0.293927 0.132869 8.30655 -563.08 1.60374 
20 2.615 0.491372 0.296554 0.134955 8.42945 -563.72 1.6167 
20 2.62 0.484032 0.289068 0.129647 8.36345 -560.638 1.58832 
20 2.62 0.478177 0.283117 0.125419 8.31504 -559.815 1.56634 
20 2.62 0.482467 0.287232 0.128413 8.31406 -560.916 1.58112 
20 2.625 0.471451 0.276953 0.121601 8.33314 -556.454 1.55713 
20 2.625 0.473536 0.278541 0.122396 8.27509 -557.26 1.56454 
20 2.625 0.471485 0.277971 0.122793 8.48347 -556.717 1.58431 
20 2.63 0.464848 0.270945 0.117744 8.3439 -553.105 1.53992 
20 2.63 0.463818 0.269753 0.116929 8.30817 -553.338 1.51947 
20 2.63 0.460528 0.266275 0.114776 8.24157 -552.781 1.53933 
20 2.635 0.455577 0.262629 0.112529 8.36108 -550.695 1.55785 
20 2.635 0.454771 0.260759 0.110727 8.18858 -550.407 1.52486 
20 2.635 0.458143 0.265075 0.114673 8.37647 -551.474 1.56904 
20 2.64 0.444297 0.251503 0.105431 8.19737 -547.157 1.52803 
20 2.64 0.449257 0.256961 0.109272 8.35285 -549.48 1.5087 
20 2.64 0.449815 0.255971 0.107591 8.12675 -547.446 1.502 
20 2.645 0.436415 0.245158 0.102217 8.27225 -544.543 1.50802 
20 2.645 0.438928 0.246854 0.102224 8.19599 -545.01 1.48097 
20 2.645 0.438587 0.245933 0.101693 8.10208 -544.037 1.50317 
20 2.65 0.434213 0.241965 0.0989472 8.06395 -542.047 1.46424 
20 2.65 0.432557 0.241354 0.0991557 8.18849 -542.174 1.47687 
20 2.65 0.429951 0.237884 0.0962751 8.00396 -540.751 1.44277 
20 2.655 0.423973 0.232949 0.0937496 8.01448 -539.206 1.4312 
20 2.655 0.422366 0.230761 0.0917775 7.88973 -537.741 1.41887 
20 2.655 0.42833 0.236644 0.0956823 8.0117 -539.831 1.46917 
20 2.66 0.418118 0.226908 0.0894705 7.83238 -536.599 1.38585 
20 2.66 0.416253 0.225639 0.0885567 7.87566 -535.738 1.38034 
20 2.66 0.417386 0.226238 0.0889708 7.82367 -536.076 1.39062 
20 2.665 0.406324 0.21634 0.0830551 7.69093 -532.474 1.38908 
20 2.665 0.410038 0.220487 0.0859975 7.85827 -534.049 1.40735 
20 2.665 0.409486 0.219363 0.0848123 7.75757 -532.999 1.3808 
20 2.67 0.400392 0.211856 0.0810123 7.72165 -529.387 1.38857 
20 2.67 0.404389 0.214786 0.0821028 7.67878 -530.293 1.35111 
20 2.67 0.402724 0.214326 0.0825957 7.81111 -530.243 1.41255 
20 2.675 0.396984 0.20904 0.0792101 7.69249 -528.178 1.36409 
20 2.675 0.392688 0.204537 0.076248 7.52641 -527.282 1.34165 
20 2.675 0.39938 0.210122 0.079121 7.56903 -528.079 1.35947 
20 2.68 0.390094 0.202468 0.075237 7.50675 -525.781 1.32662 
20 2.68 0.387418 0.200094 0.0736465 7.46294 -523.165 1.33525 
20 2.68 0.390713 0.202658 0.0748243 7.46279 -525.746 1.30515 
20 2.685 0.380113 0.194208 0.070389 7.40745 -522.085 1.28396 
20 2.685 0.382832 0.196186 0.0713973 7.39308 -522.506 1.29834 
20 2.685 0.381302 0.194399 0.0701619 7.30104 -522.198 1.29166 
20 2.69 0.37467 0.188732 0.0670289 7.19034 -520.135 1.26508 
20 2.69 0.378056 0.191897 0.0690934 7.28187 -521.031 1.30165 
20 2.69 0.376333 0.18969 0.0671581 7.14692 -519.678 1.2522 
20 2.695 0.369031 0.184344 0.0648241 7.14814 -517.135 1.26851 
20 2.695 0.36903 0.184191 0.0645482 7.12556 -517.481 1.26429 
20 2.695 0.371399 0.18577 0.0654483 7.09953 -518.024 1.26905 
20 2.7 0.363444 0.178931 0.0614035 6.93921 -514.672 1.23469 
20 2.7 0.363579 0.179459 0.061805 7.00283 -514.65 1.21419 
20 2.7 0.363295 0.179138 0.0616025 6.98601 -515.353 1.2437 
20 2.705 0.362475 0.177687 0.0607071 6.84646 -512.706 1.22482 
20 2.705 0.362479 0.177911 0.0605262 6.87904 -512.298 1.24767 
20 2.705 0.361618 0.176651 0.059826 6.78507 -512.916 1.23413 
20 2.71 0.352176 0.169496 0.0564936 6.71116 -509.975 1.19874 
20 2.71 0.356117 0.172141 0.0573029 6.68949 -511.431 1.17278 
20 2.71 0.352281 0.169947 0.0566341 6.76691 -510.619 1.17102 
20 2.715 0.346104 0.164425 0.0536945 6.57637 -508.357 1.17538 
20 2.715 0.346951 0.164809 0.0533894 6.54643 -507.492 1.16423 
20 2.715 0.346691 0.164988 0.0538459 6.5994 -507.634 1.18821 
20 2.72 0.345187 0.162888 0.0520078 6.43142 -505.679 1.1493 
20 2.72 0.344104 0.162102 0.0519787 6.42576 -505.781 1.15185 
20 2.72 0.3418 0.160253 0.0508138 6.38621 -504.931 1.12637 
20 2.725 0.334551 0.154863 0.0486786 6.30293 -501.892 1.12918 
20 2.725 0.337987 0.157954 0.0502619 6.41752 -503.215 1.14307 
20 2.725 0.330152 0.152549 0.0479141 6.39252 -501.699 1.15346 
20 2.73 0.332094 0.152958 0.0474877 6.25218 -500.937 1.11731 
20 2.73 0.330873 0.152419 0.0476176 6.29192 -500.617 1.11343 
20 2.73 0.334156 0.154373 0.0481915 6.25832 -501.443 1.12025 
20 2.735 0.329366 0.151216 0.0470673 6.24998 -499.231 1.12458 
20 2.735 0.322271 0.146035 0.044552 6.16849 -497.909 1.09587 
20 2.735 0.323441 0.146555 0.0445809 6.13401 -498.259 1.10752 
20 2.74 0.323302 0.146519 0.0447741 6.13068 -497.718 1.10547 
20 2.74 0.324753 0.146529 0.0439685 5.99475 -497.146 1.08094 
20 2.74 0.319149 0.143019 0.0429388 6.00914 -495.598 1.09137 
20 2.745 0.316837 0.141101 0.0417145 5.93308 -494.192 1.07252 
20 2.745 0.32209 0.144552 0.043089 5.94685 -494.791 1.07484 
20 2.745 0.315669 0.140445 0.0414968 5.94509 -494.658 1.04856 
20 2.75 0.311574 0.13691 0.0394051 5.79365 -492.289 1.01755 
20 2.75 0.311722 0.136325 0.0389223 5.69511 -492.243 1.02181 
20 2.75 0.310742 0.136668 0.0398825 5.83384 -492.437 1.03664 
20 2.755 0.307382 0.133532 0.0379966 5.66938 -490.632 1.03357 
20 2.755 0.308722 0.134845 0.0388261 5.74028 -490.075 1.03006 
20 2.755 0.30906 0.135113 0.0390818 5.7489 -490.238 1.06904 
20 2.76 0.30228 0.129426 0.0359085 5.51491 -487.686 0.990372 
20 2.76 0.301953 0.130715 0.0374058 5.73035 -488.918 1.05418 
20 2.76 0.304332 0.131521 0.0369665 5.63823 -487.646 0.989818 
20 2.765 0.297698 0.12611 0.0344289 5.42294 -485.044 0.989489 
20 2.765 0.302296 0.129822 0.0368003 5.56077 -487.528 1.02739 
20 2.765 0.296515 0.125746 0.0348068 5.47196 -485.69 1.01416 
20 2.77 0.295782 0.124805 0.0340731 5.38894 -484.312 1.01285 
20 2.77 0.296411 0.125585 0.0346291 5.44773 -484.851 1.00036 
20 2.77 0.296728 0.125266 0.0342003 5.37446 -484.609 0.986394 
20 2.775 0.289692 0.120153 0.0319637 5.22261 -480.67 0.978027 
20 2.775 0.289803 0.120523 0.0322189 5.2667 -482.034 0.971951 
20 2.775 0.290164 0.120866 0.0322261 5.28596 -481.948 0.961695 
20 2.78 0.283151 0.114898 0.0293112 4.99624 -478.932 0.940006 
20 2.78 0.283983 0.116284 0.030436 5.12765 -479.749 0.962924 
20 2.78 0.286029 0.11761 0.0308785 5.15071 -480.155 0.969008 
20 2.785 0.280929 0.113628 0.0291153 4.98482 -477.612 0.956092 
20 2.785 0.284061 0.116673 0.0305965 5.16797 -478.365 0.947409 
20 2.785 0.281489 0.114438 0.0296324 5.05604 -477.556 0.941924 
20 2.79 0.277787 0.111088 0.0278963 4.86338 -475.405 0.930751 
20 2.79 0.276306 0.110787 0.027848 4.938 -475.582 0.920525 
20 2.79 0.282641 0.113491 0.02836 4.81796 -476.043 0.937675 
20 2.795 0.275748 0.110169 0.027596 4.88476 -474.259 0.916469 
20 2.795 0.272172 0.108014 0.0268518 4.85672 -474.251 0.931677 
20 2.795 0.276661 0.110431 0.0276562 4.85009 -474.496 0.949392 
20 2.8 0.269977 0.106613 0.0263688 4.81792 -471.909 0.911256 
20 2.8 0.272075 0.107543 0.0264234 4.78832 -473.016 0.884221 
20 2.8 0.269937 0.106054 0.026025 4.74104 -471.704 0.901321 
20 2.805 0.26837 0.104424 0.024947 4.62052 -470.396 0.892261 
20 2.805 0.267895 0.103741 0.0246204 4.5595 -470.75 0.878285 
20 2.805 0.267842 0.104458 0.0251644 4.66578 -470.575 0.883184 
20 2.81 0.263663 0.101432 0.0238085 4.54283 -469.333 0.862943 
20 2.81 0.266159 0.10263 0.0244773 4.52522 -468.474 0.902938 
20 2.81 0.265446 0.102707 0.0243948 4.59006 -468.299 0.88062 
20 2.815 0.262816 0.100626 0.0237805 4.48372 -466.763 0.85807 
20 2.815 0.262072 0.100373 0.0236939 4.50326 -466.513 0.887739 
20 2.815 0.263386 0.101555 0.0241348 4.57313 -466.837 0.873641 
20 2.82 0.259907 0.0987766 0.0226931 4.42907 -465.086 0.874282 
20 2.82 0.257694 0.0979424 0.0227991 4.47325 -464.717 0.876358 
20 2.82 0.258948 0.0986038 0.0230299 4.47513 -464.691 0.898428 
20 2.825 0.258424 0.0976012 0.0224956 4.36364 -464.302 0.878275 
20 2.825 0.254796 0.0947202 0.0211528 4.21939 -463.575 0.83987 
20 2.825 0.254895 0.0960783 0.0221686 4.40451 -463.393 0.865887 
20 2.83 0.25299 0.0943603 0.0212194 4.29068 -461.446 0.823927 
20 2.83 0.251832 0.0937259 0.0210376 4.28364 -462.046 0.845805 
20 2.83 0.255008 0.095172 0.0215137 4.26048 -462.803 0.867477 
20 2.835 0.249438 0.0912561 0.0199574 4.09693 -459.705 0.840474 
20 2.835 0.247928 0.0910666 0.0200441 4.17613 -460.724 0.845939 
20 2.835 0.250455 0.092354 0.0205523 4.18011 -459.987 0.84095 
20 2.84 0.247469 0.0904746 0.0196928 4.11742 -458.169 0.828616 
20 2.84 0.248762 0.0910197 0.0197394 4.10382 -459.087 0.830547 
20 2.84 0.250436 0.0921962 0.0199758 4.15186 -458.789 0.828236 
20 2.845 0.248472 0.0902143 0.0191724 4.00365 -457.581 0.823793 
20 2.845 0.244727 0.0891436 0.0194882 4.11284 -457.361 0.8283 
20 2.845 0.247616 0.0900427 0.0193541 4.03927 -456.404 0.832934 
20 2.85 0.243471 0.0881413 0.0189782 4.05097 -455.657 0.803938 
20 2.85 0.241748 0.0865782 0.0181588 3.94896 -455.384 0.809455 
20 2.85 0.242344 0.0862298 0.017786 3.85957 -454.801 0.798306 
20 2.855 0.242703 0.0872855 0.0184503 3.97633 -453.605 0.819846 
20 2.855 0.237213 0.0828446 0.0167528 3.72324 -453.309 0.805186 
20 2.855 0.23912 0.0848631 0.0176131 3.8788 -453.608 0.796626 
20 2.86 0.234826 0.0816464 0.0163546 3.70673 -451.144 0.787249 
20 2.86 0.236619 0.0827116 0.0167587 3.73749 -452.786 0.802513 
20 2.86 0.239375 0.0843092 0.0171722 3.77746 -451.963 0.819646 
20 2.865 0.234003 0.080895 0.0157644 3.64922 -450.129 0.781213 
20 2.865 0.233425 0.0818116 0.0168264 3.81492 -450.967 0.790539 
20 2.865 0.238333 0.083399 0.0168902 3.71329 -450.487 0.795078 
20 2.87 0.232189 0.0803032 0.0158863 3.67825 -449.237 0.774382 
20 2.87 0.229938 0.0788437 0.0155495 3.61985 -448.503 0.786452 
20 2.87 0.232477 0.0805953 0.0160716 3.70031 -449.002 0.784538 
20 2.875 0.227751 0.0769182 0.0147128 3.48493 -447.184 0.76759 
20 2.875 0.227161 0.0773211 0.015018 3.57826 -447.308 0.7639 
20 2.875 0.226813 0.0768008 0.0146471 3.52791 -447.308 0.753056 
20 2.88 0.227597 0.0776 0.0150103 3.58331 -445.644 0.770857 
20 2.88 0.229833 0.0778309 0.0147546 3.47329 -446.56 0.751383 
20 2.88 0.228742 0.0783521 0.0154401 3.61517 -446.59 0.767887 
20 2.885 0.223837 0.0751577 0.0142122 3.47382 -444.351 0.767823 
20 2.885 0.223866 0.0748525 0.0140686 3.42967 -444.07 0.759547 
20 2.885 0.225858 0.075594 0.0140925 3.40828 -444.628 0.738623 
20 2.89 0.22207 0.07383 0.013774 3.39307 -442.507 0.73688 
20 2.89 0.222596 0.0744387 0.0140358 3.44494 -443.466 0.75304 
20 2.89 0.223604 0.0743436 0.0136938 3.36953 -443.423 0.728485 
20 2.895 0.221685 0.0734813 0.0133806 3.36267 -441.023 0.75352 
20 2.895 0.220761 0.0733127 0.0136423 3.39582 -441.225 0.753392 
20 2.895 0.222504 0.0740428 0.0137282 3.38994 -441.733 0.746348 
20 2.9 0.216336 0.0702026 0.0124817 3.22776 -439.474 0.718748 
20 2.9 0.220096 0.0724932 0.013209 3.31737 -439.694 0.737927 
20 2.9 0.218835 0.0723001 0.0132833 3.36711 -439.627 0.736125 
20 2.905 0.218277 0.0712749 0.0128646 3.2537 -438.837 0.736834 
20 2.905 0.216791 0.0702874 0.0125623 3.20676 -438.499 0.725687 
20 2.905 0.217452 0.0708883 0.012719 3.24997 -438.422 0.719481 
20 2.91 0.21311 0.0688811 0.0124435 3.22549 -437.056 0.735259 
20 2.91 0.212365 0.0680241 0.0118654 3.15127 -436.993 0.718453 
20 2.91 0.216791 0.0703429 0.0123785 3.20887 -438.388 0.720541 
20 2.915 0.212207 0.0676868 0.0118007 3.10874 -435.674 0.722684 
20 2.915 0.213002 0.0683525 0.0119891 3.15371 -435.312 0.721889 
20 2.915 0.212665 0.0674212 0.0114913 3.04562 -435.735 0.718304 
20 2.92 0.210639 0.0667265 0.0113975 3.0627 -434.825 0.697396 
20 2.92 0.211749 0.0674383 0.0115932 3.09601 -433.847 0.712055 
20 2.92 0.210445 0.0668615 0.0115583 3.09241 -434.454 0.697362 
20 2.925 0.209549 0.0659436 0.0111142 3.01306 -432.789 0.687285 
20 2.925 0.208235 0.0653291 0.0110076 3.00407 -432.671 0.712044 
20 2.925 0.207879 0.0649491 0.0108548 2.97237 -432.56 0.680236 
20 2.93 0.208523 0.0647438 0.0106333 2.90268 -432.553 0.699999 
20 2.93 0.208061 0.0653035 0.0110078 3.00536 -431.672 0.697448 
20 2.93 0.207738 0.0649732 0.0107796 2.97858 -431.565 0.694252 
20 2.935 0.205084 0.0629478 0.0101875 2.84682 -430.838 0.696805 
20 2.935 0.207067 0.0645101 0.0106391 2.94833 -430.903 0.697686 
20 2.935 0.205424 0.0633396 0.0102913 2.88117 -429.617 0.692528 
20 2.94 0.202541 0.0623892 0.0102527 2.90701 -428.388 0.675094 
20 2.94 0.205078 0.0630054 0.0102072 2.85015 -429.277 0.684375 
20 2.94 0.201861 0.0618114 0.0100983 2.86579 -427.733 0.676358 
20 2.945 0.202392 0.06202 0.0102241 2.86012 -427.481 0.67232 
20 2.945 0.200178 0.0604045 0.0096037 2.76173 -427.585 0.678671 
20 2.945 0.204927 0.0636796 0.0105612 2.94526 -428.05 0.68342 
20 2.95 0.200989 0.06056 0.00951851 2.73405 -426.444 0.656828 
20 2.95 0.199576 0.0601664 0.00944114 2.7574 -425.794 0.66176 
20 2.95 0.198856 0.0600712 0.00952727 2.78341 -426.199 0.672493 
20 2.955 0.197047 0.0588025 0.00906138 2.70389 -424.121 0.682006 
20 2.955 0.197063 0.0586873 0.00903081 2.68746 -423.81 0.658553 
20 2.955 0.197708 0.059359 0.00928848 2.7439 -424.475 0.672337 
20 2.96 0.195434 0.0576813 0.00859962 2.63335 -422.868 0.655488 
20 2.96 0.19842 0.0596057 0.00928729 2.73449 -423.096 0.676454 
20 2.96 0.195058 0.0578791 0.0087421 2.67996 -423.152 0.648526 
20 2.965 0.19496 0.0574107 0.00864011 2.61737 -421.917 0.65947 
20 2.965 0.196328 0.0582176 0.00886422 2.65401 -422.661 0.654969 
20 2.965 0.193172 0.0568808 0.00853162 2.63951 -421.789 0.644534 
20 2.97 0.190607 0.05539 0.0082104 2.56687 -420.491 0.649249 
20 2.97 0.195506 0.0577726 0.00877145 2.63302 -420.995 0.652378 
20 2.97 0.194315 0.057278 0.00871478 2.62894 -420.785 0.64424 
20 2.975 0.191814 0.0558756 0.00824354 2.56578 -419.754 0.631032 
20 2.975 0.190761 0.0552631 0.00811934 2.53761 -419.203 0.673607 
20 2.975 0.192034 0.05561 0.0081061 2.51871 -419.306 0.651306 
20 2.98 0.192136 0.0556122 0.00806057 2.50953 -417.852 0.6327 
20 2.98 0.191381 0.0555083 0.00809143 2.53444 -418.135 0.63944 
20 2.98 0.187834 0.0540025 0.00782655 2.51287 -418.108 0.617587 
20 2.985 0.185911 0.0528222 0.00750025 2.44684 -417.109 0.639792 
20 2.985 0.189847 0.0543182 0.00769076 2.44909 -417.067 0.637457 
20 2.985 0.186596 0.0531942 0.00752879 2.46248 -416.28 0.61992 
20 2.99 0.18329 0.0514848 0.00719871 2.39328 -415.156 0.633644 
20 2.99 0.187477 0.053212 0.00745357 2.41663 -415.509 0.622706 
20 2.99 0.188179 0.0537933 0.00771662 2.45913 -415.175 0.639543 
20 2.995 0.184257 0.0516955 0.00709282 2.36993 -414.745 0.605347 
20 2.995 0.187114 0.0530214 0.00746167 2.40531 -414.072 0.638964 
20 2.995 0.1869 0.0527556 0.00728193 2.38051 -414.181 0.64527 
20 3 0.184111 0.0516715 0.00710886 2.36995 -412.541 0.60605 
20 3 0.184268 0.0520086 0.00722997 2.40718 -413.143 0.619533 
20 3 0.183903 0.0516977 0.0072434 2.38365 -413.3 0.630238 
20 3.005 0.180982 0.0497824 0.00659806 2.26663 -411.592 0.593535 
20 3.005 0.185674 0.0520833 0.007115 2.34388 -412.157 0.62115 
20 3.005 0.183743 0.051526 0.00702483 2.36467 -412.084 0.612604 
20 3.01 0.181427 0.0504308 0.00687003 2.32761 -411.332 0.616641 
20 3.01 0.180386 0.0494746 0.00649137 2.25056 -410.302 0.600255 
20 3.01 0.180659 0.0497307 0.00655285 2.27153 -410.561 0.609216 
20 3.015 0.179762 0.0491642 0.0064567 2.23546 -408.824 0.615046 
20 3.015 0.182873 0.0509389 0.00688704 2.32124 -409.937 0.606755 
20 3.015 0.181477 0.0501263 0.00664559 2.28092 -409.746 0.594228 
20 3.02 0.181162 0.0501673 0.00677113 2.29769 -408.674 0.607649 
20 3.02 0.178384 0.048243 0.00616642 2.17512 -407.971 0.603731 
20 3.02 0.178909 0.0490168 0.00653262 2.25276 -408.262 0.611816 
20 3.025 0.178923 0.0493065 0.00665557 2.28669 -407.078 0.592679 
20 3.025 0.177434 0.0475573 0.00598638 2.12557 -406.738 0.593178 
20 3.025 0.17956 0.0493322 0.00661638 2.25988 -407.997 0.587742 
20 3.03 0.174938 0.0470625 0.00607059 2.17283 -406.708 0.579289 
20 3.03 0.174256 0.046499 0.00588854 2.12988 -405.933 0.581997 
20 3.03 0.177775 0.048005 0.00621996 2.16516 -405.594 0.600181 
20 3.035 0.174248 0.0466367 0.0059795 2.14489 -404.086 0.593629 
20 3.035 0.1746 0.0468178 0.00596944 2.15258 -404.755 0.583837 
20 3.035 0.175959 0.0474475 0.00614107 2.17278 -404.937 0.586635 
20 3.04 0.174192 0.0464155 0.005766 2.11484 -403.548 0.586441 
20 3.04 0.174049 0.0462707 0.00585004 2.10234 -403.67 0.597034 
20 3.04 0.175212 0.0470502 0.00597232 2.15144 -403.502 0.589237 
20 3.045 0.172683 0.0456972 0.00574607 2.08576 -401.948 0.574247 
20 3.045 0.171851 0.0456113 0.00578241 2.11212 -401.59 0.584248 
20 3.045 0.173193 0.0458987 0.00575462 2.08908 -402.873 0.573584 
20 3.05 0.171957 0.0455808 0.00572661 2.09988 -400.882 0.572426 
20 3.05 0.174768 0.0466095 0.00583361 2.10699 -401.21 0.570029 
20 3.05 0.171036 0.044719 0.00544344 2.02831 -401.341 0.574643 
20 3.055 0.168147 0.0434857 0.00518625 1.99181 -399.548 0.562876 
20 3.055 0.171539 0.0448934 0.00548646 2.02524 -400.198 0.578479 
20 3.055 0.169091 0.0440491 0.00535281 2.0239 -399.986 0.559731 
20 3.06 0.170733 0.0443 0.00532553 1.98044 -398.879 0.568038 
20 3.06 0.168678 0.043901 0.00533048 2.01947 -398.962 0.559366 
20 3.06 0.170221 0.0443475 0.00539889 2.00947 -398.654 0.563959 
20 3.065 0.169733 0.0442206 0.00533635 2.01128 -397.926 0.555957 
20 3.065 0.168602 0.0436328 0.0052395 1.98449 -398.489 0.55657 
20 3.065 0.169665 0.0438536 0.00516537 1.96638 -397.492 0.570508 
20 3.07 0.168265 0.0432963 0.00509956 1.95221 -396.905 0.546451 
20 3.07 0.166373 0.0425187 0.00495892 1.93338 -396.847 0.552949 
20 3.07 0.169188 0.0440186 0.00530787 2.00574 -396.368 0.548383 
20 3.075 0.16595 0.0423644 0.00497814 1.92845 -395.415 0.551679 
20 3.075 0.166977 0.0426929 0.00500772 1.92671 -395.29 0.561957 
20 3.075 0.165906 0.0422273 0.00489081 1.91255 -395.785 0.557845 
20 3.08 0.162215 0.0405856 0.00462591 1.85351 -394.064 0.544486 
20 3.08 0.164275 0.041403 0.00468686 1.8723 -394.565 0.544177 
20 3.08 0.165204 0.042169 0.00495513 1.93206 -394.283 0.545531 
20 3.085 0.163004 0.0407907 0.00461622 1.84381 -392.303 0.558843 
20 3.085 0.164008 0.0416123 0.00483577 1.90776 -393.629 0.556897 
20 3.085 0.165675 0.0421728 0.00491399 1.9092 -394.521 0.540011 
20 3.09 0.161937 0.0403689 0.00451578 1.8311 -391.886 0.547366 
20 3.09 0.162936 0.0407498 0.00452875 1.8384 -391.795 0.545037 
20 3.09 0.162959 0.0409392 0.00460346 1.86196 -392.222 0.537715 
20 3.095 0.160942 0.0398184 0.0044007 1.79855 -391.3 0.548211 
20 3.095 0.161895 0.0404291 0.00458498 1.83769 -390.757 0.561214 
20 3.095 0.1642 0.0411337 0.00458733 1.8316 -391.804 0.542439 
20 3.1 0.161167 0.0397946 0.00435509 1.7832 -389.602 0.539072 
20 3.1 0.16012 0.0395707 0.00439608 1.79773 -390.073 0.533356 
20 3.1 0.162111 0.0403344 0.00445494 1.8135 -389.648 0.545134 
20 3.105 0.16077 0.039746 0.00433062 1.79055 -389.02 0.542339 
20 3.105 0.161255 0.0402438 0.00444604 1.83453 -389.429 0.542113 
20 3.105 0.160765 0.0397877 0.00439806 1.79612 -388.643 0.534332 
20 3.11 0.158404 0.0386293 0.00414439 1.74118 -387.596 0.532811 
20 3.11 0.160363 0.039501 0.00435732 1.77296 -387.973 0.538214 
20 3.11 0.158966 0.0385297 0.00405628 1.70542 -387.42 0.528139 
20 3.115 0.158321 0.0383537 0.00399386 1.70635 -386.79 0.523263 
20 3.115 0.15864 0.0388946 0.00423701 1.76282 -386.44 0.535708 
20 3.115 0.158973 0.0391546 0.00431517 1.78263 -387.126 0.540905 
20 3.12 0.158915 0.0388354 0.00415143 1.74123 -386.259 0.524865 
20 3.12 0.158185 0.0385196 0.00402397 1.73039 -385.862 0.536059 
20 3.12 0.158522 0.0388768 0.00426303 1.7625 -386.32 0.518758 
20 3.125 0.156691 0.0378644 0.00402372 1.70398 -383.815 0.524753 
20 3.125 0.158108 0.0381245 0.00396482 1.68019 -385.138 0.514146 
20 3.125 0.153978 0.0364452 0.0036932 1.63021 -384.67 0.517371 
20 3.13 0.153594 0.0366323 0.00381379 1.6666 -383.812 0.50657 
20 3.13 0.157007 0.0380437 0.0040426 1.7115 -383.662 0.515408 
20 3.13 0.156563 0.0379232 0.00409029 1.71391 -384.31 0.524497 
20 3.135 0.156009 0.0373335 0.00381408 1.65801 -382.578 0.517422 
20 3.135 0.155719 0.0371268 0.00378869 1.64318 -382.689 0.509198 
20 3.135 0.156855 0.0375239 0.00379271 1.64854 -383.14 0.526885 
20 3.14 0.154868 0.0367777 0.00370341 1.62978 -381.56 0.515747 
20 3.14 0.153627 0.0364456 0.00372618 1.63624 -381.339 0.509841 
20 3.14 0.152019 0.035467 0.003564 1.57417 -381.015 0.509379 
20 3.145 0.152762 0.0361123 0.00371288 1.62494 -381.007 0.514102 
20 3.145 0.15482 0.0370205 0.00388948 1.65996 -381.119 0.507837 
20 3.145 0.156062 0.0372975 0.00381786 1.64606 -381.196 0.507035 
20 3.15 0.154063 0.0367539 0.00376182 1.65315 -379.27 0.500619 
20 3.15 0.153036 0.0361503 0.0036797 1.61656 -379.982 0.503878 
20 3.15 0.152285 0.0356691 0.00353133 1.58454 -380.209 0.504581 
20 3.155 0.151427 0.0352722 0.00346724 1.56476 -378.49 0.504979 
20 3.155 0.152703 0.0357497 0.00354869 1.57611 -378.253 0.509514 
20 3.155 0.152257 0.0356642 0.00351164 1.58251 -378.944 0.503964 
20 3.16 0.151827 0.0357394 0.00362843 1.60608 -377.754 0.514802 
20 3.16 0.153677 0.0363565 0.00366222 1.61264 -378.286 0.511445 
20 3.16 0.151569 0.0353661 0.00348336 1.56873 -377.273 0.484147 
20 3.165 0.150188 0.0349946 0.00344948 1.57198 -377.105 0.494671 
20 3.165 0.148838 0.0342962 0.00333821 1.53472 -376.362 0.491283 
20 3.165 0.149721 0.0345597 0.00331966 1.5347 -375.954 0.496698 
20 3.17 0.151229 0.035309 0.00348839 1.56956 -376.191 0.487162 
20 3.17 0.149786 0.0347233 0.00342717 1.55048 -375.522 0.488533 
20 3.17 0.148984 0.0343955 0.00334229 1.53934 -375.792 0.490978 
20 3.175 0.15011 0.0349527 0.00347232 1.56469 -374.429 0.492566 
20 3.175 0.147729 0.0338891 0.00329285 1.52005 -374.281 0.493978 
20 3.175 0.148852 0.034195 0.00324711 1.51663 -375.164 0.485404 
20 3.18 0.148525 0.0340016 0.00317302 1.50214 -374.063 0.483232 
20 3.18 0.147125 0.0335527 0.0031396 1.49774 -373.733 0.479259 
20 3.18 0.147796 0.0337015 0.0031932 1.49155 -374.28 0.47875 
20 3.185 0.146377 0.0330188 0.00306305 1.4559 -372.082 0.48126 
20 3.185 0.146601 0.0330908 0.00306523 1.4567 -373.04 0.490673 
20 3.185 0.147732 0.0336958 0.00322971 1.49086 -373.134 0.476645 
20 3.19 0.147837 0.0337233 0.0031607 1.4881 -371.805 0.4898 
20 3.19 0.146526 0.0332001 0.00311224 1.47086 -371.714 0.480408 
20 3.19 0.146902 0.0333838 0.00313423 1.48007 -371.794 0.468246 
20 3.195 0.143471 0.0319773 0.00288314 1.42641 -370.024 0.482054 
20 3.195 0.147284 0.0331949 0.00303722 1.44003 -371.15 0.474343 
20 3.195 0.146077 0.0326325 0.00293482 1.41395 -370.511 0.467832 
20 3.2 0.145077 0.0324107 0.00294251 1.42042 -369.732 0.465543 
20 3.2 0.144748 0.0323457 0.00293782 1.42422 -369.959 0.491635 
20 3.2 0.144105 0.0319127 0.002897 1.39332 -370.186 0.476183 
20 3.205 0.144543 0.0322209 0.0029381 1.41384 -369.015 0.474723 
20 3.205 0.143788 0.0319238 0.00287785 1.40392 -368.619 0.469361 
20 3.205 0.144834 0.0325067 0.0030242 1.439 -369.212 0.48351 
20 3.21 0.144581 0.0321192 0.00285741 1.39757 -368.2 0.466517 
20 3.21 0.141878 0.0312359 0.00279066 1.38401 -367.232 0.474986 
20 3.21 0.144769 0.0324537 0.00293852 1.43248 -367.61 0.461079 
20 3.215 0.141033 0.0308835 0.00271972 1.36775 -366.691 0.478546 
20 3.215 0.143313 0.0318147 0.00287465 1.40294 -367.023 0.468465 
20 3.215 0.142198 0.0313981 0.00278666 1.39072 -367.25 0.474478 
20 3.22 0.143035 0.0317383 0.00286718 1.40114 -366.218 0.468635 
20 3.22 0.142217 0.031492 0.00289617 1.39954 -366.199 0.466557 
20 3.22 0.140667 0.0305875 0.00263456 1.34165 -365.75 0.463917 
20 3.225 0.142372 0.0314378 0.00283697 1.38518 -364.906 0.453158 
20 3.225 0.141489 0.0309185 0.00266548 1.35188 -364.185 0.455227 
20 3.225 0.139696 0.0301085 0.00253344 1.31391 -364.961 0.457784 
20 3.23 0.141246 0.0310504 0.0028108 1.37463 -364.403 0.448217 
20 3.23 0.140679 0.0305137 0.00260403 1.32794 -364.3 0.466782 
20 3.23 0.141123 0.030817 0.00272681 1.35002 -364.19 0.466588 
20 3.235 0.138713 0.0298301 0.00256414 1.30927 -362.681 0.458429 
20 3.235 0.140872 0.0306419 0.00264128 1.33502 -363.992 0.470611 
20 3.235 0.139595 0.0301784 0.00260675 1.32201 -363.846 0.45534 
20 3.24 0.139442 0.0299507 0.00251637 1.29713 -362.161 0.450569 
20 3.24 0.138659 0.0298367 0.00252745 1.30993 -362.588 0.469509 
20 3.24 0.139418 0.0299744 0.00249357 1.30089 -362.781 0.446379 
20 3.245 0.138631 0.0298063 0.00255069 1.30512 -361.63 0.4567 
20 3.245 0.138488 0.0299108 0.00257034 1.32288 -361.862 0.447131 
20 3.245 0.139271 0.02992 0.00248279 1.2972 -361.758 0.448253 
20 3.25 0.138193 0.0294424 0.00244385 1.27326 -361.079 0.453335 
20 3.25 0.138077 0.0296896 0.00254812 1.30763 -360.306 0.455051 
20 3.25 0.139061 0.0296788 0.00245346 1.27272 -360.761 0.460661 
20 3.255 0.138672 0.029672 0.00249541 1.28321 -359.537 0.447728 
20 3.255 0.136272 0.0288966 0.00239611 1.26899 -359.566 0.44782 
20 3.255 0.138007 0.029538 0.00247848 1.28933 -359.875 0.448376 
20 3.26 0.13827 0.0297433 0.00249806 1.30365 -359.563 0.447214 
20 3.26 0.136384 0.0290238 0.00241332 1.27891 -358.406 0.443202 
20 3.26 0.137539 0.0291897 0.00239247 1.26046 -358.453 0.445178 
20 3.265 0.135402 0.0283537 0.00225693 1.22758 -357.434 0.434149 
20 3.265 0.136105 0.0288111 0.00238833 1.26022 -357.578 0.444245 
20 3.265 0.136966 0.0290306 0.00238795 1.25832 -357.76 0.443743 
20 3.27 0.135707 0.0284417 0.00225982 1.22632 -357.656 0.425784 
20 3.27 0.134923 0.028191 0.00227238 1.22162 -356.745 0.433066 
20 3.27 0.134579 0.02805 0.00223145 1.21573 -357.882 0.443378 
20 3.275 0.134474 0.0280942 0.00224131 1.22272 -355.992 0.436146 
20 3.275 0.135636 0.0285 0.00231333 1.23394 -356.421 0.447574 
20 3.275 0.135835 0.0286649 0.00232743 1.24748 -356.308 0.437279 
20 3.28 0.136063 0.0286802 0.00233586 1.23987 -355.619 0.428149 
20 3.28 0.134889 0.028073 0.00223446 1.20463 -355.494 0.430628 
20 3.28 0.135776 0.0285047 0.0022995 1.228 -355.163 0.434106 
20 3.285 0.133847 0.0277524 0.00222107 1.19786 -353.871 0.443713 
20 3.285 0.132894 0.0273109 0.002116 1.17506 -353.305 0.422973 
20 3.285 0.134434 0.028009 0.00221236 1.20992 -354.873 0.441753 
20 3.29 0.133143 0.0276548 0.00220519 1.207 -352.58 0.438368 
20 3.29 0.135234 0.0283314 0.00228713 1.22103 -353.978 0.445607 
20 3.29 0.131722 0.0268128 0.00202666 1.15043 -353.223 0.435586 
20 3.295 0.134341 0.0277839 0.00214698 1.18196 -352.267 0.421064 
20 3.295 0.132691 0.0273238 0.00210501 1.17958 -352.395 0.432991 
20 3.295 0.134123 0.027904 0.00221929 1.20364 -353.364 0.435221 
20 3.3 0.132522 0.0270505 0.00205651 1.15011 -351.462 0.421266 
20 3.3 0.133271 0.027382 0.00214731 1.16614 -351.562 0.435462 
20 3.3 0.131136 0.0266794 0.00203121 1.14942 -351.081 0.423404 
20 3.305 0.131624 0.0268832 0.00205394 1.15685 -350.816 0.423126 
20 3.305 0.131835 0.0269408 0.00205706 1.15706 -350.675 0.422974 
20 3.305 0.131065 0.026673 0.00203757 1.14914 -350.56 0.417103 
20 3.31 0.130486 0.0265371 0.00201989 1.14932 -349.569 0.41118 
20 3.31 0.131652 0.0267979 0.00200119 1.14389 -349.519 0.42716 
20 3.31 0.134987 0.0281809 0.00225545 1.20356 -350.87 0.418402 
20 3.315 0.129883 0.0260876 0.00195645 1.11226 -349.088 0.414996 
20 3.315 0.128873 0.0258024 0.00191014 1.10939 -349.009 0.429187 
20 3.315 0.131447 0.0267377 0.00202219 1.1414 -349.928 0.421105 
20 3.32 0.131098 0.0265047 0.00196415 1.12264 -348.328 0.411448 
20 3.32 0.129514 0.0260891 0.00194233 1.12231 -348.754 0.41546 
20 3.32 0.130828 0.0263655 0.00196582 1.11439 -348.814 0.406616 
20 3.325 0.131153 0.026824 0.00206783 1.15764 -347.814 0.412879 
20 3.325 0.129216 0.0258026 0.00189454 1.09542 -347.522 0.412464 
20 3.325 0.12986 0.026153 0.00197604 1.11751 -347.008 0.405224 
20 3.33 0.129655 0.0261874 0.00196484 1.12635 -346.966 0.411086 
20 3.33 0.130418 0.0262422 0.00194597 1.1091 -346.613 0.415537 
20 3.33 0.128969 0.0256489 0.0018737 1.083 -346.265 0.422412 
20 3.335 0.129038 0.0257657 0.00188464 1.09324 -346.111 0.417435 
20 3.335 0.129568 0.0259797 0.00192205 1.10247 -346.085 0.401568 
20 3.335 0.130846 0.0264591 0.00198677 1.12007 -346.348 0.412517 
20 3.34 0.129373 0.0259601 0.00192448 1.1045 -345.107 0.415079 
20 3.34 0.129591 0.0257803 0.00185865 1.07622 -345.233 0.40853 
20 3.34 0.126917 0.0251738 0.00186029 1.08575 -344.934 0.415725 
20 3.345 0.127125 0.0250322 0.00176994 1.06086 -344.357 0.412416 
20 3.345 0.128981 0.0259004 0.0019302 1.10786 -344.294 0.391791 
20 3.345 0.129339 0.0257233 0.00185801 1.0756 -344.696 0.409986 
20 3.35 0.126346 0.0247798 0.00176901 1.05272 -342.789 0.400752 
20 3.35 0.129434 0.0258868 0.00191599 1.09059 -343.612 0.406219 
20 3.35 0.128322 0.025569 0.00186789 1.08686 -343.544 0.405874 
20 3.355 0.12632 0.0248884 0.00181518 1.06487 -342.886 0.394352 
20 3.355 0.126605 0.0249922 0.00180769 1.06865 -343.234 0.397898 
20 3.355 0.126393 0.0248326 0.0017865 1.05603 -343.195 0.394496 
20 3.36 0.125573 0.0247399 0.00179933 1.06799 -342.05 0.399235 
20 3.36 0.126089 0.024639 0.00171064 1.04055 -341.86 0.39476 
20 3.36 0.126594 0.0247615 0.00172343 1.03994 -341.415 0.404403 
20 3.365 0.125428 0.0245255 0.00175365 1.04525 -341.311 0.392529 
20 3.365 0.124402 0.0241154 0.00167067 1.02698 -340.519 0.397639 
20 3.365 0.125378 0.0243493 0.00168295 1.0258 -340.45 0.391961 
20 3.37 0.12404 0.0240878 0.00169962 1.03286 -340.053 0.39615 
20 3.37 0.126303 0.0248403 0.00178573 1.05494 -340.522 0.391883 
20 3.37 0.123288 0.0236858 0.00162193 1.00721 -340.401 0.40663 
20 3.375 0.124552 0.0240474 0.0016677 1.01145 -340.159 0.398903 
20 3.375 0.125767 0.0246035 0.00172179 1.04132 -340.147 0.389642 
20 3.375 0.125411 0.024353 0.0016647 1.02224 -339.428 0.390012 
20 3.38 0.124287 0.0240824 0.00166043 1.0219 -338.795 0.388381 
20 3.38 0.124171 0.0241798 0.00172157 1.03683 -338.736 0.397152 
20 3.38 0.125179 0.0244076 0.00175984 1.03406 -338.739 0.398122 
20 3.385 0.125686 0.0246236 0.00173447 1.04303 -338.377 0.384001 
20 3.385 0.123762 0.023786 0.00161224 1.00076 -337.786 0.388428 
20 3.385 0.124047 0.023968 0.0016743 1.01392 -338.514 0.385297 
20 3.39 0.124307 0.0237994 0.00159723 0.984911 -336.776 0.386006 
20 3.39 0.125048 0.0243004 0.00169409 1.02223 -337.301 0.396147 
20 3.39 0.124576 0.0240127 0.00163982 1.00218 -337.449 0.383536 
20 3.395 0.121844 0.0232681 0.00157975 0.99228 -335.972 0.389084 
20 3.395 0.124286 0.0240722 0.0016709 1.01622 -336.101 0.383062 
20 3.395 0.1224 0.023344 0.00158557 0.985241 -336.587 0.38771 
20 3.4 0.122652 0.0234843 0.001597 0.993018 -336.086 0.384593 
20 3.4 0.123115 0.0236044 0.00158852 0.993777 -336.494 0.374349 
20 3.4 0.122005 0.0231296 0.00154237 0.969931 -335.886 0.381983 
20 3.405 0.122544 0.0232764 0.00155126 0.970269 -335.33 0.375092 
20 3.405 0.123323 0.0235971 0.00159561 0.985432 -335.13 0.384458 
20 3.405 0.121803 0.0230443 0.00151331 0.964267 -334.712 0.390214 
20 3.41 0.12208 0.0230778 0.00150194 0.958848 -334.521 0.382514 
20 3.41 0.122921 0.0236082 0.00162818 0.996908 -334.187 0.388806 
20 3.41 0.122435 0.0232707 0.00153957 0.971295 -334.095 0.374333 
20 3.415 0.122301 0.0232782 0.00157431 0.974584 -334.302 0.373778 
20 3.415 0.121401 0.0229563 0.00153213 0.962589 -332.894 0.368382 
20 3.415 0.121854 0.0231251 0.00153384 0.969471 -334.091 0.372457 
20 3.42 0.119678 0.0223686 0.00145194 0.941029 -331.897 0.368892 
20 3.42 0.121445 0.0228301 0.00147798 0.945166 -333.086 0.378703 
20 3.42 0.122211 0.0230439 0.00149227 0.94835 -332.674 0.369937 
20 3.425 0.120006 0.0224512 0.00145917 0.940107 -331.983 0.372257 
20 3.425 0.120518 0.0226229 0.00148374 0.945792 -332.023 0.372873 
20 3.425 0.120348 0.0224131 0.00144461 0.926071 -331.897 0.385912 
20 3.43 0.121114 0.0227652 0.00145645 0.944206 -332.362 0.375547 
20 3.43 0.120797 0.0227327 0.00151767 0.949368 -331.643 0.382022 
20 3.43 0.119759 0.0222962 0.00143238 0.927568 -331.247 0.362055 
20 3.435 0.120251 0.0223792 0.00144143 0.922133 -331.029 0.368202 
20 3.435 0.119553 0.0222306 0.00142769 0.924317 -330.144 0.373352 
20 3.435 0.119941 0.0222973 0.00142155 0.921274 -330.208 0.36864 
20 3.44 0.119491 0.021994 0.00135462 0.897196 -330.031 0.365156 
20 3.44 0.120211 0.0223073 0.00143167 0.913562 -329.97 0.369386 
20 3.44 0.119465 0.0222041 0.00142974 0.922348 -329.729 0.369909 
20 3.445 0.117439 0.0214967 0.00131717 0.894591 -329.132 0.359069 
20 3.445 0.119695 0.021977 0.00134285 0.888241 -329.159 0.36449 
20 3.445 0.118835 0.0217905 0.00133094 0.890407 -329.363 0.36327 
20 3.45 0.120352 0.0225592 0.00147647 0.936169 -329.206 0.363093 
20 3.45 0.11754 0.0213433 0.00130529 0.872767 -327.793 0.364098 
20 3.45 0.117408 0.0215257 0.00134535 0.897515 -327.468 0.358132 
20 3.455 0.118925 0.0222193 0.001443 0.935008 -328.276 0.366526 
20 3.455 0.118465 0.0217515 0.00135226 0.893479 -327.51 0.364731 
20 3.455 0.116687 0.0211977 0.00132209 0.877779 -327.431 0.365742 
20 3.46 0.115803 0.0210775 0.00131126 0.88638 -327.117 0.363994 
20 3.46 0.119752 0.0221408 0.00136428 0.901765 -326.138 0.366908 
20 3.46 0.119032 0.0220537 0.00140038 0.911568 -326.679 0.369962 
20 3.465 0.1161 0.0209739 0.00128124 0.865179 -326.165 0.359843 
20 3.465 0.117967 0.021755 0.00139938 0.904895 -325.563 0.359 
20 3.465 0.116556 0.0212095 0.00132939 0.880134 -325.234 0.358874 
20 3.47 0.117066 0.0214519 0.00132415 0.893083 -326.191 0.356741 
20 3.47 0.115965 0.0210114 0.00127301 0.871872 -325.325 0.359212 
20 3.47 0.117901 0.0216536 0.00134521 0.893699 -325.939 0.356922 
20 3.475 0.116823 0.0212148 0.00130435 0.871042 -324.87 0.359072 
20 3.475 0.116207 0.0211928 0.00131021 0.88502 -324.372 0.350891 
20 3.475 0.115928 0.0208721 0.00127871 0.855569 -324.263 0.354842 
20 3.48 0.116263 0.0210842 0.00128002 0.869772 -323.288 0.354683 
20 3.48 0.116009 0.0210021 0.00128749 0.867118 -324.5 0.352663 
20 3.48 0.116877 0.0211755 0.00130161 0.863812 -324.152 0.356011 
20 3.485 0.114681 0.0203575 0.0011966 0.827047 -322.736 0.359253 
20 3.485 0.116393 0.0210315 0.00126684 0.859015 -322.941 0.345519 
20 3.485 0.115631 0.0209105 0.00126719 0.865408 -323.086 0.357739 
20 3.49 0.115802 0.0208793 0.00125259 0.85607 -322.202 0.349579 
20 3.49 0.115954 0.0208886 0.00125244 0.853095 -322.485 0.358567 
20 3.49 0.115242 0.0206733 0.00124723 0.847291 -322.513 0.348089 
20 3.495 0.114682 0.0203776 0.00119656 0.826971 -322.07 0.355107 
20 3.495 0.114403 0.0204739 0.00122147 0.845287 -322.315 0.349485 
20 3.495 0.115724 0.0209899 0.0013037 0.869553 -321.896 0.35115 
