size temperature m m2 m4 ms e sp_h 
40 1.5 0.995361 0.990752 0.981622 0.00892025 -3487.77 0.0962722 
40 1.5 0.995384 0.990797 0.98171 0.00876279 -3487.89 0.0946608 
40 1.5 0.995479 0.990987 0.982088 0.00873505 -3488.59 0.0939865 
40 1.505 0.995272 0.990575 0.981272 0.00889852 -3487.19 0.0971504 
40 1.505 0.995303 0.990636 0.981393 0.0091028 -3487.4 0.0977114 
40 1.505 0.995271 0.990573 0.981268 0.00925961 -3487.25 0.0984966 
40 1.51 0.9952 0.990431 0.980987 0.00921081 -3486.78 0.0966357 
40 1.51 0.995089 0.990212 0.980555 0.00957548 -3485.98 0.101395 
40 1.51 0.995155 0.990343 0.980813 0.00907955 -3486.4 0.0963451 
40 1.515 0.995069 0.990171 0.980472 0.00926663 -3485.83 0.0976871 
40 1.515 0.995077 0.990187 0.980507 0.00951501 -3485.89 0.101877 
40 1.515 0.99501 0.990054 0.980243 0.00979709 -3485.52 0.103433 
40 1.52 0.994925 0.989885 0.979909 0.00953425 -3484.81 0.101486 
40 1.52 0.99484 0.989717 0.979577 0.0101018 -3484.35 0.105731 
40 1.52 0.994903 0.989842 0.979824 0.00982784 -3484.77 0.102327 
40 1.525 0.994784 0.989604 0.979354 0.00981739 -3483.91 0.102496 
40 1.525 0.994854 0.989743 0.97963 0.0101426 -3484.54 0.103805 
40 1.525 0.994829 0.989694 0.979532 0.00992342 -3484.23 0.104204 
40 1.53 0.994686 0.989409 0.978969 0.0102155 -3483.38 0.104708 
40 1.53 0.99469 0.989418 0.978986 0.0101832 -3483.28 0.105192 
40 1.53 0.994698 0.989434 0.97902 0.0104068 -3483.44 0.107304 
40 1.535 0.994534 0.989107 0.97837 0.0101351 -3482.31 0.10399 
40 1.535 0.994502 0.989043 0.978247 0.0105898 -3482.18 0.107384 
40 1.535 0.99452 0.989081 0.978321 0.0107018 -3482.25 0.109201 
40 1.54 0.994388 0.988817 0.9778 0.0107989 -3481.37 0.109794 
40 1.54 0.994439 0.988919 0.978001 0.0107805 -3481.72 0.108246 
40 1.54 0.994418 0.988879 0.977923 0.0110523 -3481.65 0.110266 
40 1.545 0.994246 0.988536 0.977246 0.0111757 -3480.57 0.111975 
40 1.545 0.994285 0.988613 0.977398 0.0110253 -3480.84 0.108894 
40 1.545 0.994283 0.988608 0.977388 0.0109106 -3480.69 0.110626 
40 1.55 0.994104 0.988254 0.976691 0.0116916 -3479.55 0.11647 
40 1.55 0.994148 0.988342 0.976863 0.0113228 -3479.85 0.113012 
40 1.55 0.994154 0.988352 0.976884 0.011411 -3479.84 0.114538 
40 1.555 0.993965 0.987978 0.976145 0.0114438 -3478.55 0.114281 
40 1.555 0.994002 0.988051 0.976289 0.0114367 -3478.84 0.114601 
40 1.555 0.993943 0.987933 0.976057 0.0116982 -3478.52 0.11743 
40 1.56 0.99384 0.987729 0.975653 0.0117179 -3477.76 0.116682 
40 1.56 0.993888 0.987825 0.975842 0.0115203 -3478 0.115646 
40 1.56 0.993835 0.98772 0.975637 0.0119122 -3477.91 0.116917 
40 1.565 0.993756 0.987562 0.975326 0.0119762 -3477.2 0.118809 
40 1.565 0.993684 0.98742 0.975044 0.0120336 -3476.85 0.117681 
40 1.565 0.993711 0.987474 0.975151 0.0121874 -3476.98 0.118867 
40 1.57 0.993577 0.987207 0.974625 0.012285 -3476.11 0.118768 
40 1.57 0.993562 0.987177 0.974567 0.0125991 -3476.07 0.121804 
40 1.57 0.993567 0.987187 0.974586 0.0123761 -3476.04 0.12023 
40 1.575 0.993479 0.987013 0.974242 0.0122898 -3475.33 0.121637 
40 1.575 0.993448 0.986952 0.974122 0.0125828 -3475.14 0.12312 
40 1.575 0.993371 0.986799 0.973823 0.0128644 -3474.79 0.123227 
40 1.58 0.993245 0.986548 0.973329 0.0132449 -3473.97 0.126276 
40 1.58 0.993283 0.986625 0.97348 0.0132246 -3474.3 0.123872 
40 1.58 0.993293 0.986644 0.973518 0.0133205 -3474.31 0.126794 
40 1.585 0.993133 0.986327 0.972893 0.0133652 -3473.31 0.124963 
40 1.585 0.993118 0.986296 0.972832 0.0135034 -3473.16 0.127617 
40 1.585 0.993134 0.986328 0.972895 0.0135009 -3473.2 0.129535 
40 1.59 0.992951 0.985965 0.972182 0.0141244 -3472.21 0.130846 
40 1.59 0.992985 0.986033 0.972315 0.0137429 -3472.3 0.128208 
40 1.59 0.992944 0.985951 0.972154 0.0137988 -3471.96 0.131326 
40 1.595 0.992772 0.98561 0.971481 0.0137114 -3470.86 0.128871 
40 1.595 0.992779 0.985625 0.971515 0.0145833 -3470.94 0.136203 
40 1.595 0.992716 0.985498 0.971261 0.0139797 -3470.6 0.130408 
40 1.6 0.992597 0.985263 0.970801 0.0145878 -3469.7 0.134777 
40 1.6 0.992652 0.985373 0.971016 0.0144514 -3470.09 0.135055 
40 1.6 0.992583 0.985236 0.970745 0.0140779 -3469.72 0.129649 
40 1.605 0.992397 0.984867 0.970021 0.0148545 -3468.42 0.13678 
40 1.605 0.992484 0.985038 0.970356 0.0141564 -3469.08 0.131396 
40 1.605 0.992454 0.98498 0.970244 0.0148761 -3468.86 0.137043 
40 1.61 0.9923 0.984674 0.969642 0.0150885 -3467.87 0.137032 
40 1.61 0.992274 0.984624 0.969544 0.0153605 -3467.78 0.138901 
40 1.61 0.992294 0.984662 0.969619 0.0148488 -3467.91 0.13505 
40 1.615 0.992154 0.984386 0.969076 0.0154484 -3466.97 0.1394 
40 1.615 0.992098 0.984273 0.968854 0.0152639 -3466.71 0.138249 
40 1.615 0.99205 0.984179 0.96867 0.0155098 -3466.36 0.138982 
40 1.62 0.991915 0.983911 0.968145 0.016041 -3465.37 0.144661 
40 1.62 0.991953 0.983986 0.968291 0.0158305 -3465.79 0.140547 
40 1.62 0.991934 0.983949 0.968219 0.0159901 -3465.63 0.142987 
40 1.625 0.991747 0.983578 0.967491 0.016154 -3464.31 0.144999 
40 1.625 0.991693 0.983472 0.967282 0.0165236 -3464.05 0.147264 
40 1.625 0.991795 0.983673 0.967675 0.0156989 -3464.6 0.142843 
40 1.63 0.991515 0.983119 0.96659 0.0168294 -3462.98 0.147182 
40 1.63 0.991623 0.983333 0.96701 0.0163654 -3463.54 0.145228 
40 1.63 0.991624 0.983336 0.967017 0.0167607 -3463.59 0.147509 
40 1.635 0.991397 0.982885 0.966132 0.0172256 -3462.32 0.148663 
40 1.635 0.991417 0.982924 0.966208 0.0168471 -3462.36 0.146324 
40 1.635 0.991404 0.982899 0.96616 0.0172937 -3462.22 0.152253 
40 1.64 0.991112 0.982322 0.965029 0.0178136 -3460.38 0.154941 
40 1.64 0.991159 0.982415 0.965209 0.0173048 -3460.78 0.14955 
40 1.64 0.99121 0.982516 0.965408 0.0175857 -3461.01 0.153176 
40 1.645 0.990947 0.981996 0.964389 0.0182962 -3459.5 0.154471 
40 1.645 0.990942 0.981985 0.964369 0.0187426 -3459.52 0.156369 
40 1.645 0.990986 0.982072 0.964538 0.0179364 -3459.59 0.154735 
40 1.65 0.990738 0.98158 0.963572 0.0180052 -3458.06 0.155587 
40 1.65 0.990806 0.981716 0.963842 0.0189417 -3458.38 0.162475 
40 1.65 0.990748 0.9816 0.963611 0.0181033 -3458.07 0.155424 
40 1.655 0.990564 0.981236 0.962899 0.0184668 -3456.84 0.157012 
40 1.655 0.990595 0.981297 0.963017 0.0183326 -3457.14 0.154966 
40 1.655 0.99057 0.981249 0.962925 0.0187844 -3457.17 0.158618 
40 1.66 0.990389 0.980891 0.962223 0.0187583 -3455.67 0.159105 
40 1.66 0.990409 0.98093 0.962303 0.0193876 -3455.91 0.163777 
40 1.66 0.990328 0.980771 0.961992 0.0198083 -3455.55 0.163817 
40 1.665 0.990206 0.980528 0.961515 0.019434 -3454.82 0.162989 
40 1.665 0.990141 0.980399 0.961261 0.0192844 -3454.34 0.161374 
40 1.665 0.990111 0.980341 0.96115 0.0200055 -3454.15 0.166477 
40 1.67 0.989959 0.98004 0.960561 0.0203872 -3453.25 0.166712 
40 1.67 0.989915 0.979953 0.960389 0.0199492 -3452.95 0.164231 
40 1.67 0.98991 0.979943 0.96037 0.019748 -3452.94 0.161615 
40 1.675 0.989629 0.979388 0.959287 0.0212112 -3451.25 0.17275 
40 1.675 0.989759 0.979645 0.959787 0.0203578 -3452 0.1646 
40 1.675 0.989696 0.97952 0.959544 0.0206866 -3451.43 0.171989 
40 1.68 0.989516 0.979164 0.95885 0.0213073 -3450.44 0.172349 
40 1.68 0.989537 0.979206 0.958928 0.0205067 -3450.63 0.168848 
40 1.68 0.989449 0.979031 0.958588 0.0211564 -3450.06 0.172012 
40 1.685 0.989286 0.97871 0.957964 0.0217765 -3449 0.177002 
40 1.685 0.98923 0.9786 0.95775 0.0221662 -3448.79 0.177028 
40 1.685 0.989314 0.978764 0.958068 0.0215831 -3449.23 0.174532 
40 1.69 0.989029 0.978202 0.95697 0.0219336 -3447.48 0.175897 
40 1.69 0.989087 0.978316 0.957191 0.0215594 -3447.62 0.174225 
40 1.69 0.988933 0.978013 0.956602 0.0226259 -3447.02 0.17735 
40 1.695 0.988787 0.977724 0.956038 0.0229295 -3445.96 0.179763 
40 1.695 0.988722 0.977596 0.95579 0.0234572 -3445.7 0.1825 
40 1.695 0.988831 0.977811 0.95621 0.0231053 -3446.28 0.181122 
40 1.7 0.98854 0.977237 0.95509 0.0237443 -3444.6 0.183175 
40 1.7 0.988595 0.977344 0.955298 0.0232964 -3444.85 0.181225 
40 1.7 0.988663 0.977479 0.95556 0.0230771 -3445.2 0.181199 
40 1.705 0.988302 0.976766 0.954169 0.0236246 -3442.96 0.183906 
40 1.705 0.988361 0.976882 0.954398 0.0237214 -3443.33 0.182698 
40 1.705 0.988364 0.976889 0.954409 0.0233039 -3443.36 0.183681 
40 1.71 0.988109 0.976385 0.953427 0.0238761 -3441.64 0.187257 
40 1.71 0.988074 0.976316 0.953297 0.0250227 -3441.71 0.19154 
40 1.71 0.988178 0.976522 0.953696 0.024233 -3442.06 0.189467 
40 1.715 0.987786 0.975749 0.952193 0.0255498 -3439.92 0.194049 
40 1.715 0.98785 0.975874 0.952435 0.0250314 -3440.21 0.193225 
40 1.715 0.987814 0.975804 0.952302 0.0258591 -3440.19 0.195466 
40 1.72 0.987611 0.975402 0.951512 0.0247586 -3438.7 0.189026 
40 1.72 0.987549 0.975282 0.951283 0.0260658 -3438.33 0.195794 
40 1.72 0.987527 0.975237 0.951193 0.0254942 -3438.5 0.191685 
40 1.725 0.987298 0.974786 0.950321 0.0269799 -3436.99 0.20472 
40 1.725 0.987307 0.974803 0.950352 0.0265846 -3437 0.1979 
40 1.725 0.987328 0.974845 0.950434 0.0266519 -3437.2 0.198019 
40 1.73 0.98699 0.974177 0.949132 0.0262494 -3435.13 0.196089 
40 1.73 0.987095 0.974385 0.94954 0.0269778 -3435.78 0.199594 
40 1.73 0.98698 0.974158 0.949098 0.0270002 -3435.05 0.199659 
40 1.735 0.98682 0.973843 0.948485 0.0271909 -3434.17 0.199247 
40 1.735 0.986842 0.973887 0.948571 0.0272777 -3434.23 0.200237 
40 1.735 0.986752 0.973709 0.948226 0.0276013 -3433.7 0.201291 
40 1.74 0.98659 0.97339 0.947604 0.0276801 -3432.51 0.203429 
40 1.74 0.986512 0.973237 0.947307 0.0276639 -3432.12 0.202252 
40 1.74 0.986528 0.973268 0.947369 0.0282638 -3432.22 0.208641 
40 1.745 0.986231 0.972685 0.946242 0.0299007 -3430.66 0.211178 
40 1.745 0.986206 0.972635 0.94614 0.0289058 -3430.35 0.208741 
40 1.745 0.986318 0.972855 0.946567 0.028404 -3431.1 0.205946 
40 1.75 0.986054 0.972334 0.945557 0.0290861 -3429.49 0.210888 
40 1.75 0.985992 0.972212 0.945317 0.0285501 -3429.15 0.203698 
40 1.75 0.98594 0.972109 0.945122 0.0295835 -3428.87 0.209629 
40 1.755 0.985652 0.971544 0.944027 0.0305312 -3426.96 0.216051 
40 1.755 0.985731 0.971699 0.944326 0.0302257 -3427.45 0.217602 
40 1.755 0.98562 0.971479 0.943901 0.0303729 -3426.94 0.213021 
40 1.76 0.985517 0.971277 0.943508 0.0304964 -3426.18 0.214003 
40 1.76 0.985364 0.970976 0.942926 0.0306922 -3425.43 0.217599 
40 1.76 0.985527 0.971296 0.943542 0.0295637 -3426.29 0.21179 
40 1.765 0.985185 0.970625 0.942247 0.0315296 -3424.43 0.220416 
40 1.765 0.98518 0.970614 0.942225 0.0314329 -3424.23 0.21919 
40 1.765 0.98514 0.970535 0.942067 0.0304254 -3424 0.2111 
40 1.77 0.984831 0.969927 0.940899 0.0326542 -3422.18 0.2244 
40 1.77 0.98479 0.969846 0.940738 0.0318987 -3421.9 0.224148 
40 1.77 0.984758 0.969785 0.940625 0.0331707 -3421.79 0.230294 
40 1.775 0.98449 0.969256 0.939596 0.0324419 -3419.96 0.222684 
40 1.775 0.984515 0.969307 0.939699 0.0334035 -3420.38 0.229267 
40 1.775 0.984465 0.969208 0.939505 0.0330753 -3420.1 0.222634 
40 1.78 0.984071 0.968434 0.938011 0.0341235 -3417.79 0.229363 
40 1.78 0.984182 0.968651 0.938429 0.0336338 -3418.52 0.227017 
40 1.78 0.984229 0.968744 0.938608 0.0333713 -3418.64 0.226781 
40 1.785 0.98396 0.968217 0.937594 0.0349523 -3416.93 0.239183 
40 1.785 0.983868 0.968034 0.93724 0.0347345 -3416.62 0.23538 
40 1.785 0.983837 0.967975 0.937126 0.035158 -3416.54 0.23544 
40 1.79 0.983602 0.967513 0.936235 0.0356352 -3415.04 0.23546 
40 1.79 0.983554 0.96742 0.936057 0.0361954 -3414.71 0.240624 
40 1.79 0.983552 0.967414 0.936042 0.0351487 -3414.73 0.23227 
40 1.795 0.983198 0.96672 0.934708 0.0370874 -3412.92 0.241782 
40 1.795 0.983212 0.966746 0.934751 0.0354091 -3412.79 0.235142 
40 1.795 0.983182 0.966689 0.934646 0.0368129 -3412.71 0.241803 
40 1.8 0.982896 0.966126 0.933558 0.0367434 -3410.84 0.237766 
40 1.8 0.982802 0.965943 0.933214 0.038604 -3410.58 0.245387 
40 1.8 0.982969 0.96627 0.933842 0.0379247 -3411.29 0.245118 
40 1.805 0.982566 0.965479 0.932317 0.03836 -3409.14 0.248631 
40 1.805 0.982524 0.965398 0.93216 0.0386928 -3408.93 0.250163 
40 1.805 0.982469 0.965288 0.931948 0.0385009 -3408.37 0.249136 
40 1.81 0.982158 0.964679 0.930778 0.0399864 -3406.46 0.255629 
40 1.81 0.982346 0.965047 0.931484 0.0384469 -3407.79 0.245823 
40 1.81 0.98212 0.964606 0.930639 0.0402084 -3406.48 0.253639 
40 1.815 0.981886 0.964148 0.929763 0.0417977 -3405.09 0.261016 
40 1.815 0.981901 0.964176 0.929811 0.040411 -3405.02 0.259173 
40 1.815 0.981768 0.963916 0.929313 0.041315 -3404.51 0.259284 
40 1.82 0.981543 0.963473 0.928456 0.0404339 -3403.01 0.252797 
40 1.82 0.981506 0.9634 0.928311 0.0393092 -3402.79 0.249884 
40 1.82 0.98144 0.963272 0.928074 0.0415836 -3402.71 0.259466 
40 1.825 0.981194 0.96279 0.927148 0.0418424 -3401.03 0.25996 
40 1.825 0.981118 0.96264 0.926858 0.0416855 -3400.67 0.259812 
40 1.825 0.981233 0.962866 0.927293 0.0418393 -3401.26 0.261359 
40 1.83 0.980778 0.961974 0.925578 0.0422181 -3398.78 0.258521 
40 1.83 0.980659 0.961742 0.925141 0.044134 -3398.22 0.265783 
40 1.83 0.980686 0.961794 0.925239 0.0436531 -3398.08 0.270133 
40 1.835 0.980352 0.96114 0.923984 0.0442493 -3396.52 0.266203 
40 1.835 0.980301 0.961041 0.923795 0.0444959 -3396.17 0.269872 
40 1.835 0.980479 0.961388 0.924459 0.0436513 -3396.97 0.26733 
40 1.84 0.979919 0.960295 0.922371 0.0465918 -3393.89 0.280871 
40 1.84 0.979929 0.960314 0.922403 0.045419 -3394.08 0.275022 
40 1.84 0.980094 0.960635 0.923017 0.0448528 -3394.99 0.264864 
40 1.845 0.979653 0.959772 0.921362 0.04546 -3392.38 0.274457 
40 1.845 0.979504 0.959483 0.920819 0.0481824 -3391.56 0.286629 
40 1.845 0.979608 0.959683 0.92119 0.0451119 -3392.19 0.269827 
40 1.85 0.979163 0.958814 0.919535 0.0476056 -3389.71 0.284063 
40 1.85 0.979086 0.958666 0.919252 0.0481041 -3389.29 0.282326 
40 1.85 0.979147 0.958784 0.919478 0.0478469 -3389.58 0.283239 
40 1.855 0.978819 0.958142 0.91825 0.04833 -3387.7 0.287244 
40 1.855 0.978738 0.957985 0.917948 0.0484604 -3387.51 0.282873 
40 1.855 0.978761 0.958031 0.918042 0.0493901 -3387.47 0.277507 
40 1.86 0.978474 0.957467 0.916959 0.0487805 -3385.83 0.277595 
40 1.86 0.978331 0.957191 0.916438 0.0504247 -3384.86 0.293362 
40 1.86 0.978399 0.957322 0.916686 0.0497589 -3385.41 0.288387 
40 1.865 0.978021 0.956586 0.915288 0.0520208 -3383.16 0.29634 
40 1.865 0.97796 0.956466 0.915053 0.0509371 -3383.22 0.289579 
40 1.865 0.978039 0.956619 0.915348 0.051296 -3383.47 0.291832 
40 1.87 0.977582 0.955727 0.913647 0.0522764 -3380.64 0.296344 
40 1.87 0.977523 0.955614 0.913438 0.0538636 -3380.44 0.302126 
40 1.87 0.97749 0.955547 0.913301 0.0519971 -3380.08 0.298198 
40 1.875 0.97715 0.954885 0.912042 0.0534659 -3378.07 0.30108 
40 1.875 0.977175 0.954932 0.912126 0.051841 -3378.65 0.293275 
40 1.875 0.977171 0.954925 0.912118 0.0531179 -3378.73 0.300331 
40 1.88 0.9766 0.953813 0.910005 0.0550691 -3375.12 0.304466 
40 1.88 0.976721 0.954049 0.910454 0.0550125 -3376.01 0.305486 
40 1.88 0.976563 0.953741 0.909873 0.0563809 -3375.03 0.311695 
40 1.885 0.976278 0.953186 0.908813 0.0561249 -3373.52 0.306972 
40 1.885 0.976309 0.953243 0.908914 0.0543611 -3373.42 0.30258 
40 1.885 0.976303 0.953234 0.908903 0.0556112 -3373.52 0.308328 
40 1.89 0.975771 0.952196 0.906935 0.0575903 -3371.06 0.311565 
40 1.89 0.975749 0.952155 0.906856 0.057426 -3370.6 0.311199 
40 1.89 0.9758 0.952253 0.907042 0.057204 -3371 0.308487 
40 1.895 0.975311 0.951303 0.905251 0.0609706 -3368.67 0.322178 
40 1.895 0.975339 0.951356 0.905342 0.0590387 -3368.33 0.321598 
40 1.895 0.975358 0.951392 0.90541 0.0586254 -3368.64 0.312387 
40 1.9 0.974702 0.950117 0.902998 0.0613888 -3365.31 0.323709 
40 1.9 0.974994 0.950685 0.904071 0.0599379 -3366.63 0.317896 
40 1.9 0.974805 0.950317 0.903372 0.0602776 -3365.55 0.323644 
40 1.905 0.974389 0.949508 0.901842 0.0616009 -3363.18 0.323613 
40 1.905 0.974402 0.949534 0.901897 0.0627571 -3363.26 0.327153 
40 1.905 0.974313 0.949359 0.901561 0.0617317 -3362.92 0.329418 
40 1.91 0.973805 0.948374 0.899702 0.0642825 -3360.3 0.331189 
40 1.91 0.973978 0.94871 0.90034 0.0645798 -3360.98 0.334294 
40 1.91 0.973774 0.948312 0.899582 0.0636118 -3360.09 0.330934 
40 1.915 0.973418 0.947619 0.898273 0.0646198 -3357.9 0.332097 
40 1.915 0.973536 0.947848 0.898704 0.06372 -3358.61 0.330181 
40 1.915 0.973468 0.947715 0.898447 0.062697 -3358.1 0.329456 
40 1.92 0.973081 0.946966 0.897046 0.0665913 -3356.04 0.34341 
40 1.92 0.972865 0.946546 0.896248 0.0662017 -3355.11 0.335105 
40 1.92 0.972967 0.946746 0.896637 0.0683312 -3355.72 0.346395 
40 1.925 0.97248 0.945798 0.894839 0.0672312 -3353.1 0.332811 
40 1.925 0.972263 0.94538 0.894065 0.0711504 -3352.36 0.342981 
40 1.925 0.972304 0.945457 0.894197 0.0684034 -3352.42 0.340741 
40 1.93 0.971831 0.944539 0.892466 0.0688044 -3349.53 0.343279 
40 1.93 0.971991 0.94485 0.893055 0.0692803 -3350.38 0.349132 
40 1.93 0.971937 0.944746 0.892858 0.0692177 -3350.21 0.336392 
40 1.935 0.971314 0.943535 0.890575 0.0697029 -3346.68 0.344732 
40 1.935 0.971509 0.943913 0.891288 0.0696813 -3347.93 0.341811 
40 1.935 0.971279 0.943472 0.890468 0.0725267 -3346.82 0.355714 
40 1.94 0.97079 0.942522 0.888683 0.0736105 -3344.26 0.357155 
40 1.94 0.970804 0.942549 0.88873 0.0730391 -3344.05 0.347404 
40 1.94 0.970875 0.942687 0.888986 0.0721377 -3344.59 0.353307 
40 1.945 0.970331 0.941636 0.887026 0.0766018 -3341.51 0.362133 
40 1.945 0.970225 0.941428 0.886627 0.0747956 -3340.85 0.360051 
40 1.945 0.970005 0.941001 0.885824 0.0750326 -3340.22 0.354771 
40 1.95 0.969668 0.940354 0.884636 0.0811715 -3338.04 0.38268 
40 1.95 0.969788 0.940582 0.885045 0.0771208 -3338.74 0.359514 
40 1.95 0.969686 0.940387 0.884688 0.0792942 -3338.1 0.375899 
40 1.955 0.969092 0.939237 0.882535 0.0808534 -3335.59 0.367771 
40 1.955 0.969121 0.939293 0.882638 0.0803041 -3335.13 0.379187 
40 1.955 0.969193 0.939433 0.882895 0.0793533 -3335.71 0.369929 
40 1.96 0.968547 0.938183 0.880559 0.0811406 -3332.32 0.372521 
40 1.96 0.968432 0.937964 0.880163 0.0847021 -3331.75 0.382639 
40 1.96 0.968615 0.938313 0.880797 0.0801499 -3332.81 0.369403 
40 1.965 0.967984 0.937095 0.878528 0.0834911 -3329.38 0.374297 
40 1.965 0.967992 0.937112 0.878562 0.0837519 -3329.32 0.384999 
40 1.965 0.968076 0.937272 0.878856 0.0826385 -3329.73 0.378847 
40 1.97 0.967428 0.936024 0.876539 0.0870689 -3326.73 0.387152 
40 1.97 0.967358 0.935886 0.876272 0.0851507 -3326.04 0.379627 
40 1.97 0.967372 0.93591 0.87631 0.0834391 -3325.99 0.375481 
40 1.975 0.966741 0.934695 0.874053 0.0869669 -3323.2 0.383672 
40 1.975 0.96667 0.934559 0.873802 0.0874612 -3322.75 0.389601 
40 1.975 0.966797 0.934805 0.874263 0.0880396 -3323.72 0.383573 
40 1.98 0.966094 0.93345 0.871741 0.0901304 -3319.66 0.393298 
40 1.98 0.966122 0.933503 0.871845 0.0908631 -3319.86 0.395869 
40 1.98 0.966352 0.933946 0.87266 0.0884101 -3321.16 0.383252 
40 1.985 0.965642 0.932579 0.870131 0.0929794 -3317.42 0.408447 
40 1.985 0.965475 0.932259 0.869537 0.0936979 -3316.52 0.403179 
40 1.985 0.965492 0.93229 0.869593 0.0930487 -3316.59 0.399649 
40 1.99 0.964941 0.931231 0.867635 0.0964061 -3314.17 0.411151 
40 1.99 0.964788 0.930939 0.867106 0.0998752 -3312.83 0.423808 
40 1.99 0.964807 0.930973 0.867155 0.0965533 -3313.1 0.412513 
40 1.995 0.964306 0.930009 0.865371 0.098714 -3311.05 0.41395 
40 1.995 0.964308 0.930012 0.865373 0.0979275 -3310.53 0.41289 
40 1.995 0.964275 0.929954 0.865281 0.101572 -3310.69 0.424453 
40 2 0.963789 0.929016 0.863532 0.100458 -3307.97 0.417318 
40 2 0.963447 0.928356 0.862309 0.101059 -3306.46 0.416266 
40 2 0.96362 0.92869 0.862932 0.101584 -3307.09 0.426084 
40 2.005 0.962952 0.927403 0.86054 0.100761 -3303.52 0.421097 
40 2.005 0.962883 0.927274 0.860317 0.104388 -3303.86 0.417992 
40 2.005 0.962961 0.927423 0.860589 0.103329 -3303.69 0.425581 
40 2.01 0.96211 0.925793 0.857596 0.109336 -3300.1 0.435168 
40 2.01 0.962401 0.926345 0.85859 0.10275 -3300.88 0.416697 
40 2.01 0.962225 0.926013 0.858001 0.108572 -3300.41 0.436772 
40 2.015 0.961521 0.924659 0.85549 0.107591 -3296.92 0.430733 
40 2.015 0.961459 0.924543 0.855292 0.111073 -3296.56 0.440729 
40 2.015 0.961576 0.924765 0.855687 0.107703 -3296.72 0.432746 
40 2.02 0.960825 0.923329 0.853063 0.114248 -3293.54 0.437743 
40 2.02 0.960919 0.923503 0.853366 0.109817 -3293.67 0.438382 
40 2.02 0.961003 0.923666 0.85367 0.110497 -3294.08 0.43834 
40 2.025 0.960104 0.92195 0.850539 0.118407 -3289.4 0.4587 
40 2.025 0.960045 0.921835 0.850323 0.117839 -3289.56 0.448799 
40 2.025 0.960348 0.922414 0.851379 0.114762 -3290.67 0.452676 
40 2.03 0.959292 0.920397 0.847698 0.122734 -3286.17 0.462594 
40 2.03 0.959356 0.920515 0.847901 0.119561 -3286.07 0.456814 
40 2.03 0.95941 0.920617 0.848077 0.117114 -3286.55 0.450683 
40 2.035 0.958638 0.919143 0.845391 0.122472 -3282.78 0.458414 
40 2.035 0.958778 0.919405 0.845849 0.117278 -3283.22 0.448654 
40 2.035 0.958801 0.919449 0.845935 0.118233 -3283.41 0.443401 
40 2.04 0.958094 0.918098 0.84347 0.12183 -3279.95 0.45979 
40 2.04 0.957778 0.917497 0.84238 0.12499 -3277.93 0.472626 
40 2.04 0.958044 0.918006 0.843308 0.123708 -3280.17 0.45676 
40 2.045 0.957017 0.916043 0.83972 0.126298 -3274.61 0.465039 
40 2.045 0.957136 0.916272 0.840147 0.127941 -3275.33 0.465133 
40 2.045 0.956889 0.915799 0.839278 0.127134 -3274 0.478297 
40 2.05 0.9564 0.914866 0.837577 0.128805 -3271.44 0.462454 
40 2.05 0.956189 0.914462 0.836834 0.128001 -3270.82 0.466437 
40 2.05 0.956309 0.914701 0.837303 0.134984 -3271.7 0.476674 
40 2.055 0.955517 0.913186 0.834532 0.134318 -3267.4 0.487748 
40 2.055 0.955527 0.913204 0.834567 0.134591 -3267.43 0.480127 
40 2.055 0.955533 0.913215 0.834581 0.133598 -3267.64 0.470378 
40 2.06 0.954728 0.911678 0.831782 0.134505 -3264.07 0.474251 
40 2.06 0.95495 0.912101 0.832547 0.132969 -3264.6 0.479527 
40 2.06 0.954693 0.911618 0.831694 0.139077 -3263.4 0.498621 
40 2.065 0.953894 0.910098 0.828942 0.142942 -3259.88 0.494657 
40 2.065 0.953814 0.909946 0.828666 0.142779 -3259.95 0.500568 
40 2.065 0.953935 0.910171 0.829054 0.138365 -3259.65 0.484917 
40 2.07 0.953054 0.908503 0.826066 0.148 -3256.34 0.503324 
40 2.07 0.953195 0.908767 0.826533 0.14497 -3256.54 0.501398 
40 2.07 0.95288 0.90817 0.825455 0.146861 -3255.1 0.501812 
40 2.075 0.952209 0.906897 0.823161 0.150303 -3252.07 0.498328 
40 2.075 0.952175 0.906837 0.823068 0.153977 -3252.13 0.514359 
40 2.075 0.951915 0.906339 0.822157 0.15193 -3251.3 0.506711 
40 2.08 0.951292 0.905158 0.820032 0.155117 -3247.73 0.499221 
40 2.08 0.95128 0.905137 0.820007 0.157504 -3248.03 0.523552 
40 2.08 0.951245 0.905068 0.819868 0.154678 -3247.47 0.512074 
40 2.085 0.950473 0.903609 0.817258 0.160696 -3244.29 0.524252 
40 2.085 0.950012 0.90273 0.815662 0.158994 -3242.14 0.514051 
40 2.085 0.950071 0.902851 0.815907 0.165276 -3242.51 0.537068 
40 2.09 0.949449 0.901668 0.813767 0.163912 -3239.36 0.513826 
40 2.09 0.949528 0.901815 0.814026 0.162371 -3239.74 0.522126 
40 2.09 0.94976 0.902259 0.814835 0.164662 -3240.64 0.526078 
40 2.095 0.94885 0.900534 0.811737 0.16619 -3235.88 0.545137 
40 2.095 0.948524 0.899921 0.810654 0.170986 -3234.77 0.538977 
40 2.095 0.948689 0.900231 0.8112 0.168543 -3235.54 0.52736 
40 2.1 0.94775 0.89846 0.808043 0.174599 -3231.55 0.546417 
40 2.1 0.947421 0.897833 0.806908 0.172495 -3230.17 0.541298 
40 2.1 0.947666 0.898305 0.807785 0.179178 -3231.27 0.545119 
40 2.105 0.946546 0.896188 0.804 0.181996 -3226.53 0.546715 
40 2.105 0.946617 0.896318 0.804218 0.178583 -3226.2 0.559931 
40 2.105 0.946603 0.89629 0.804164 0.177686 -3226.21 0.552337 
40 2.11 0.945621 0.894446 0.800904 0.187073 -3221.4 0.560902 
40 2.11 0.94546 0.894137 0.800333 0.182896 -3221.02 0.556755 
40 2.11 0.945918 0.894997 0.801856 0.179306 -3222.51 0.554817 
40 2.115 0.944652 0.892623 0.797676 0.193736 -3217.71 0.566471 
40 2.115 0.944513 0.892362 0.797214 0.194628 -3217.05 0.564936 
40 2.115 0.944806 0.892906 0.798155 0.187579 -3218.13 0.563642 
40 2.12 0.943744 0.890903 0.794586 0.188218 -3213 0.557756 
40 2.12 0.943652 0.890741 0.794337 0.197316 -3213.03 0.571495 
40 2.12 0.94349 0.890427 0.793754 0.191781 -3212.11 0.564637 
40 2.125 0.942826 0.889182 0.79156 0.196629 -3209.21 0.56965 
40 2.125 0.942802 0.889129 0.791441 0.190781 -3208.92 0.551912 
40 2.125 0.942654 0.888868 0.791033 0.203658 -3208.99 0.576347 
40 2.13 0.941194 0.886132 0.786221 0.213662 -3202.81 0.584402 
40 2.13 0.941569 0.886824 0.78741 0.204495 -3203.7 0.590263 
40 2.13 0.941667 0.887021 0.787797 0.213223 -3205.06 0.587894 
40 2.135 0.940451 0.884728 0.783715 0.208834 -3199.42 0.583604 
40 2.135 0.940811 0.885412 0.784951 0.214099 -3200.55 0.596424 
40 2.135 0.940721 0.885226 0.78457 0.202433 -3199.68 0.579961 
40 2.14 0.939582 0.883104 0.780879 0.216106 -3194.91 0.593694 
40 2.14 0.939375 0.882731 0.780273 0.228054 -3194.47 0.619675 
40 2.14 0.939398 0.88277 0.780331 0.225844 -3194.68 0.598412 
40 2.145 0.938357 0.880816 0.776886 0.225459 -3189.92 0.604813 
40 2.145 0.93805 0.880258 0.77596 0.238507 -3189.41 0.61895 
40 2.145 0.938325 0.880763 0.776813 0.230293 -3189.85 0.611472 
40 2.15 0.93694 0.878182 0.772328 0.242129 -3184.01 0.632419 
40 2.15 0.937303 0.878847 0.773444 0.230756 -3185.15 0.610348 
40 2.15 0.937076 0.878424 0.772705 0.231814 -3184.12 0.613023 
40 2.155 0.936074 0.876555 0.769458 0.238719 -3179.67 0.62523 
40 2.155 0.935769 0.875987 0.768467 0.239681 -3178.86 0.626099 
40 2.155 0.935853 0.876146 0.768749 0.240847 -3179.44 0.621897 
40 2.16 0.934662 0.873933 0.764924 0.251097 -3174.25 0.643771 
40 2.16 0.93478 0.874157 0.76533 0.254646 -3175.25 0.630629 
40 2.16 0.935047 0.874652 0.766177 0.250877 -3175.75 0.624061 
40 2.165 0.933326 0.871459 0.760674 0.266646 -3168.95 0.654404 
40 2.165 0.93391 0.872521 0.76244 0.246794 -3171.26 0.62871 
40 2.165 0.933499 0.871777 0.761215 0.263109 -3169.89 0.648824 
40 2.17 0.932121 0.869209 0.756753 0.265538 -3163.84 0.631603 
40 2.17 0.932447 0.869826 0.757854 0.271343 -3164.99 0.659126 
40 2.17 0.931862 0.868741 0.755987 0.275684 -3163.05 0.667473 
40 2.175 0.931184 0.867482 0.753812 0.278021 -3159.83 0.660849 
40 2.175 0.931153 0.867422 0.753702 0.276899 -3159.61 0.656972 
40 2.175 0.931124 0.867368 0.75361 0.277211 -3159.47 0.660565 
40 2.18 0.929548 0.864446 0.748579 0.283358 -3153.45 0.668034 
40 2.18 0.929589 0.864535 0.748769 0.292284 -3153.65 0.681593 
40 2.18 0.929253 0.86391 0.747692 0.292433 -3152.74 0.671579 
40 2.185 0.928507 0.862517 0.745261 0.286571 -3148.42 0.672164 
40 2.185 0.928309 0.862158 0.744669 0.293379 -3148.25 0.667568 
40 2.185 0.928183 0.861925 0.744272 0.294217 -3147.79 0.670366 
40 2.19 0.92703 0.859817 0.740738 0.315751 -3143.04 0.701843 
40 2.19 0.927095 0.859909 0.740805 0.295569 -3142.76 0.665291 
40 2.19 0.927175 0.860065 0.741101 0.300743 -3143.57 0.679653 
40 2.195 0.92577 0.857496 0.736796 0.3256 -3138.47 0.696696 
40 2.195 0.925874 0.857697 0.737163 0.331554 -3137.95 0.708279 
40 2.195 0.925653 0.85728 0.736425 0.326325 -3137.1 0.703085 
40 2.2 0.924296 0.854759 0.732075 0.317301 -3131.93 0.684922 
40 2.2 0.924128 0.854469 0.731645 0.332292 -3131.72 0.70944 
40 2.2 0.924104 0.854429 0.731585 0.334931 -3131.34 0.707092 
40 2.205 0.923091 0.852557 0.728391 0.334337 -3127.03 0.710628 
40 2.205 0.922965 0.852321 0.727976 0.331416 -3127.04 0.709194 
40 2.205 0.922766 0.851957 0.727365 0.33388 -3126.43 0.707937 
40 2.21 0.921138 0.84897 0.722329 0.344309 -3119.65 0.704224 
40 2.21 0.921118 0.848944 0.722317 0.351238 -3119.77 0.721333 
40 2.21 0.921599 0.849826 0.723802 0.348783 -3121.14 0.719891 
40 2.215 0.919599 0.846178 0.71772 0.372745 -3113.76 0.732208 
40 2.215 0.919909 0.846744 0.718664 0.369387 -3114.81 0.747114 
40 2.215 0.91991 0.846754 0.718709 0.375671 -3115.42 0.742511 
40 2.22 0.917885 0.843052 0.712509 0.388873 -3108.11 0.737327 
40 2.22 0.918299 0.843795 0.713709 0.375961 -3108.68 0.752395 
40 2.22 0.918601 0.844356 0.714675 0.380933 -3109.43 0.741653 
40 2.225 0.916725 0.840928 0.708941 0.390866 -3102.95 0.759407 
40 2.225 0.916297 0.840167 0.70773 0.407031 -3101.72 0.753852 
40 2.225 0.916686 0.840863 0.70885 0.395033 -3102.46 0.771763 
40 2.23 0.914897 0.837624 0.703531 0.422508 -3095.88 0.780974 
40 2.23 0.915036 0.837863 0.703884 0.41129 -3096.26 0.756395 
40 2.23 0.915062 0.837903 0.703924 0.404898 -3095.75 0.777295 
40 2.235 0.913262 0.834662 0.698655 0.440329 -3090.18 0.789249 
40 2.235 0.913239 0.834585 0.698414 0.414679 -3089.42 0.766575 
40 2.235 0.913455 0.835004 0.699183 0.431368 -3089.83 0.778373 
40 2.24 0.912229 0.832764 0.69545 0.430285 -3085.77 0.775621 
40 2.24 0.911579 0.831606 0.693602 0.450511 -3084.37 0.788431 
40 2.24 0.911303 0.831108 0.692787 0.453321 -3082.75 0.792667 
40 2.245 0.910138 0.828988 0.689279 0.454306 -3078.34 0.801063 
40 2.245 0.910209 0.829121 0.689503 0.456196 -3079.15 0.797194 
40 2.245 0.909888 0.828537 0.688532 0.456091 -3077.93 0.801163 
40 2.25 0.90806 0.825261 0.683253 0.488961 -3070.92 0.815568 
40 2.25 0.90853 0.826097 0.684583 0.47721 -3072.45 0.812709 
40 2.25 0.908119 0.82535 0.683351 0.476667 -3071.54 0.815549 
40 2.255 0.905845 0.821268 0.676736 0.504974 -3063.11 0.824788 
40 2.255 0.906224 0.821961 0.677898 0.510728 -3063.7 0.840101 
40 2.255 0.906265 0.822039 0.678044 0.512429 -3064.08 0.83445 
40 2.26 0.904087 0.818145 0.671768 0.546752 -3056.55 0.82545 
40 2.26 0.904136 0.818225 0.67189 0.540216 -3057.18 0.825719 
40 2.26 0.905014 0.819789 0.674392 0.522958 -3059.64 0.843282 
40 2.265 0.902776 0.815765 0.667862 0.536411 -3051.61 0.848278 
40 2.265 0.902286 0.81488 0.666425 0.536526 -3050.72 0.846164 
40 2.265 0.903242 0.8166 0.669218 0.532699 -3053.27 0.830289 
40 2.27 0.900311 0.811385 0.66092 0.580824 -3043.79 0.872516 
40 2.27 0.900878 0.812384 0.66248 0.565705 -3046.11 0.863186 
40 2.27 0.90087 0.812372 0.662462 0.567516 -3045.25 0.845233 
40 2.275 0.898982 0.808989 0.657019 0.576892 -3038.25 0.854079 
40 2.275 0.898684 0.808481 0.656285 0.596705 -3038.18 0.895991 
40 2.275 0.89843 0.808001 0.655443 0.579763 -3037.06 0.856188 
40 2.28 0.896604 0.804775 0.650379 0.61558 -3031.28 0.882389 
40 2.28 0.896267 0.804234 0.649647 0.658576 -3029.86 0.890147 
40 2.28 0.896403 0.804402 0.649747 0.606218 -3029.96 0.887352 
40 2.285 0.894352 0.800785 0.644085 0.643793 -3023.04 0.895554 
40 2.285 0.893806 0.799852 0.642714 0.674035 -3022.37 0.896502 
40 2.285 0.894402 0.800872 0.644213 0.642851 -3023.21 0.913846 
40 2.29 0.892588 0.797662 0.639183 0.663086 -3017.39 0.92363 
40 2.29 0.892373 0.797343 0.638821 0.707988 -3016.81 0.943614 
40 2.29 0.891987 0.796609 0.63754 0.67648 -3015.58 0.907717 
40 2.295 0.890323 0.79368 0.632981 0.700248 -3010.1 0.916649 
40 2.295 0.89003 0.793169 0.632205 0.70816 -3009.21 0.924808 
40 2.295 0.890236 0.793537 0.632789 0.708256 -3009.5 0.935933 
40 2.3 0.887862 0.789388 0.626403 0.757845 -3002.33 0.949086 
40 2.3 0.887912 0.789517 0.626693 0.785859 -3003.37 0.945074 
40 2.3 0.887851 0.789324 0.626191 0.727012 -3002.36 0.9331 
40 2.305 0.885206 0.784794 0.619445 0.836525 -2994.1 0.968177 
40 2.305 0.885639 0.785454 0.620204 0.761737 -2995.06 0.931393 
40 2.305 0.885732 0.785666 0.620696 0.794376 -2995.11 0.978336 
40 2.31 0.882603 0.780213 0.612354 0.848885 -2985.97 0.964779 
40 2.31 0.883183 0.781169 0.613652 0.801907 -2986.35 0.980971 
40 2.31 0.882794 0.780517 0.612729 0.825564 -2985.97 0.974836 
40 2.315 0.880471 0.776486 0.606618 0.869263 -2978.63 0.979985 
40 2.315 0.87992 0.775521 0.605148 0.87267 -2977.35 0.995304 
40 2.315 0.880331 0.776281 0.606365 0.897155 -2978.52 0.982506 
40 2.32 0.878087 0.772402 0.600548 0.941501 -2971.75 0.997568 
40 2.32 0.878114 0.772422 0.600527 0.922454 -2971.76 1.0074 
40 2.32 0.877779 0.771848 0.599678 0.932282 -2971.33 1.02076 
40 2.325 0.874974 0.766967 0.592254 0.954776 -2962.03 1.01464 
40 2.325 0.875138 0.767241 0.592654 0.946519 -2962.28 1.01256 
40 2.325 0.875658 0.768155 0.594024 0.948038 -2962.55 0.99122 
40 2.33 0.871795 0.761475 0.584002 0.994485 -2952.87 1.02784 
40 2.33 0.872258 0.762349 0.585455 1.03989 -2954.35 1.03374 
40 2.33 0.873273 0.764094 0.588103 1.02252 -2956.59 1.03721 
40 2.335 0.868063 0.755227 0.574979 1.16011 -2942.65 1.0581 
40 2.335 0.86978 0.758174 0.579394 1.13514 -2946.74 1.04178 
40 2.335 0.870026 0.758494 0.579695 1.06143 -2946.31 1.04642 
40 2.34 0.866338 0.7522 0.570449 1.13377 -2936.56 1.05335 
40 2.34 0.866907 0.753155 0.571825 1.11298 -2937.64 1.07157 
40 2.34 0.866807 0.753005 0.571649 1.12808 -2937.43 1.05323 
40 2.345 0.863814 0.747906 0.564204 1.18153 -2930.41 1.08416 
40 2.345 0.863514 0.747547 0.563948 1.29018 -2929.33 1.11441 
40 2.345 0.86367 0.747682 0.563892 1.19817 -2929.41 1.06931 
40 2.35 0.860129 0.741747 0.555461 1.31064 -2919.93 1.13032 
40 2.35 0.860764 0.742836 0.557019 1.30883 -2921.14 1.10974 
40 2.35 0.86044 0.742272 0.556192 1.30428 -2920.4 1.10977 
40 2.355 0.856003 0.735054 0.546181 1.57141 -2909.07 1.15208 
40 2.355 0.85686 0.736215 0.547423 1.36302 -2910.16 1.11102 
40 2.355 0.856749 0.73649 0.548379 1.67868 -2911.92 1.14144 
40 2.36 0.854097 0.731593 0.540838 1.4309 -2902.99 1.14541 
40 2.36 0.853333 0.730435 0.539404 1.53022 -2901.14 1.13405 
40 2.36 0.85328 0.730297 0.539161 1.49832 -2902.09 1.11753 
40 2.365 0.849844 0.724574 0.531147 1.58319 -2891.26 1.19344 
40 2.365 0.850063 0.724956 0.531674 1.58982 -2891.6 1.15216 
40 2.365 0.849765 0.724521 0.53115 1.63721 -2891.85 1.17193 
40 2.37 0.846147 0.71858 0.52302 1.76556 -2883.26 1.21211 
40 2.37 0.846148 0.718703 0.52319 1.84697 -2882.68 1.20311 
40 2.37 0.846109 0.718444 0.522775 1.71648 -2882.79 1.20715 
40 2.375 0.84155 0.711014 0.512533 1.89203 -2871.06 1.23772 
40 2.375 0.842906 0.713244 0.51562 1.85424 -2873.38 1.23533 
40 2.375 0.842067 0.712017 0.514007 1.98033 -2872.1 1.21222 
40 2.38 0.838911 0.706712 0.50663 1.9764 -2863.32 1.2074 
40 2.38 0.838916 0.706781 0.506832 2.01732 -2865.28 1.21554 
40 2.38 0.839109 0.707099 0.507213 2.01306 -2865.61 1.20513 
40 2.385 0.83444 0.699503 0.497024 2.15574 -2853.93 1.25789 
40 2.385 0.833878 0.698492 0.495586 2.10688 -2852.87 1.25144 
40 2.385 0.835024 0.700312 0.497989 2.04371 -2854.85 1.25835 
40 2.39 0.82945 0.691739 0.48709 2.51191 -2843.42 1.29093 
40 2.39 0.828466 0.690636 0.486195 2.86553 -2842.69 1.31964 
40 2.39 0.829854 0.692252 0.487541 2.40577 -2842.74 1.26709 
40 2.395 0.826739 0.68713 0.480748 2.42735 -2835.98 1.30919 
40 2.395 0.826816 0.687101 0.480426 2.32288 -2834.07 1.32015 
40 2.395 0.825093 0.684474 0.47713 2.46896 -2830.61 1.27624 
40 2.4 0.8207 0.677899 0.4691 2.9003 -2822 1.3523 
40 2.4 0.820003 0.676945 0.46788 3.02628 -2820.88 1.33727 
40 2.4 0.82118 0.678752 0.470254 2.94356 -2824.21 1.32588 
40 2.405 0.81612 0.670327 0.458927 2.8438 -2811.51 1.30371 
40 2.405 0.81492 0.668895 0.457766 3.1932 -2810.25 1.3661 
40 2.405 0.816145 0.670644 0.45986 3.02761 -2812.3 1.36796 
40 2.41 0.811041 0.662983 0.450368 3.44928 -2802.35 1.39903 
40 2.41 0.810945 0.66241 0.449267 3.17193 -2800.88 1.41132 
40 2.41 0.810899 0.662485 0.449376 3.27115 -2801.29 1.39542 
40 2.415 0.805516 0.654527 0.440102 3.75746 -2789.25 1.47113 
40 2.415 0.805981 0.654641 0.439467 3.33625 -2789.33 1.42957 
40 2.415 0.804273 0.65265 0.437814 3.83948 -2788.39 1.46154 
40 2.42 0.797564 0.643107 0.426822 4.62708 -2776.55 1.48842 
40 2.42 0.796927 0.642242 0.425896 4.72718 -2775.87 1.49024 
40 2.42 0.797602 0.642794 0.426127 4.3802 -2775.87 1.50247 
40 2.425 0.792701 0.635442 0.417472 4.66254 -2766.74 1.52551 
40 2.425 0.792233 0.634681 0.416313 4.65021 -2765.26 1.48586 
40 2.425 0.792294 0.634472 0.415563 4.44894 -2764.13 1.49435 
40 2.43 0.786932 0.6264 0.406307 4.70027 -2753.77 1.52398 
40 2.43 0.785788 0.625633 0.406089 5.37971 -2754.4 1.52585 
40 2.43 0.78727 0.626906 0.406641 4.68272 -2754.12 1.50222 
40 2.435 0.776203 0.612113 0.391092 6.32237 -2738.46 1.62502 
40 2.435 0.777059 0.613177 0.392294 6.14769 -2739.27 1.64792 
40 2.435 0.77826 0.614594 0.393564 5.85201 -2740.4 1.59967 
40 2.44 0.770867 0.604027 0.38149 6.41977 -2726.8 1.64741 
40 2.44 0.771695 0.604993 0.382335 6.21583 -2727.83 1.59183 
40 2.44 0.769648 0.60204 0.379206 6.34827 -2725.32 1.63067 
40 2.445 0.762796 0.592711 0.369384 7.10202 -2714.92 1.67249 
40 2.445 0.761431 0.59139 0.368454 7.59939 -2715.14 1.65698 
40 2.445 0.760833 0.590299 0.367082 7.48122 -2711.66 1.69056 
40 2.45 0.753825 0.581218 0.358076 8.46816 -2700.08 1.74915 
40 2.45 0.752267 0.578369 0.354221 8.13952 -2697.88 1.73571 
40 2.45 0.754775 0.581826 0.358002 7.92905 -2700.51 1.70489 
40 2.455 0.741455 0.565038 0.341876 9.96005 -2685.14 1.81562 
40 2.455 0.743991 0.567519 0.343491 9.12231 -2685.76 1.79122 
40 2.455 0.744112 0.568 0.344225 9.31772 -2687.24 1.76154 
40 2.46 0.732979 0.553579 0.330087 10.6153 -2671.75 1.87988 
40 2.46 0.733302 0.553479 0.329338 10.2418 -2670.89 1.86016 
40 2.46 0.734521 0.554706 0.330357 9.8766 -2672.55 1.84756 
40 2.465 0.721078 0.537963 0.31458 11.6902 -2654.85 1.87583 
40 2.465 0.726614 0.543355 0.317829 9.98734 -2658.11 1.83064 
40 2.465 0.724759 0.542116 0.318021 10.9305 -2658.41 1.85695 
40 2.47 0.711496 0.525434 0.301986 12.4418 -2641.06 1.86064 
40 2.47 0.711449 0.525947 0.303118 12.818 -2642.75 1.90068 
40 2.47 0.716189 0.530733 0.306401 11.5342 -2644.29 1.88245 
40 2.475 0.697809 0.508652 0.28711 14.0372 -2625.03 2.01444 
40 2.475 0.703326 0.514697 0.291644 12.948 -2627.51 1.93944 
40 2.475 0.699923 0.510618 0.287864 13.3983 -2624.8 1.94172 
40 2.48 0.690117 0.498824 0.277459 14.5567 -2611.86 1.98343 
40 2.48 0.68688 0.496199 0.276148 15.7384 -2611.23 2.0177 
40 2.48 0.687522 0.496363 0.275842 15.2756 -2610.04 2.00387 
40 2.485 0.673009 0.478394 0.259685 16.3887 -2592.71 2.0383 
40 2.485 0.678777 0.485373 0.265502 15.8615 -2597.35 2.027 
40 2.485 0.671117 0.476569 0.25861 16.8505 -2590.73 2.05802 
40 2.49 0.666863 0.470348 0.252093 16.4766 -2581.99 2.04311 
40 2.49 0.660533 0.463708 0.247097 17.6093 -2577.74 2.08545 
40 2.49 0.664183 0.468091 0.250549 17.3187 -2580.48 2.01721 
40 2.495 0.649122 0.449575 0.234451 18.0942 -2563.74 2.08901 
40 2.495 0.649426 0.450328 0.235528 18.3239 -2563.82 2.07354 
40 2.495 0.65037 0.451194 0.235738 18.0927 -2562.13 2.07842 
40 2.5 0.632992 0.433305 0.222246 20.8808 -2545.08 2.10056 
40 2.5 0.634192 0.433549 0.222144 20.0638 -2547.93 2.10894 
40 2.5 0.628542 0.428126 0.218243 21.1593 -2542.13 2.14742 
40 2.505 0.613511 0.411142 0.204908 22.1932 -2526.68 2.16516 
40 2.505 0.611422 0.409349 0.20392 22.6829 -2524.91 2.18383 
40 2.505 0.617584 0.41498 0.207299 21.4422 -2527.29 2.11469 
40 2.51 0.597533 0.39441 0.192537 23.8176 -2510.64 2.18644 
40 2.51 0.601352 0.396896 0.193262 22.4838 -2510.56 2.16995 
40 2.51 0.598532 0.395263 0.193015 23.6003 -2511.07 2.20811 
40 2.515 0.582165 0.377757 0.17991 24.7097 -2494.94 2.17052 
40 2.515 0.57877 0.373876 0.176875 24.7486 -2490.56 2.18428 
40 2.515 0.583656 0.378863 0.179838 24.3075 -2495.17 2.10171 
40 2.52 0.56931 0.36429 0.169938 25.5088 -2478.45 2.20476 
40 2.52 0.564755 0.359487 0.166537 25.739 -2475.6 2.16542 
40 2.52 0.564893 0.360142 0.167333 26.0559 -2476.5 2.19298 
40 2.525 0.551387 0.344927 0.155968 25.9166 -2461.35 2.17344 
40 2.525 0.546436 0.340843 0.153487 26.7726 -2457.48 2.18952 
40 2.525 0.545634 0.340315 0.153424 26.993 -2456.49 2.19981 
40 2.53 0.525992 0.320269 0.13963 27.5742 -2437.97 2.18141 
40 2.53 0.52378 0.318944 0.139073 28.2046 -2437.25 2.1624 
40 2.53 0.530038 0.324553 0.142483 27.581 -2441.18 2.19179 
40 2.535 0.508089 0.302782 0.127983 28.1674 -2420.18 2.14596 
40 2.535 0.508962 0.303292 0.128373 27.9288 -2421.53 2.16047 
40 2.535 0.511302 0.305639 0.129688 27.9033 -2423.6 2.14229 
40 2.54 0.501071 0.294989 0.122312 27.6643 -2408.71 2.09694 
40 2.54 0.493645 0.288523 0.118615 28.2442 -2406.59 2.09087 
40 2.54 0.496518 0.291449 0.120681 28.2955 -2407.39 2.14421 
40 2.545 0.477368 0.273286 0.109436 28.5456 -2389.82 2.10444 
40 2.545 0.47861 0.274431 0.110032 28.5195 -2389.28 2.06144 
40 2.545 0.475347 0.271322 0.108124 28.5216 -2388.18 2.08515 
40 2.55 0.460332 0.257928 0.10035 28.8767 -2373.99 2.0366 
40 2.55 0.458538 0.255785 0.0984655 28.5665 -2373.08 1.97335 
40 2.55 0.461851 0.259082 0.100581 28.7219 -2374.44 2.03012 
40 2.555 0.441024 0.240839 0.0907095 29.0172 -2357.33 2.05945 
40 2.555 0.446811 0.245554 0.0927941 28.7524 -2358.58 2.02796 
40 2.555 0.438516 0.238693 0.0891224 29.0548 -2356 1.96971 
40 2.56 0.423338 0.22455 0.0809241 28.3339 -2339.61 1.92745 
40 2.56 0.429068 0.230403 0.084561 28.9396 -2343.09 1.97564 
40 2.56 0.425745 0.22648 0.0820189 28.2637 -2338.97 1.95285 
40 2.565 0.411811 0.214525 0.0751761 28.0307 -2325.99 1.87816 
40 2.565 0.414465 0.216301 0.0762114 27.7709 -2325.83 1.91974 
40 2.565 0.412052 0.215032 0.075639 28.223 -2325.68 1.9299 
40 2.57 0.395556 0.200515 0.0678908 27.4243 -2311.91 1.81838 
40 2.57 0.397037 0.201939 0.0685392 27.58 -2310.98 1.82646 
40 2.57 0.398107 0.202174 0.0684011 27.197 -2310.35 1.84357 
40 2.575 0.383972 0.190653 0.0625923 26.8546 -2298.29 1.7824 
40 2.575 0.383805 0.190889 0.0627638 27.0805 -2297.7 1.74676 
40 2.575 0.385933 0.192034 0.0631201 26.7744 -2299.53 1.80431 
40 2.58 0.371226 0.179566 0.0565171 25.8964 -2282.91 1.71463 
40 2.58 0.367981 0.177248 0.0553461 25.946 -2282.08 1.69043 
40 2.58 0.367181 0.17739 0.0562923 26.3989 -2282.16 1.75515 
40 2.585 0.357226 0.168671 0.0513911 25.4146 -2271.01 1.72025 
40 2.585 0.355801 0.16814 0.0516341 25.7151 -2270.86 1.70445 
40 2.585 0.357564 0.168959 0.0515346 25.4434 -2269.82 1.6925 
40 2.59 0.341715 0.156991 0.0462788 24.8478 -2255.73 1.64777 
40 2.59 0.341648 0.156615 0.0458381 24.6432 -2257.13 1.64595 
40 2.59 0.338789 0.154 0.0447745 24.2298 -2253.07 1.632 
40 2.595 0.326555 0.144359 0.0402553 23.2578 -2240.74 1.59724 
40 2.595 0.332031 0.148709 0.0421749 23.7158 -2241.88 1.635 
40 2.595 0.330588 0.148117 0.0424474 23.9407 -2244.03 1.66865 
40 2.6 0.321592 0.141199 0.0388758 23.2477 -2229.78 1.57242 
40 2.6 0.322644 0.141938 0.0392518 23.2856 -2230.66 1.57874 
40 2.6 0.318993 0.138613 0.0375224 22.681 -2229.32 1.55206 
40 2.605 0.31038 0.133126 0.035449 22.5963 -2217.13 1.51615 
40 2.605 0.311303 0.133151 0.035198 22.2593 -2218.23 1.52326 
40 2.605 0.307853 0.131019 0.0347256 22.262 -2218.89 1.525 
40 2.61 0.299651 0.124201 0.0312985 21.0943 -2205.18 1.49783 
40 2.61 0.299568 0.124191 0.0312169 21.1189 -2205.49 1.47849 
40 2.61 0.301178 0.125922 0.0323639 21.5872 -2208.12 1.50271 
40 2.615 0.287132 0.116402 0.028691 20.7769 -2193.96 1.45518 
40 2.615 0.289016 0.11706 0.0288001 20.5155 -2195.63 1.44401 
40 2.615 0.292155 0.119232 0.0294997 20.7281 -2194.34 1.51136 
40 2.62 0.279326 0.109805 0.0253822 19.4091 -2181.47 1.40205 
40 2.62 0.282752 0.112063 0.0262623 19.6118 -2183.38 1.3801 
40 2.62 0.278367 0.109996 0.0259591 19.8518 -2182.21 1.41301 
40 2.625 0.273329 0.106606 0.0248046 19.442 -2173.35 1.44218 
40 2.625 0.272174 0.104806 0.0235073 18.7289 -2171.03 1.36719 
40 2.625 0.2707 0.104361 0.0236645 18.9456 -2171.77 1.37356 
40 2.63 0.263393 0.0996316 0.0218933 18.4066 -2161.37 1.31921 
40 2.63 0.262828 0.0991896 0.0217202 18.3184 -2159.76 1.35216 
40 2.63 0.262655 0.0988054 0.0216354 18.14 -2160.73 1.32514 
40 2.635 0.250592 0.0911645 0.0191146 17.2253 -2147.06 1.3033 
40 2.635 0.254843 0.0932988 0.019359 17.2167 -2150.35 1.28361 
40 2.635 0.252906 0.0923733 0.0192104 17.2521 -2149.35 1.28219 
40 2.64 0.248914 0.0895506 0.0181227 16.7229 -2138.93 1.32021 
40 2.64 0.247824 0.0884622 0.0176113 16.3912 -2139.63 1.25172 
40 2.64 0.250437 0.0904197 0.018325 16.7885 -2140.09 1.25795 
40 2.645 0.241249 0.084862 0.0167608 16.1277 -2130.77 1.26614 
40 2.645 0.242087 0.0849739 0.0166857 15.9503 -2129.7 1.29029 
40 2.645 0.243377 0.08608 0.0170401 16.2406 -2131.66 1.24586 
40 2.65 0.23716 0.082447 0.0158711 15.8201 -2121.86 1.23167 
40 2.65 0.23417 0.0802138 0.0151237 15.3228 -2119.76 1.24368 
40 2.65 0.232479 0.0796383 0.0149661 15.4517 -2118.38 1.2094 
40 2.655 0.231546 0.0780681 0.0143752 14.7373 -2113 1.22816 
40 2.655 0.229265 0.0767478 0.0138045 14.5749 -2110.94 1.22181 
40 2.655 0.225555 0.0749983 0.0135969 14.5375 -2106.36 1.19594 
40 2.66 0.222404 0.0731381 0.0129408 14.2405 -2100.19 1.17874 
40 2.66 0.223917 0.0739583 0.0130598 14.3274 -2100.65 1.19578 
40 2.66 0.224483 0.0736104 0.0127347 13.9657 -2100.47 1.15919 
40 2.665 0.21911 0.0709847 0.0122961 13.7939 -2092.02 1.20352 
40 2.665 0.220301 0.0712778 0.0121458 13.6556 -2090.93 1.18169 
40 2.665 0.216784 0.0693806 0.0116824 13.4395 -2090.17 1.15176 
40 2.67 0.21047 0.0660862 0.0108934 13.0568 -2081.13 1.15153 
40 2.67 0.212866 0.0669107 0.0108489 12.943 -2083.15 1.12787 
40 2.67 0.213765 0.0677633 0.0112112 13.2242 -2082.84 1.17489 
40 2.675 0.208651 0.0645543 0.0101758 12.5722 -2072.25 1.11786 
40 2.675 0.206844 0.0641073 0.0102564 12.754 -2072.87 1.12881 
40 2.675 0.207861 0.0644644 0.0103734 12.7152 -2074.22 1.13167 
40 2.68 0.204038 0.0620806 0.00965795 12.2085 -2064.42 1.11394 
40 2.68 0.199845 0.0601431 0.00916584 12.0627 -2062.4 1.11421 
40 2.68 0.204644 0.0625063 0.00961274 12.3148 -2062.56 1.1211 
40 2.685 0.201684 0.0607829 0.00915384 11.9815 -2056.65 1.09456 
40 2.685 0.201114 0.060052 0.00905666 11.6828 -2055.3 1.13731 
40 2.685 0.198071 0.0586457 0.00859915 11.5687 -2055.48 1.10513 
40 2.69 0.194378 0.0569675 0.00816819 11.4111 -2044.76 1.05509 
40 2.69 0.194762 0.056651 0.00812763 11.1339 -2047.65 1.09874 
40 2.69 0.194996 0.0569841 0.00820276 11.2778 -2045.25 1.06069 
40 2.695 0.190966 0.054833 0.00764559 10.9032 -2037.56 1.06001 
40 2.695 0.192046 0.0551676 0.00765412 10.8563 -2038.12 1.07655 
40 2.695 0.188543 0.053485 0.00731368 10.6488 -2035.63 1.05644 
40 2.7 0.186626 0.052846 0.00726851 10.6766 -2029.1 1.10609 
40 2.7 0.184476 0.0514041 0.006881 10.2949 -2027.78 1.03066 
40 2.7 0.183333 0.0510277 0.00679552 10.3209 -2027.72 1.05332 
40 2.705 0.181967 0.0502674 0.0066693 10.1474 -2018.38 1.04485 
40 2.705 0.181523 0.049378 0.00628239 9.7169 -2019.55 1.0104 
40 2.705 0.182079 0.0500821 0.00648056 10.0136 -2022.76 1.03732 
40 2.71 0.177247 0.0478184 0.00601683 9.68368 -2010.49 1.02094 
40 2.71 0.178878 0.0486746 0.00622844 9.84643 -2012.34 1.01746 
40 2.71 0.179693 0.0490224 0.00625072 9.87921 -2012.58 1.01366 
40 2.715 0.176506 0.0470943 0.00572134 9.39381 -2003.88 1.01903 
40 2.715 0.176643 0.0473206 0.0058371 9.49853 -2004.73 1.01808 
40 2.715 0.175555 0.0469173 0.00578553 9.48667 -2004.33 1.00008 
40 2.72 0.170862 0.0442054 0.00507574 8.83034 -1996.07 0.974248 
40 2.72 0.172726 0.0453002 0.00544183 9.09752 -1993.64 1.01643 
40 2.72 0.172141 0.0452559 0.0055134 9.19021 -1996.13 0.975167 
40 2.725 0.169839 0.0439899 0.00513848 8.89218 -1988.73 0.978666 
40 2.725 0.167748 0.0432821 0.00514189 8.89117 -1988.94 0.991249 
40 2.725 0.17166 0.0447028 0.00525367 8.94573 -1987.54 0.97458 
40 2.73 0.164509 0.0414571 0.00467139 8.43603 -1982.32 0.998213 
40 2.73 0.166522 0.0421465 0.0046634 8.44942 -1980.55 0.983305 
40 2.73 0.168319 0.0429088 0.00485616 8.54357 -1981.9 0.989476 
40 2.735 0.163116 0.040596 0.00445163 8.1838 -1973.91 0.954857 
40 2.735 0.163407 0.0406969 0.00441858 8.18719 -1971.29 0.953504 
40 2.735 0.162918 0.0406747 0.00447265 8.26751 -1974.15 0.96401 
40 2.74 0.161519 0.0397663 0.00422133 7.98715 -1965.69 0.931291 
40 2.74 0.163698 0.0408986 0.00451078 8.2345 -1966.76 0.931544 
40 2.74 0.159786 0.0391844 0.00420169 7.97253 -1965.61 0.942867 
40 2.745 0.159588 0.038713 0.00399365 7.7201 -1957.44 0.937916 
40 2.745 0.157992 0.0383473 0.00402611 7.80223 -1957.47 0.937223 
40 2.745 0.156511 0.0374247 0.00376638 7.53597 -1956.85 0.942319 
40 2.75 0.153936 0.0361844 0.00355285 7.26578 -1947.42 0.931511 
40 2.75 0.155754 0.0370103 0.00371733 7.41869 -1949.26 0.944716 
40 2.75 0.153958 0.0360996 0.0034783 7.21253 -1949.6 0.95282 
40 2.755 0.151965 0.0357232 0.00357276 7.33504 -1941.66 0.928406 
40 2.755 0.152681 0.0355925 0.00341888 7.13233 -1942.24 0.916427 
40 2.755 0.151963 0.0353706 0.00339405 7.1306 -1942.12 0.909283 
40 2.76 0.150739 0.0346169 0.00323545 6.89554 -1936.34 0.883302 
40 2.76 0.14949 0.0344249 0.00326808 7.00156 -1934.4 0.934933 
40 2.76 0.149222 0.0343604 0.0032399 7.01055 -1934.02 0.903197 
40 2.765 0.147694 0.0336328 0.0031477 6.83944 -1926.33 0.884419 
40 2.765 0.150424 0.0347517 0.00332892 7.01591 -1927.97 0.915659 
40 2.765 0.148175 0.033928 0.00319129 6.92782 -1928.62 0.899218 
40 2.77 0.145682 0.0327621 0.00295428 6.66501 -1920.36 0.881046 
40 2.77 0.147252 0.0332799 0.00305836 6.69847 -1922.24 0.885129 
40 2.77 0.148193 0.0337835 0.00312274 6.82885 -1922.71 0.893113 
40 2.775 0.144518 0.0322368 0.0028751 6.54489 -1914.38 0.891654 
40 2.775 0.144975 0.032177 0.00283091 6.43414 -1913.6 0.863305 
40 2.775 0.144331 0.0322733 0.00291069 6.59706 -1915.27 0.885507 
40 2.78 0.143895 0.0317061 0.00272172 6.33111 -1906.35 0.879604 
40 2.78 0.142475 0.0310504 0.0026082 6.1878 -1908.38 0.86356 
40 2.78 0.141307 0.0307049 0.00261869 6.17969 -1906.99 0.870891 
40 2.785 0.140103 0.0300499 0.00247264 5.98693 -1900.12 0.874445 
40 2.785 0.142047 0.0310478 0.00267236 6.24521 -1898.6 0.862787 
40 2.785 0.138715 0.0296151 0.00240469 5.9595 -1901.16 0.877234 
40 2.79 0.138839 0.0297676 0.0025131 6.01648 -1895.94 0.868591 
40 2.79 0.139217 0.0297141 0.00242187 5.92559 -1894.27 0.846219 
40 2.79 0.137858 0.029202 0.0023616 5.8479 -1894.4 0.855831 
40 2.795 0.134012 0.0276071 0.00212367 5.5229 -1884.32 0.816746 
40 2.795 0.136245 0.0286287 0.00231668 5.76224 -1885.46 0.845606 
40 2.795 0.13643 0.028828 0.00234416 5.84758 -1885.69 0.832225 
40 2.8 0.133796 0.0277834 0.00217885 5.64693 -1879.15 0.83343 
40 2.8 0.133961 0.0279403 0.0022322 5.71128 -1879.01 0.841846 
40 2.8 0.13482 0.027808 0.00214603 5.50384 -1880.01 0.833973 
40 2.805 0.132495 0.0272442 0.00213689 5.52682 -1873.19 0.825774 
40 2.805 0.133647 0.027415 0.00205749 5.44938 -1871.94 0.820849 
40 2.805 0.131707 0.0268408 0.00202336 5.41559 -1873.41 0.835325 
40 2.81 0.129794 0.0262839 0.00197897 5.37358 -1866.5 0.826914 
40 2.81 0.130785 0.0267176 0.00203141 5.47361 -1866.51 0.808218 
40 2.81 0.131393 0.0266141 0.00196175 5.32381 -1865.18 0.811365 
40 2.815 0.130663 0.0264629 0.00196171 5.33713 -1860.33 0.820127 
40 2.815 0.127486 0.0250223 0.00172657 4.98451 -1859.55 0.804997 
40 2.815 0.128204 0.0255815 0.00190098 5.19795 -1857.83 0.82441 
40 2.82 0.128222 0.0255319 0.00187835 5.15805 -1854.9 0.812841 
40 2.82 0.126366 0.024832 0.00175847 5.029 -1853.2 0.806655 
40 2.82 0.125848 0.0243886 0.00167048 4.85161 -1853.85 0.801396 
40 2.825 0.125795 0.0243378 0.00164714 4.82181 -1847.31 0.774853 
40 2.825 0.126003 0.0247453 0.00176562 5.02292 -1845.31 0.819808 
40 2.825 0.126549 0.0244921 0.00166943 4.80139 -1846.23 0.811731 
40 2.83 0.12563 0.0243392 0.00168225 4.83755 -1839.84 0.781164 
40 2.83 0.125513 0.0243969 0.00168541 4.88666 -1840.9 0.785342 
40 2.83 0.124084 0.0238872 0.00160407 4.8002 -1840.3 0.786151 
40 2.835 0.123397 0.0235032 0.00154949 4.67095 -1831.23 0.779339 
40 2.835 0.123945 0.0236799 0.00157149 4.6942 -1834.45 0.796085 
40 2.835 0.124154 0.0236186 0.00153588 4.63039 -1833.53 0.814019 
40 2.84 0.12333 0.0235221 0.00158055 4.68267 -1826.64 0.772106 
40 2.84 0.121044 0.0226168 0.00143753 4.48736 -1827.99 0.784794 
40 2.84 0.120699 0.0226022 0.00144967 4.52618 -1828.08 0.779188 
40 2.845 0.120236 0.0225245 0.00143879 4.53726 -1821.39 0.770299 
40 2.845 0.11963 0.0223231 0.00143612 4.50572 -1820.43 0.778966 
40 2.845 0.121576 0.0230078 0.00150707 4.62681 -1822.47 0.796053 
40 2.85 0.117488 0.0215343 0.00133428 4.34011 -1814.98 0.763574 
40 2.85 0.118375 0.0215307 0.00130509 4.22071 -1814.05 0.774482 
40 2.85 0.120983 0.0228085 0.00149585 4.58756 -1816.17 0.766912 
40 2.855 0.11868 0.0216899 0.00131366 4.26201 -1808.9 0.729106 
40 2.855 0.117497 0.0215711 0.00136123 4.35194 -1808.3 0.780135 
40 2.855 0.118715 0.0217676 0.00132901 4.30089 -1808.82 0.755813 
40 2.86 0.115243 0.0207864 0.00126294 4.19879 -1802.53 0.743504 
40 2.86 0.11732 0.0213169 0.00130416 4.22537 -1803.05 0.761085 
40 2.86 0.117446 0.0214178 0.00130755 4.2653 -1801.74 0.761899 
40 2.865 0.115459 0.0208543 0.00124332 4.20169 -1797.94 0.759344 
40 2.865 0.115224 0.0205999 0.00122762 4.08989 -1796.27 0.75659 
40 2.865 0.115522 0.0206419 0.00122778 4.07491 -1796.3 0.737119 
40 2.87 0.116011 0.0208798 0.00124074 4.13731 -1791.48 0.744809 
40 2.87 0.113648 0.0200489 0.00113301 3.97655 -1791.02 0.760084 
40 2.87 0.11295 0.0199794 0.00116995 4.02602 -1789.13 0.754964 
40 2.875 0.114091 0.0201552 0.00116523 3.97278 -1785.79 0.736867 
40 2.875 0.112684 0.019845 0.00112566 3.97759 -1784.24 0.740627 
40 2.875 0.112592 0.0195892 0.00107974 3.84678 -1784.63 0.732138 
40 2.88 0.112441 0.0196279 0.0010961 3.8805 -1780.17 0.730621 
40 2.88 0.112485 0.019543 0.00108665 3.82783 -1778.08 0.731431 
40 2.88 0.113172 0.0197581 0.00109474 3.86129 -1780.53 0.733896 
40 2.885 0.110983 0.0190939 0.00103755 3.75828 -1773.27 0.719149 
40 2.885 0.110076 0.0188162 0.00100576 3.71546 -1773.55 0.732765 
40 2.885 0.10852 0.0184246 0.000996693 3.68696 -1771.23 0.730902 
40 2.89 0.108998 0.0185413 0.00100958 3.68763 -1767.58 0.734616 
40 2.89 0.109306 0.0186912 0.0010243 3.73344 -1766.72 0.708795 
40 2.89 0.109366 0.018585 0.000998747 3.66725 -1766.87 0.714485 
40 2.895 0.10966 0.0186814 0.00101713 3.67871 -1761.77 0.697921 
40 2.895 0.109378 0.0185309 0.000991108 3.62969 -1762.98 0.7341 
40 2.895 0.10807 0.0181763 0.000951488 3.59091 -1762.3 0.72475 
40 2.9 0.109143 0.0182915 0.000947638 3.51959 -1756.54 0.69697 
40 2.9 0.107114 0.017824 0.000909002 3.50384 -1755.53 0.720659 
40 2.9 0.107769 0.0181188 0.000958332 3.58878 -1756.62 0.7168 
40 2.905 0.108578 0.0183151 0.000959648 3.59429 -1753.35 0.704366 
40 2.905 0.106194 0.017507 0.00088207 3.43118 -1750.19 0.705043 
40 2.905 0.107151 0.0177409 0.000883319 3.44763 -1751.78 0.704085 
40 2.91 0.104559 0.0170197 0.000838042 3.34693 -1745.26 0.69138 
40 2.91 0.106188 0.0174403 0.000874771 3.38938 -1745.95 0.675493 
40 2.91 0.105386 0.0171645 0.000846194 3.33099 -1743.24 0.70622 
40 2.915 0.107672 0.0180126 0.000922815 3.52343 -1740.68 0.693524 
40 2.915 0.104791 0.0171165 0.000852781 3.36765 -1739.32 0.689609 
40 2.915 0.104556 0.0169488 0.00082633 3.30252 -1739.63 0.683064 
40 2.92 0.104646 0.0170313 0.000839429 3.3318 -1733.01 0.691947 
40 2.92 0.105513 0.0172023 0.00085815 3.32562 -1734.55 0.693235 
40 2.92 0.102237 0.0161992 0.000762275 3.14897 -1733.52 0.687016 
40 2.925 0.103742 0.0166874 0.000788527 3.24102 -1729.96 0.671342 
40 2.925 0.103153 0.0165121 0.000778462 3.21177 -1727.37 0.679112 
40 2.925 0.103508 0.0166038 0.000779021 3.22178 -1729.56 0.692321 
40 2.93 0.102017 0.016126 0.000740609 3.12279 -1722.79 0.684192 
40 2.93 0.103584 0.0166661 0.00079795 3.24172 -1723.44 0.686244 
40 2.93 0.102664 0.0163903 0.000779541 3.19477 -1725.66 0.659264 
40 2.935 0.101127 0.0157223 0.000696429 2.99593 -1719.84 0.676021 
40 2.935 0.101417 0.0160014 0.000746537 3.11604 -1719.08 0.683526 
40 2.935 0.100662 0.0158245 0.000732367 3.10282 -1717.67 0.681339 
40 2.94 0.0996148 0.0154452 0.000691254 3.00522 -1710.78 0.662201 
40 2.94 0.10038 0.0157883 0.000729127 3.10861 -1714.02 0.670847 
40 2.94 0.100833 0.0157464 0.000706991 3.0362 -1712.73 0.667664 
40 2.945 0.098849 0.0151884 0.000664819 2.94315 -1706.84 0.663145 
40 2.945 0.0993161 0.0152789 0.000671182 2.94206 -1707.31 0.662394 
40 2.945 0.0982084 0.0149496 0.000643241 2.88202 -1709.72 0.652207 
40 2.95 0.0992196 0.0153274 0.000680417 2.97377 -1701.62 0.651046 
40 2.95 0.0987774 0.0151395 0.000656324 2.91935 -1699.99 0.660758 
40 2.95 0.0986978 0.0151352 0.000650417 2.92553 -1700.84 0.651699 
40 2.955 0.098443 0.0151668 0.00067458 2.96486 -1696.68 0.654599 
40 2.955 0.0988878 0.0151602 0.000661733 2.9138 -1695.88 0.665198 
40 2.955 0.097076 0.0146278 0.000610697 2.81778 -1697.28 0.670251 
40 2.96 0.0983214 0.0150395 0.000659195 2.90398 -1690.75 0.648875 
40 2.96 0.0958119 0.014389 0.000619161 2.81574 -1689.2 0.650173 
40 2.96 0.0983075 0.0149735 0.000639125 2.86978 -1691.76 0.651793 
40 2.965 0.0962656 0.0143184 0.000589132 2.72585 -1686.84 0.643256 
40 2.965 0.0964355 0.014456 0.000603796 2.78244 -1685.8 0.637825 
40 2.965 0.096236 0.01446 0.000622989 2.80533 -1684.88 0.65544 
40 2.97 0.096196 0.0143804 0.000590666 2.76189 -1683.29 0.643597 
40 2.97 0.0966681 0.0145244 0.000608013 2.79039 -1681.04 0.637157 
40 2.97 0.0946015 0.0139351 0.000573155 2.68589 -1681.84 0.641505 
40 2.975 0.0960725 0.0143551 0.0006037 2.75638 -1676.76 0.626287 
40 2.975 0.0950119 0.0140585 0.000565508 2.70586 -1674.74 0.637968 
40 2.975 0.0945631 0.013895 0.000558177 2.66369 -1675.25 0.617484 
40 2.98 0.0950464 0.0140002 0.000559223 2.66652 -1672.07 0.635263 
40 2.98 0.093511 0.0136289 0.000533801 2.62258 -1672.01 0.633493 
40 2.98 0.0948098 0.0138937 0.000545218 2.63347 -1670.93 0.636195 
40 2.985 0.0936985 0.0136379 0.000533654 2.60421 -1666.08 0.625824 
40 2.985 0.0930001 0.0135441 0.000535645 2.6238 -1667.08 0.614546 
40 2.985 0.093555 0.013558 0.000530118 2.57579 -1664.63 0.639236 
40 2.99 0.0931863 0.0135926 0.00054893 2.62684 -1661.95 0.626023 
40 2.99 0.0929535 0.0134054 0.000517988 2.54988 -1660.03 0.622903 
40 2.99 0.0927834 0.0134551 0.000531866 2.59336 -1661.15 0.628848 
40 2.995 0.0909146 0.0129175 0.000483122 2.48523 -1657.41 0.613137 
40 2.995 0.0923085 0.0132471 0.000508676 2.52489 -1655.8 0.605793 
40 2.995 0.0921166 0.0131632 0.000497307 2.49895 -1654.77 0.621273 
40 3 0.0913428 0.0131745 0.000520824 2.57651 -1651.24 0.612764 
40 3 0.091111 0.0129914 0.000497613 2.50143 -1651.66 0.609526 
40 3 0.091305 0.0130543 0.000495153 2.5161 -1651.98 0.612982 
40 3.005 0.0906458 0.0127123 0.000459161 2.3937 -1646.66 0.599164 
40 3.005 0.0900626 0.0126522 0.000458573 2.41779 -1646.99 0.608672 
40 3.005 0.0905054 0.0129383 0.000506172 2.52756 -1647.07 0.607869 
40 3.01 0.0893041 0.0125032 0.000463389 2.40688 -1641.53 0.61988 
40 3.01 0.0886319 0.0123168 0.000444575 2.37142 -1641.63 0.592009 
40 3.01 0.088237 0.0121846 0.000431685 2.33827 -1640.41 0.593573 
40 3.015 0.0901289 0.0127266 0.000473306 2.4429 -1636.61 0.586659 
40 3.015 0.0894853 0.0125419 0.000467092 2.40625 -1637.03 0.608081 
40 3.015 0.0883026 0.0121656 0.000425923 2.31812 -1635.88 0.598358 
40 3.02 0.0895508 0.0124062 0.000435466 2.32417 -1630.91 0.585877 
40 3.02 0.0898568 0.0125587 0.000463147 2.37589 -1630.95 0.600124 
40 3.02 0.0888046 0.0123517 0.000452738 2.36579 -1632.95 0.598096 
40 3.025 0.0897298 0.0125585 0.000459906 2.38393 -1628.14 0.580872 
40 3.025 0.0875445 0.0119657 0.00042737 2.27527 -1627.27 0.593633 
40 3.025 0.0860174 0.0115677 0.000397286 2.20492 -1626.78 0.596416 
40 3.03 0.0878226 0.0119331 0.000412287 2.22852 -1621.58 0.603137 
40 3.03 0.0881945 0.0120601 0.000422758 2.26105 -1623.64 0.58434 
40 3.03 0.088147 0.0121532 0.000433774 2.31461 -1623 0.585245 
40 3.035 0.0872574 0.0117774 0.000393538 2.19497 -1618.17 0.58401 
40 3.035 0.0875703 0.0119842 0.000421942 2.27514 -1619.37 0.576114 
40 3.035 0.087067 0.0118393 0.000414821 2.24507 -1615.68 0.567961 
40 3.04 0.0855983 0.011515 0.00039306 2.2042 -1612.58 0.576534 
40 3.04 0.0863624 0.0116899 0.000404344 2.22709 -1612.87 0.585031 
40 3.04 0.0867215 0.0117236 0.000403259 2.21209 -1615.23 0.576878 
40 3.045 0.0858563 0.0115041 0.000390189 2.17158 -1607.61 0.566114 
40 3.045 0.0853659 0.0115052 0.00039764 2.21626 -1608.66 0.582194 
40 3.045 0.0857039 0.0115371 0.000396299 2.20267 -1607.9 0.557819 
40 3.05 0.0858819 0.0115892 0.00039705 2.21035 -1603.78 0.575094 
40 3.05 0.0861124 0.0115178 0.000378986 2.15213 -1604.45 0.579126 
40 3.05 0.0857294 0.0113944 0.000370794 2.12188 -1603.95 0.565924 
40 3.055 0.0844534 0.0111722 0.000368009 2.11577 -1599.54 0.550788 
40 3.055 0.084373 0.0111361 0.000364855 2.10396 -1599.42 0.576045 
40 3.055 0.0858414 0.0113745 0.000371048 2.09796 -1600.23 0.557553 
40 3.06 0.084705 0.0112358 0.000370369 2.12335 -1595.49 0.565163 
40 3.06 0.084311 0.0111471 0.000364904 2.11179 -1596.08 0.567968 
40 3.06 0.0839798 0.0110466 0.0003633 2.08839 -1595.17 0.554259 
40 3.065 0.0829203 0.0107311 0.000338873 2.01258 -1589.71 0.559315 
40 3.065 0.0833798 0.0109036 0.000351852 2.06272 -1590.95 0.560498 
40 3.065 0.0841606 0.011064 0.000362141 2.07814 -1590.45 0.562878 
40 3.07 0.0824795 0.0106061 0.000337118 1.98213 -1585.67 0.555444 
40 3.07 0.0831065 0.0108782 0.000351745 2.06982 -1586.07 0.564843 
40 3.07 0.083473 0.0109092 0.000350836 2.05419 -1586.48 0.546837 
40 3.075 0.0832448 0.0107773 0.000342885 2.00201 -1581.63 0.554796 
40 3.075 0.0824393 0.0106184 0.000328115 1.98876 -1581.23 0.561965 
40 3.075 0.0819288 0.0105033 0.000324216 1.97257 -1582.22 0.546641 
40 3.08 0.0825638 0.0106529 0.000333041 1.99282 -1577.64 0.554161 
40 3.08 0.082615 0.010676 0.000332196 2.00041 -1579.62 0.544776 
40 3.08 0.0828165 0.0107716 0.000344979 2.03272 -1578.69 0.561625 
40 3.085 0.0817824 0.0104113 0.000317068 1.93086 -1572.52 0.564961 
40 3.085 0.0813673 0.010439 0.000329076 1.98037 -1574.33 0.534037 
40 3.085 0.0827003 0.010587 0.000325005 1.94369 -1574.87 0.553572 
40 3.09 0.0813256 0.010306 0.000307412 1.91178 -1568.46 0.530602 
40 3.09 0.080907 0.0103049 0.000313185 1.9464 -1567.91 0.527447 
40 3.09 0.0807066 0.0102514 0.000321292 1.93547 -1568.99 0.546269 
40 3.095 0.080659 0.0101484 0.000300895 1.88307 -1563.62 0.546536 
40 3.095 0.0812189 0.0103934 0.000320529 1.96286 -1564.09 0.534704 
40 3.095 0.0796546 0.00999413 0.000297175 1.88654 -1563.75 0.529047 
40 3.1 0.0795783 0.009957 0.000295454 1.87061 -1561.08 0.527528 
40 3.1 0.0802611 0.0100458 0.000293147 1.86013 -1560 0.545973 
40 3.1 0.0811024 0.0101595 0.000294466 1.8487 -1559.31 0.539486 
40 3.105 0.0795683 0.00991617 0.000294555 1.84738 -1556.55 0.530228 
40 3.105 0.0787714 0.00967594 0.000274686 1.7886 -1554.82 0.526951 
40 3.105 0.079301 0.00983177 0.000288506 1.82576 -1554.77 0.538838 
40 3.11 0.0786776 0.00966543 0.000275876 1.78792 -1551.2 0.539277 
40 3.11 0.0790168 0.00974044 0.000273176 1.799 -1551.32 0.526864 
40 3.11 0.0791283 0.00987542 0.000291034 1.85936 -1549.82 0.535119 
40 3.115 0.078074 0.009497 0.000264318 1.74713 -1546.61 0.513079 
40 3.115 0.0784637 0.00955429 0.000260022 1.74522 -1547.86 0.51608 
40 3.115 0.0793716 0.00996098 0.000296968 1.88051 -1548.47 0.521308 
40 3.12 0.0784753 0.00961953 0.000268568 1.77496 -1541.35 0.530821 
40 3.12 0.0777985 0.00946268 0.000264102 1.74876 -1543.03 0.533205 
40 3.12 0.0790626 0.00979855 0.000282903 1.81931 -1543.17 0.522186 
40 3.125 0.0780938 0.00942201 0.000250821 1.70157 -1538.51 0.516622 
40 3.125 0.0772736 0.00940963 0.000265734 1.76047 -1536.96 0.517869 
40 3.125 0.0791514 0.00982332 0.000284233 1.82189 -1538.47 0.518671 
40 3.13 0.0774171 0.00937209 0.00025749 1.72712 -1533.26 0.516039 
40 3.13 0.0782203 0.00964566 0.000281673 1.80307 -1533.76 0.515451 
40 3.13 0.0765804 0.00922705 0.000253912 1.71885 -1531.99 0.52494 
40 3.135 0.0774609 0.00938685 0.000260907 1.72844 -1532.24 0.514919 
40 3.135 0.076665 0.0091031 0.000239727 1.64623 -1529.43 0.515175 
40 3.135 0.0771454 0.0092648 0.000251619 1.69104 -1529.1 0.501149 
40 3.14 0.0770831 0.00927551 0.000253044 1.6987 -1526.96 0.5204 
40 3.14 0.0771464 0.00929313 0.000250819 1.70271 -1526.99 0.496207 
40 3.14 0.0765979 0.00921433 0.000252764 1.70553 -1525.64 0.506009 
40 3.145 0.0765195 0.00920819 0.000253415 1.7058 -1522.17 0.498794 
40 3.145 0.076524 0.0091354 0.000244267 1.66842 -1522.49 0.511348 
40 3.145 0.0760574 0.00901848 0.000238077 1.64515 -1524.45 0.49484 
40 3.15 0.0755996 0.00898022 0.000241898 1.65837 -1518.53 0.50376 
40 3.15 0.075405 0.00886573 0.000225564 1.61514 -1518.24 0.500645 
40 3.15 0.0760069 0.00899724 0.000235267 1.63565 -1519.4 0.496491 
40 3.155 0.0762059 0.00903454 0.000241291 1.63662 -1514.75 0.494146 
40 3.155 0.0754883 0.00885981 0.000230165 1.60321 -1511.41 0.507803 
40 3.155 0.0765183 0.00916953 0.000246705 1.68088 -1517.43 0.503857 
40 3.16 0.075434 0.00879452 0.000224685 1.57176 -1510.17 0.498939 
40 3.16 0.0754435 0.00881471 0.000222102 1.58126 -1510.86 0.513354 
40 3.16 0.074589 0.00880305 0.000235911 1.64027 -1511.42 0.507731 
40 3.165 0.074733 0.00872596 0.000223756 1.58784 -1505.67 0.494136 
40 3.165 0.0750448 0.00882051 0.000231702 1.61203 -1506.4 0.500917 
40 3.165 0.0752115 0.00881377 0.000227868 1.59596 -1507.24 0.492891 
40 3.17 0.0743136 0.00858893 0.000212965 1.54772 -1502.72 0.494798 
40 3.17 0.0739398 0.0086163 0.000220562 1.58951 -1500.93 0.498969 
40 3.17 0.0748471 0.00883083 0.000236083 1.62965 -1502.31 0.489933 
40 3.175 0.0744855 0.00871815 0.000226297 1.59751 -1499.16 0.478173 
40 3.175 0.0733613 0.00843662 0.000211206 1.5394 -1499.07 0.485673 
40 3.175 0.0728208 0.00830033 0.000203128 1.51054 -1497.92 0.482318 
40 3.18 0.0737753 0.00850297 0.000210225 1.53971 -1494.47 0.48539 
40 3.18 0.0732648 0.00843054 0.000210645 1.54104 -1496.11 0.49524 
40 3.18 0.0735978 0.00851627 0.000215931 1.55957 -1495.68 0.485448 
40 3.185 0.0738993 0.00851061 0.000213494 1.53194 -1490.16 0.478723 
40 3.185 0.072808 0.0083145 0.000207596 1.51384 -1490.21 0.494453 
40 3.185 0.0742198 0.00857879 0.000211942 1.54234 -1491.12 0.49692 
40 3.19 0.0733503 0.00830626 0.000197444 1.46759 -1487.78 0.49341 
40 3.19 0.0726829 0.00827592 0.000205097 1.50125 -1486.26 0.474586 
40 3.19 0.0722378 0.00819043 0.000200124 1.49073 -1485.72 0.469774 
40 3.195 0.0729684 0.00833383 0.000206419 1.50708 -1482.47 0.481029 
40 3.195 0.0716921 0.00800129 0.000185612 1.433 -1484.48 0.460776 
40 3.195 0.072541 0.00814256 0.000190762 1.44243 -1483.19 0.48114 
40 3.2 0.072041 0.0081096 0.000196738 1.45985 -1479.18 0.478296 
40 3.2 0.0724105 0.00817253 0.000196656 1.46463 -1475.77 0.482088 
40 3.2 0.0711144 0.00789318 0.000182506 1.41797 -1479.19 0.474436 
40 3.205 0.0712633 0.00799563 0.00018806 1.45631 -1475.84 0.470596 
40 3.205 0.0712156 0.00790339 0.000182115 1.41365 -1474.69 0.473131 
40 3.205 0.0724928 0.00824457 0.000201636 1.49235 -1476.28 0.469827 
40 3.21 0.0715291 0.00796429 0.00018548 1.4195 -1470.19 0.476099 
40 3.21 0.071392 0.00791525 0.000180735 1.40483 -1471.13 0.458906 
40 3.21 0.0714314 0.00801945 0.000191777 1.45396 -1471.24 0.476593 
40 3.215 0.0716958 0.00806286 0.000197905 1.45447 -1469.72 0.47569 
40 3.215 0.0705474 0.00778863 0.00018017 1.39929 -1468.25 0.468841 
40 3.215 0.0712434 0.00790439 0.000182604 1.40779 -1468.23 0.475736 
40 3.22 0.070963 0.00794772 0.000188885 1.44694 -1464.57 0.468181 
40 3.22 0.0711371 0.00792183 0.000184927 1.42179 -1465.1 0.464008 
40 3.22 0.0713101 0.00793312 0.00018072 1.41515 -1463.61 0.456777 
40 3.225 0.0695598 0.00768285 0.000180477 1.41112 -1460.68 0.459827 
40 3.225 0.0714661 0.00791576 0.000180769 1.39329 -1460.02 0.462161 
40 3.225 0.0700333 0.00771743 0.000179204 1.39548 -1460.3 0.470355 
40 3.23 0.0689054 0.0074585 0.000168185 1.34269 -1457.18 0.462682 
40 3.23 0.0698604 0.00770745 0.000180996 1.40036 -1455.82 0.446999 
40 3.23 0.0694359 0.00761236 0.00017411 1.38255 -1457.56 0.463934 
40 3.235 0.0705986 0.00778147 0.000179906 1.38352 -1454.7 0.463655 
40 3.235 0.0699254 0.00761827 0.000170139 1.34959 -1452.09 0.441484 
40 3.235 0.0691434 0.00753232 0.000168012 1.36087 -1453.25 0.451499 
40 3.24 0.0705129 0.00779682 0.000179315 1.39494 -1448.24 0.454087 
40 3.24 0.0697845 0.00757958 0.000168126 1.33813 -1449.81 0.453345 
40 3.24 0.0692903 0.00758874 0.000173056 1.37659 -1450.24 0.440837 
40 3.245 0.070115 0.0077251 0.000179824 1.38502 -1446.65 0.468078 
40 3.245 0.0691971 0.00749313 0.000166591 1.33369 -1445 0.450705 
40 3.245 0.0691385 0.00755437 0.00017526 1.36788 -1446.06 0.444285 
40 3.25 0.0702878 0.00770541 0.00017344 1.36125 -1442.96 0.453487 
40 3.25 0.0691434 0.0074264 0.000161182 1.30245 -1442.05 0.448494 
40 3.25 0.0681241 0.00728136 0.000158723 1.29992 -1441.37 0.447134 
40 3.255 0.0687831 0.00737171 0.000157593 1.29799 -1439.37 0.438391 
40 3.255 0.0684231 0.007276 0.000153018 1.27522 -1437.22 0.446598 
40 3.255 0.0682583 0.00736287 0.000163278 1.329 -1439.25 0.449662 
40 3.26 0.0681603 0.00726038 0.000152891 1.28322 -1435.3 0.445132 
40 3.26 0.0685531 0.00743145 0.000170613 1.34082 -1435.49 0.451148 
40 3.26 0.0677488 0.00723471 0.000156404 1.29807 -1434.66 0.450753 
40 3.265 0.0674011 0.00716599 0.000154931 1.28543 -1431.9 0.436865 
40 3.265 0.0679496 0.00717768 0.000151331 1.25478 -1431.6 0.446131 
40 3.265 0.0682638 0.00727316 0.000156216 1.2806 -1430.37 0.434838 
40 3.27 0.067343 0.00713036 0.000151666 1.26986 -1427.13 0.451478 
40 3.27 0.067688 0.0072245 0.000157654 1.29313 -1427.95 0.448103 
40 3.27 0.0682525 0.00732658 0.000165128 1.30553 -1428.08 0.44958 
40 3.275 0.0678406 0.00713758 0.000146439 1.23858 -1424.33 0.434346 
40 3.275 0.0679796 0.00721898 0.000154134 1.26913 -1423.95 0.44181 
40 3.275 0.0672291 0.00709078 0.000150074 1.25607 -1424.41 0.4408 
40 3.28 0.0672013 0.00701401 0.000141997 1.21854 -1421.07 0.435757 
40 3.28 0.0673354 0.00707054 0.000147702 1.23731 -1421.18 0.439065 
40 3.28 0.0659455 0.00684732 0.000137489 1.21879 -1420.12 0.4313 
40 3.285 0.0668564 0.00701964 0.000149004 1.24195 -1415.69 0.432703 
40 3.285 0.0665095 0.00693398 0.000143242 1.22275 -1417.34 0.425384 
40 3.285 0.0663223 0.00692555 0.000141895 1.23076 -1417.28 0.437435 
40 3.29 0.0672105 0.00704621 0.000144342 1.22989 -1415.68 0.424255 
40 3.29 0.0657935 0.00683069 0.000138778 1.21673 -1414.34 0.42756 
40 3.29 0.0666012 0.0069442 0.000143461 1.21993 -1415.54 0.429835 
40 3.295 0.0660526 0.00684184 0.000140065 1.20371 -1409.95 0.426628 
40 3.295 0.0662458 0.00688846 0.000137598 1.21394 -1410.41 0.418797 
40 3.295 0.066048 0.00676125 0.000133368 1.16488 -1410.26 0.42826 
40 3.3 0.0659364 0.00680341 0.000136725 1.19069 -1407.19 0.419689 
40 3.3 0.0656551 0.00676024 0.000136108 1.18771 -1406.64 0.426582 
40 3.3 0.0653043 0.00667253 0.000132242 1.16746 -1407.18 0.416314 
40 3.305 0.0655881 0.00671097 0.000131353 1.16631 -1403.04 0.416489 
40 3.305 0.0652823 0.00670753 0.000134215 1.18403 -1403.57 0.419195 
40 3.305 0.0657774 0.00678955 0.000138706 1.19232 -1403.99 0.4212 
40 3.31 0.0646994 0.00658791 0.000129147 1.16104 -1399.9 0.429024 
40 3.31 0.065817 0.00677903 0.000136473 1.18291 -1398.83 0.407905 
40 3.31 0.066258 0.00680332 0.000135097 1.1665 -1400.09 0.423341 
40 3.315 0.0647156 0.00654337 0.000126025 1.13677 -1398.28 0.421495 
40 3.315 0.0652808 0.00665182 0.00013207 1.15366 -1398.27 0.417377 
40 3.315 0.065011 0.00659618 0.000127654 1.14377 -1396.56 0.420206 
40 3.32 0.0650635 0.00666261 0.000131778 1.17077 -1392.72 0.412223 
40 3.32 0.0648439 0.00658244 0.00013041 1.14588 -1393.86 0.420527 
40 3.32 0.0647991 0.00660003 0.000129804 1.15716 -1393.49 0.410445 
40 3.325 0.064874 0.00656241 0.000125226 1.13264 -1390.38 0.42113 
40 3.325 0.0653949 0.00668125 0.000131576 1.15718 -1390.77 0.40925 
40 3.325 0.0652981 0.00667679 0.000132479 1.16112 -1391.46 0.424883 
40 3.33 0.0642934 0.00653046 0.000127832 1.15163 -1387.45 0.404125 
40 3.33 0.0643323 0.00643739 0.000121615 1.1045 -1387.11 0.41634 
40 3.33 0.0645626 0.0064889 0.000122278 1.11499 -1386.71 0.413763 
40 3.335 0.0638795 0.00644913 0.000124958 1.13633 -1383.79 0.418526 
40 3.335 0.0632406 0.00621782 0.000113383 1.06432 -1384.32 0.412161 
40 3.335 0.0648135 0.00656768 0.000126768 1.13554 -1384.31 0.415992 
40 3.34 0.0638478 0.00638179 0.000119038 1.10431 -1378.65 0.405412 
40 3.34 0.0644926 0.00652174 0.000127738 1.13171 -1381.01 0.397308 
40 3.34 0.0636095 0.00638269 0.000122704 1.11929 -1380.19 0.399504 
40 3.345 0.0642571 0.00646056 0.000123935 1.11526 -1376.14 0.408205 
40 3.345 0.0639779 0.00639316 0.000119834 1.10014 -1376.41 0.400329 
40 3.345 0.0632863 0.00628213 0.00011786 1.08914 -1377.02 0.401848 
40 3.35 0.0630794 0.00615392 0.00011026 1.03877 -1374.12 0.396705 
40 3.35 0.0636428 0.00638787 0.000122507 1.1164 -1374.04 0.405713 
40 3.35 0.0629264 0.00625622 0.000119965 1.09683 -1373.41 0.405588 
40 3.355 0.0640996 0.00640943 0.000123241 1.09719 -1371.25 0.399823 
40 3.355 0.0632399 0.00626756 0.00011485 1.08174 -1370.07 0.402984 
40 3.355 0.0636539 0.00636968 0.000122798 1.10539 -1371.49 0.411201 
40 3.36 0.0631333 0.00623635 0.000115238 1.07169 -1369.17 0.400116 
40 3.36 0.0626465 0.00616068 0.000113861 1.06481 -1367.35 0.397158 
40 3.36 0.0631275 0.00625556 0.000116609 1.08118 -1367.78 0.404279 
40 3.365 0.0635885 0.00630218 0.000116702 1.07396 -1364.62 0.406163 
40 3.365 0.0630045 0.00625684 0.000117403 1.08756 -1362.45 0.39598 
40 3.365 0.0618494 0.00602621 0.000107279 1.04647 -1365.28 0.389715 
40 3.37 0.0632223 0.00627906 0.000117863 1.08345 -1362.05 0.392371 
40 3.37 0.0620044 0.00609497 0.0001151 1.06845 -1361.44 0.398123 
40 3.37 0.0621505 0.00601044 0.000106158 1.01971 -1359.37 0.386182 
40 3.375 0.061819 0.00595866 0.00010308 1.01313 -1357.22 0.385943 
40 3.375 0.0618923 0.00603649 0.000109277 1.04573 -1359.23 0.390172 
40 3.375 0.0628496 0.00612707 0.000110549 1.03206 -1358.3 0.397815 
40 3.38 0.0626046 0.00614408 0.000111279 1.05313 -1355.76 0.395742 
40 3.38 0.0619883 0.00601204 0.000106446 1.02698 -1354.31 0.391069 
40 3.38 0.0619011 0.00597777 0.000104922 1.01587 -1354.56 0.393273 
40 3.385 0.0619593 0.00603544 0.000108939 1.03822 -1351.78 0.388509 
40 3.385 0.0617334 0.0060034 0.000108643 1.03628 -1351.21 0.387721 
40 3.385 0.061358 0.00591435 0.000103028 1.01603 -1350.85 0.391197 
40 3.39 0.0614953 0.00598672 0.000107611 1.04073 -1347.56 0.387861 
40 3.39 0.0620576 0.00607945 0.000112518 1.05171 -1347.48 0.392301 
40 3.39 0.0614384 0.00591997 0.0001042 1.01253 -1347.97 0.384177 
40 3.395 0.0611024 0.0058331 0.000101414 0.989502 -1346.12 0.390027 
40 3.395 0.0601521 0.00574311 0.00010098 1.00139 -1345.14 0.391393 
40 3.395 0.0615 0.00591474 0.000102237 1.005 -1344.48 0.386261 
40 3.4 0.0617665 0.00595647 0.000103554 1.0077 -1342.16 0.385108 
40 3.4 0.0606431 0.00579979 0.000103036 0.998681 -1343.62 0.388243 
40 3.4 0.0605379 0.00576946 0.000100013 0.990414 -1341.52 0.385742 
40 3.405 0.0606524 0.00572087 9.45751e-05 0.959605 -1340.31 0.378721 
40 3.405 0.0613033 0.00590041 0.000104406 1.00667 -1338.63 0.378189 
40 3.405 0.0607458 0.0057877 9.98067e-05 0.985682 -1340.85 0.382908 
40 3.41 0.0603681 0.0056435 9.2255e-05 0.938037 -1337.02 0.375105 
40 3.41 0.0608786 0.00580547 9.85496e-05 0.984992 -1336.25 0.365081 
40 3.41 0.06049 0.00566432 9.273e-05 0.940893 -1335.37 0.379254 
40 3.415 0.0601951 0.00564602 9.28638e-05 0.947618 -1332.23 0.373606 
40 3.415 0.0609104 0.00577027 9.74073e-05 0.965244 -1333.25 0.375132 
40 3.415 0.0599775 0.00562998 9.30419e-05 0.952352 -1335.2 0.378972 
40 3.42 0.0596794 0.00559317 9.25969e-05 0.950429 -1329.5 0.386595 
40 3.42 0.0610663 0.00582607 0.000102622 0.981044 -1329.53 0.37379 
40 3.42 0.0601831 0.00569006 9.76932e-05 0.967511 -1331.36 0.372537 
40 3.425 0.0603716 0.00571731 9.47256e-05 0.968213 -1327.37 0.373858 
40 3.425 0.0599674 0.00567576 9.69675e-05 0.971527 -1326.97 0.361401 
40 3.425 0.0605184 0.00573367 9.69018e-05 0.967566 -1328.28 0.367126 
40 3.43 0.0598979 0.00567743 9.71463e-05 0.974775 -1325.37 0.369029 
40 3.43 0.0600034 0.00568651 9.82623e-05 0.973111 -1323.97 0.36614 
40 3.43 0.0604141 0.00569776 9.67412e-05 0.955287 -1323.91 0.371222 
40 3.435 0.0603203 0.0056872 9.65949e-05 0.954256 -1320.77 0.362549 
40 3.435 0.0591008 0.00553245 9.38461e-05 0.950011 -1320.92 0.367293 
40 3.435 0.0590368 0.00547919 8.83116e-05 0.928721 -1322.35 0.379108 
40 3.44 0.0599629 0.00557352 9.17854e-05 0.91999 -1319.26 0.377734 
40 3.44 0.0597123 0.00562884 9.68296e-05 0.959667 -1318.75 0.369698 
40 3.44 0.0597834 0.00554434 8.97136e-05 0.916411 -1318.44 0.357085 
40 3.445 0.0592931 0.00553823 9.38497e-05 0.939359 -1315.88 0.370558 
40 3.445 0.0595461 0.00551151 8.97906e-05 0.912984 -1316 0.366137 
40 3.445 0.0593585 0.00554813 9.27709e-05 0.940354 -1315.93 0.369042 
40 3.45 0.0596654 0.00547973 8.58812e-05 0.890329 -1312.07 0.361962 
40 3.45 0.058977 0.00543603 8.80911e-05 0.907939 -1313.02 0.368296 
40 3.45 0.0595183 0.00557313 9.44385e-05 0.941776 -1312.69 0.369484 
40 3.455 0.0580933 0.00533595 8.65903e-05 0.908192 -1308.9 0.361914 
40 3.455 0.0585754 0.005374 8.7072e-05 0.899762 -1308.21 0.360686 
40 3.455 0.0590314 0.00545039 8.79024e-05 0.910303 -1309.5 0.364073 
40 3.46 0.0591322 0.00545749 8.68006e-05 0.906757 -1305.67 0.368406 
40 3.46 0.0586944 0.00538901 8.82639e-05 0.89895 -1306.9 0.370807 
40 3.46 0.0583765 0.00529758 8.23424e-05 0.87388 -1306.19 0.36496 
40 3.465 0.0590193 0.00546599 8.91363e-05 0.915539 -1304.13 0.357468 
40 3.465 0.0574204 0.00518672 8.00815e-05 0.872552 -1304.27 0.372709 
40 3.465 0.0584828 0.00534737 8.58946e-05 0.889877 -1303.78 0.366428 
40 3.47 0.0591463 0.00547294 8.9883e-05 0.910506 -1301.19 0.366794 
40 3.47 0.0585845 0.0053578 8.46037e-05 0.88791 -1299.83 0.358221 
40 3.47 0.0578085 0.0052249 8.10368e-05 0.868276 -1301.83 0.358626 
40 3.475 0.0582823 0.00532907 8.43445e-05 0.889669 -1297.86 0.353366 
40 3.475 0.0579618 0.00525775 8.29972e-05 0.873983 -1296.43 0.367612 
40 3.475 0.0584231 0.00538537 8.79209e-05 0.908019 -1298.28 0.357532 
40 3.48 0.0583799 0.00532108 8.34874e-05 0.87948 -1294.56 0.350378 
40 3.48 0.0578299 0.00524717 8.06103e-05 0.874885 -1295.41 0.359758 
40 3.48 0.0582569 0.00531341 8.33299e-05 0.882552 -1296.51 0.354755 
40 3.485 0.0574699 0.00521304 8.17958e-05 0.877016 -1293.57 0.355945 
40 3.485 0.0571831 0.00519118 8.25332e-05 0.882076 -1292.53 0.359009 
40 3.485 0.0576526 0.00526069 8.34992e-05 0.889234 -1291.41 0.355391 
40 3.49 0.0578493 0.00521644 7.88365e-05 0.857264 -1289.49 0.350714 
40 3.49 0.0576818 0.0052147 7.93891e-05 0.865338 -1290.19 0.352217 
40 3.49 0.0574401 0.00515887 7.78715e-05 0.852496 -1288.79 0.362293 
40 3.495 0.0572961 0.00514724 7.92208e-05 0.853515 -1286.15 0.346848 
40 3.495 0.058069 0.00524871 8.10482e-05 0.859148 -1286.39 0.352862 
40 3.495 0.0566096 0.00501341 7.37148e-05 0.828046 -1287.06 0.349635 
