size temperature m m2 m4 ms e sp_h 
10 1.5 0.99542 0.990996 0.982583 0.00897491 -218.012 0.0954009 
10 1.5 0.995378 0.990909 0.982401 0.00875981 -217.992 0.0952272 
10 1.5 0.99553 0.99121 0.982985 0.00863861 -218.062 0.0907765 
10 1.505 0.9952 0.99056 0.981732 0.00912691 -217.92 0.0966826 
10 1.505 0.995178 0.990519 0.981658 0.00926966 -217.915 0.0981023 
10 1.505 0.995262 0.990679 0.981952 0.00882866 -217.939 0.0959803 
10 1.51 0.995162 0.990493 0.981625 0.00962078 -217.911 0.0999292 
10 1.51 0.995166 0.990498 0.981631 0.0094697 -217.928 0.0983971 
10 1.51 0.99515 0.990466 0.981564 0.00943295 -217.9 0.0999508 
10 1.515 0.995092 0.990348 0.98132 0.00922452 -217.859 0.0993163 
10 1.515 0.994922 0.990013 0.980674 0.00946891 -217.793 0.104217 
10 1.515 0.995178 0.990516 0.981643 0.00904477 -217.896 0.0978677 
10 1.52 0.995016 0.990202 0.981049 0.0095184 -217.855 0.0988197 
10 1.52 0.994902 0.989977 0.980611 0.00967174 -217.785 0.101278 
10 1.52 0.994966 0.990106 0.980874 0.00976703 -217.826 0.102374 
10 1.525 0.994734 0.98964 0.979941 0.00947339 -217.716 0.103628 
10 1.525 0.994766 0.989714 0.980118 0.0101092 -217.743 0.10456 
10 1.525 0.994708 0.989602 0.979913 0.0103918 -217.719 0.107263 
10 1.53 0.994622 0.989433 0.97958 0.0104312 -217.698 0.10482 
10 1.53 0.994822 0.989827 0.98035 0.0101927 -217.788 0.104292 
10 1.53 0.994556 0.989299 0.979313 0.0103035 -217.642 0.109045 
10 1.535 0.994594 0.98937 0.979432 0.00992933 -217.66 0.104745 
10 1.535 0.994462 0.989116 0.978963 0.0105284 -217.613 0.107572 
10 1.535 0.994534 0.989261 0.979256 0.0106165 -217.653 0.10988 
10 1.54 0.994358 0.988911 0.978565 0.0106005 -217.566 0.108887 
10 1.54 0.994314 0.988836 0.978459 0.0113837 -217.568 0.113949 
10 1.54 0.99462 0.989421 0.979531 0.00984517 -217.658 0.105289 
10 1.545 0.994298 0.988804 0.978395 0.0113558 -217.564 0.110876 
10 1.545 0.994368 0.98893 0.9786 0.0105243 -217.572 0.106604 
10 1.545 0.994344 0.988883 0.978512 0.0105741 -217.549 0.110639 
10 1.55 0.993956 0.988129 0.977084 0.0116613 -217.391 0.119479 
10 1.55 0.994178 0.988563 0.977915 0.011199 -217.499 0.112554 
10 1.55 0.994166 0.988543 0.977884 0.0113964 -217.498 0.112587 
10 1.555 0.994008 0.988228 0.977262 0.0113142 -217.416 0.115962 
10 1.555 0.994008 0.988235 0.977298 0.0117824 -217.442 0.112614 
10 1.555 0.993844 0.987913 0.97668 0.0120504 -217.363 0.11807 
10 1.56 0.99367 0.987573 0.976031 0.0123879 -217.303 0.12037 
10 1.56 0.993832 0.987876 0.976563 0.0111767 -217.327 0.116143 
10 1.56 0.993746 0.987719 0.976297 0.0120389 -217.322 0.118038 
10 1.565 0.993694 0.987615 0.97609 0.0119332 -217.311 0.117031 
10 1.565 0.993764 0.987755 0.976363 0.0119918 -217.325 0.114745 
10 1.565 0.993738 0.987704 0.976274 0.0120759 -217.323 0.118215 
10 1.57 0.993504 0.98725 0.975413 0.0127008 -217.234 0.120611 
10 1.57 0.99344 0.987118 0.975141 0.0124335 -217.183 0.123129 
10 1.57 0.993516 0.987277 0.975477 0.0129043 -217.249 0.121909 
10 1.575 0.993418 0.98707 0.975031 0.0121344 -217.174 0.12102 
10 1.575 0.993672 0.987573 0.976014 0.0120099 -217.275 0.118866 
10 1.575 0.993656 0.987537 0.97593 0.0117177 -217.261 0.119504 
10 1.58 0.993218 0.986671 0.974239 0.0119522 -217.078 0.12178 
10 1.58 0.993282 0.986804 0.974523 0.012341 -217.128 0.124078 
10 1.58 0.993062 0.986383 0.973745 0.0133306 -217.053 0.126556 
10 1.585 0.992956 0.986176 0.973348 0.0134954 -216.987 0.129868 
10 1.585 0.992936 0.98613 0.973243 0.0131546 -216.98 0.129539 
10 1.585 0.992874 0.986012 0.973024 0.0134448 -216.954 0.128544 
10 1.59 0.992992 0.986248 0.973492 0.0135099 -217.032 0.124647 
10 1.59 0.992674 0.985625 0.972296 0.0140308 -216.872 0.132963 
10 1.59 0.992684 0.985649 0.972356 0.0142891 -216.891 0.132962 
10 1.595 0.992748 0.985773 0.972592 0.014057 -216.915 0.131744 
10 1.595 0.993108 0.986476 0.973935 0.0133129 -217.053 0.127373 
10 1.595 0.992684 0.985659 0.972413 0.0148913 -216.919 0.133359 
10 1.6 0.992504 0.98529 0.971649 0.0141031 -216.818 0.134349 
10 1.6 0.992672 0.985624 0.972305 0.0141238 -216.885 0.131856 
10 1.6 0.992618 0.985527 0.972152 0.0147766 -216.899 0.132939 
10 1.605 0.992442 0.98518 0.971478 0.0148957 -216.806 0.136444 
10 1.605 0.992394 0.985081 0.971268 0.0146261 -216.765 0.137843 
10 1.605 0.992556 0.985393 0.971851 0.0140428 -216.852 0.131095 
10 1.61 0.992262 0.984828 0.970805 0.0151903 -216.707 0.141511 
10 1.61 0.992258 0.984825 0.970815 0.0154697 -216.738 0.139166 
10 1.61 0.992324 0.984955 0.971063 0.0153912 -216.75 0.140473 
10 1.615 0.992134 0.984576 0.970312 0.0152227 -216.668 0.13917 
10 1.615 0.992226 0.984763 0.970698 0.0155396 -216.732 0.13687 
10 1.615 0.99213 0.984569 0.970303 0.0153129 -216.672 0.136882 
10 1.62 0.991806 0.983944 0.969138 0.0163271 -216.561 0.146124 
10 1.62 0.992104 0.984515 0.970191 0.0151045 -216.66 0.138885 
10 1.62 0.991794 0.983933 0.969162 0.0171643 -216.591 0.144147 
10 1.625 0.99172 0.98378 0.968841 0.0167189 -216.529 0.1475 
10 1.625 0.991354 0.983065 0.967469 0.0173493 -216.378 0.149708 
10 1.625 0.991464 0.983287 0.967919 0.0176158 -216.443 0.14739 
10 1.63 0.991844 0.984003 0.969199 0.0152564 -216.532 0.141206 
10 1.63 0.991374 0.983091 0.967478 0.0164977 -216.362 0.14797 
10 1.63 0.991606 0.983553 0.968392 0.0166172 -216.488 0.146434 
10 1.635 0.991224 0.982813 0.967002 0.0176405 -216.323 0.156433 
10 1.635 0.99113 0.982633 0.966665 0.0180112 -216.296 0.154466 
10 1.635 0.991518 0.983384 0.968073 0.0169111 -216.429 0.146579 
10 1.64 0.991162 0.982687 0.966739 0.0173664 -216.293 0.153411 
10 1.64 0.991116 0.982597 0.966566 0.0174167 -216.278 0.153252 
10 1.64 0.991164 0.982686 0.966722 0.017054 -216.286 0.151287 
10 1.645 0.990594 0.981595 0.964708 0.0193488 -216.094 0.159687 
10 1.645 0.990784 0.981939 0.96528 0.0173876 -216.117 0.157678 
10 1.645 0.99125 0.982857 0.96706 0.0170673 -216.307 0.151855 
10 1.65 0.990406 0.981219 0.963968 0.0190785 -216.024 0.16226 
10 1.65 0.990584 0.981556 0.964573 0.0181224 -216.052 0.159677 
10 1.65 0.990754 0.981902 0.965281 0.0186855 -216.158 0.156086 
10 1.655 0.990704 0.981798 0.965063 0.0183676 -216.104 0.158536 
10 1.655 0.990402 0.981215 0.963967 0.0192386 -216.01 0.158946 
10 1.655 0.990806 0.982004 0.965478 0.0185952 -216.184 0.154724 
10 1.66 0.990364 0.981137 0.96381 0.0190474 -215.992 0.160241 
10 1.66 0.990628 0.98165 0.964778 0.0184293 -216.072 0.158481 
10 1.66 0.99039 0.981188 0.963907 0.0190414 -215.99 0.160229 
10 1.665 0.990492 0.98138 0.964252 0.0183542 -216.034 0.157888 
10 1.665 0.989974 0.980402 0.962491 0.0212468 -215.867 0.167894 
10 1.665 0.989996 0.980425 0.962474 0.0199928 -215.829 0.170539 
10 1.67 0.990154 0.980715 0.962965 0.0185519 -215.879 0.161847 
10 1.67 0.98989 0.980235 0.962162 0.0211011 -215.842 0.167944 
10 1.67 0.98982 0.980088 0.961849 0.0206017 -215.777 0.16864 
10 1.675 0.98976 0.979967 0.961611 0.020424 -215.753 0.170052 
10 1.675 0.98943 0.979337 0.960449 0.0217836 -215.653 0.169503 
10 1.675 0.989384 0.979232 0.960202 0.0209684 -215.619 0.170834 
10 1.68 0.989412 0.979299 0.960359 0.0215842 -215.603 0.173462 
10 1.68 0.989388 0.97925 0.960274 0.0215253 -215.607 0.175276 
10 1.68 0.989722 0.979901 0.961508 0.0209049 -215.734 0.16999 
10 1.685 0.989436 0.979332 0.960391 0.0206719 -215.63 0.169677 
10 1.685 0.98916 0.978826 0.959536 0.023075 -215.566 0.178544 
10 1.685 0.989612 0.979685 0.961092 0.0209288 -215.703 0.170159 
10 1.69 0.989264 0.979033 0.959934 0.0230591 -215.571 0.178229 
10 1.69 0.989096 0.978686 0.959217 0.0222049 -215.478 0.180973 
10 1.69 0.989366 0.979223 0.960261 0.0223525 -215.64 0.169602 
10 1.695 0.988748 0.978027 0.958015 0.0238745 -215.37 0.178849 
10 1.695 0.988446 0.977425 0.956837 0.0235791 -215.249 0.184924 
10 1.695 0.988968 0.978434 0.958731 0.0221956 -215.453 0.178842 
10 1.7 0.98812 0.976798 0.955675 0.0245215 -215.133 0.190783 
10 1.7 0.988328 0.977192 0.956383 0.023525 -215.2 0.183699 
10 1.7 0.988488 0.97754 0.957131 0.0253573 -215.303 0.18484 
10 1.705 0.98799 0.976571 0.955309 0.0261889 -215.091 0.192524 
10 1.705 0.988526 0.977564 0.957049 0.0223007 -215.243 0.18412 
10 1.705 0.988286 0.977131 0.956326 0.0247145 -215.199 0.18435 
10 1.71 0.988244 0.977043 0.956135 0.024353 -215.176 0.184523 
10 1.71 0.988094 0.976751 0.9556 0.0246484 -215.136 0.190743 
10 1.71 0.988188 0.97693 0.955923 0.0242384 -215.155 0.185813 
10 1.715 0.987846 0.976256 0.954617 0.0242752 -214.988 0.192537 
10 1.715 0.987786 0.976122 0.954304 0.0233737 -214.948 0.188918 
10 1.715 0.987864 0.97631 0.954775 0.0253246 -215.027 0.190478 
10 1.72 0.98776 0.976104 0.954378 0.0252478 -215.005 0.188609 
10 1.72 0.987876 0.976321 0.954761 0.0245424 -215.019 0.189529 
10 1.72 0.987572 0.97574 0.953689 0.025648 -214.902 0.195191 
10 1.725 0.98706 0.974781 0.951993 0.0286375 -214.746 0.202748 
10 1.725 0.987414 0.975464 0.953272 0.0276749 -214.921 0.197373 
10 1.725 0.987718 0.976015 0.954185 0.0247926 -214.953 0.192933 
10 1.73 0.987004 0.974638 0.951609 0.0266303 -214.676 0.197459 
10 1.73 0.986756 0.974168 0.950764 0.027757 -214.605 0.205136 
10 1.73 0.986994 0.974619 0.951582 0.0266731 -214.686 0.201792 
10 1.735 0.986858 0.974358 0.951099 0.0270275 -214.638 0.201926 
10 1.735 0.98674 0.974127 0.950652 0.0271684 -214.583 0.20261 
10 1.735 0.987238 0.975097 0.95249 0.0264053 -214.776 0.19418 
10 1.74 0.9862 0.973123 0.948895 0.0306092 -214.441 0.213211 
10 1.74 0.98716 0.974921 0.952082 0.0250399 -214.718 0.195271 
10 1.74 0.98633 0.973327 0.949127 0.0275799 -214.418 0.206947 
10 1.745 0.986346 0.973358 0.949187 0.0274801 -214.425 0.204942 
10 1.745 0.985738 0.972218 0.947164 0.0308582 -214.245 0.216784 
10 1.745 0.986302 0.973287 0.949104 0.0283968 -214.44 0.206085 
10 1.75 0.985986 0.972702 0.948082 0.0304713 -214.318 0.215682 
10 1.75 0.9861 0.972903 0.948402 0.0291103 -214.357 0.210961 
10 1.75 0.985812 0.972355 0.947395 0.0302892 -214.27 0.211176 
10 1.755 0.985926 0.972555 0.947712 0.0287568 -214.251 0.213881 
10 1.755 0.985762 0.972279 0.947285 0.0314507 -214.229 0.21047 
10 1.755 0.98597 0.972658 0.947943 0.029698 -214.314 0.205183 
10 1.76 0.985588 0.971891 0.946433 0.0288213 -214.124 0.21067 
10 1.76 0.985522 0.971776 0.946264 0.0296607 -214.148 0.212784 
10 1.76 0.985544 0.971833 0.946407 0.0304627 -214.135 0.219852 
10 1.765 0.985352 0.971454 0.945684 0.0303499 -214.074 0.217357 
10 1.765 0.985126 0.971022 0.944879 0.0311118 -214.023 0.214166 
10 1.765 0.985398 0.971571 0.945981 0.0318381 -214.116 0.219655 
10 1.77 0.984878 0.970588 0.944179 0.0340749 -213.935 0.225665 
10 1.77 0.985068 0.970964 0.94491 0.0341692 -213.982 0.223361 
10 1.77 0.98485 0.970543 0.944114 0.0346417 -213.919 0.225439 
10 1.775 0.984358 0.969611 0.942428 0.0366652 -213.756 0.231505 
10 1.775 0.984882 0.970524 0.943869 0.0299519 -213.853 0.219088 
10 1.775 0.984516 0.969844 0.942686 0.0322482 -213.747 0.228295 
10 1.78 0.984136 0.969104 0.941283 0.0325985 -213.601 0.231087 
10 1.78 0.984348 0.969533 0.942146 0.0332345 -213.705 0.227651 
10 1.78 0.984264 0.969348 0.941717 0.0321381 -213.638 0.225573 
10 1.785 0.983604 0.968115 0.939546 0.0357317 -213.439 0.237266 
10 1.785 0.98374 0.968358 0.939935 0.034376 -213.491 0.232188 
10 1.785 0.98433 0.969496 0.942063 0.0330807 -213.692 0.225469 
10 1.79 0.983728 0.968341 0.939935 0.0346515 -213.469 0.236878 
10 1.79 0.983278 0.967494 0.938422 0.0367695 -213.341 0.244104 
10 1.79 0.983658 0.968245 0.939861 0.036962 -213.491 0.237285 
10 1.795 0.982714 0.966411 0.936408 0.0380899 -213.123 0.248945 
10 1.795 0.98363 0.968213 0.939812 0.0381361 -213.452 0.235566 
10 1.795 0.983322 0.967568 0.938522 0.0359601 -213.35 0.238736 
10 1.8 0.98287 0.966693 0.936879 0.0366646 -213.196 0.238264 
10 1.8 0.983522 0.967915 0.939049 0.0333175 -213.36 0.233487 
10 1.8 0.982396 0.965814 0.935351 0.03957 -213.053 0.248801 
10 1.805 0.98283 0.96665 0.936897 0.0384948 -213.161 0.243838 
10 1.805 0.9825 0.965979 0.935544 0.0372604 -213.054 0.239999 
10 1.805 0.98283 0.966652 0.93688 0.0386012 -213.167 0.240238 
10 1.81 0.982084 0.965253 0.934399 0.0421866 -212.92 0.257395 
10 1.81 0.982296 0.965616 0.934959 0.0392623 -213.015 0.247116 
10 1.81 0.982258 0.965508 0.934661 0.0374222 -212.922 0.250597 
10 1.815 0.981908 0.96484 0.933436 0.0383713 -212.813 0.251204 
10 1.815 0.981926 0.964894 0.933582 0.0394276 -212.813 0.253054 
10 1.815 0.982156 0.965322 0.934339 0.0380866 -212.901 0.249062 
10 1.82 0.981902 0.964858 0.933551 0.0399177 -212.789 0.25651 
10 1.82 0.981666 0.964368 0.932545 0.0384519 -212.725 0.25353 
10 1.82 0.981274 0.963709 0.931582 0.0445064 -212.602 0.266856 
10 1.825 0.980946 0.963017 0.930132 0.0417504 -212.469 0.262086 
10 1.825 0.981022 0.963168 0.930429 0.0418737 -212.501 0.265396 
10 1.825 0.98092 0.963 0.930211 0.0436051 -212.509 0.26856 
10 1.83 0.980938 0.963003 0.930104 0.0417421 -212.464 0.25912 
10 1.83 0.980776 0.962708 0.929617 0.0429966 -212.413 0.268866 
10 1.83 0.981074 0.963262 0.930582 0.04129 -212.473 0.259449 
10 1.835 0.980422 0.962049 0.928434 0.044762 -212.261 0.274754 
10 1.835 0.98022 0.961657 0.927708 0.0449979 -212.251 0.270194 
10 1.835 0.980584 0.962306 0.92876 0.0414768 -212.326 0.258756 
10 1.84 0.979814 0.960956 0.926564 0.0500481 -212.141 0.279533 
10 1.84 0.980122 0.961446 0.927274 0.0438666 -212.169 0.275831 
10 1.84 0.979624 0.960539 0.925732 0.0476054 -212.054 0.276168 
10 1.845 0.979662 0.960596 0.925785 0.046513 -212.058 0.276562 
10 1.845 0.979556 0.960377 0.92535 0.0459297 -211.927 0.289239 
10 1.845 0.979204 0.959739 0.92427 0.0487115 -211.89 0.285829 
10 1.85 0.979178 0.959727 0.924328 0.05069 -211.912 0.282722 
10 1.85 0.979092 0.959539 0.923946 0.0496333 -211.84 0.288887 
10 1.85 0.979358 0.960065 0.924859 0.0498956 -211.95 0.276 
10 1.855 0.97908 0.959426 0.923461 0.0446422 -211.771 0.270555 
10 1.855 0.979304 0.959994 0.924821 0.0516483 -211.967 0.280166 
10 1.855 0.978794 0.958986 0.92297 0.0511022 -211.779 0.290552 
10 1.86 0.978778 0.958857 0.922444 0.0457283 -211.665 0.277734 
10 1.86 0.978602 0.958589 0.922164 0.0498197 -211.682 0.289948 
10 1.86 0.978134 0.957688 0.920482 0.0506192 -211.479 0.291479 
10 1.865 0.977846 0.957178 0.919683 0.0533598 -211.458 0.301688 
10 1.865 0.978104 0.957626 0.920334 0.0503509 -211.447 0.291165 
10 1.865 0.978116 0.9577 0.920576 0.0530086 -211.453 0.293485 
10 1.87 0.977768 0.956971 0.919123 0.0503004 -211.355 0.292566 
10 1.87 0.977694 0.956865 0.919006 0.0523552 -211.361 0.289737 
10 1.87 0.97728 0.95604 0.917425 0.0515445 -211.204 0.298269 
10 1.875 0.97699 0.955481 0.916349 0.0518112 -211.03 0.292077 
10 1.875 0.977126 0.955771 0.916994 0.0531211 -211.136 0.299907 
10 1.875 0.976782 0.955135 0.915892 0.0550232 -211.061 0.307167 
10 1.88 0.976312 0.954232 0.914231 0.0556893 -210.883 0.308041 
10 1.88 0.977046 0.955633 0.916792 0.0539635 -211.07 0.305351 
10 1.88 0.976704 0.955019 0.915716 0.0568051 -210.984 0.304729 
10 1.885 0.97634 0.954267 0.914228 0.0544872 -210.864 0.305499 
10 1.885 0.976244 0.954087 0.913906 0.0548824 -210.75 0.31132 
10 1.885 0.976472 0.954546 0.914819 0.0556283 -210.871 0.310968 
10 1.89 0.975236 0.952237 0.910706 0.0609325 -210.506 0.318849 
10 1.89 0.97552 0.952759 0.911624 0.0592598 -210.589 0.319164 
10 1.89 0.975594 0.952934 0.91201 0.0608755 -210.621 0.319192 
10 1.895 0.975888 0.953417 0.912701 0.0559352 -210.693 0.30302 
10 1.895 0.975538 0.952797 0.911739 0.059228 -210.64 0.318262 
10 1.895 0.975408 0.952509 0.911061 0.0574329 -210.523 0.314797 
10 1.9 0.974514 0.9508 0.907964 0.0591002 -210.251 0.326852 
10 1.9 0.97476 0.951352 0.909179 0.0628707 -210.386 0.326074 
10 1.9 0.974514 0.950907 0.908425 0.0647255 -210.288 0.329656 
10 1.905 0.974196 0.95035 0.907494 0.067838 -210.191 0.335828 
10 1.905 0.974106 0.95005 0.906636 0.0612882 -210.108 0.322031 
10 1.905 0.974736 0.951299 0.909051 0.0623984 -210.354 0.325609 
10 1.91 0.974038 0.949925 0.906424 0.0615128 -210.024 0.325892 
10 1.91 0.974186 0.950213 0.907016 0.0614784 -210.179 0.326649 
10 1.91 0.974278 0.950372 0.907239 0.0604491 -210.166 0.324556 
10 1.915 0.97327 0.948455 0.903734 0.062698 -209.777 0.334484 
10 1.915 0.97408 0.949991 0.906508 0.0605323 -210.073 0.321444 
10 1.915 0.974096 0.950064 0.906771 0.0627312 -210.115 0.323427 
10 1.92 0.973058 0.948093 0.903135 0.0651588 -209.779 0.324392 
10 1.92 0.97247 0.94698 0.901202 0.0667906 -209.52 0.350149 
10 1.92 0.972728 0.947577 0.90234 0.0717249 -209.654 0.33359 
10 1.925 0.972998 0.947973 0.902949 0.0648048 -209.715 0.330392 
10 1.925 0.970694 0.944349 0.897284 0.109224 -209.155 0.364323 
10 1.925 0.972122 0.946348 0.900126 0.0689318 -209.41 0.350886 
10 1.93 0.971504 0.945208 0.898097 0.0719408 -209.211 0.351917 
10 1.93 0.972154 0.946485 0.900485 0.0726093 -209.498 0.346542 
10 1.93 0.97197 0.946029 0.899465 0.0675502 -209.386 0.345077 
10 1.935 0.971386 0.94499 0.897689 0.0723224 -209.233 0.347904 
10 1.935 0.970822 0.943904 0.895735 0.0727796 -209.012 0.353696 
10 1.935 0.971494 0.945142 0.897881 0.0693131 -209.238 0.3435 
10 1.94 0.971304 0.944875 0.897665 0.0744196 -209.168 0.355754 
10 1.94 0.971018 0.944322 0.896582 0.0745321 -209.072 0.359237 
10 1.94 0.970884 0.944074 0.896191 0.0751762 -209.097 0.354161 
10 1.945 0.970286 0.942971 0.894252 0.0779639 -208.855 0.363833 
10 1.945 0.970544 0.94346 0.895136 0.0773442 -208.871 0.368803 
10 1.945 0.970524 0.943397 0.894968 0.0761237 -208.946 0.355097 
10 1.95 0.969946 0.942227 0.8927 0.073444 -208.676 0.361792 
10 1.95 0.96978 0.941921 0.892127 0.0742457 -208.615 0.359287 
10 1.95 0.970078 0.94256 0.893472 0.0773494 -208.719 0.362862 
10 1.955 0.96913 0.940767 0.890068 0.0794702 -208.401 0.363612 
10 1.955 0.969534 0.94153 0.891664 0.078438 -208.628 0.364331 
10 1.955 0.96938 0.941226 0.891045 0.078188 -208.563 0.364224 
10 1.96 0.968476 0.939505 0.887903 0.0795386 -208.177 0.374783 
10 1.96 0.969462 0.941327 0.891133 0.0750016 -208.563 0.367168 
10 1.96 0.967174 0.93754 0.885116 0.107874 -208.024 0.388924 
10 1.965 0.968356 0.939318 0.887693 0.0816742 -208.166 0.38139 
10 1.965 0.967822 0.93839 0.886265 0.0870421 -208.099 0.388755 
10 1.965 0.967642 0.93811 0.885874 0.0905221 -207.998 0.395186 
10 1.97 0.967068 0.936914 0.883442 0.0859839 -207.815 0.385782 
10 1.97 0.967686 0.938056 0.885455 0.0832368 -208.014 0.378892 
10 1.97 0.967162 0.937117 0.883785 0.0870307 -207.779 0.389568 
10 1.975 0.9661 0.935235 0.8807 0.0954891 -207.484 0.398736 
10 1.975 0.966742 0.93632 0.882409 0.0876124 -207.727 0.384434 
10 1.975 0.966306 0.9355 0.881012 0.0887471 -207.562 0.395581 
10 1.98 0.966218 0.935297 0.880554 0.0868695 -207.515 0.390449 
10 1.98 0.96688 0.936562 0.88285 0.0861104 -207.752 0.3818 
10 1.98 0.966698 0.936152 0.881941 0.0831625 -207.617 0.388529 
10 1.985 0.965624 0.934149 0.878447 0.0866041 -207.284 0.391452 
10 1.985 0.965174 0.93348 0.877728 0.0966967 -207.254 0.414541 
10 1.985 0.965608 0.93423 0.878807 0.0922353 -207.313 0.404964 
10 1.99 0.964692 0.932594 0.876149 0.0986686 -207.115 0.411712 
10 1.99 0.965484 0.933992 0.878374 0.0921048 -207.241 0.401616 
10 1.99 0.965412 0.933915 0.878336 0.0952236 -207.317 0.3986 
10 1.995 0.964544 0.932201 0.875183 0.0930041 -206.917 0.411266 
10 1.995 0.964408 0.932189 0.8754 0.105588 -206.941 0.414982 
10 1.995 0.965084 0.933279 0.877141 0.0948207 -207.112 0.397032 
10 2 0.963968 0.93119 0.873493 0.0977887 -206.807 0.406482 
10 2 0.963674 0.930606 0.872502 0.0969031 -206.706 0.423795 
10 2 0.963528 0.930351 0.872045 0.0982497 -206.675 0.415283 
10 2.005 0.962712 0.928887 0.869603 0.103366 -206.461 0.422802 
10 2.005 0.9629 0.929246 0.870258 0.103241 -206.512 0.431148 
10 2.005 0.9624 0.928245 0.868373 0.101331 -206.326 0.427912 
10 2.01 0.961608 0.927206 0.867014 0.125193 -206.207 0.42989 
10 2.01 0.962446 0.928426 0.868702 0.105651 -206.293 0.411482 
10 2.01 0.961672 0.926937 0.866181 0.105684 -206.11 0.432819 
10 2.015 0.961774 0.927183 0.86666 0.107891 -206.115 0.427615 
10 2.015 0.962212 0.92801 0.868218 0.107108 -206.294 0.430041 
10 2.015 0.961016 0.925857 0.864386 0.11441 -205.941 0.4323 
10 2.02 0.960182 0.92439 0.862161 0.120808 -205.665 0.463044 
10 2.02 0.961594 0.926812 0.866014 0.106391 -206.062 0.433265 
10 2.02 0.961094 0.92587 0.864299 0.107337 -205.829 0.445118 
10 2.025 0.959972 0.92378 0.860656 0.110305 -205.468 0.454925 
10 2.025 0.960356 0.924513 0.861952 0.11007 -205.663 0.445648 
10 2.025 0.959894 0.923784 0.861017 0.117908 -205.6 0.449989 
10 2.03 0.959618 0.923287 0.860083 0.119238 -205.414 0.457924 
10 2.03 0.959912 0.923822 0.860945 0.117773 -205.601 0.439926 
10 2.03 0.958332 0.920991 0.856262 0.127607 -205.188 0.457314 
10 2.035 0.957326 0.919098 0.852963 0.128975 -204.83 0.471812 
10 2.035 0.959412 0.922841 0.859162 0.116453 -205.35 0.449931 
10 2.035 0.958178 0.920692 0.855757 0.127143 -205.085 0.464042 
10 2.04 0.957644 0.919609 0.853706 0.123857 -204.879 0.469483 
10 2.04 0.9576 0.919696 0.854056 0.132251 -204.826 0.466437 
10 2.04 0.958284 0.920669 0.855238 0.115738 -204.975 0.452719 
10 2.045 0.956604 0.917769 0.850757 0.130937 -204.534 0.485639 
10 2.045 0.957064 0.918731 0.852484 0.134941 -204.752 0.476482 
10 2.045 0.956006 0.917009 0.849926 0.149688 -204.538 0.487215 
10 2.05 0.956166 0.917158 0.849888 0.141704 -204.536 0.478433 
10 2.05 0.957042 0.918553 0.851916 0.127993 -204.652 0.46431 
10 2.05 0.956168 0.916886 0.849083 0.128224 -204.466 0.475796 
10 2.055 0.955854 0.916405 0.848406 0.133733 -204.417 0.474899 
10 2.055 0.955784 0.916037 0.847233 0.122347 -204.206 0.475992 
10 2.055 0.955464 0.915705 0.847253 0.135921 -204.262 0.488064 
10 2.06 0.955144 0.915084 0.845963 0.135154 -204.116 0.476926 
10 2.06 0.954886 0.914735 0.845614 0.142138 -204.009 0.493196 
10 2.06 0.95442 0.913844 0.843973 0.142038 -203.894 0.491052 
10 2.065 0.953092 0.911525 0.840497 0.152095 -203.63 0.501869 
10 2.065 0.95472 0.914561 0.845707 0.14869 -204.026 0.500575 
10 2.065 0.95445 0.913751 0.843591 0.134421 -203.837 0.480996 
10 2.07 0.952742 0.910999 0.839516 0.158539 -203.486 0.507217 
10 2.07 0.953258 0.911817 0.840587 0.150548 -203.6 0.483076 
10 2.07 0.953242 0.911714 0.840517 0.147044 -203.529 0.504272 
10 2.075 0.952266 0.910074 0.837785 0.157258 -203.252 0.508212 
10 2.075 0.9515 0.908534 0.835002 0.153345 -203.078 0.504969 
10 2.075 0.951606 0.908958 0.836213 0.164059 -203.18 0.524254 
10 2.08 0.950942 0.907551 0.833483 0.156746 -202.932 0.506735 
10 2.08 0.950824 0.907341 0.833176 0.157425 -202.882 0.520744 
10 2.08 0.952176 0.909804 0.83718 0.152161 -203.242 0.50403 
10 2.085 0.95017 0.906188 0.831227 0.161399 -202.677 0.523078 
10 2.085 0.95122 0.907998 0.834274 0.152443 -202.922 0.519664 
10 2.085 0.950276 0.906391 0.83155 0.161477 -202.641 0.526186 
10 2.09 0.949038 0.904225 0.827982 0.16995 -202.394 0.516781 
10 2.09 0.9503 0.906507 0.831921 0.164463 -202.717 0.522038 
10 2.09 0.949836 0.905458 0.829863 0.156454 -202.574 0.523306 
10 2.095 0.948388 0.9031 0.826393 0.174734 -202.127 0.547121 
10 2.095 0.949006 0.904257 0.828242 0.17396 -202.363 0.532266 
10 2.095 0.949682 0.905112 0.829156 0.1535 -202.45 0.518066 
10 2.1 0.948572 0.903276 0.826382 0.166067 -202.189 0.522825 
10 2.1 0.947562 0.901416 0.823145 0.168658 -201.835 0.538996 
10 2.1 0.94713 0.900912 0.822617 0.183638 -201.852 0.543141 
10 2.105 0.945694 0.89823 0.818108 0.184924 -201.404 0.550198 
10 2.105 0.946802 0.90014 0.821153 0.176065 -201.678 0.54288 
10 2.105 0.94656 0.900017 0.821375 0.191958 -201.723 0.543926 
10 2.11 0.944616 0.896263 0.814976 0.187866 -201.164 0.559254 
10 2.11 0.9449 0.897061 0.816824 0.200231 -201.32 0.569822 
10 2.11 0.944798 0.896658 0.815878 0.190263 -201.249 0.561374 
10 2.115 0.943996 0.895782 0.814937 0.220034 -201.065 0.57582 
10 2.115 0.943842 0.894901 0.812725 0.192098 -200.957 0.56244 
10 2.115 0.944866 0.896743 0.815855 0.187784 -201.203 0.568913 
10 2.12 0.94348 0.8943 0.811714 0.195519 -200.827 0.563658 
10 2.12 0.94245 0.892731 0.809551 0.213168 -200.724 0.557603 
10 2.12 0.94424 0.895618 0.813921 0.190016 -201.016 0.563007 
10 2.125 0.943946 0.894909 0.812338 0.182347 -200.782 0.556281 
10 2.125 0.943314 0.894057 0.81139 0.198401 -200.772 0.56114 
10 2.125 0.942172 0.892113 0.808371 0.208222 -200.424 0.582682 
10 2.13 0.94097 0.890044 0.805012 0.216855 -200.119 0.585412 
10 2.13 0.940104 0.888517 0.80274 0.221686 -199.948 0.595714 
10 2.13 0.94229 0.892088 0.807767 0.196109 -200.367 0.564504 
10 2.135 0.94102 0.889837 0.804337 0.202278 -200.004 0.589273 
10 2.135 0.939912 0.888641 0.803274 0.243844 -199.905 0.602337 
10 2.135 0.93965 0.888046 0.802393 0.239071 -199.874 0.603633 
10 2.14 0.939796 0.887835 0.801298 0.215822 -199.729 0.592448 
10 2.14 0.938818 0.886226 0.799064 0.226501 -199.566 0.610915 
10 2.14 0.938766 0.886328 0.799457 0.23583 -199.567 0.614134 
10 2.145 0.936672 0.882688 0.793452 0.248644 -198.991 0.616062 
10 2.145 0.937432 0.883859 0.79486 0.236843 -199.118 0.597624 
10 2.145 0.938084 0.884555 0.795433 0.212289 -199.121 0.601114 
10 2.15 0.938808 0.886028 0.798283 0.217084 -199.424 0.607989 
10 2.15 0.936998 0.883164 0.794089 0.2418 -199.019 0.612945 
10 2.15 0.937256 0.883688 0.795088 0.243676 -199.174 0.612934 
10 2.155 0.934906 0.87941 0.788143 0.248773 -198.554 0.624593 
10 2.155 0.934194 0.878173 0.786296 0.253094 -198.389 0.637933 
10 2.155 0.936892 0.88267 0.792989 0.22752 -199.029 0.609791 
10 2.16 0.934724 0.879264 0.788037 0.257171 -198.51 0.632017 
10 2.16 0.933248 0.877514 0.786668 0.303815 -198.326 0.678369 
10 2.16 0.93487 0.879819 0.789295 0.270239 -198.588 0.630934 
10 2.165 0.932314 0.875551 0.782721 0.2929 -197.933 0.664931 
10 2.165 0.933524 0.876927 0.783816 0.252178 -198.055 0.628473 
10 2.165 0.93371 0.877082 0.78385 0.243318 -198.037 0.628977 
10 2.17 0.932456 0.875282 0.781825 0.267641 -197.847 0.660621 
10 2.17 0.93073 0.872494 0.777344 0.287338 -197.508 0.653688 
10 2.17 0.933616 0.87671 0.78293 0.233716 -197.995 0.612219 
10 2.175 0.930168 0.871691 0.776617 0.297845 -197.505 0.6696 
10 2.175 0.932394 0.87511 0.781156 0.264421 -197.838 0.640619 
10 2.175 0.929866 0.871012 0.77513 0.29245 -197.243 0.664231 
10 2.18 0.927812 0.86792 0.771061 0.32498 -196.788 0.702023 
10 2.18 0.92943 0.870003 0.773192 0.282719 -196.941 0.685779 
10 2.18 0.928736 0.869081 0.772117 0.299578 -196.908 0.678463 
10 2.185 0.927288 0.866745 0.768985 0.314981 -196.676 0.695864 
10 2.185 0.928112 0.86781 0.769819 0.293735 -196.82 0.662601 
10 2.185 0.928808 0.86923 0.772533 0.299593 -196.927 0.665565 
10 2.19 0.924704 0.862365 0.762119 0.332761 -195.972 0.712562 
10 2.19 0.926664 0.865248 0.765777 0.298695 -196.376 0.676938 
10 2.19 0.926632 0.865382 0.766413 0.307519 -196.463 0.682883 
10 2.195 0.926046 0.864252 0.764485 0.304804 -196.119 0.692584 
10 2.195 0.925854 0.863928 0.763668 0.306257 -196.058 0.685142 
10 2.195 0.924998 0.862825 0.762783 0.328176 -195.969 0.698164 
10 2.2 0.922682 0.859203 0.757369 0.357337 -195.57 0.710551 
10 2.2 0.922478 0.858712 0.75682 0.352115 -195.512 0.717015 
10 2.2 0.925682 0.863649 0.763412 0.307363 -196.088 0.686923 
10 2.205 0.923474 0.860212 0.758347 0.335955 -195.584 0.687853 
10 2.205 0.92169 0.857624 0.754919 0.367851 -195.296 0.709685 
10 2.205 0.921854 0.857809 0.755366 0.362556 -195.335 0.726262 
10 2.21 0.920596 0.855394 0.751078 0.357338 -194.791 0.717902 
10 2.21 0.920528 0.85566 0.752366 0.37501 -195.034 0.735629 
10 2.21 0.920414 0.855215 0.751251 0.364389 -194.959 0.722631 
10 2.215 0.919132 0.852785 0.747142 0.360331 -194.489 0.732915 
10 2.215 0.921474 0.85665 0.752907 0.340213 -195.092 0.721136 
10 2.215 0.921878 0.857233 0.753542 0.332913 -195.179 0.699753 
10 2.22 0.917138 0.849415 0.741917 0.372631 -193.972 0.747926 
10 2.22 0.916556 0.849285 0.743001 0.414889 -194.192 0.756893 
10 2.22 0.917206 0.849541 0.742575 0.372713 -194.178 0.765368 
10 2.225 0.91468 0.845786 0.737092 0.4111 -193.664 0.752722 
10 2.225 0.91564 0.847097 0.738632 0.391009 -193.65 0.754457 
10 2.225 0.915358 0.846796 0.739143 0.400687 -193.877 0.77409 
10 2.23 0.914246 0.844424 0.7343 0.384688 -193.342 0.760644 
10 2.23 0.915294 0.846281 0.737287 0.381986 -193.543 0.76062 
10 2.23 0.913466 0.84373 0.734319 0.417495 -193.286 0.785127 
10 2.235 0.912648 0.841915 0.730816 0.402178 -193.05 0.765786 
10 2.235 0.914564 0.845042 0.735038 0.385434 -193.253 0.755564 
10 2.235 0.912436 0.841762 0.730648 0.412645 -192.897 0.769195 
10 2.24 0.912754 0.842853 0.732829 0.434504 -193.103 0.772002 
10 2.24 0.912508 0.841822 0.73096 0.408523 -193.056 0.77176 
10 2.24 0.91102 0.839357 0.727083 0.419636 -192.578 0.785623 
10 2.245 0.910132 0.837821 0.724792 0.422292 -192.266 0.797338 
10 2.245 0.909418 0.837596 0.725712 0.470157 -192.382 0.816054 
10 2.245 0.908974 0.837039 0.72513 0.481297 -192.36 0.805377 
10 2.25 0.910018 0.837742 0.724476 0.427093 -192.319 0.774572 
10 2.25 0.905846 0.831908 0.71751 0.504488 -191.586 0.828583 
10 2.25 0.908068 0.834668 0.720503 0.448001 -191.994 0.799996 
10 2.255 0.907272 0.833161 0.717573 0.444261 -191.652 0.797085 
10 2.255 0.906018 0.832344 0.71827 0.508867 -191.727 0.826097 
10 2.255 0.905598 0.831393 0.716511 0.500473 -191.465 0.842294 
10 2.26 0.903974 0.828765 0.712846 0.513119 -191.19 0.849879 
10 2.26 0.903838 0.827879 0.710621 0.484755 -190.997 0.826654 
10 2.26 0.904576 0.829309 0.713223 0.488985 -191.175 0.837781 
10 2.265 0.901536 0.823972 0.704748 0.494709 -190.347 0.851902 
10 2.265 0.901894 0.825064 0.706929 0.514418 -190.613 0.85089 
10 2.265 0.901264 0.823792 0.705012 0.508412 -190.469 0.843231 
10 2.27 0.90257 0.825899 0.707814 0.496328 -190.702 0.831953 
10 2.27 0.898812 0.820232 0.70046 0.544886 -190.045 0.856694 
10 2.27 0.901278 0.823667 0.70483 0.50067 -190.477 0.848353 
10 2.275 0.901856 0.824161 0.70425 0.475467 -190.3 0.813743 
10 2.275 0.896422 0.817168 0.697014 0.597607 -189.608 0.892026 
10 2.275 0.89867 0.820088 0.699818 0.548601 -189.925 0.854281 
10 2.28 0.898608 0.819344 0.698315 0.51962 -189.759 0.857059 
10 2.28 0.897456 0.817455 0.695579 0.527541 -189.369 0.891512 
10 2.28 0.897998 0.818493 0.69715 0.530366 -189.594 0.863098 
10 2.285 0.895724 0.81507 0.692418 0.557929 -189.07 0.885527 
10 2.285 0.892442 0.810344 0.686799 0.607953 -188.704 0.907935 
10 2.285 0.893448 0.811325 0.687381 0.572245 -188.732 0.910231 
10 2.29 0.891856 0.809138 0.684399 0.599612 -188.344 0.913805 
10 2.29 0.89343 0.81088 0.686185 0.552967 -188.619 0.881483 
10 2.29 0.893504 0.810975 0.686245 0.551331 -188.605 0.877363 
10 2.295 0.891414 0.808321 0.682889 0.597023 -188.302 0.887301 
10 2.295 0.888168 0.803098 0.676099 0.621138 -187.699 0.921109 
10 2.295 0.890662 0.807161 0.681684 0.604875 -188.088 0.910979 
10 2.3 0.88769 0.802091 0.673989 0.612919 -187.472 0.906013 
10 2.3 0.889786 0.805277 0.678116 0.589487 -187.857 0.881262 
10 2.3 0.889592 0.805101 0.678354 0.596817 -187.931 0.909857 
10 2.305 0.889474 0.804567 0.677039 0.581475 -187.673 0.889611 
10 2.305 0.887236 0.801979 0.674309 0.641723 -187.317 0.919046 
10 2.305 0.887446 0.801403 0.672593 0.60056 -187.2 0.907706 
10 2.31 0.885386 0.798839 0.670016 0.64633 -186.911 0.946069 
10 2.31 0.88334 0.79639 0.667279 0.696975 -186.711 0.963239 
10 2.31 0.883664 0.796105 0.666017 0.659869 -186.662 0.929765 
10 2.315 0.885812 0.798746 0.668552 0.608355 -186.84 0.910996 
10 2.315 0.882254 0.794619 0.665157 0.701826 -186.664 0.946296 
10 2.315 0.882344 0.794303 0.663715 0.68128 -186.254 0.947117 
10 2.32 0.878602 0.788735 0.656586 0.723845 -185.746 0.979881 
10 2.32 0.880398 0.790752 0.658259 0.674622 -185.83 0.956493 
10 2.32 0.8794 0.789994 0.658391 0.717671 -185.721 0.979152 
10 2.325 0.8784 0.788239 0.655958 0.716218 -185.632 0.981927 
10 2.325 0.881276 0.79144 0.658283 0.636245 -185.746 0.922581 
10 2.325 0.875052 0.783878 0.650006 0.781161 -184.908 0.98701 
10 2.33 0.87612 0.784796 0.650729 0.738609 -184.985 0.974413 
10 2.33 0.875242 0.783474 0.649112 0.747882 -184.814 1.00168 
10 2.33 0.873666 0.780889 0.645704 0.755207 -184.67 0.998984 
10 2.335 0.872744 0.779179 0.642873 0.749331 -184.23 1.00687 
10 2.335 0.869094 0.774081 0.636519 0.803302 -183.591 1.00193 
10 2.335 0.870412 0.775983 0.639078 0.786555 -183.865 1.03406 
10 2.34 0.87158 0.777919 0.641561 0.780669 -184.079 1.00089 
10 2.34 0.870044 0.776144 0.640526 0.819128 -184.066 1.03754 
10 2.34 0.868922 0.773435 0.634934 0.786733 -183.558 0.991983 
10 2.345 0.864412 0.7668 0.627084 0.835472 -182.651 1.05405 
10 2.345 0.867258 0.770607 0.631809 0.787657 -183.222 1.03377 
10 2.345 0.868408 0.773189 0.63552 0.812658 -183.554 1.01924 
10 2.35 0.867116 0.770208 0.630371 0.779496 -183.049 1.00002 
10 2.35 0.865066 0.768063 0.629094 0.839308 -183.122 1.02749 
10 2.35 0.86533 0.768973 0.630543 0.858575 -183.046 1.04673 
10 2.355 0.860892 0.761513 0.620258 0.865294 -181.912 1.06954 
10 2.355 0.8608 0.761546 0.620061 0.873437 -182.054 1.04824 
10 2.355 0.859028 0.759792 0.618936 0.92834 -181.923 1.06499 
10 2.36 0.860432 0.760899 0.618461 0.871016 -181.808 1.03743 
10 2.36 0.858942 0.759475 0.618458 0.919236 -181.905 1.05747 
10 2.36 0.860498 0.761551 0.620727 0.893842 -182.179 1.05354 
10 2.365 0.859532 0.759676 0.618085 0.882893 -181.888 1.05987 
10 2.365 0.857688 0.756384 0.612573 0.877606 -181.174 1.07105 
10 2.365 0.860216 0.75978 0.616242 0.837579 -181.607 1.01486 
10 2.37 0.855066 0.752313 0.607234 0.893479 -180.66 1.0895 
10 2.37 0.855014 0.75322 0.609626 0.935489 -180.855 1.09834 
10 2.37 0.854608 0.752205 0.607292 0.921946 -180.57 1.08948 
10 2.375 0.847706 0.741796 0.594255 0.976452 -179.302 1.12914 
10 2.375 0.846012 0.740154 0.593436 1.02811 -179.277 1.12864 
10 2.375 0.85094 0.747595 0.602914 0.989292 -180.139 1.12832 
10 2.38 0.849902 0.74481 0.597492 0.944406 -179.765 1.09345 
10 2.38 0.850452 0.745742 0.598865 0.944274 -179.894 1.07236 
10 2.38 0.845802 0.740298 0.593713 1.04692 -179.421 1.11007 
10 2.385 0.844178 0.738575 0.592569 1.08759 -179.003 1.15925 
10 2.385 0.84278 0.735351 0.586837 1.05129 -178.819 1.14015 
10 2.385 0.847698 0.742569 0.595739 1.00533 -179.31 1.12552 
10 2.39 0.843778 0.736218 0.587236 1.01491 -178.652 1.11444 
10 2.39 0.841884 0.73423 0.585473 1.06534 -178.314 1.15193 
10 2.39 0.841786 0.733655 0.58435 1.04815 -178.398 1.14413 
10 2.395 0.84072 0.731766 0.58202 1.04202 -178.136 1.13877 
10 2.395 0.83878 0.730325 0.580706 1.11786 -177.947 1.14347 
10 2.395 0.83891 0.729288 0.578757 1.06545 -177.77 1.14767 
10 2.4 0.831536 0.719574 0.567672 1.17174 -176.734 1.17071 
10 2.4 0.833114 0.721627 0.56997 1.14782 -176.948 1.17893 
10 2.4 0.832904 0.72319 0.573045 1.22754 -177.011 1.18397 
10 2.405 0.830734 0.717739 0.564723 1.14842 -176.479 1.1625 
10 2.405 0.834092 0.723088 0.571621 1.13839 -177.153 1.13834 
10 2.405 0.832492 0.720191 0.567644 1.12883 -176.626 1.16096 
10 2.41 0.828896 0.715411 0.56222 1.17603 -176.039 1.19786 
10 2.41 0.833008 0.719914 0.566245 1.07931 -176.556 1.15673 
10 2.41 0.82813 0.714813 0.562479 1.20389 -176.196 1.19265 
10 2.415 0.827156 0.712459 0.557818 1.17068 -175.511 1.1875 
10 2.415 0.825194 0.711435 0.558486 1.26251 -175.468 1.22687 
10 2.415 0.828414 0.713618 0.558664 1.13243 -175.832 1.17368 
10 2.42 0.822224 0.705833 0.549486 1.2306 -174.65 1.20488 
10 2.42 0.828356 0.714876 0.561183 1.18604 -175.997 1.16809 
10 2.42 0.824766 0.708892 0.553104 1.18402 -175.22 1.18121 
10 2.425 0.815258 0.696769 0.540009 1.32466 -173.624 1.25299 
10 2.425 0.81993 0.701904 0.544844 1.22141 -174.253 1.20669 
10 2.425 0.82154 0.705477 0.55009 1.25977 -174.595 1.22524 
10 2.43 0.81334 0.693831 0.536345 1.3296 -173.506 1.23356 
10 2.43 0.820264 0.702466 0.544969 1.21947 -174.184 1.2104 
10 2.43 0.816358 0.696999 0.538718 1.25758 -173.866 1.19965 
10 2.435 0.812076 0.691591 0.532664 1.31923 -173.058 1.21666 
10 2.435 0.808716 0.688004 0.530688 1.39559 -172.79 1.27543 
10 2.435 0.811676 0.690964 0.532218 1.32018 -172.867 1.24628 
10 2.44 0.811238 0.69052 0.531679 1.32842 -172.698 1.24803 
10 2.44 0.807808 0.685239 0.525588 1.33956 -172.076 1.27593 
10 2.44 0.807866 0.685161 0.524711 1.33251 -172.237 1.2445 
10 2.445 0.809182 0.6874 0.528359 1.33435 -172.41 1.25326 
10 2.445 0.801782 0.678046 0.517694 1.43932 -171.309 1.30499 
10 2.445 0.79934 0.67477 0.51372 1.46527 -171.012 1.30575 
10 2.45 0.798326 0.672413 0.509639 1.43219 -170.518 1.25709 
10 2.45 0.801436 0.676447 0.515304 1.39377 -171.261 1.26094 
10 2.45 0.802338 0.678335 0.51754 1.4118 -171.307 1.27002 
10 2.455 0.799418 0.673414 0.511015 1.39897 -170.594 1.28504 
10 2.455 0.792584 0.66603 0.504801 1.54137 -170.163 1.31363 
10 2.455 0.796952 0.670984 0.509349 1.46033 -170.51 1.26971 
10 2.46 0.792244 0.663401 0.49914 1.45329 -169.425 1.28961 
10 2.46 0.791834 0.664617 0.501994 1.5291 -169.821 1.27582 
10 2.46 0.78851 0.659205 0.495619 1.52263 -169.176 1.31341 
10 2.465 0.79465 0.667676 0.505459 1.46886 -169.997 1.31369 
10 2.465 0.78812 0.658567 0.49464 1.51863 -168.948 1.31317 
10 2.465 0.784708 0.654982 0.491682 1.5909 -168.695 1.3261 
10 2.47 0.78503 0.654738 0.49044 1.55734 -168.601 1.2999 
10 2.47 0.789624 0.660051 0.495034 1.47954 -168.936 1.29262 
10 2.47 0.787138 0.65675 0.491691 1.5046 -168.49 1.28505 
10 2.475 0.783518 0.65225 0.487361 1.54949 -168.311 1.28403 
10 2.475 0.784528 0.653626 0.489011 1.54108 -168.389 1.33864 
10 2.475 0.784842 0.653592 0.487588 1.5198 -167.955 1.29757 
10 2.48 0.779126 0.646582 0.480589 1.59456 -167.523 1.2898 
10 2.48 0.78028 0.648073 0.481901 1.58212 -167.4 1.32576 
10 2.48 0.779582 0.647587 0.48203 1.6064 -167.606 1.31195 
10 2.485 0.775594 0.641588 0.47452 1.61133 -166.647 1.32262 
10 2.485 0.77351 0.639252 0.472652 1.64727 -166.719 1.34118 
10 2.485 0.768582 0.633042 0.466576 1.70317 -166.131 1.33696 
10 2.49 0.772292 0.637682 0.470474 1.65651 -166.404 1.32159 
10 2.49 0.771116 0.635906 0.468889 1.65809 -166.097 1.34697 
10 2.49 0.769008 0.633757 0.467152 1.70216 -165.906 1.362 
10 2.495 0.765762 0.629842 0.463289 1.74149 -165.618 1.34383 
10 2.495 0.762398 0.62499 0.457316 1.75309 -164.888 1.36893 
10 2.495 0.76643 0.629992 0.461728 1.70649 -165.36 1.31051 
10 2.5 0.763422 0.625243 0.456819 1.69721 -164.778 1.3564 
10 2.5 0.76482 0.627733 0.459066 1.71132 -164.915 1.34556 
10 2.5 0.762208 0.62419 0.456085 1.72916 -164.564 1.37078 
10 2.505 0.759526 0.619979 0.450847 1.72054 -164.178 1.36285 
10 2.505 0.759674 0.620427 0.450723 1.72943 -164.105 1.3559 
10 2.505 0.758312 0.618649 0.449262 1.74099 -163.87 1.36595 
10 2.51 0.757198 0.616937 0.446714 1.73657 -163.566 1.36994 
10 2.51 0.755106 0.614369 0.443937 1.76032 -163.198 1.3419 
10 2.51 0.755006 0.615411 0.446307 1.80785 -163.718 1.3407 
10 2.515 0.754348 0.613222 0.442635 1.7567 -162.991 1.35155 
10 2.515 0.750778 0.609278 0.439526 1.81352 -162.927 1.36381 
10 2.515 0.747884 0.605046 0.434874 1.81773 -162.43 1.38587 
10 2.52 0.74389 0.600624 0.430335 1.87506 -161.614 1.39304 
10 2.52 0.743584 0.599797 0.429217 1.86033 -161.784 1.37634 
10 2.52 0.74535 0.600608 0.428609 1.78817 -161.681 1.35068 
10 2.525 0.744788 0.602216 0.432065 1.88144 -161.932 1.35855 
10 2.525 0.74274 0.599609 0.42938 1.89887 -161.596 1.38123 
10 2.525 0.739812 0.595236 0.424666 1.89758 -160.944 1.43377 
10 2.53 0.737158 0.592575 0.422114 1.94361 -160.803 1.40923 
10 2.53 0.737334 0.592813 0.422418 1.94276 -160.778 1.41113 
10 2.53 0.733406 0.586548 0.415146 1.92345 -160.009 1.41429 
10 2.535 0.733014 0.586614 0.41455 1.94496 -160.056 1.3708 
10 2.535 0.722126 0.574246 0.404165 2.08204 -158.684 1.46469 
10 2.535 0.73028 0.584191 0.414033 2.0072 -159.733 1.4143 
10 2.54 0.729568 0.581819 0.410531 1.95077 -159.462 1.4158 
10 2.54 0.727726 0.57896 0.406048 1.94388 -158.758 1.39469 
10 2.54 0.725682 0.577017 0.404546 1.98437 -158.849 1.39112 
10 2.545 0.725584 0.576262 0.403667 1.95638 -158.797 1.38234 
10 2.545 0.730166 0.582349 0.410147 1.93347 -159.321 1.39731 
10 2.545 0.722696 0.573388 0.401234 2.00781 -158.239 1.41682 
10 2.55 0.723068 0.573928 0.401584 2.00393 -158.29 1.40209 
10 2.55 0.7173 0.568136 0.397598 2.10261 -157.841 1.4425 
10 2.55 0.717428 0.566441 0.394282 2.02895 -157.642 1.41716 
10 2.555 0.717562 0.567214 0.395529 2.04771 -157.693 1.39585 
10 2.555 0.715188 0.564337 0.391481 2.06822 -157.249 1.3922 
10 2.555 0.718794 0.568828 0.39626 2.04161 -157.72 1.39371 
10 2.56 0.712766 0.560835 0.387822 2.06249 -156.589 1.40667 
10 2.56 0.709456 0.557167 0.384146 2.1031 -156.409 1.38436 
10 2.56 0.705332 0.55245 0.380981 2.14675 -155.919 1.4584 
10 2.565 0.715088 0.563016 0.389352 2.01424 -156.711 1.41549 
10 2.565 0.710482 0.558012 0.384957 2.07512 -156.687 1.3889 
10 2.565 0.709472 0.555455 0.380606 2.03135 -155.913 1.38626 
10 2.57 0.695552 0.539335 0.365598 2.16119 -154.014 1.43159 
10 2.57 0.69691 0.542682 0.371341 2.21784 -154.813 1.4375 
10 2.57 0.696964 0.540892 0.36785 2.14524 -154.555 1.41509 
10 2.575 0.699586 0.543698 0.369574 2.10785 -154.809 1.36166 
10 2.575 0.689822 0.53321 0.360431 2.22741 -153.612 1.41779 
10 2.575 0.69175 0.533955 0.359954 2.15287 -153.651 1.39451 
10 2.58 0.69118 0.53341 0.35954 2.15814 -153.376 1.4224 
10 2.58 0.693296 0.536643 0.363443 2.16992 -153.99 1.40393 
10 2.58 0.689284 0.53128 0.357513 2.17704 -153.353 1.39447 
10 2.585 0.683126 0.525252 0.353202 2.26658 -152.65 1.43787 
10 2.585 0.684054 0.525571 0.3525 2.22985 -152.503 1.42549 
10 2.585 0.696332 0.539093 0.364687 2.09729 -154.11 1.36076 
10 2.59 0.681444 0.521423 0.347181 2.20298 -151.846 1.38201 
10 2.59 0.674932 0.515907 0.343631 2.33102 -151.356 1.44236 
10 2.59 0.690774 0.532255 0.357023 2.12687 -153.284 1.34679 
10 2.595 0.671706 0.511861 0.340586 2.33802 -150.828 1.46086 
10 2.595 0.6794 0.519286 0.345667 2.22357 -151.522 1.42801 
10 2.595 0.675734 0.514368 0.340406 2.22549 -150.756 1.44371 
10 2.6 0.67189 0.509817 0.336716 2.24542 -150.781 1.40376 
10 2.6 0.675812 0.514761 0.341029 2.23226 -150.945 1.42645 
10 2.6 0.673054 0.512555 0.340246 2.29049 -150.765 1.45206 
10 2.605 0.67338 0.511613 0.337675 2.23312 -150.258 1.4217 
10 2.605 0.669212 0.506886 0.333456 2.26647 -149.978 1.4266 
10 2.605 0.675194 0.513929 0.340497 2.22811 -150.553 1.4476 
10 2.61 0.662776 0.499761 0.326455 2.31757 -149.154 1.39831 
10 2.61 0.666824 0.502598 0.327324 2.22006 -149.518 1.36511 
10 2.61 0.663908 0.500259 0.326582 2.27912 -149.456 1.39928 
10 2.615 0.65928 0.494322 0.32052 2.28191 -148.788 1.3851 
10 2.615 0.659206 0.495049 0.321557 2.31344 -148.44 1.4173 
10 2.615 0.655914 0.491331 0.318159 2.33682 -147.948 1.4062 
10 2.62 0.651256 0.484905 0.311838 2.3195 -147.519 1.37868 
10 2.62 0.65211 0.488359 0.317259 2.40883 -148.023 1.43109 
10 2.62 0.65261 0.487211 0.313886 2.34012 -147.757 1.37014 
10 2.625 0.64782 0.482118 0.30993 2.37895 -147.053 1.40973 
10 2.625 0.649332 0.483105 0.31022 2.34181 -147.215 1.38595 
10 2.625 0.649714 0.484509 0.313022 2.3764 -147.319 1.41484 
10 2.63 0.64607 0.477907 0.303761 2.30039 -146.573 1.33554 
10 2.63 0.642214 0.47587 0.303999 2.41183 -146.215 1.39898 
10 2.63 0.64796 0.481962 0.309825 2.36158 -147.005 1.40548 
10 2.635 0.636026 0.468195 0.296661 2.41616 -145.433 1.38732 
10 2.635 0.641248 0.47469 0.302566 2.40953 -146.359 1.36928 
10 2.635 0.64226 0.475541 0.303942 2.39254 -145.983 1.41415 
10 2.64 0.637014 0.468323 0.296464 2.36878 -145.238 1.3871 
10 2.64 0.641486 0.474272 0.30186 2.37758 -145.692 1.38429 
10 2.64 0.63602 0.467838 0.296391 2.39836 -145.195 1.39873 
10 2.645 0.629716 0.460062 0.289216 2.40152 -144.289 1.40294 
10 2.645 0.631682 0.463161 0.291925 2.42491 -144.525 1.38811 
10 2.645 0.631276 0.463252 0.292842 2.44773 -144.507 1.40955 
10 2.65 0.624232 0.454498 0.284794 2.44649 -143.275 1.44804 
10 2.65 0.625344 0.454598 0.283328 2.39784 -143.775 1.34819 
10 2.65 0.621084 0.450356 0.280101 2.43815 -143.087 1.37959 
10 2.655 0.61793 0.445502 0.274253 2.3979 -143.019 1.31534 
10 2.655 0.619886 0.448295 0.277032 2.41192 -142.782 1.36962 
10 2.655 0.619216 0.447858 0.277708 2.42673 -142.876 1.37779 
10 2.66 0.614276 0.444091 0.275247 2.50963 -142.495 1.36915 
10 2.66 0.62154 0.450754 0.279471 2.42263 -143.13 1.35191 
10 2.66 0.60791 0.435438 0.266116 2.47683 -141.318 1.35535 
10 2.665 0.609222 0.436855 0.267304 2.46542 -141.788 1.32594 
10 2.665 0.613032 0.441551 0.272253 2.46689 -141.778 1.39755 
10 2.665 0.607498 0.434083 0.264489 2.44011 -141.047 1.36702 
10 2.67 0.606094 0.433206 0.264293 2.46651 -141.186 1.33794 
10 2.67 0.598554 0.425956 0.259467 2.53518 -139.993 1.43211 
10 2.67 0.607874 0.435667 0.267183 2.47776 -140.9 1.40627 
10 2.675 0.598892 0.425399 0.257512 2.49448 -139.936 1.36624 
10 2.675 0.607722 0.434567 0.264075 2.43891 -140.982 1.33124 
10 2.675 0.604416 0.431711 0.262798 2.48195 -140.873 1.34039 
10 2.68 0.593036 0.418242 0.250995 2.48322 -139.184 1.33457 
10 2.68 0.590372 0.415186 0.248418 2.48684 -138.588 1.36546 
10 2.68 0.594136 0.420524 0.253125 2.51965 -139.18 1.36147 
10 2.685 0.579032 0.403935 0.23876 2.55704 -137.203 1.33907 
10 2.685 0.590618 0.416155 0.249118 2.50748 -138.986 1.35235 
10 2.685 0.590744 0.417327 0.251908 2.54558 -139.612 1.33634 
10 2.69 0.585416 0.410659 0.244472 2.52593 -138.328 1.31874 
10 2.69 0.583072 0.408086 0.242915 2.53207 -137.974 1.33508 
10 2.69 0.592024 0.416616 0.248796 2.45813 -138.596 1.33823 
10 2.695 0.580246 0.404371 0.23891 2.51154 -137.298 1.3458 
10 2.695 0.582864 0.406498 0.239152 2.47747 -137.841 1.26374 
10 2.695 0.58701 0.411116 0.243605 2.46885 -138.131 1.30021 
10 2.7 0.580886 0.404294 0.237746 2.47649 -137.341 1.29013 
10 2.7 0.579332 0.402513 0.235938 2.47732 -136.712 1.31438 
10 2.7 0.58073 0.4048 0.238536 2.50196 -137.044 1.33115 
10 2.705 0.57544 0.398922 0.234024 2.50612 -136.376 1.35754 
10 2.705 0.571922 0.394787 0.229624 2.5025 -135.742 1.32426 
10 2.705 0.576326 0.399683 0.234853 2.49653 -136.707 1.32626 
10 2.71 0.572752 0.395789 0.231224 2.49979 -136.118 1.3185 
10 2.71 0.567192 0.38887 0.224461 2.47834 -135.074 1.29827 
10 2.71 0.56612 0.388629 0.224283 2.5143 -135.351 1.29484 
10 2.715 0.562924 0.383679 0.219747 2.46023 -134.483 1.29094 
10 2.715 0.568326 0.390192 0.225103 2.47506 -135.391 1.26766 
10 2.715 0.564228 0.385025 0.220768 2.45569 -134.762 1.27923 
10 2.72 0.562998 0.384028 0.219903 2.46548 -134.299 1.27544 
10 2.72 0.554724 0.3755 0.212541 2.49197 -133.703 1.25092 
10 2.72 0.566208 0.387342 0.222902 2.45406 -135.119 1.25743 
10 2.725 0.549696 0.371428 0.210765 2.54172 -133.174 1.27991 
10 2.725 0.551578 0.372896 0.212012 2.51956 -133.394 1.27366 
10 2.725 0.555024 0.377729 0.216647 2.55695 -133.67 1.31509 
10 2.73 0.550414 0.37176 0.210318 2.52032 -133.09 1.27331 
10 2.73 0.552884 0.373505 0.211473 2.48441 -133.176 1.25605 
10 2.73 0.551724 0.37167 0.209507 2.46414 -133.165 1.22166 
10 2.735 0.550922 0.370009 0.207557 2.43122 -132.56 1.25111 
10 2.735 0.548432 0.369393 0.208614 2.50879 -132.45 1.2813 
10 2.735 0.548154 0.368823 0.208116 2.4991 -132.699 1.2498 
10 2.74 0.5416 0.361484 0.200521 2.48734 -131.791 1.21916 
10 2.74 0.546232 0.366233 0.205021 2.47676 -132.218 1.22754 
10 2.74 0.540692 0.360201 0.200197 2.47641 -131.684 1.22569 
10 2.745 0.540946 0.359686 0.199611 2.4431 -131.338 1.24291 
10 2.745 0.540722 0.360097 0.200057 2.46691 -131.677 1.21826 
10 2.745 0.534772 0.353928 0.195777 2.4753 -130.857 1.23429 
10 2.75 0.531744 0.351887 0.1941 2.51401 -130.218 1.24945 
10 2.75 0.534022 0.352066 0.192533 2.43224 -130.368 1.20403 
10 2.75 0.532154 0.351205 0.192501 2.47334 -130.291 1.21872 
10 2.755 0.533864 0.352981 0.194619 2.46717 -131.02 1.22041 
10 2.755 0.533104 0.352209 0.193337 2.46857 -130.485 1.20654 
10 2.755 0.532838 0.350817 0.191296 2.42834 -130.243 1.20104 
10 2.76 0.528518 0.347024 0.188788 2.45263 -129.686 1.20332 
10 2.76 0.524738 0.343324 0.186615 2.46281 -129.298 1.22436 
10 2.76 0.529162 0.348044 0.190079 2.46492 -129.941 1.2016 
10 2.765 0.525652 0.343519 0.185789 2.43071 -129.087 1.18401 
10 2.765 0.517308 0.335592 0.180829 2.45874 -128.162 1.20173 
10 2.765 0.519484 0.338078 0.182384 2.46705 -128.624 1.18752 
10 2.77 0.51854 0.336913 0.181317 2.45593 -128.259 1.17375 
10 2.77 0.5148 0.333633 0.179327 2.47704 -127.981 1.19249 
10 2.77 0.515704 0.333723 0.178332 2.44667 -128.219 1.16554 
10 2.775 0.510436 0.329599 0.176468 2.48843 -127.252 1.1912 
10 2.775 0.51095 0.328015 0.173132 2.41244 -127.392 1.1498 
10 2.775 0.51312 0.33186 0.177899 2.4709 -127.826 1.17729 
10 2.78 0.508006 0.325943 0.173069 2.44146 -126.818 1.18094 
10 2.78 0.508158 0.325918 0.172517 2.43501 -126.793 1.16248 
10 2.78 0.510504 0.327932 0.173351 2.42152 -127.059 1.16325 
10 2.785 0.507774 0.32522 0.171593 2.41959 -126.993 1.1521 
10 2.785 0.499902 0.318206 0.16655 2.45256 -126.174 1.12972 
10 2.785 0.506352 0.323309 0.169856 2.40276 -126.905 1.13837 
10 2.79 0.506836 0.324231 0.170497 2.41391 -126.446 1.13449 
10 2.79 0.50003 0.317287 0.16552 2.41065 -125.71 1.13744 
10 2.79 0.499226 0.316993 0.165522 2.42892 -125.988 1.14106 
10 2.795 0.498948 0.316078 0.16458 2.40173 -125.666 1.12031 
10 2.795 0.494146 0.310496 0.159353 2.37267 -125.05 1.10593 
10 2.795 0.49825 0.31662 0.165721 2.44604 -125.609 1.14464 
10 2.8 0.490484 0.307828 0.158988 2.40189 -124.438 1.1444 
10 2.8 0.493708 0.31093 0.161113 2.39936 -124.87 1.14167 
10 2.8 0.488662 0.305751 0.15667 2.39143 -124.302 1.11137 
10 2.805 0.489104 0.306501 0.157434 2.3985 -124.338 1.10858 
10 2.805 0.483216 0.30065 0.153376 2.39404 -123.881 1.11256 
10 2.805 0.48804 0.30542 0.156044 2.39706 -124.404 1.09304 
10 2.81 0.488126 0.304176 0.154838 2.34551 -123.474 1.11804 
10 2.81 0.487804 0.304069 0.153802 2.35288 -123.821 1.09281 
10 2.81 0.486974 0.303555 0.154622 2.36341 -123.805 1.11769 
10 2.815 0.479878 0.296359 0.149139 2.34729 -122.647 1.10698 
10 2.815 0.47986 0.297055 0.150054 2.37262 -123.053 1.09007 
10 2.815 0.481842 0.298395 0.151108 2.35251 -123.133 1.0878 
10 2.82 0.476874 0.293999 0.14784 2.36137 -122.295 1.10964 
10 2.82 0.477284 0.293215 0.146336 2.31969 -122.733 1.06011 
10 2.82 0.478256 0.295016 0.148164 2.35061 -122.836 1.09071 
10 2.825 0.47784 0.293374 0.145782 2.30242 -122.326 1.06328 
10 2.825 0.472216 0.288057 0.142327 2.30332 -121.911 1.05298 
10 2.825 0.473564 0.29038 0.14447 2.34043 -122.211 1.0538 
10 2.83 0.473696 0.290186 0.144256 2.32501 -121.88 1.06864 
10 2.83 0.471502 0.287341 0.141608 2.29776 -121.529 1.05066 
10 2.83 0.469448 0.285311 0.140364 2.29433 -121.779 1.04137 
10 2.835 0.465274 0.280763 0.136592 2.26748 -120.894 1.0314 
10 2.835 0.465864 0.282458 0.138687 2.3079 -120.777 1.04748 
10 2.835 0.466858 0.282175 0.137438 2.26522 -120.794 1.0354 
10 2.84 0.468328 0.283295 0.137837 2.25224 -120.749 1.02552 
10 2.84 0.463388 0.281046 0.137872 2.33511 -120.699 1.042 
10 2.84 0.461028 0.276615 0.13326 2.25591 -120.122 1.0119 
10 2.845 0.456798 0.272706 0.130458 2.25104 -119.89 1.00327 
10 2.845 0.458 0.274978 0.132922 2.29222 -119.501 1.01684 
10 2.845 0.462282 0.278254 0.134393 2.26886 -120.451 1.00874 
10 2.85 0.454916 0.271404 0.130423 2.26159 -119.612 1.00202 
10 2.85 0.456554 0.272856 0.131016 2.26017 -119.454 1.01896 
10 2.85 0.455058 0.271401 0.130112 2.25696 -119.498 1.00506 
10 2.855 0.451488 0.267895 0.127396 2.24355 -118.775 1.00926 
10 2.855 0.451558 0.268475 0.128053 2.26166 -118.674 1.00225 
10 2.855 0.455498 0.271407 0.129625 2.23919 -118.906 1.00476 
10 2.86 0.452642 0.268323 0.127631 2.2181 -118.897 0.993762 
10 2.86 0.449284 0.265319 0.125075 2.21897 -118.267 0.983545 
10 2.86 0.444764 0.262053 0.123897 2.24609 -118.029 0.995688 
10 2.865 0.440876 0.258599 0.121349 2.2418 -117.513 0.979308 
10 2.865 0.445698 0.262227 0.123502 2.21919 -117.971 0.996107 
10 2.865 0.447308 0.26307 0.123168 2.19844 -118.209 0.97333 
10 2.87 0.446534 0.262225 0.122445 2.18929 -118.005 0.961448 
10 2.87 0.44761 0.263255 0.123592 2.19164 -117.864 0.985933 
10 2.87 0.440122 0.256483 0.118992 2.18729 -117.155 0.962855 
10 2.875 0.43704 0.253489 0.116568 2.17338 -116.77 0.938471 
10 2.875 0.439626 0.256158 0.118975 2.18736 -116.959 0.98717 
10 2.875 0.431232 0.248071 0.112756 2.16035 -116.087 0.932766 
10 2.88 0.434446 0.251985 0.116584 2.19589 -116.253 0.973919 
10 2.88 0.439172 0.255091 0.118107 2.16037 -116.929 0.9545 
10 2.88 0.437156 0.253592 0.1173 2.16968 -116.602 0.958381 
10 2.885 0.43025 0.246406 0.111801 2.12446 -115.764 0.935674 
10 2.885 0.43135 0.248755 0.113634 2.17305 -116.235 0.926221 
10 2.885 0.428594 0.245535 0.111713 2.14357 -115.625 0.938463 
10 2.89 0.426072 0.242727 0.109057 2.11728 -115.116 0.913764 
10 2.89 0.429494 0.246641 0.112464 2.15143 -115.622 0.944058 
10 2.89 0.430446 0.247789 0.113887 2.16283 -115.823 0.934001 
10 2.895 0.427962 0.244556 0.110283 2.12105 -115.195 0.931025 
10 2.895 0.428162 0.244181 0.109717 2.10219 -115.051 0.926992 
10 2.895 0.422294 0.239472 0.107296 2.11191 -114.792 0.923982 
10 2.9 0.419026 0.235904 0.103925 2.08005 -114.121 0.891019 
10 2.9 0.41932 0.235829 0.104026 2.06895 -114.184 0.907424 
10 2.9 0.422686 0.239961 0.107377 2.11371 -114.879 0.904677 
10 2.905 0.419822 0.236166 0.103896 2.06248 -113.776 0.880913 
10 2.905 0.418444 0.235837 0.10464 2.09094 -114.13 0.906052 
10 2.905 0.419382 0.236493 0.105184 2.08648 -114.259 0.908128 
10 2.91 0.41435 0.232541 0.102639 2.09123 -113.66 0.909385 
10 2.91 0.41832 0.236074 0.105366 2.09907 -113.8 0.924954 
10 2.91 0.417932 0.234467 0.103034 2.05497 -113.819 0.886823 
10 2.915 0.412562 0.229767 0.0999786 2.04319 -113.44 0.895906 
10 2.915 0.411382 0.229077 0.0999937 2.05291 -113.465 0.875614 
10 2.915 0.41361 0.231074 0.101142 2.05836 -113.322 0.885726 
10 2.92 0.405248 0.223453 0.0961145 2.02831 -112.247 0.864458 
10 2.92 0.408524 0.225703 0.0974137 2.01408 -112.647 0.890234 
10 2.92 0.415842 0.232191 0.101574 2.02968 -113.3 0.883675 
10 2.925 0.407734 0.225388 0.0971597 2.0219 -112.531 0.86591 
10 2.925 0.40686 0.224653 0.0962782 2.02113 -112.304 0.856475 
10 2.925 0.409556 0.226381 0.0978136 2.00494 -112.489 0.884488 
10 2.93 0.405256 0.223209 0.095751 2.01286 -111.714 0.85081 
10 2.93 0.404032 0.222404 0.0954576 2.01917 -111.744 0.868473 
10 2.93 0.409042 0.226569 0.0977963 2.02232 -112.627 0.854794 
10 2.935 0.399432 0.218525 0.0933843 2.00952 -111.499 0.86279 
10 2.935 0.40382 0.221788 0.0941454 2.0006 -111.558 0.861901 
10 2.935 0.404264 0.222345 0.0953886 2.00734 -111.792 0.861882 
10 2.94 0.397404 0.215872 0.0908466 1.97083 -110.908 0.846984 
10 2.94 0.397372 0.215608 0.091004 1.9627 -110.503 0.856612 
10 2.94 0.399402 0.217766 0.0925162 1.98109 -111.012 0.849111 
10 2.945 0.39052 0.209626 0.0872796 1.93958 -110.156 0.829285 
10 2.945 0.394654 0.213258 0.0892745 1.95268 -110.434 0.829108 
10 2.945 0.394774 0.213402 0.0890665 1.95436 -110.394 0.83161 
10 2.95 0.393862 0.211544 0.0873623 1.91244 -110.264 0.806508 
10 2.95 0.399092 0.217831 0.0927161 1.98497 -111.083 0.84761 
10 2.95 0.390464 0.208745 0.085819 1.90788 -109.753 0.810854 
10 2.955 0.388634 0.20827 0.0861742 1.93684 -109.614 0.818099 
10 2.955 0.38939 0.208341 0.0858352 1.91934 -109.916 0.802629 
10 2.955 0.387548 0.206282 0.0841764 1.8981 -108.867 0.816478 
10 2.96 0.384978 0.204839 0.0842257 1.91321 -109.298 0.813884 
10 2.96 0.385426 0.205088 0.0840146 1.90997 -108.86 0.811818 
10 2.96 0.3918 0.210458 0.0872997 1.92402 -109.469 0.824411 
10 2.965 0.384832 0.204122 0.0829916 1.88959 -109.18 0.784523 
10 2.965 0.38481 0.204868 0.0840596 1.91531 -109.217 0.807341 
10 2.965 0.385178 0.204072 0.0826581 1.87891 -108.894 0.791216 
10 2.97 0.386734 0.206011 0.08442 1.90059 -109.155 0.802718 
10 2.97 0.381812 0.201 0.0811875 1.85926 -108.353 0.786471 
10 2.97 0.379546 0.199346 0.0798437 1.86166 -108.106 0.787433 
10 2.975 0.380268 0.200905 0.0818337 1.89247 -108.145 0.804684 
10 2.975 0.384024 0.202689 0.0817731 1.85595 -108.588 0.783001 
10 2.975 0.382042 0.201466 0.0812587 1.86589 -108.409 0.793352 
10 2.98 0.381716 0.200775 0.0804821 1.84792 -108.009 0.795188 
10 2.98 0.374486 0.194083 0.0762736 1.80681 -107.282 0.76462 
10 2.98 0.375238 0.196039 0.0785 1.85354 -107.624 0.783794 
10 2.985 0.379544 0.198554 0.0789285 1.82582 -107.351 0.777836 
10 2.985 0.375728 0.195816 0.0771668 1.83064 -107.133 0.770926 
10 2.985 0.373784 0.194446 0.0768745 1.83356 -107.483 0.76022 
10 2.99 0.374868 0.194497 0.0763382 1.80504 -107.153 0.755566 
10 2.99 0.370826 0.191184 0.074632 1.79505 -106.546 0.757708 
10 2.99 0.373518 0.194044 0.0763906 1.82368 -106.893 0.757966 
10 2.995 0.376438 0.195076 0.0762602 1.78198 -107.157 0.753664 
10 2.995 0.373506 0.193598 0.0762023 1.80606 -106.814 0.755554 
10 2.995 0.365846 0.186927 0.0715383 1.7724 -106.067 0.746475 
10 3 0.365482 0.187094 0.072623 1.78389 -106.157 0.747085 
10 3 0.366442 0.187991 0.0729545 1.79037 -106.005 0.753434 
10 3 0.364988 0.186723 0.0721787 1.78356 -106.211 0.749487 
10 3.005 0.362876 0.184742 0.0711251 1.76582 -105.817 0.738321 
10 3.005 0.368938 0.190247 0.074379 1.80139 -106.453 0.752898 
10 3.005 0.367352 0.187922 0.0721285 1.76287 -105.829 0.7287 
10 3.01 0.362638 0.1842 0.0702661 1.75064 -105.604 0.730572 
10 3.01 0.363142 0.184917 0.071189 1.76228 -105.621 0.738412 
10 3.01 0.36525 0.186486 0.0716898 1.7634 -105.591 0.732075 
10 3.015 0.362558 0.183503 0.0695683 1.72651 -105.098 0.728001 
10 3.015 0.358734 0.18063 0.0678967 1.72271 -104.655 0.71437 
10 3.015 0.36221 0.182963 0.0687665 1.71699 -105.083 0.700815 
10 3.02 0.357958 0.1795 0.0672128 1.70087 -104.611 0.724123 
10 3.02 0.354574 0.176972 0.0661504 1.69699 -104.525 0.718517 
10 3.02 0.359006 0.180658 0.0682261 1.71432 -104.679 0.719723 
10 3.025 0.352552 0.175402 0.0653297 1.68956 -104.03 0.72336 
10 3.025 0.355386 0.177163 0.0657345 1.68145 -104.15 0.695269 
10 3.025 0.353248 0.17595 0.0653954 1.69144 -104.283 0.708511 
10 3.03 0.356802 0.177876 0.0656707 1.66894 -104.053 0.702303 
10 3.03 0.355342 0.176596 0.0648895 1.66099 -104.166 0.695131 
10 3.03 0.358454 0.180164 0.0676745 1.70545 -104.567 0.716963 
10 3.035 0.352976 0.176012 0.0653229 1.69422 -103.966 0.699343 
10 3.035 0.355204 0.176617 0.0649208 1.66217 -103.921 0.691007 
10 3.035 0.351954 0.173187 0.062799 1.62489 -103.769 0.676723 
10 3.04 0.356096 0.178489 0.0672039 1.70014 -103.97 0.714083 
10 3.04 0.34934 0.172277 0.0632048 1.65258 -103.332 0.687424 
10 3.04 0.34826 0.171708 0.0630527 1.65866 -103.161 0.70008 
10 3.045 0.344758 0.168941 0.0613284 1.64474 -102.682 0.684647 
10 3.045 0.34851 0.17205 0.0634568 1.66144 -102.771 0.708226 
10 3.045 0.34999 0.172428 0.0631243 1.63989 -103.443 0.67082 
10 3.05 0.344802 0.168572 0.0611345 1.62897 -102.252 0.680184 
10 3.05 0.3457 0.16846 0.060126 1.60496 -102.705 0.663893 
10 3.05 0.343652 0.167874 0.0607167 1.63204 -102.171 0.681004 
10 3.055 0.345364 0.167947 0.0596082 1.59314 -102.449 0.65932 
10 3.055 0.343806 0.168129 0.0608964 1.63426 -102.495 0.680532 
10 3.055 0.34685 0.170046 0.0614416 1.6282 -102.549 0.677562 
10 3.06 0.343544 0.167836 0.0606798 1.62791 -102.075 0.682207 
10 3.06 0.343022 0.166578 0.0590952 1.5985 -101.942 0.666325 
10 3.06 0.343408 0.166463 0.0588938 1.58609 -102.154 0.657158 
10 3.065 0.336808 0.162086 0.0575035 1.58717 -101.757 0.669579 
10 3.065 0.337184 0.162842 0.0583751 1.60356 -101.48 0.668259 
10 3.065 0.344434 0.168431 0.0609096 1.62467 -102.233 0.677328 
10 3.07 0.33941 0.163363 0.0572371 1.56886 -101.189 0.64264 
10 3.07 0.336066 0.161657 0.0573282 1.58687 -101.451 0.659459 
10 3.07 0.333378 0.159606 0.0562939 1.57868 -101.324 0.669861 
10 3.075 0.334302 0.158897 0.0547372 1.53299 -100.914 0.638101 
10 3.075 0.335356 0.160292 0.0564518 1.5554 -101.111 0.662263 
10 3.075 0.336782 0.161531 0.0566309 1.56451 -101.382 0.664522 
10 3.08 0.334366 0.159756 0.0560283 1.55699 -100.935 0.659245 
10 3.08 0.331932 0.156925 0.0537871 1.51773 -100.519 0.639696 
10 3.08 0.333726 0.15845 0.0544407 1.52848 -100.57 0.645348 
10 3.085 0.32912 0.154858 0.0527755 1.50853 -100.181 0.624765 
10 3.085 0.327374 0.154119 0.052596 1.52173 -100.058 0.629688 
10 3.085 0.331156 0.15675 0.0540875 1.52628 -100.433 0.650716 
10 3.09 0.32909 0.1548 0.0526709 1.50485 -99.9294 0.63735 
10 3.09 0.33034 0.156421 0.0537494 1.53062 -100.113 0.632855 
10 3.09 0.327902 0.154283 0.0528744 1.51337 -99.781 0.642119 
10 3.095 0.328556 0.154249 0.0519535 1.49595 -99.5174 0.614134 
10 3.095 0.326536 0.153247 0.0522222 1.50634 -99.6906 0.62745 
10 3.095 0.328456 0.154022 0.0521124 1.49076 -99.8227 0.618715 
10 3.1 0.327202 0.153498 0.0520234 1.49796 -99.659 0.62239 
10 3.1 0.326618 0.152993 0.0517224 1.49398 -99.4982 0.611475 
10 3.1 0.32543 0.15234 0.0515943 1.4979 -99.3594 0.628343 
10 3.105 0.323704 0.150061 0.0495066 1.45819 -98.9105 0.605444 
10 3.105 0.321374 0.148189 0.0485908 1.4463 -98.7278 0.616377 
10 3.105 0.322714 0.149958 0.0499893 1.47548 -99.0469 0.614632 
10 3.11 0.325126 0.151539 0.0510432 1.47371 -98.9012 0.623521 
10 3.11 0.320566 0.148031 0.0490152 1.45556 -98.6654 0.608184 
10 3.11 0.322534 0.149136 0.049585 1.4504 -98.5436 0.615514 
10 3.115 0.31999 0.147567 0.0487018 1.4502 -98.5395 0.606093 
10 3.115 0.323628 0.150042 0.0500988 1.45449 -98.3551 0.631785 
10 3.115 0.320184 0.148317 0.0492087 1.47027 -98.6427 0.607557 
10 3.12 0.319682 0.147135 0.0488105 1.44034 -98.059 0.619398 
10 3.12 0.320012 0.14723 0.0484603 1.4366 -98.2752 0.613861 
10 3.12 0.3201 0.149008 0.0503824 1.4918 -98.7387 0.618562 
10 3.125 0.317588 0.144814 0.0468895 1.40646 -97.7279 0.595069 
10 3.125 0.315454 0.143647 0.0469241 1.41236 -97.8089 0.596515 
10 3.125 0.321366 0.148906 0.0495471 1.46014 -98.2146 0.609622 
10 3.13 0.316878 0.14511 0.0472585 1.42806 -97.5401 0.583918 
10 3.13 0.315128 0.143656 0.0466848 1.41696 -97.209 0.605374 
10 3.13 0.314864 0.143935 0.0471168 1.43118 -97.4628 0.604171 
10 3.135 0.31665 0.145136 0.0474446 1.43122 -97.9006 0.586619 
10 3.135 0.315208 0.143581 0.0466319 1.4107 -97.2234 0.581734 
10 3.135 0.309782 0.13894 0.0439609 1.37083 -97.0758 0.573891 
10 3.14 0.311478 0.14065 0.0447929 1.38955 -96.8634 0.576444 
10 3.14 0.311098 0.139976 0.0447225 1.3756 -96.8893 0.568032 
10 3.14 0.315464 0.144479 0.0475332 1.43191 -97.3518 0.603664 
10 3.145 0.309128 0.139424 0.0447897 1.39473 -96.516 0.588798 
10 3.145 0.308544 0.138025 0.0436686 1.3617 -96.5046 0.576066 
10 3.145 0.307182 0.137384 0.0432656 1.368 -96.0835 0.568027 
10 3.15 0.310806 0.14025 0.0450426 1.38569 -96.606 0.590025 
10 3.15 0.306354 0.137269 0.0437915 1.3783 -96.477 0.572896 
10 3.15 0.309896 0.138967 0.0439631 1.36289 -96.5504 0.572109 
10 3.155 0.302774 0.134596 0.0423718 1.36051 -96.093 0.554582 
10 3.155 0.307768 0.137286 0.0430268 1.34911 -96.0397 0.56893 
10 3.155 0.307264 0.136894 0.0429202 1.34651 -96.0814 0.575256 
10 3.16 0.302226 0.133346 0.0411791 1.32928 -95.515 0.560849 
10 3.16 0.304178 0.134645 0.0418834 1.33293 -95.7194 0.569901 
10 3.16 0.305112 0.135081 0.0418178 1.32872 -95.5129 0.550545 
10 3.165 0.3028 0.133795 0.0417153 1.33039 -95.4243 0.563632 
10 3.165 0.304306 0.134975 0.0420869 1.33881 -95.5914 0.566411 
10 3.165 0.300384 0.131668 0.0406083 1.30925 -95.3874 0.555223 
10 3.17 0.301128 0.132353 0.0409114 1.31465 -95.3657 0.556549 
10 3.17 0.3013 0.132586 0.0411737 1.31876 -95.3367 0.573591 
10 3.17 0.302456 0.133868 0.0416521 1.33717 -95.5446 0.556461 
10 3.175 0.300304 0.131406 0.0401615 1.29839 -95.0719 0.543973 
10 3.175 0.305554 0.135223 0.0413309 1.31842 -95.2743 0.553454 
10 3.175 0.299352 0.130833 0.0399755 1.29832 -94.861 0.549953 
10 3.18 0.299042 0.130476 0.0395405 1.29087 -95.1164 0.537082 
10 3.18 0.298784 0.131285 0.0407129 1.32116 -95.0062 0.549539 
10 3.18 0.29838 0.130771 0.0401186 1.3126 -94.6425 0.555121 
10 3.185 0.298456 0.129232 0.0387451 1.26079 -94.466 0.53795 
10 3.185 0.294722 0.127201 0.0380218 1.26655 -94.3086 0.540338 
10 3.185 0.297688 0.129951 0.039591 1.29775 -94.3946 0.547325 
10 3.19 0.295384 0.127901 0.0386489 1.27427 -94.2545 0.544857 
10 3.19 0.297186 0.129229 0.0390948 1.28242 -94.625 0.544278 
10 3.19 0.297626 0.129052 0.0388413 1.26868 -94.0865 0.543087 
10 3.195 0.296538 0.128312 0.0381796 1.26375 -93.8897 0.539525 
10 3.195 0.292548 0.12557 0.0373125 1.25151 -93.4919 0.527587 
10 3.195 0.291178 0.124974 0.037249 1.25787 -93.5873 0.544202 
10 3.2 0.29311 0.125863 0.0372899 1.24842 -93.7976 0.532894 
10 3.2 0.294946 0.127105 0.0377752 1.2535 -93.5726 0.523136 
10 3.2 0.295112 0.127188 0.0377638 1.25301 -93.9157 0.519623 
10 3.205 0.29273 0.12604 0.0377908 1.25894 -93.3838 0.534729 
10 3.205 0.291994 0.124814 0.0365455 1.23412 -93.3016 0.534134 
10 3.205 0.294952 0.127694 0.0383595 1.26982 -93.601 0.534994 
10 3.21 0.293156 0.125098 0.0365883 1.21987 -93.1644 0.522478 
10 3.21 0.29202 0.124995 0.0370384 1.23735 -93.6214 0.531135 
10 3.21 0.29138 0.124383 0.0365347 1.22994 -93.2914 0.530596 
10 3.215 0.28732 0.121752 0.0352735 1.21925 -92.7883 0.507942 
10 3.215 0.288764 0.122882 0.0356288 1.22854 -92.8096 0.508847 
10 3.215 0.291904 0.124635 0.0362193 1.22636 -93.1256 0.508085 
10 3.22 0.28661 0.121253 0.034981 1.21454 -92.5902 0.516167 
10 3.22 0.285918 0.12094 0.0353261 1.2171 -92.8044 0.517863 
10 3.22 0.292616 0.125658 0.0372588 1.24327 -93.0162 0.526869 
10 3.225 0.288792 0.122028 0.0354489 1.19774 -92.8806 0.500731 
10 3.225 0.291146 0.123399 0.0355691 1.19792 -92.6746 0.507498 
10 3.225 0.286894 0.120542 0.0342566 1.18554 -92.2572 0.498617 
10 3.23 0.286386 0.121192 0.035147 1.21285 -92.3118 0.510989 
10 3.23 0.28608 0.120087 0.0345372 1.18406 -92.1106 0.507124 
10 3.23 0.285484 0.120286 0.0341121 1.20078 -92.1078 0.498547 
10 3.235 0.285234 0.119347 0.0337486 1.1743 -91.5846 0.497665 
10 3.235 0.282856 0.117709 0.0328129 1.16541 -91.5081 0.485203 
10 3.235 0.279676 0.115816 0.0326447 1.1622 -91.5323 0.508802 
10 3.24 0.285028 0.118928 0.0332848 1.16317 -91.7246 0.498045 
10 3.24 0.284852 0.119841 0.0341466 1.19446 -91.4942 0.510885 
10 3.24 0.28145 0.116697 0.0326737 1.15689 -91.377 0.499781 
10 3.245 0.28124 0.116941 0.0329086 1.16627 -91.8167 0.498028 
10 3.245 0.284498 0.11848 0.0333723 1.15687 -91.5304 0.484433 
10 3.245 0.285734 0.120084 0.0342789 1.18458 -91.6116 0.510576 
10 3.25 0.28214 0.117313 0.0330539 1.16031 -90.8884 0.487357 
10 3.25 0.281208 0.115996 0.0317868 1.13594 -91.0493 0.486545 
10 3.25 0.279864 0.115647 0.0321887 1.14841 -90.6735 0.49118 
10 3.255 0.278716 0.115249 0.0323041 1.1541 -91.0113 0.489667 
10 3.255 0.279592 0.115891 0.0325206 1.1588 -91.1499 0.485375 
10 3.255 0.277632 0.113951 0.0316261 1.13278 -90.8881 0.490058 
10 3.26 0.278782 0.114384 0.0312096 1.12469 -90.7145 0.476513 
10 3.26 0.280588 0.115209 0.0310826 1.11901 -90.8019 0.484828 
10 3.26 0.277846 0.114874 0.0324174 1.15568 -90.5131 0.497018 
10 3.265 0.276638 0.113536 0.0315824 1.13346 -90.395 0.498998 
10 3.265 0.275752 0.112818 0.0311183 1.12646 -90.5343 0.488086 
10 3.265 0.277602 0.113006 0.0304315 1.10086 -90.3667 0.474879 
10 3.27 0.273176 0.110723 0.0298877 1.10392 -89.8018 0.484481 
10 3.27 0.276296 0.112731 0.0305346 1.11288 -90.127 0.479782 
10 3.27 0.278314 0.114115 0.0312822 1.121 -90.4461 0.477844 
10 3.275 0.274154 0.110611 0.0295291 1.08245 -89.8393 0.47616 
10 3.275 0.27255 0.110976 0.0304361 1.12038 -89.9372 0.480832 
10 3.275 0.276102 0.112415 0.0305154 1.10481 -90.4384 0.475413 
10 3.28 0.272574 0.110585 0.0299674 1.10634 -89.7045 0.479269 
10 3.28 0.272164 0.109716 0.0291502 1.08665 -89.4642 0.466835 
10 3.28 0.275384 0.112288 0.0306456 1.11133 -90.0712 0.4671 
10 3.285 0.272154 0.109791 0.0294475 1.08745 -89.5721 0.465398 
10 3.285 0.27207 0.109904 0.0296934 1.0923 -89.5023 0.47525 
10 3.285 0.272642 0.110538 0.0298837 1.1021 -89.4509 0.467659 
10 3.29 0.270486 0.10821 0.0284247 1.06526 -89.124 0.460449 
10 3.29 0.26699 0.106589 0.0281367 1.07313 -89.1112 0.45781 
10 3.29 0.273574 0.111524 0.0304536 1.11492 -89.5462 0.466267 
10 3.295 0.267656 0.106363 0.0278601 1.05381 -88.5045 0.464001 
10 3.295 0.270782 0.108337 0.0283853 1.06265 -89.0255 0.447917 
10 3.295 0.271284 0.109534 0.0295196 1.09072 -88.9354 0.468423 
10 3.3 0.27019 0.10778 0.0279907 1.05385 -88.8123 0.451237 
10 3.3 0.269548 0.107481 0.0281419 1.0553 -88.7787 0.46179 
10 3.3 0.26549 0.104797 0.0271222 1.03976 -88.6746 0.461411 
10 3.305 0.26786 0.10667 0.028161 1.05662 -88.3968 0.455398 
10 3.305 0.267798 0.106952 0.0283168 1.06614 -88.6546 0.461944 
10 3.305 0.270908 0.108178 0.0282082 1.05255 -88.5493 0.455886 
10 3.31 0.266024 0.105293 0.0273668 1.04304 -88.1794 0.458352 
10 3.31 0.265652 0.105211 0.0273609 1.04653 -88.3122 0.457991 
10 3.31 0.266928 0.105848 0.027573 1.04524 -88.4351 0.454492 
10 3.315 0.262082 0.102425 0.0262171 1.01775 -87.8967 0.453206 
10 3.315 0.266546 0.105521 0.0272644 1.03994 -87.9815 0.455034 
10 3.315 0.26221 0.102999 0.0264625 1.03304 -87.6666 0.454633 
10 3.32 0.268438 0.106801 0.0279886 1.04644 -88.0042 0.456368 
10 3.32 0.265546 0.104658 0.0268544 1.02841 -87.7475 0.441794 
10 3.32 0.264738 0.104261 0.0268519 1.02938 -87.7271 0.450631 
10 3.325 0.264808 0.104491 0.0270006 1.03363 -87.5276 0.456981 
10 3.325 0.265734 0.105004 0.0270075 1.03427 -87.4034 0.432779 
10 3.325 0.263706 0.103957 0.0268647 1.03507 -87.5947 0.445128 
10 3.33 0.261816 0.101936 0.0257396 1.00264 -87.4918 0.424915 
10 3.33 0.263576 0.103556 0.0263755 1.02355 -87.4614 0.43778 
10 3.33 0.264038 0.103186 0.0259477 1.0051 -87.4172 0.436876 
10 3.335 0.257772 0.099628 0.0251937 0.99495 -87.0002 0.43638 
10 3.335 0.261058 0.101663 0.0255096 1.00485 -87.1226 0.438638 
10 3.335 0.25815 0.100002 0.0252801 1.0003 -87.0046 0.443419 
10 3.34 0.262138 0.102305 0.0258057 1.00566 -86.971 0.438834 
10 3.34 0.26069 0.101357 0.0254702 0.999927 -87.3912 0.429985 
10 3.34 0.260344 0.101367 0.0256318 1.00563 -87.3535 0.436651 
10 3.345 0.257304 0.0987884 0.0243107 0.974082 -86.6012 0.429641 
10 3.345 0.259366 0.100725 0.0255415 1.00014 -86.9268 0.438681 
10 3.345 0.260914 0.100988 0.025047 0.983904 -86.7553 0.443468 
10 3.35 0.256592 0.0985142 0.0244724 0.975364 -86.436 0.427753 
10 3.35 0.259512 0.100294 0.0249653 0.983515 -86.6189 0.443646 
10 3.35 0.261084 0.102068 0.0260456 1.01205 -86.8793 0.43037 
10 3.355 0.258844 0.0998822 0.0251294 0.980088 -86.3968 0.436108 
10 3.355 0.259278 0.100529 0.0251652 0.992651 -86.8612 0.433636 
10 3.355 0.258652 0.0993007 0.0242312 0.965719 -86.4586 0.425208 
10 3.36 0.254668 0.0969963 0.0234732 0.956563 -85.6969 0.433662 
10 3.36 0.256666 0.0986841 0.0243789 0.976389 -86.088 0.430828 
10 3.36 0.257662 0.0984781 0.0238823 0.955012 -86.4137 0.419283 
10 3.365 0.252906 0.0968609 0.0240868 0.977696 -85.9006 0.428497 
10 3.365 0.254338 0.0964096 0.0233141 0.942699 -86.242 0.413639 
10 3.365 0.25462 0.0968818 0.0235506 0.952464 -85.6529 0.416957 
10 3.37 0.256046 0.0984572 0.0244118 0.976192 -85.8993 0.429734 
10 3.37 0.253894 0.096816 0.0236687 0.960053 -85.7573 0.426873 
10 3.37 0.251268 0.0959032 0.0238199 0.972332 -85.6666 0.436255 
10 3.375 0.252192 0.0954512 0.0231373 0.943715 -85.251 0.42592 
10 3.375 0.25165 0.0949383 0.0230006 0.936609 -85.3062 0.416263 
10 3.375 0.252872 0.095676 0.0229908 0.9402 -85.6254 0.413779 
10 3.38 0.250374 0.0943899 0.0227159 0.937951 -85.0205 0.415068 
10 3.38 0.252844 0.0957293 0.0231466 0.940804 -85.0437 0.420829 
10 3.38 0.252784 0.0954632 0.0228102 0.93383 -85.1674 0.427304 
10 3.385 0.250602 0.0947523 0.0230077 0.943897 -85.0026 0.422042 
10 3.385 0.248124 0.0928503 0.0219979 0.924219 -84.9614 0.396957 
10 3.385 0.250322 0.0941559 0.0223894 0.930422 -85.1264 0.414889 
10 3.39 0.25134 0.0946442 0.0226087 0.928388 -85.1489 0.419662 
10 3.39 0.252328 0.0946598 0.0223104 0.914169 -84.6458 0.398466 
10 3.39 0.252012 0.0949987 0.0226318 0.928869 -84.7854 0.411277 
10 3.395 0.247684 0.0920996 0.0214649 0.90581 -84.5922 0.404516 
10 3.395 0.249942 0.0931639 0.021583 0.904061 -85.0528 0.399086 
10 3.395 0.24828 0.0929846 0.0219917 0.923172 -84.6904 0.404223 
10 3.4 0.250894 0.0936714 0.0219324 0.903635 -84.4641 0.407604 
10 3.4 0.250182 0.0934256 0.0218915 0.9069 -84.8401 0.411859 
10 3.4 0.245344 0.0906007 0.020683 0.894325 -84.1002 0.408788 
10 3.405 0.247986 0.0919818 0.0210484 0.895294 -84.4275 0.392499 
10 3.405 0.248834 0.0924801 0.0212845 0.897555 -84.3818 0.401289 
10 3.405 0.248308 0.0939091 0.0230765 0.947203 -84.5248 0.415981 
10 3.41 0.24429 0.0898383 0.0204612 0.884477 -83.8122 0.395997 
10 3.41 0.242942 0.0892962 0.0206665 0.887841 -83.7842 0.39419 
10 3.41 0.243338 0.0897932 0.0208259 0.896768 -83.6533 0.400795 
10 3.415 0.248298 0.0926401 0.0217556 0.907415 -83.897 0.399835 
10 3.415 0.247458 0.0918148 0.0211796 0.895441 -83.9328 0.400618 
10 3.415 0.24548 0.0908147 0.0210357 0.894708 -83.7956 0.39501 
10 3.42 0.250244 0.0938636 0.0221525 0.913495 -83.8137 0.397662 
10 3.42 0.246342 0.0907252 0.0205626 0.878388 -83.7483 0.383775 
10 3.42 0.246246 0.091011 0.0210453 0.888126 -83.723 0.393676 
10 3.425 0.243278 0.0887501 0.0197728 0.863239 -83.4966 0.39016 
10 3.425 0.243442 0.0891342 0.0203613 0.872122 -83.2827 0.389956 
10 3.425 0.244502 0.089999 0.0208927 0.882271 -83.181 0.392561 
10 3.43 0.242384 0.0889221 0.020486 0.879652 -83.3701 0.406128 
10 3.43 0.242566 0.0882352 0.0198531 0.857052 -82.9504 0.384993 
10 3.43 0.24056 0.0880196 0.0202672 0.879023 -83.3296 0.390674 
10 3.435 0.24318 0.089099 0.0204125 0.872272 -83.0314 0.399549 
10 3.435 0.243818 0.0893165 0.0201373 0.869558 -83.0906 0.388584 
10 3.435 0.24522 0.0896579 0.0202353 0.859536 -82.9628 0.386789 
10 3.44 0.242612 0.0885432 0.019897 0.862867 -83.2012 0.378376 
10 3.44 0.242604 0.0886821 0.0201475 0.867017 -82.902 0.396625 
10 3.44 0.239226 0.0871474 0.0200882 0.869719 -82.6782 0.39814 
10 3.445 0.24145 0.0871408 0.0193538 0.837232 -82.5838 0.389643 
10 3.445 0.238398 0.0860017 0.0189466 0.84668 -82.4387 0.376418 
10 3.445 0.239836 0.0859488 0.0187805 0.825181 -82.6342 0.37657 
10 3.45 0.238306 0.085843 0.019096 0.842123 -82.5579 0.383285 
10 3.45 0.24232 0.0890892 0.0207406 0.880296 -82.5166 0.398097 
10 3.45 0.240602 0.0873916 0.0197708 0.855137 -82.4722 0.383581 
10 3.455 0.23922 0.0863209 0.0191178 0.842103 -82.5267 0.384146 
10 3.455 0.239336 0.0862081 0.0190546 0.837232 -81.8915 0.38018 
10 3.455 0.238998 0.0860029 0.0189183 0.835973 -82.4029 0.383073 
10 3.46 0.23786 0.0858676 0.0191816 0.846538 -82.1306 0.375995 
10 3.46 0.239816 0.086955 0.0194513 0.850963 -82.2616 0.376489 
10 3.46 0.235322 0.0833853 0.017819 0.809505 -81.5746 0.368537 
10 3.465 0.241728 0.0878862 0.0197653 0.850038 -82.3798 0.374124 
10 3.465 0.23606 0.0839018 0.0181557 0.813202 -81.8069 0.370738 
10 3.465 0.234354 0.0828465 0.0177451 0.805908 -81.6029 0.356331 
10 3.47 0.238842 0.0858598 0.0188863 0.830383 -81.8022 0.377781 
10 3.47 0.23718 0.0851672 0.0188472 0.833223 -81.7694 0.376168 
10 3.47 0.235936 0.0843914 0.0185518 0.827826 -81.7111 0.372829 
10 3.475 0.235734 0.0840476 0.0183551 0.819483 -81.6283 0.375197 
10 3.475 0.237186 0.085022 0.0187592 0.827763 -81.6644 0.367389 
10 3.475 0.235348 0.0838782 0.0181919 0.819841 -81.5053 0.369046 
10 3.48 0.235626 0.0839011 0.0183086 0.815559 -81.3742 0.369814 
10 3.48 0.235858 0.0838517 0.0181541 0.810998 -81.2205 0.374292 
10 3.48 0.237816 0.084447 0.0181186 0.801451 -81.1789 0.359459 
10 3.485 0.235252 0.0839883 0.0182965 0.821946 -80.9799 0.372 
10 3.485 0.233658 0.0824136 0.017584 0.798207 -80.8378 0.356525 
10 3.485 0.235992 0.0840702 0.0183535 0.814288 -81.1853 0.365576 
10 3.49 0.235248 0.0833134 0.01792 0.801485 -81.0973 0.367847 
10 3.49 0.235848 0.0833469 0.0175761 0.794344 -80.894 0.356457 
10 3.49 0.235548 0.0833652 0.0176962 0.798921 -80.991 0.364518 
10 3.495 0.231796 0.0809254 0.016859 0.778139 -80.5984 0.361093 
10 3.495 0.233288 0.0826434 0.0178676 0.807441 -81.0084 0.375095 
10 3.495 0.235332 0.0832854 0.017716 0.798406 -80.8602 0.365392 
