size temperature m m^2 m^4 mag_sus
16 0.02 1 1 1 0 
16 0.02 1 1 1 0 
16 0.02 1 1 1 0 
16 0.02 1 1 1 0 
16 0.02 1 1 1 0 
16 0.04 1 1 1 0 
16 0.04 1 1 1 0 
16 0.04 1 1 1 0 
16 0.04 1 1 1 0 
16 0.04 1 1 1 0 
16 0.06 1 1 1 0 
16 0.06 1 1 1 0 
16 0.06 1 1 1 0 
16 0.06 1 1 1 0 
16 0.06 1 1 1 0 
16 0.08 1 1 1 0 
16 0.08 1 1 1 0 
16 0.08 1 1 1 0 
16 0.08 1 1 1 0 
16 0.08 1 1 1 0 
16 0.1 1 1 1 0 
16 0.1 1 1 1 0 
16 0.1 1 1 1 0 
16 0.1 1 1 1 0 
16 0.1 1 1 1 0 
16 0.12 1 1 1 0 
16 0.12 1 1 1 0 
16 0.12 1 1 1 0 
16 0.12 1 1 1 0 
16 0.12 1 1 1 0 
16 0.14 1 1 1 0 
16 0.14 1 1 1 0 
16 0.14 1 1 1 0 
16 0.14 1 1 1 0 
16 0.14 1 1 1 0 
16 0.16 1 1 1 0 
16 0.16 1 1 1 0 
16 0.16 1 1 1 0 
16 0.16 1 1 1 0 
16 0.16 1 1 1 0 
16 0.18 1 1 1 0 
16 0.18 1 1 1 0 
16 0.18 1 1 1 0 
16 0.18 1 1 1 0 
16 0.18 1 1 1 0 
16 0.2 1 1 1 0 
16 0.2 1 1 1 0 
16 0.2 1 1 1 0 
16 0.2 1 1 1 0 
16 0.2 1 1 1 0 
16 0.22 1 1 1 0 
16 0.22 1 1 1 0 
16 0.22 1 1 1 0 
16 0.22 1 1 1 0 
16 0.22 1 1 1 0 
16 0.24 1 1 1 0 
16 0.24 1 1 1 0 
16 0.24 1 1 1 0 
16 0.24 1 1 1 0 
16 0.24 1 1 1 0 
16 0.26 1 1 1 0 
16 0.26 1 1 1 0 
16 0.26 1 1 1 0 
16 0.26 1 1 1 0 
16 0.26 1 1 1 0 
16 0.28 1 1 1 0 
16 0.28 1 1 1 0 
16 0.28 1 1 1 0 
16 0.28 1 1 1 0 
16 0.28 1 1 1 0 
16 0.3 1 1 1 0 
16 0.3 1 1 1 0 
16 0.3 1 1 1 0 
16 0.3 1 1 1 0 
16 0.3 1 1 1 0 
16 0.32 1 1 1 0 
16 0.32 1 1 1 0 
16 0.32 1 1 1 0 
16 0.32 1 1 1 0 
16 0.32 1 1 1 0 
16 0.34 1 1 1 0 
16 0.34 1 1 1 0 
16 0.34 1 1 1 0 
16 0.34 1 1 1 0 
16 0.34 1 1 1 0 
16 0.36 1 1 1 0 
16 0.36 1 1 1 0 
16 0.36 1 1 1 0 
16 0.36 1 1 1 0 
16 0.36 1 1 1 0 
16 0.38 1 1 1 0 
16 0.38 1 1 1 0 
16 0.38 1 1 1 0 
16 0.38 1 1 1 0 
16 0.38 1 1 1 0 
16 0.4 1 1 1 0 
16 0.4 1 1 1 0 
16 0.4 1 1 1 0 
16 0.4 1 1 1 0 
16 0.4 1 1 1 0 
16 0.42 1 1 1 0 
16 0.42 1 1 1 0 
16 0.42 1 1 1 0 
16 0.42 1 1 1 0 
16 0.42 1 1 1 0 
16 0.44 1 1 1 0 
16 0.44 1 1 1 0 
16 0.44 1 1 1 0 
16 0.44 1 1 1 0 
16 0.44 1 1 1 0 
16 0.46 1 1 1 0 
16 0.46 1 1 1 0 
16 0.46 1 1 1 0 
16 0.46 1 1 1 0 
16 0.46 1 1 1 0 
16 0.48 1 1 1 0 
16 0.48 1 1 1 0 
16 0.48 0.999999 0.999998 0.999997 3.25488e-06 
16 0.48 1 1 1 0 
16 0.48 0.999999 0.999998 0.999997 3.25488e-06 
16 0.5 1 1 1 0 
16 0.5 1 1 1 0 
16 0.5 1 1 1 0 
16 0.5 1 1 1 0 
16 0.5 1 1 1 0 
16 0.52 1 1 1 0 
16 0.52 0.999999 0.999998 0.999997 3.00451e-06 
16 0.52 1 1 1 0 
16 0.52 0.999999 0.999998 0.999997 3.00451e-06 
16 0.52 1 1 1 0 
16 0.54 0.999999 0.999998 0.999997 2.89323e-06 
16 0.54 0.999999 0.999998 0.999997 2.89323e-06 
16 0.54 1 1 1 0 
16 0.54 0.999999 0.999998 0.999997 2.89323e-06 
16 0.54 1 1 1 0 
16 0.56 0.999998 0.999997 0.999994 5.57924e-06 
16 0.56 0.999999 0.999998 0.999997 2.7899e-06 
16 0.56 1 1 1 0 
16 0.56 0.999997 0.999994 0.999988 1.11562e-05 
16 0.56 0.999997 0.999994 0.999988 1.11562e-05 
16 0.58 0.999999 0.999998 0.999997 2.6937e-06 
16 0.58 0.999998 0.999997 0.999994 5.38685e-06 
16 0.58 0.999997 0.999994 0.999988 1.07716e-05 
16 0.58 0.999998 0.999995 0.999991 8.07947e-06 
16 0.58 0.999998 0.999997 0.999994 5.38685e-06 
16 0.6 0.999998 0.999995 0.999991 7.81016e-06 
16 0.6 0.999998 0.999997 0.999994 5.20729e-06 
16 0.6 0.999997 0.999994 0.999988 1.04125e-05 
16 0.6 0.999997 0.999994 0.999988 1.04125e-05 
16 0.6 0.999994 0.999988 0.999975 2.08167e-05 
16 0.62 0.999998 0.999995 0.999991 7.55822e-06 
16 0.62 0.999996 0.999992 0.999985 1.25945e-05 
16 0.62 0.999995 0.999989 0.999978 1.76288e-05 
16 0.62 0.999995 0.999989 0.999978 1.76288e-05 
16 0.62 0.999997 0.999994 0.999988 1.00766e-05 
16 0.64 0.999991 0.999983 0.999966 2.68259e-05 
16 0.64 0.999994 0.999988 0.999975 1.95156e-05 
16 0.64 0.999996 0.999992 0.999985 1.22009e-05 
16 0.64 0.999995 0.999991 0.999981 1.46396e-05 
16 0.64 0.999996 0.999992 0.999985 1.22009e-05 
16 0.66 0.999984 0.999967 0.999935 4.96115e-05 
16 0.66 0.999988 0.999975 0.999951 3.78182e-05 
16 0.66 0.999988 0.999977 0.999954 3.54581e-05 
16 0.66 0.999991 0.999983 0.999966 2.6013e-05 
16 0.66 0.999987 0.999974 0.999948 4.49126e-05 
16 0.68 0.99998 0.999961 0.999923 5.73012e-05 
16 0.68 0.999987 0.999974 0.999948 4.35917e-05 
16 0.68 0.999973 0.999947 0.999895 7.78594e-05 
16 0.68 0.99998 0.99996 0.99992 6.41829e-05 
16 0.68 0.99998 0.99996 0.99992 5.95873e-05 
16 0.7 0.999984 0.999967 0.999935 4.67766e-05 
16 0.7 0.999973 0.999947 0.999895 8.00991e-05 
16 0.7 0.999979 0.999958 0.999917 6.01051e-05 
16 0.7 0.999986 0.999972 0.999944 4.01062e-05 
16 0.7 0.999984 0.999969 0.999938 4.45536e-05 
16 0.72 0.999969 0.999938 0.999877 9.07986e-05 
16 0.72 0.999977 0.999955 0.999911 6.70918e-05 
16 0.72 0.999968 0.999936 0.999873 8.86109e-05 
16 0.72 0.999969 0.999938 0.999876 8.64583e-05 
16 0.72 0.999968 0.999936 0.999873 8.86109e-05 
16 0.74 0.999956 0.999913 0.999827 0.000117581 
16 0.74 0.999959 0.999919 0.999839 0.000113449 
16 0.74 0.999961 0.999922 0.999846 0.000113492 
16 0.74 0.999964 0.999928 0.999858 9.66816e-05 
16 0.74 0.99995 0.9999 0.999803 0.000146939 
16 0.76 0.999941 0.999882 0.999765 0.000155062 
16 0.76 0.999948 0.999897 0.999796 0.000134795 
16 0.76 0.999934 0.999868 0.999737 0.000173268 
16 0.76 0.999935 0.999871 0.999744 0.000169225 
16 0.76 0.999941 0.999883 0.999768 0.000153038 
16 0.78 0.99992 0.999841 0.999685 0.000214262 
16 0.78 0.999928 0.999857 0.999716 0.000190612 
16 0.78 0.999924 0.999849 0.999701 0.000212458 
16 0.78 0.999941 0.999882 0.999765 0.000151087 
16 0.78 0.999922 0.999844 0.999691 0.000214343 
16 0.8 0.999923 0.999846 0.999694 0.000203164 
16 0.8 0.999905 0.99981 0.999623 0.000247093 
16 0.8 0.999906 0.999813 0.999629 0.000235469 
16 0.8 0.999907 0.999815 0.999632 0.000229656 
16 0.8 0.999897 0.999795 0.999592 0.000262222 
16 0.82 0.999886 0.999773 0.999549 0.000274139 
16 0.82 0.999862 0.999726 0.999457 0.00035614 
16 0.82 0.99987 0.999742 0.999488 0.000330115 
16 0.82 0.999868 0.999737 0.999478 0.000324207 
16 0.82 0.999862 0.999726 0.999457 0.000344707 
16 0.84 0.999859 0.99972 0.999444 0.000347396 
16 0.84 0.999821 0.999644 0.999293 0.000431094 
16 0.84 0.999845 0.999692 0.999389 0.000383333 
16 0.84 0.999852 0.999706 0.999417 0.000363519 
16 0.84 0.999856 0.999714 0.999432 0.000354565 
16 0.86 0.999765 0.999532 0.999071 0.000570385 
16 0.86 0.999802 0.999606 0.999219 0.00048074 
16 0.86 0.99983 0.999661 0.999327 0.000423778 
16 0.86 0.999811 0.999623 0.999253 0.000454476 
16 0.86 0.999824 0.99965 0.999306 0.000428666 
16 0.88 0.99975 0.999502 0.999013 0.000599716 
16 0.88 0.999761 0.999524 0.999056 0.000565761 
16 0.88 0.999783 0.999567 0.999142 0.000508295 
16 0.88 0.999738 0.999479 0.998966 0.000621054 
16 0.88 0.999766 0.999533 0.999075 0.00057706 
16 0.9 0.999706 0.999415 0.99884 0.000673372 
16 0.9 0.999705 0.999414 0.998837 0.000713172 
16 0.9 0.999695 0.999392 0.998794 0.000711305 
16 0.9 0.999715 0.999432 0.998874 0.000662635 
16 0.9 0.999676 0.999354 0.998719 0.000746141 
16 0.92 0.999643 0.999289 0.99859 0.000829 
16 0.92 0.99966 0.999323 0.998658 0.000761001 
16 0.92 0.999623 0.999249 0.99851 0.000879197 
16 0.92 0.999641 0.999284 0.998581 0.000833628 
16 0.92 0.999663 0.999328 0.998667 0.000769935 
16 0.94 0.999587 0.999179 0.998371 0.000914431 
16 0.94 0.999597 0.999197 0.998409 0.000949758 
16 0.94 0.99957 0.999144 0.998304 0.000967005 
16 0.94 0.999577 0.999157 0.998328 0.000938537 
16 0.94 0.999586 0.999176 0.998365 0.000943999 
16 0.96 0.999498 0.999 0.998017 0.0010997 
16 0.96 0.999477 0.998958 0.997934 0.00116066 
16 0.96 0.999479 0.998962 0.997943 0.00117271 
16 0.96 0.999476 0.998956 0.997932 0.0012109 
16 0.96 0.999504 0.999012 0.998041 0.0010623 
16 0.98 0.999364 0.998734 0.997491 0.00142816 
16 0.98 0.999421 0.998847 0.997715 0.0012342 
16 0.98 0.999371 0.998748 0.997519 0.00141932 
16 0.98 0.999412 0.998829 0.997678 0.00126323 
16 0.98 0.999413 0.99883 0.997681 0.00124912 
16 1 0.999293 0.998592 0.997211 0.00154234 
16 1 0.99929 0.998586 0.997199 0.00158496 
16 1 0.999255 0.998516 0.997059 0.00157029 
16 1 0.9993 0.998606 0.997239 0.00153394 
16 1 0.999227 0.99846 0.996949 0.00166248 
16 1.02 0.99919 0.998387 0.996805 0.00176695 
16 1.02 0.999175 0.998358 0.996747 0.00178996 
16 1.02 0.999134 0.998277 0.996586 0.0018677 
16 1.02 0.999145 0.998297 0.996625 0.00178783 
16 1.02 0.999142 0.998292 0.996616 0.00179755 
16 1.04 0.998959 0.997929 0.995896 0.00214029 
16 1.04 0.998968 0.997946 0.99593 0.00214918 
16 1.04 0.998986 0.997982 0.996001 0.00212067 
16 1.04 0.999006 0.998022 0.996082 0.00213071 
16 1.04 0.998996 0.998002 0.996042 0.00212121 
16 1.06 0.998843 0.997698 0.995442 0.00254078 
16 1.06 0.998838 0.997687 0.99542 0.00253034 
16 1.06 0.998886 0.997783 0.995608 0.0022887 
16 1.06 0.998791 0.997593 0.995235 0.00259783 
16 1.06 0.998846 0.997704 0.995454 0.00248946 
16 1.08 0.99869 0.997393 0.994837 0.00268485 
16 1.08 0.998667 0.997348 0.994749 0.00277337 
16 1.08 0.998616 0.997247 0.994548 0.00282314 
16 1.08 0.998695 0.997402 0.994856 0.00267907 
16 1.08 0.998673 0.997361 0.994775 0.0028265 
16 1.1 0.998411 0.996838 0.993742 0.00326461 
16 1.1 0.998403 0.996823 0.99371 0.00323609 
16 1.1 0.998476 0.996967 0.993996 0.0030829 
16 1.1 0.998535 0.997085 0.99423 0.002985 
16 1.1 0.998441 0.996899 0.99386 0.00312074 
16 1.12 0.99817 0.99636 0.992797 0.00369629 
16 1.12 0.998209 0.996436 0.992949 0.0036652 
16 1.12 0.998272 0.996562 0.993197 0.00353893 
16 1.12 0.99823 0.99648 0.993033 0.0035714 
16 1.12 0.998291 0.996601 0.993274 0.00348033 
16 1.14 0.997959 0.995941 0.991975 0.00437531 
16 1.14 0.997923 0.995868 0.991825 0.00411729 
16 1.14 0.997966 0.995953 0.991994 0.00405142 
16 1.14 0.99792 0.995864 0.991818 0.00419322 
16 1.14 0.997921 0.995865 0.991822 0.00421725 
16 1.16 0.997663 0.995353 0.990811 0.00466109 
16 1.16 0.997657 0.995341 0.990786 0.00466541 
16 1.16 0.99767 0.995366 0.990839 0.00478606 
16 1.16 0.99764 0.995306 0.990718 0.00465026 
16 1.16 0.997713 0.995451 0.991004 0.00455372 
16 1.18 0.997371 0.994773 0.98967 0.00527632 
16 1.18 0.997385 0.994801 0.989725 0.0052367 
16 1.18 0.997381 0.994793 0.989707 0.00516739 
16 1.18 0.997337 0.994704 0.989531 0.00518124 
16 1.18 0.997355 0.994743 0.989611 0.00539351 
16 1.2 0.997005 0.994046 0.988236 0.00591152 
16 1.2 0.99705 0.994136 0.988413 0.00580232 
16 1.2 0.997078 0.994192 0.988524 0.00578286 
16 1.2 0.99704 0.994116 0.988375 0.00587676 
16 1.2 0.997091 0.994218 0.988577 0.00579548 
16 1.22 0.996604 0.993251 0.986672 0.00663596 
16 1.22 0.996664 0.99337 0.986903 0.00639691 
16 1.22 0.996713 0.993467 0.987095 0.00628985 
16 1.22 0.99662 0.993284 0.986739 0.00673229 
16 1.22 0.996613 0.993269 0.986708 0.00660064 
16 1.24 0.996353 0.992753 0.985692 0.00698712 
16 1.24 0.996195 0.992441 0.985087 0.00776756 
16 1.24 0.996219 0.992489 0.985178 0.00761018 
16 1.24 0.996252 0.992553 0.985299 0.00716719 
16 1.24 0.996238 0.992525 0.985239 0.00702442 
16 1.26 0.995862 0.991781 0.983783 0.00794548 
16 1.26 0.995805 0.991669 0.983567 0.00824948 
16 1.26 0.995702 0.991464 0.983166 0.00859226 
16 1.26 0.995803 0.991664 0.983553 0.00808056 
16 1.26 0.995806 0.99167 0.983564 0.0080586 
16 1.28 0.995106 0.990284 0.980846 0.00943388 
16 1.28 0.995216 0.990501 0.981273 0.00915758 
16 1.28 0.995311 0.99069 0.981644 0.00912793 
16 1.28 0.995354 0.990774 0.981808 0.00892373 
16 1.28 0.99526 0.990587 0.981435 0.00882587 
16 1.3 0.994881 0.98984 0.979984 0.0101071 
16 1.3 0.9949 0.989876 0.980048 0.00978909 
16 1.3 0.994813 0.989704 0.979713 0.00998241 
16 1.3 0.994733 0.989545 0.979404 0.0102579 
16 1.3 0.994762 0.989604 0.97952 0.0102279 
16 1.32 0.994087 0.988267 0.9769 0.0113542 
16 1.32 0.99423 0.988551 0.977462 0.0113503 
16 1.32 0.994142 0.988379 0.977126 0.0116217 
16 1.32 0.994108 0.988307 0.976974 0.0110509 
16 1.32 0.994255 0.988601 0.97756 0.0113611 
16 1.34 0.993581 0.987268 0.974951 0.0123504 
16 1.34 0.993546 0.987199 0.974816 0.0124634 
16 1.34 0.993596 0.987299 0.975013 0.0124929 
16 1.34 0.993613 0.987333 0.975089 0.012863 
16 1.34 0.99358 0.987266 0.974947 0.0124352 
16 1.36 0.993062 0.986244 0.972952 0.0133072 
16 1.36 0.992846 0.985815 0.972112 0.0135408 
16 1.36 0.992766 0.985659 0.971816 0.0141857 
16 1.36 0.992945 0.986011 0.972496 0.0135123 
16 1.36 0.992898 0.985919 0.972321 0.013801 
16 1.38 0.992162 0.984468 0.969492 0.0150882 
16 1.38 0.99209 0.984326 0.969224 0.0155859 
16 1.38 0.992134 0.984415 0.969399 0.0156064 
16 1.38 0.992077 0.984303 0.969183 0.0158435 
16 1.38 0.992265 0.984669 0.969884 0.0148166 
16 1.4 0.991359 0.982886 0.966424 0.0169527 
16 1.4 0.991265 0.9827 0.966063 0.0171847 
16 1.4 0.991445 0.983054 0.966753 0.0168667 
16 1.4 0.991374 0.982916 0.966483 0.0169717 
16 1.4 0.991277 0.982723 0.966109 0.0172099 
16 1.42 0.990496 0.981187 0.963134 0.0189198 
16 1.42 0.990604 0.9814 0.963548 0.0187655 
16 1.42 0.990468 0.98113 0.963016 0.0186648 
16 1.42 0.990599 0.981388 0.963513 0.0182149 
16 1.42 0.990358 0.980911 0.962582 0.0184634 
16 1.44 0.989696 0.979611 0.960073 0.0200586 
16 1.44 0.989518 0.979262 0.959402 0.0206439 
16 1.44 0.989608 0.979435 0.959724 0.0198499 
16 1.44 0.989628 0.979479 0.959822 0.0204479 
16 1.44 0.989662 0.979544 0.959947 0.0202645 
16 1.46 0.988638 0.977532 0.956054 0.0221223 
16 1.46 0.988685 0.97763 0.956267 0.0231328 
16 1.46 0.98856 0.97738 0.955768 0.0226084 
16 1.46 0.988813 0.97788 0.956741 0.0224696 
16 1.46 0.988655 0.977568 0.956133 0.0225225 
16 1.48 0.987668 0.975623 0.952359 0.0233661 
16 1.48 0.987577 0.975453 0.952067 0.0252076 
16 1.48 0.987652 0.975594 0.952311 0.0237006 
16 1.48 0.987563 0.975423 0.952002 0.0248705 
16 1.48 0.987707 0.975709 0.952557 0.0247952 
16 1.5 0.986451 0.973247 0.94783 0.0276865 
16 1.5 0.98629 0.972931 0.947216 0.0278294 
16 1.5 0.986632 0.973605 0.948528 0.0277212 
16 1.5 0.986767 0.973862 0.948994 0.0261129 
16 1.5 0.986529 0.973398 0.948109 0.0270384 
16 1.51 0.985819 0.972011 0.945464 0.0292617 
16 1.51 0.985958 0.97228 0.945964 0.0282673 
16 1.51 0.98609 0.972537 0.946453 0.0277351 
16 1.51 0.985973 0.972307 0.946012 0.0280141 
16 1.51 0.986079 0.972511 0.946387 0.0270316 
16 1.52 0.985262 0.97092 0.94337 0.0302572 
16 1.52 0.985237 0.970873 0.943284 0.03054 
16 1.52 0.985387 0.971164 0.943836 0.0298944 
16 1.52 0.985277 0.970947 0.943405 0.0295062 
16 1.52 0.985436 0.971257 0.943998 0.0290662 
16 1.53 0.98458 0.969587 0.940818 0.0317046 
16 1.53 0.98491 0.970231 0.942042 0.0305393 
16 1.53 0.984583 0.969587 0.940799 0.0307648 
16 1.53 0.984563 0.969556 0.940765 0.0320151 
16 1.53 0.984671 0.96977 0.941186 0.0322964 
16 1.54 0.983941 0.968335 0.938413 0.0324747 
16 1.54 0.983955 0.968376 0.938541 0.0347292 
16 1.54 0.983976 0.968405 0.938553 0.032645 
16 1.54 0.984209 0.968858 0.939413 0.0318065 
16 1.54 0.983877 0.968218 0.938218 0.0338458 
16 1.55 0.983574 0.967617 0.937039 0.0328709 
16 1.55 0.983163 0.966826 0.935571 0.0357262 
16 1.55 0.983495 0.967464 0.936755 0.0334637 
16 1.55 0.983244 0.96698 0.935855 0.0350427 
16 1.55 0.983399 0.967276 0.93639 0.0334244 
16 1.56 0.98251 0.965547 0.933117 0.0362632 
16 1.56 0.982409 0.965343 0.932699 0.0351913 
16 1.56 0.982756 0.966022 0.933995 0.0347343 
16 1.56 0.982765 0.966042 0.934051 0.0352626 
16 1.56 0.982485 0.965497 0.933014 0.0360736 
16 1.57 0.981787 0.964132 0.930406 0.0369699 
16 1.57 0.981638 0.963854 0.929922 0.0393832 
16 1.57 0.981841 0.964252 0.930689 0.0392791 
16 1.57 0.981845 0.964247 0.930633 0.0371874 
16 1.57 0.981949 0.964457 0.931055 0.037905 
16 1.58 0.980904 0.96243 0.927241 0.0418048 
16 1.58 0.981032 0.962675 0.927688 0.0407101 
16 1.58 0.981353 0.963301 0.92888 0.040075 
16 1.58 0.981161 0.962913 0.928094 0.0383381 
16 1.58 0.981313 0.963206 0.928635 0.0372816 
16 1.59 0.980498 0.961625 0.925661 0.0401178 
16 1.59 0.980071 0.960796 0.924092 0.041254 
16 1.59 0.98065 0.961932 0.926281 0.041512 
16 1.59 0.980206 0.961066 0.924629 0.0421626 
16 1.59 0.980416 0.961462 0.925342 0.0398659 
16 1.6 0.97967 0.960016 0.92262 0.0422279 
16 1.6 0.979692 0.960063 0.922719 0.0425754 
16 1.6 0.979659 0.959989 0.922551 0.0413247 
16 1.6 0.979646 0.959965 0.922503 0.041337 
16 1.6 0.979518 0.959725 0.922084 0.0432011 
16 1.61 0.978951 0.958627 0.92002 0.0448413 
16 1.61 0.978792 0.958316 0.919426 0.044852 
16 1.61 0.978764 0.958269 0.919359 0.0460364 
16 1.61 0.978923 0.958564 0.919867 0.0434208 
16 1.61 0.978695 0.958123 0.919051 0.0445791 
16 1.62 0.97818 0.957125 0.917169 0.0456901 
16 1.62 0.97782 0.956437 0.915909 0.0483161 
16 1.62 0.977705 0.956216 0.915496 0.0486255 
16 1.62 0.978192 0.957152 0.917231 0.0461814 
16 1.62 0.97796 0.956715 0.916457 0.0488821 
16 1.63 0.976944 0.954735 0.912694 0.0495937 
16 1.63 0.977496 0.955809 0.914729 0.0487981 
16 1.63 0.977159 0.955156 0.913498 0.0497496 
16 1.63 0.977094 0.955031 0.913267 0.0499921 
16 1.63 0.976977 0.954807 0.912851 0.0505452 
16 1.64 0.97608 0.953066 0.909565 0.0518911 
16 1.64 0.976099 0.953108 0.909668 0.0528181 
16 1.64 0.976141 0.953188 0.909821 0.0525019 
16 1.64 0.976172 0.953249 0.909938 0.0527525 
16 1.64 0.975934 0.952782 0.909038 0.0524011 
16 1.65 0.975063 0.951095 0.905868 0.0537715 
16 1.65 0.97518 0.95133 0.90634 0.054841 
16 1.65 0.97534 0.951622 0.906828 0.0518789 
16 1.65 0.975723 0.952365 0.908219 0.0509665 
16 1.65 0.974971 0.950919 0.905549 0.0544357 
16 1.66 0.974523 0.950064 0.903988 0.0570155 
16 1.66 0.973886 0.948835 0.901697 0.05885 
16 1.66 0.974084 0.949229 0.902467 0.0599641 
16 1.66 0.974325 0.949686 0.903294 0.0581775 
16 1.66 0.974229 0.949501 0.902953 0.0584665 
16 1.67 0.973223 0.947569 0.899371 0.0620933 
16 1.67 0.973366 0.947838 0.899857 0.060866 
16 1.67 0.973076 0.947286 0.89885 0.0628042 
16 1.67 0.973422 0.947934 0.899996 0.0588978 
16 1.67 0.97353 0.948143 0.900385 0.058706 
16 1.68 0.972451 0.946075 0.896578 0.0631818 
16 1.68 0.972028 0.945274 0.89514 0.0664057 
16 1.68 0.972362 0.945907 0.896269 0.0639433 
16 1.68 0.972116 0.945425 0.895355 0.0632517 
16 1.68 0.972218 0.945638 0.895798 0.065579 
16 1.69 0.971305 0.94385 0.892379 0.0629965 
16 1.69 0.97102 0.943321 0.891464 0.0667303 
16 1.69 0.971077 0.943429 0.891661 0.0664878 
16 1.69 0.97113 0.943535 0.891873 0.0669639 
16 1.69 0.971159 0.94358 0.891922 0.0652686 
16 1.7 0.969915 0.941198 0.887541 0.069769 
16 1.7 0.970011 0.941389 0.887913 0.0704021 
16 1.7 0.969753 0.940904 0.887053 0.0726481 
16 1.7 0.969784 0.940965 0.887173 0.0727396 
16 1.7 0.969912 0.941199 0.887569 0.0708694 
16 1.71 0.968632 0.93874 0.883022 0.0736483 
16 1.71 0.968679 0.938832 0.883187 0.0738836 
16 1.71 0.968984 0.939425 0.884311 0.0739592 
16 1.71 0.969282 0.939968 0.885221 0.0689132 
16 1.71 0.96893 0.939322 0.884133 0.0744963 
16 1.72 0.967834 0.937217 0.880234 0.0764559 
16 1.72 0.967707 0.936959 0.879712 0.0747427 
16 1.72 0.968075 0.937677 0.881078 0.0755481 
16 1.72 0.967909 0.937362 0.880517 0.0766888 
16 1.72 0.967797 0.937136 0.880054 0.0751482 
16 1.73 0.966555 0.93476 0.875694 0.0785784 
16 1.73 0.966302 0.934293 0.874904 0.0820428 
16 1.73 0.966373 0.934428 0.875147 0.0816664 
16 1.73 0.966133 0.933965 0.874279 0.0817953 
16 1.73 0.966644 0.934942 0.876072 0.0801979 
16 1.74 0.965241 0.932281 0.87127 0.0870027 
16 1.74 0.965215 0.932205 0.871044 0.0831227 
16 1.74 0.965086 0.931995 0.87078 0.0889443 
16 1.74 0.965248 0.9323 0.871321 0.0875693 
16 1.74 0.965528 0.932805 0.872141 0.0823844 
16 1.75 0.964148 0.930187 0.867423 0.0887398 
16 1.75 0.964248 0.930384 0.867795 0.0893159 
16 1.75 0.964223 0.930332 0.867689 0.088558 
16 1.75 0.963712 0.929345 0.865844 0.0884661 
16 1.75 0.96438 0.93062 0.86817 0.0863865 
16 1.76 0.962577 0.927184 0.861914 0.0916174 
16 1.76 0.962427 0.926924 0.861521 0.0956546 
16 1.76 0.962724 0.927486 0.86254 0.0943341 
16 1.76 0.962727 0.927455 0.862363 0.0891154 
16 1.76 0.962541 0.927123 0.861839 0.0928453 
16 1.77 0.961319 0.924803 0.857645 0.0968593 
16 1.77 0.961351 0.924851 0.857686 0.0948879 
16 1.77 0.960935 0.924077 0.856338 0.0985125 
16 1.77 0.961835 0.925795 0.859464 0.0966905 
16 1.77 0.961448 0.925045 0.858063 0.095989 
16 1.78 0.960077 0.922439 0.853336 0.0993415 
16 1.78 0.959985 0.922282 0.853113 0.102181 
16 1.78 0.959788 0.921916 0.852483 0.10409 
16 1.78 0.9596 0.921581 0.851947 0.107713 
16 1.78 0.959933 0.922176 0.852903 0.101442 
16 1.79 0.95832 0.91914 0.847492 0.108998 
16 1.79 0.958201 0.91892 0.847121 0.110257 
16 1.79 0.958353 0.919196 0.847576 0.107987 
16 1.79 0.958006 0.918551 0.846459 0.110842 
16 1.79 0.958176 0.918907 0.847204 0.115291 
16 1.8 0.956746 0.916161 0.842146 0.11345 
16 1.8 0.956871 0.916409 0.842613 0.114785 
16 1.8 0.957188 0.917008 0.843695 0.113542 
16 1.8 0.956931 0.916528 0.84286 0.115353 
16 1.8 0.956425 0.915568 0.841119 0.116467 
16 1.81 0.954941 0.912803 0.836302 0.126022 
16 1.81 0.95516 0.913179 0.836841 0.119897 
16 1.81 0.955245 0.913315 0.837017 0.116358 
16 1.81 0.955363 0.913556 0.837504 0.118543 
16 1.81 0.955812 0.914398 0.838994 0.116023 
16 1.82 0.95332 0.909755 0.830872 0.131719 
16 1.82 0.953791 0.910577 0.832145 0.120759 
16 1.82 0.953977 0.910931 0.83279 0.120673 
16 1.82 0.953842 0.910703 0.832462 0.124917 
16 1.82 0.953645 0.910345 0.831864 0.127404 
16 1.83 0.952055 0.907345 0.826503 0.131049 
16 1.83 0.952165 0.907595 0.827091 0.136714 
16 1.83 0.952386 0.907961 0.827591 0.128984 
16 1.83 0.951798 0.906869 0.825687 0.132761 
16 1.83 0.951994 0.907242 0.826361 0.132881 
16 1.84 0.950755 0.904904 0.822195 0.134903 
16 1.84 0.950549 0.904522 0.821518 0.136099 
16 1.84 0.950351 0.90418 0.820997 0.140955 
16 1.84 0.950595 0.904635 0.821803 0.139563 
16 1.84 0.950323 0.904153 0.821041 0.1447 
16 1.85 0.948038 0.899871 0.813477 0.15138 
16 1.85 0.948562 0.90082 0.815061 0.145158 
16 1.85 0.948324 0.900395 0.814373 0.148974 
16 1.85 0.948302 0.900395 0.814486 0.154801 
16 1.85 0.948863 0.901372 0.815996 0.142633 
16 1.86 0.946852 0.897654 0.809597 0.155032 
16 1.86 0.946532 0.897105 0.808766 0.162642 
16 1.86 0.946716 0.897459 0.809436 0.16359 
16 1.86 0.946165 0.89639 0.807424 0.159889 
16 1.86 0.946377 0.896757 0.807975 0.155358 
16 1.87 0.945001 0.894189 0.803495 0.1591 
16 1.87 0.943972 0.892321 0.800399 0.169426 
16 1.87 0.944527 0.893301 0.80194 0.160231 
16 1.87 0.944453 0.893224 0.801951 0.168751 
16 1.87 0.944696 0.893611 0.802459 0.158834 
16 1.88 0.942603 0.889755 0.795865 0.170872 
16 1.88 0.941969 0.888734 0.794483 0.19453 
16 1.88 0.942887 0.890316 0.796932 0.174402 
16 1.88 0.942913 0.890396 0.797119 0.178427 
16 1.88 0.943037 0.890638 0.797561 0.179695 
16 1.89 0.940687 0.886236 0.789861 0.182061 
16 1.89 0.940123 0.885215 0.788094 0.187492 
16 1.89 0.940501 0.885871 0.78919 0.180028 
16 1.89 0.94057 0.886016 0.789501 0.182018 
16 1.89 0.941202 0.887174 0.791443 0.17778 
16 1.9 0.937985 0.881312 0.781621 0.201574 
16 1.9 0.937891 0.881113 0.781186 0.198488 
16 1.9 0.938236 0.881774 0.782387 0.200407 
16 1.9 0.938173 0.881638 0.78207 0.198106 
16 1.9 0.93838 0.882075 0.782958 0.204456 
16 1.91 0.936323 0.878249 0.776366 0.2074 
16 1.91 0.936583 0.878736 0.777193 0.207528 
16 1.91 0.936407 0.878435 0.776792 0.211416 
16 1.91 0.935605 0.877062 0.774677 0.228401 
16 1.91 0.936006 0.877639 0.775212 0.205205 
16 1.92 0.933708 0.8735 0.768338 0.225303 
16 1.92 0.933442 0.872975 0.767455 0.221369 
16 1.92 0.934548 0.875144 0.77132 0.235277 
16 1.92 0.93372 0.873565 0.768646 0.23081 
16 1.92 0.933974 0.873924 0.768964 0.215492 
16 1.93 0.931432 0.869429 0.761789 0.247125 
16 1.93 0.931571 0.86962 0.761999 0.238175 
16 1.93 0.932063 0.870481 0.763264 0.230831 
16 1.93 0.931581 0.869662 0.762069 0.241244 
16 1.93 0.931952 0.870257 0.762922 0.228564 
16 1.94 0.929015 0.864965 0.754176 0.250237 
16 1.94 0.928893 0.864709 0.753615 0.24635 
16 1.94 0.928585 0.864074 0.75242 0.237941 
16 1.94 0.928311 0.863963 0.752986 0.290573 
16 1.94 0.928303 0.863684 0.752089 0.255633 
16 1.95 0.926202 0.859833 0.745537 0.260416 
16 1.95 0.92612 0.859688 0.745333 0.261092 
16 1.95 0.925652 0.85898 0.744409 0.282147 
16 1.95 0.926246 0.860016 0.746079 0.273569 
16 1.95 0.924898 0.857535 0.741922 0.275447 
16 1.96 0.923805 0.855671 0.739037 0.294444 
16 1.96 0.923729 0.855544 0.73868 0.296373 
16 1.96 0.923466 0.854903 0.737451 0.275944 
16 1.96 0.923321 0.854779 0.737612 0.294753 
16 1.96 0.922838 0.8539 0.73612 0.296393 
16 1.97 0.920564 0.849765 0.729182 0.302364 
16 1.97 0.921321 0.851123 0.731464 0.29761 
16 1.97 0.921025 0.850473 0.730113 0.284056 
16 1.97 0.920918 0.850528 0.730751 0.316819 
16 1.97 0.921039 0.850819 0.731197 0.32568 
16 1.98 0.918591 0.846418 0.724033 0.337388 
16 1.98 0.918107 0.845585 0.722778 0.344549 
16 1.98 0.917992 0.845447 0.722737 0.353974 
16 1.98 0.916798 0.843193 0.718954 0.345915 
16 1.98 0.916466 0.842498 0.717613 0.334768 
16 1.99 0.915852 0.84132 0.715509 0.326287 
16 1.99 0.914016 0.83821 0.710873 0.358319 
16 1.99 0.914473 0.839056 0.712283 0.359411 
16 1.99 0.91457 0.839314 0.712717 0.369918 
16 1.99 0.914327 0.838712 0.711545 0.34974 
16 2.5 0.391552 0.203751 0.0761838 5.16483 
16 2.5 0.386727 0.199856 0.0743126 5.15055 
16 2.5 0.39089 0.203741 0.0766623 5.21685 
16 2.5 0.389724 0.20231 0.0756138 5.1635 
16 2.5 0.391763 0.204237 0.0767133 5.19766 
16 2.51 0.377087 0.192535 0.0708851 5.13436 
16 2.51 0.378208 0.192914 0.0702333 5.08659 
16 2.51 0.377507 0.191812 0.0697863 5.02827 
16 2.51 0.380534 0.193947 0.0703992 5.01197 
16 2.51 0.376482 0.191866 0.0700614 5.11255 
16 2.52 0.370425 0.18594 0.0660598 4.9499 
16 2.52 0.369449 0.184727 0.0655228 4.89996 
16 2.52 0.366955 0.183239 0.0649732 4.93543 
16 2.52 0.368993 0.184559 0.0653769 4.91719 
16 2.52 0.370393 0.185582 0.0657488 4.91595 
16 2.53 0.360064 0.17679 0.0608961 4.77027 
16 2.53 0.355916 0.173799 0.0595915 4.76809 
16 2.53 0.357105 0.175228 0.0606376 4.82696 
16 2.53 0.361506 0.177996 0.061619 4.78703 
16 2.53 0.359124 0.175627 0.0600737 4.72098 
16 2.54 0.350445 0.168715 0.0566146 4.62643 
16 2.54 0.346913 0.166237 0.0554169 4.62498 
16 2.54 0.351812 0.170534 0.0579621 4.71301 
16 2.54 0.352709 0.170913 0.0579003 4.68759 
16 2.54 0.354705 0.172202 0.0584103 4.67518 
16 2.55 0.341441 0.161546 0.0526542 4.5141 
16 2.55 0.345948 0.164915 0.0545675 4.54131 
16 2.55 0.338261 0.1594 0.0519861 4.51562 
16 2.55 0.342562 0.162332 0.05325 4.51596 
16 2.55 0.344841 0.164102 0.0540721 4.5364 
16 2.56 0.329805 0.152313 0.0482814 4.35409 
16 2.56 0.331968 0.154244 0.0490534 4.40409 
16 2.56 0.328245 0.151136 0.0475798 4.33909 
16 2.56 0.333073 0.154949 0.049449 4.40107 
16 2.56 0.335428 0.156539 0.0502104 4.40269 
16 2.57 0.327357 0.150362 0.047176 4.30312 
16 2.57 0.322484 0.146838 0.0454395 4.26747 
16 2.57 0.324857 0.148311 0.0460561 4.26123 
16 2.57 0.328305 0.150372 0.046624 4.24225 
16 2.57 0.326716 0.148801 0.0460727 4.18934 
16 2.58 0.31986 0.143439 0.0432322 4.08097 
16 2.58 0.318205 0.142487 0.0428677 4.09126 
16 2.58 0.317341 0.14204 0.0427646 4.10138 
16 2.58 0.314551 0.140377 0.0422961 4.11139 
16 2.58 0.316195 0.14218 0.0433705 4.18742 
16 2.59 0.310927 0.137229 0.0407027 4.00833 
16 2.59 0.310763 0.136758 0.0400929 3.97188 
16 2.59 0.306513 0.134139 0.03908 3.97231 
16 2.59 0.310507 0.137389 0.0408255 4.04995 
16 2.59 0.310628 0.136781 0.03998 3.98246 
16 2.6 0.302964 0.131618 0.037907 3.92176 
16 2.6 0.302688 0.130741 0.0373504 3.85185 
16 2.6 0.309424 0.134545 0.0385754 3.82044 
16 2.6 0.305072 0.132738 0.0384949 3.90585 
16 2.6 0.301924 0.129727 0.036696 3.79752 
16 2.61 0.300005 0.128956 0.0367551 3.8206 
16 2.61 0.295818 0.124322 0.0339508 3.61087 
16 2.61 0.298545 0.127332 0.0354024 3.74716 
16 2.61 0.298647 0.127199 0.035515 3.72806 
16 2.61 0.299499 0.127393 0.0353439 3.69707 
16 2.62 0.292889 0.122781 0.033337 3.615 
16 2.62 0.291368 0.122057 0.0330757 3.63108 
16 2.62 0.287669 0.119727 0.0325306 3.6127 
16 2.62 0.290709 0.12104 0.0326889 3.5692 
16 2.62 0.293886 0.123007 0.0330678 3.57993 
16 2.63 0.287637 0.11951 0.0320579 3.57968 
16 2.63 0.286934 0.118019 0.0310419 3.47377 
16 2.63 0.287226 0.119446 0.0319726 3.59638 
16 2.63 0.285977 0.117949 0.0313492 3.52029 
16 2.63 0.284952 0.117821 0.0314144 3.56491 
16 2.64 0.279617 0.113567 0.0295192 3.43093 
16 2.64 0.281154 0.114357 0.0298903 3.42398 
16 2.64 0.279666 0.113299 0.029299 3.40228 
16 2.64 0.277192 0.111074 0.0281097 3.32009 
16 2.64 0.283922 0.116096 0.0302959 3.44087 
16 2.65 0.274625 0.10943 0.0275716 3.2856 
16 2.65 0.271486 0.106871 0.0263098 3.20396 
16 2.65 0.2747 0.109735 0.0276076 3.31107 
16 2.65 0.27849 0.111619 0.0283052 3.29058 
16 2.65 0.274715 0.109058 0.027338 3.24492 
16 2.66 0.267414 0.104273 0.0254778 3.15314 
16 2.66 0.270159 0.106675 0.0264907 3.24224 
16 2.66 0.26851 0.10549 0.0261497 3.21371 
16 2.66 0.271596 0.107268 0.0266166 3.22443 
16 2.66 0.271497 0.107819 0.0270552 3.28259 
16 2.67 0.264087 0.102731 0.0251116 3.16293 
16 2.67 0.262215 0.100885 0.0242206 3.08044 
16 2.67 0.262355 0.101141 0.0241973 3.09796 
16 2.67 0.264594 0.101561 0.0238184 3.02511 
16 2.67 0.26349 0.101987 0.0249051 3.12185 
16 2.68 0.25792 0.0982129 0.0230959 3.02715 
16 2.68 0.255283 0.095804 0.0219941 2.9263 
16 2.68 0.257111 0.0968503 0.0221485 2.93676 
16 2.68 0.261195 0.0992288 0.0229413 2.96178 
16 2.68 0.258666 0.0977456 0.0223746 2.94565 
16 2.69 0.252863 0.0944343 0.021526 2.90207 
16 2.69 0.258521 0.0980666 0.0227925 2.9724 
16 2.69 0.2575 0.0973008 0.0225581 2.94967 
16 2.69 0.254114 0.0951015 0.0218714 2.90523 
16 2.69 0.255797 0.0966532 0.0223727 2.97123 
16 2.7 0.248628 0.0913545 0.0201094 2.8007 
16 2.7 0.250384 0.0922614 0.0203538 2.80362 
16 2.7 0.250644 0.0927291 0.020634 2.83561 
16 2.7 0.248295 0.0913759 0.0202985 2.81844 
16 2.7 0.24752 0.0906794 0.0202387 2.78884 
16 2.71 0.246337 0.0905863 0.0199548 2.82489 
16 2.71 0.248252 0.0905996 0.0196968 2.73672 
16 2.71 0.245661 0.089236 0.0192313 2.72878 
16 2.71 0.248856 0.0910301 0.0200248 2.74899 
16 2.71 0.24763 0.0900874 0.0192715 2.71747 
16 2.72 0.243566 0.0870479 0.0181777 2.60929 
16 2.72 0.238669 0.0850746 0.0179955 2.64582 
16 2.72 0.241913 0.0863255 0.0181231 2.6168 
16 2.72 0.244005 0.0882737 0.0188439 2.70451 
16 2.72 0.243592 0.0869988 0.0180014 2.60345 
16 2.73 0.239316 0.084759 0.0176148 2.5775 
16 2.73 0.239059 0.0847398 0.0176018 2.58726 
16 2.73 0.238276 0.0843636 0.0173871 2.58703 
16 2.73 0.236972 0.0835301 0.0171574 2.56698 
16 2.73 0.239202 0.0848436 0.0176619 2.59059 
16 2.74 0.236484 0.0831665 0.0171554 2.54524 
16 2.74 0.233455 0.0811906 0.016447 2.49362 
16 2.74 0.233713 0.0816902 0.0165913 2.52901 
16 2.74 0.234011 0.0812254 0.0163163 2.47258 
16 2.74 0.233717 0.0819033 0.0168247 2.54875 
16 2.75 0.229531 0.0785855 0.0154807 2.41114 
16 2.75 0.233359 0.0808186 0.0160924 2.4541 
16 2.75 0.235336 0.0819651 0.0164627 2.47455 
16 2.75 0.231048 0.0796222 0.0157719 2.44259 
16 2.75 0.231053 0.0798591 0.0159039 2.46445 
16 2.76 0.228793 0.0783251 0.0154029 2.40963 
16 2.76 0.226371 0.0768444 0.0148157 2.37454 
16 2.76 0.228895 0.0776913 0.0148814 2.3465 
16 2.76 0.228116 0.0777164 0.0152228 2.38185 
16 2.76 0.228379 0.0779748 0.0151509 2.3947 
16 2.77 0.226471 0.0768751 0.0148841 2.36462 
16 2.77 0.223348 0.0752252 0.014505 2.34199 
16 2.77 0.221682 0.0742236 0.0140421 2.31792 
16 2.77 0.225524 0.075913 0.0144575 2.31526 
16 2.77 0.224923 0.075639 0.0143312 2.31495 
16 2.78 0.221494 0.0735746 0.0136042 2.25751 
16 2.78 0.219661 0.0715724 0.012787 2.14759 
16 2.78 0.222779 0.0743564 0.0139794 2.27692 
16 2.78 0.221621 0.0737113 0.0137758 2.2649 
16 2.78 0.22072 0.0733578 0.0137184 2.26907 
16 2.79 0.219086 0.0722881 0.0133963 2.22871 
16 2.79 0.217441 0.0711017 0.0129623 2.18572 
16 2.79 0.219028 0.0722184 0.0133645 2.22464 
16 2.79 0.216975 0.0707696 0.012774 2.17384 
16 2.79 0.219398 0.0719089 0.0129237 2.18138 
16 2.8 0.216871 0.0706338 0.0127258 2.15778 
16 2.8 0.212237 0.0682936 0.0122293 2.12561 
16 2.8 0.215912 0.0700394 0.0126924 2.1414 
16 2.8 0.215423 0.0699567 0.0125551 2.15309 
16 2.8 0.215016 0.0696442 0.0124004 2.14054 
16 2.81 0.213033 0.0680298 0.0118107 2.0632 
16 2.81 0.212841 0.0677425 0.0116153 2.04445 
16 2.81 0.211407 0.0681002 0.0122279 2.13248 
16 2.81 0.210483 0.0670018 0.0117342 2.06793 
16 2.81 0.210394 0.0669899 0.0117088 2.07026 
16 2.82 0.209018 0.0657981 0.0111765 2.00711 
16 2.82 0.209466 0.0662175 0.0113397 2.02817 
16 2.82 0.208008 0.0647642 0.0107743 1.9515 
16 2.82 0.210995 0.0670968 0.0115396 2.04962 
16 2.82 0.206793 0.064691 0.0107684 1.9906 
16 2.83 0.204106 0.0633635 0.0106842 1.96334 
16 2.83 0.205845 0.0641718 0.0106928 1.972 
16 2.83 0.206559 0.0642313 0.0106935 1.95074 
16 2.83 0.208412 0.0653821 0.0109931 1.98528 
16 2.83 0.206954 0.0647569 0.0109529 1.9835 
16 2.84 0.205523 0.0636318 0.0103987 1.92832 
16 2.84 0.201006 0.061113 0.00973347 1.86677 
16 2.84 0.201904 0.0618786 0.0100731 1.90318 
16 2.84 0.202407 0.0622608 0.010208 1.9193 
16 2.84 0.20457 0.0631885 0.0102848 1.92356 
16 2.85 0.201595 0.0611966 0.00973503 1.84643 
16 2.85 0.202147 0.0616519 0.00987432 1.86732 
16 2.85 0.203618 0.0627285 0.0100788 1.91041 
16 2.85 0.20159 0.0615954 0.0100119 1.88245 
16 2.85 0.202173 0.0616332 0.00994116 1.86471 
16 2.86 0.198519 0.0597232 0.00937766 1.81827 
16 2.86 0.196566 0.058932 0.00937617 1.81652 
16 2.86 0.198094 0.0590829 0.00917706 1.77605 
16 2.86 0.19888 0.0596635 0.00929734 1.80006 
16 2.86 0.196837 0.0588411 0.00918792 1.79884 
16 2.87 0.198032 0.0590898 0.00906635 1.77266 
16 2.87 0.198184 0.0592504 0.00922191 1.7816 
16 2.87 0.197488 0.0590044 0.00906919 1.78422 
16 2.87 0.199935 0.0603286 0.00938925 1.8156 
16 2.87 0.196691 0.058591 0.009181 1.77539 
16 2.88 0.193971 0.0573833 0.00872549 1.75631 
16 2.88 0.19647 0.0587163 0.0090063 1.78809 
16 2.88 0.194351 0.0573109 0.00876227 1.73677 
16 2.88 0.196091 0.0583157 0.00895466 1.7657 
16 2.88 0.194605 0.0577212 0.00893392 1.76446 
16 2.89 0.191491 0.0557667 0.00822664 1.69173 
16 2.89 0.191759 0.0562175 0.0085573 1.72254 
16 2.89 0.19107 0.0555162 0.00831967 1.68381 
16 2.89 0.190598 0.0557751 0.0084624 1.72267 
16 2.89 0.191822 0.0553766 0.00804847 1.64593 
16 2.9 0.190071 0.055019 0.00807565 1.6677 
16 2.9 0.190565 0.0553539 0.00808087 1.68068 
16 2.9 0.190627 0.0551157 0.00800876 1.65758 
16 2.9 0.18968 0.0545137 0.00788327 1.63622 
16 2.9 0.188066 0.0541216 0.00792572 1.65543 
16 2.91 0.187787 0.0534699 0.0075243 1.60163 
16 2.91 0.186534 0.0528399 0.00737759 1.58748 
16 2.91 0.185804 0.053214 0.00783539 1.64429 
16 2.91 0.189321 0.0544897 0.00800182 1.64044 
16 2.91 0.186726 0.0537005 0.00791252 1.65688 
16 2.92 0.185635 0.0523776 0.00736299 1.57083 
16 2.92 0.186867 0.0536156 0.00780981 1.63912 
16 2.92 0.184705 0.0520295 0.00725657 1.57049 
16 2.92 0.185314 0.0524716 0.00736434 1.5895 
16 2.92 0.187563 0.0532363 0.00746622 1.58302 
16 2.93 0.183492 0.0513154 0.00707018 1.54177 
16 2.93 0.181836 0.050662 0.00701864 1.53754 
16 2.93 0.183443 0.0516029 0.00723316 1.56847 
16 2.93 0.183324 0.0513693 0.00708985 1.55186 
16 2.93 0.180929 0.050684 0.00706144 1.56822 
16 2.94 0.180017 0.0498554 0.00677345 1.51938 
16 2.94 0.180875 0.0502118 0.00687105 1.52346 
16 2.94 0.181585 0.0499774 0.00659278 1.48064 
16 2.94 0.181343 0.0502255 0.00682109 1.5099 
16 2.94 0.181684 0.0504253 0.00676457 1.5165 
16 2.95 0.181909 0.0505675 0.00689333 1.51663 
16 2.95 0.17932 0.0489972 0.00648281 1.4615 
16 2.95 0.182913 0.0507408 0.00680569 1.49988 
16 2.95 0.179933 0.0490609 0.00640405 1.44792 
16 2.95 0.180578 0.0496584 0.00664393 1.47959 
16 2.96 0.17696 0.0479876 0.00621983 1.44196 
16 2.96 0.176977 0.0481 0.0063858 1.45118 
16 2.96 0.180375 0.0496781 0.00667475 1.48263 
16 2.96 0.177328 0.0480422 0.00619756 1.43541 
16 2.96 0.176602 0.0478565 0.00619519 1.44157 
16 2.97 0.174453 0.0469184 0.00604261 1.42089 
16 2.97 0.17562 0.0469771 0.00595325 1.39075 
16 2.97 0.177688 0.048233 0.00630274 1.436 
16 2.97 0.174127 0.0464267 0.00585712 1.38832 
16 2.97 0.176168 0.0475699 0.00613279 1.42521 
16 2.98 0.173409 0.0464693 0.00598241 1.40875 
16 2.98 0.17652 0.0479082 0.00629333 1.43885 
16 2.98 0.174598 0.0467838 0.00605961 1.4002 
16 2.98 0.175798 0.0475616 0.00618818 1.4309 
16 2.98 0.175361 0.0474094 0.00619031 1.43102 
16 2.99 0.172156 0.0455959 0.00569349 1.36632 
16 2.99 0.17263 0.0457129 0.00574006 1.36233 
16 2.99 0.173727 0.0460453 0.00573362 1.35826 
16 2.99 0.174311 0.046365 0.00583461 1.36825 
16 2.99 0.175488 0.0470619 0.00594495 1.39265 
16 3 0.171645 0.0449457 0.00550204 1.32126 
16 3 0.172008 0.0452715 0.00562078 1.33843 
16 3 0.172423 0.0453064 0.00550186 1.32922 
16 3 0.171258 0.0450873 0.00565589 1.34469 
16 3 0.173771 0.0459925 0.00566592 1.34793 
16 3.02 0.169441 0.0437104 0.00511556 1.27154 
16 3.02 0.168862 0.0436151 0.00513306 1.28005 
16 3.02 0.169419 0.0439382 0.00523036 1.29149 
16 3.02 0.168259 0.0435779 0.00521505 1.29415 
16 3.02 0.167039 0.0429812 0.00509392 1.27823 
16 3.04 0.165067 0.0419386 0.00489114 1.23717 
16 3.04 0.163403 0.0413886 0.00483483 1.23688 
16 3.04 0.165268 0.0421102 0.00490047 1.24604 
16 3.04 0.165913 0.0423997 0.0049655 1.25242 
16 3.04 0.165285 0.0420618 0.0049544 1.24148 
16 3.06 0.165227 0.0417002 0.00474043 1.20472 
16 3.06 0.163103 0.0408938 0.0046303 1.1956 
16 3.06 0.161323 0.04027 0.00451492 1.19173 
16 3.06 0.164355 0.0416389 0.00485065 1.22365 
16 3.06 0.162174 0.0406748 0.00460631 1.20256 
16 3.08 0.160574 0.0398812 0.00443747 1.17171 
16 3.08 0.16021 0.0397166 0.00444442 1.16773 
16 3.08 0.159027 0.0390122 0.00429385 1.14059 
16 3.08 0.160334 0.0394258 0.00429866 1.14025 
16 3.08 0.158112 0.0386763 0.00421 1.13679 
16 3.1 0.158565 0.0385666 0.00406528 1.10854 
16 3.1 0.156395 0.0376467 0.00398404 1.08903 
16 3.1 0.156498 0.0378833 0.00404173 1.1059 
16 3.1 0.159383 0.0389405 0.00416141 1.11795 
16 3.1 0.158777 0.0388457 0.00417047 1.12603 
16 3.12 0.154255 0.0368043 0.0038422 1.06747 
16 3.12 0.155667 0.037045 0.00377308 1.0513 
16 3.12 0.156346 0.0374238 0.0038561 1.065 
16 3.12 0.153043 0.0364807 0.00377437 1.07147 
16 3.12 0.155635 0.0372908 0.003869 1.07229 
16 3.14 0.151965 0.035668 0.00356601 1.0252 
16 3.14 0.153723 0.0365059 0.00372187 1.04968 
16 3.14 0.153659 0.0366126 0.00382226 1.05999 
16 3.14 0.150859 0.0350247 0.00337408 1.00006 
16 3.14 0.152929 0.0362311 0.00368353 1.04714 
16 3.16 0.152964 0.0359612 0.00357985 1.01778 
16 3.16 0.15086 0.0352132 0.00351802 1.00896 
16 3.16 0.151897 0.0355028 0.00348878 1.007 
16 3.16 0.150402 0.0348023 0.00333616 0.986847 
16 3.16 0.150376 0.0349436 0.00344623 0.998948 
16 3.18 0.147759 0.0336977 0.00319182 0.955157 
16 3.18 0.149849 0.035116 0.00362723 1.01927 
16 3.18 0.149376 0.0341567 0.00321618 0.953449 
16 3.18 0.146537 0.0333633 0.00316172 0.957202 
16 3.18 0.147886 0.0340603 0.0033581 0.98134 
16 3.2 0.146985 0.033252 0.00305762 0.931793 
16 3.2 0.148326 0.0338163 0.00314353 0.945262 
16 3.2 0.14463 0.0324547 0.00297904 0.922938 
16 3.2 0.145455 0.0327788 0.00303778 0.929723 
16 3.2 0.147708 0.0336603 0.00318657 0.947416 
16 3.22 0.143155 0.0316705 0.00284646 0.888628 
16 3.22 0.14395 0.0320782 0.00289378 0.902888 
16 3.22 0.146556 0.0328532 0.00295307 0.904304 
16 3.22 0.14595 0.0328941 0.00300324 0.921659 
16 3.22 0.143941 0.0320032 0.00287718 0.897136 
16 3.24 0.143948 0.0320331 0.00290374 0.893805 
16 3.24 0.143198 0.0315816 0.00278096 0.875127 
16 3.24 0.143248 0.0316747 0.00279475 0.881366 
16 3.24 0.143795 0.0318708 0.0028529 0.884441 
16 3.24 0.14293 0.0314808 0.00276944 0.873222 
16 3.26 0.140932 0.030755 0.00266895 0.855414 
16 3.26 0.139916 0.0304295 0.00265707 0.852268 
16 3.26 0.140747 0.0308799 0.00274322 0.869319 
16 3.26 0.139381 0.0301466 0.00256217 0.841775 
16 3.26 0.13998 0.0304219 0.00262253 0.85025 
16 3.28 0.140006 0.0301073 0.00253387 0.819942 
16 3.28 0.139629 0.0302351 0.00260015 0.838153 
16 3.28 0.13916 0.0299846 0.00254095 0.828805 
16 3.28 0.1406 0.0304858 0.00257468 0.836484 
16 3.28 0.140961 0.0307838 0.0026825 0.851807 
16 3.3 0.136857 0.0289481 0.00240072 0.792687 
16 3.3 0.13669 0.0289821 0.00235639 0.798878 
16 3.3 0.137334 0.0294807 0.00252499 0.823854 
16 3.3 0.138332 0.0294746 0.00239021 0.802045 
16 3.3 0.138988 0.0300577 0.00258334 0.83316 
16 3.32 0.135913 0.0287784 0.0023798 0.794677 
16 3.32 0.13537 0.028308 0.00225573 0.769766 
16 3.32 0.137954 0.029387 0.00243911 0.798512 
16 3.32 0.136527 0.0289871 0.00236138 0.797887 
16 3.32 0.135612 0.0286285 0.0023395 0.789419 
16 3.34 0.137685 0.0293428 0.00244231 0.796023 
16 3.34 0.134636 0.0281062 0.00225556 0.764885 
16 3.34 0.133305 0.0277763 0.0022691 0.76694 
16 3.34 0.133691 0.027739 0.00222586 0.756165 
16 3.34 0.13496 0.0283228 0.00229073 0.774788 
16 3.36 0.134273 0.0280049 0.00223059 0.760061 
16 3.36 0.133972 0.0276125 0.00212195 0.736309 
16 3.36 0.131952 0.0268512 0.00203224 0.719239 
16 3.36 0.131952 0.0270816 0.00210247 0.736775 
16 3.36 0.131895 0.0271825 0.00216443 0.745624 
16 3.38 0.129441 0.0261402 0.00196312 0.710839 
16 3.38 0.131652 0.0268628 0.00207654 0.721851 
16 3.38 0.131712 0.0269446 0.00207856 0.726846 
16 3.38 0.131675 0.0268571 0.00205318 0.720947 
16 3.38 0.132529 0.0271659 0.00209806 0.727251 
16 3.4 0.130213 0.0262883 0.00199412 0.702722 
16 3.4 0.130998 0.0264531 0.00194605 0.699684 
16 3.4 0.132075 0.0268882 0.00201612 0.71111 
16 3.4 0.12923 0.0258991 0.00191997 0.692617 
16 3.4 0.130648 0.0265164 0.00199597 0.711329 
16 3.42 0.128694 0.0259438 0.0019446 0.702255 
16 3.42 0.12892 0.0259732 0.00192951 0.70009 
16 3.42 0.12954 0.0258346 0.00189667 0.677731 
16 3.42 0.128351 0.0255941 0.00186323 0.682682 
16 3.42 0.129877 0.0261228 0.00193966 0.692763 
16 3.44 0.126265 0.0249086 0.00180468 0.667225 
16 3.44 0.128379 0.0252763 0.00182096 0.654524 
16 3.44 0.125706 0.0245579 0.00174015 0.651601 
16 3.44 0.126886 0.025079 0.00182688 0.668204 
16 3.44 0.125193 0.0244373 0.00171733 0.652206 
16 3.46 0.126606 0.0248188 0.00176584 0.650335 
16 3.46 0.126887 0.0249956 0.00179754 0.65815 
16 3.46 0.125891 0.0248189 0.00178669 0.663709 
16 3.46 0.127645 0.0253949 0.00185247 0.673428 
16 3.46 0.128043 0.0252911 0.00180399 0.65821 
16 3.48 0.125627 0.0246898 0.00179467 0.65527 
16 3.48 0.124431 0.0240658 0.00169871 0.63137 
16 3.48 0.125952 0.0246518 0.00174116 0.646474 
16 3.48 0.124142 0.0240227 0.00167704 0.633485 
16 3.48 0.125379 0.0244571 0.00173652 0.642738 
16 3.5 0.125708 0.0243717 0.00168145 0.626778 
16 3.5 0.124891 0.0242688 0.00168095 0.63423 
16 3.5 0.123686 0.0240316 0.00166496 0.638784 
16 3.5 0.122687 0.0235611 0.00163029 0.622374 
16 3.5 0.123577 0.0237062 0.00161042 0.616963 
16 3.52 0.12374 0.0236064 0.0015769 0.603259 
16 3.52 0.12374 0.0239 0.00168102 0.624612 
16 3.52 0.121464 0.0229369 0.00150674 0.595156 
16 3.52 0.122326 0.023435 0.00157311 0.6161 
16 3.52 0.123072 0.0236353 0.00162724 0.61735 
16 3.54 0.122145 0.0231667 0.00152414 0.596407 
16 3.54 0.122082 0.0232191 0.00156312 0.601314 
16 3.54 0.121509 0.0230741 0.00157148 0.600916 
16 3.54 0.120445 0.0224924 0.00145918 0.577481 
16 3.54 0.121112 0.022834 0.00150081 0.590529 
16 3.56 0.120262 0.022524 0.00146824 0.579661 
16 3.56 0.12138 0.0228148 0.00146154 0.581158 
16 3.56 0.120576 0.02274 0.00150545 0.589767 
16 3.56 0.121877 0.0231802 0.00156153 0.598748 
16 3.56 0.121536 0.0231295 0.00158003 0.601061 
16 3.58 0.118855 0.0220911 0.00139661 0.569537 
16 3.58 0.120455 0.0226552 0.00150564 0.582499 
16 3.58 0.119188 0.0221137 0.00139616 0.565492 
16 3.58 0.119413 0.0219599 0.00137051 0.550638 
16 3.58 0.11928 0.0222431 0.00144842 0.573173 
16 3.6 0.118476 0.0219058 0.00139466 0.559592 
16 3.6 0.117783 0.0215752 0.00135557 0.54773 
16 3.6 0.118541 0.0219012 0.00139672 0.558176 
16 3.6 0.118962 0.021942 0.00135756 0.553967 
16 3.6 0.117414 0.0215649 0.0013691 0.553165 
16 3.62 0.118848 0.0216757 0.00133232 0.533974 
16 3.62 0.117602 0.0215004 0.00134263 0.542427 
16 3.62 0.118143 0.0218246 0.00137341 0.556327 
16 3.62 0.116232 0.0211018 0.00129651 0.536889 
16 3.62 0.117558 0.0214294 0.00131168 0.538134 
16 3.64 0.11534 0.0207731 0.00126004 0.525349 
16 3.64 0.115679 0.0208285 0.00128124 0.52374 
16 3.64 0.117409 0.0213925 0.00133357 0.535037 
16 3.64 0.116848 0.0213233 0.0013415 0.539409 
16 3.64 0.11677 0.0210587 0.0012544 0.522088 
16 3.66 0.116114 0.0211135 0.00129858 0.533751 
16 3.66 0.116669 0.0210688 0.00128635 0.521593 
16 3.66 0.116968 0.021145 0.00129333 0.522035 
16 3.66 0.115494 0.0207286 0.00126987 0.516884 
16 3.66 0.1178 0.0214633 0.00132307 0.530638 
16 3.68 0.116263 0.0209975 0.00126655 0.520385 
16 3.68 0.115538 0.0208234 0.00126665 0.519968 
16 3.68 0.115384 0.0207064 0.00120722 0.514299 
16 3.68 0.114692 0.0206528 0.00124579 0.521638 
16 3.68 0.11683 0.0212343 0.00128937 0.52765 
16 3.7 0.113238 0.0199543 0.00114977 0.493417 
16 3.7 0.113677 0.0201455 0.00118107 0.499763 
16 3.7 0.1139 0.0202057 0.00118541 0.500414 
16 3.7 0.115241 0.0207838 0.00125843 0.519157 
16 3.7 0.112823 0.0199747 0.00119356 0.501326 
16 3.72 0.113859 0.0201761 0.00118277 0.496333 
16 3.72 0.115241 0.0207547 0.00127236 0.514346 
16 3.72 0.113445 0.020035 0.00114766 0.493089 
16 3.72 0.111855 0.0197136 0.00115727 0.495628 
16 3.72 0.114027 0.0201714 0.00116232 0.493372 
16 3.74 0.113141 0.0198956 0.00115117 0.485632 
16 3.74 0.112666 0.0198399 0.00116364 0.489153 
16 3.74 0.11384 0.0201341 0.00117924 0.491097 
16 3.74 0.112484 0.019812 0.00115414 0.490045 
16 3.74 0.112465 0.0198368 0.00114908 0.492042 
16 3.76 0.111884 0.0194493 0.00110421 0.471909 
16 3.76 0.110436 0.0190322 0.0010529 0.465436 
16 3.76 0.112353 0.0196636 0.00111283 0.479344 
16 3.76 0.111923 0.0194294 0.00107631 0.469974 
16 3.76 0.111189 0.0193144 0.00109676 0.473284 
16 3.78 0.11108 0.0190456 0.00103566 0.454223 
16 3.78 0.110976 0.0191217 0.00105478 0.460943 
16 3.78 0.110709 0.0191582 0.00106715 0.467412 
16 3.78 0.11176 0.0194099 0.001094 0.468629 
16 3.78 0.11038 0.0190757 0.00106627 0.46675 
16 3.8 0.110499 0.0188992 0.00101718 0.450635 
16 3.8 0.110036 0.0188724 0.00102272 0.455713 
16 3.8 0.110262 0.0190028 0.00106329 0.461144 
16 3.8 0.109623 0.0188203 0.00103519 0.458319 
16 3.8 0.110723 0.0190395 0.00103097 0.456744 
16 3.82 0.10847 0.0183519 0.000988749 0.44137 
16 3.82 0.110252 0.0188999 0.001039 0.451978 
16 3.82 0.109724 0.0186681 0.000996006 0.44423 
16 3.82 0.109723 0.0187157 0.0010075 0.447431 
16 3.82 0.108641 0.0184216 0.000989652 0.443566 
16 3.84 0.109213 0.018654 0.00102686 0.448444 
16 3.84 0.107645 0.0180772 0.000966935 0.432646 
16 3.84 0.108493 0.0185436 0.00102157 0.451525 
16 3.84 0.108498 0.0183814 0.000994281 0.440644 
16 3.84 0.10882 0.0185117 0.000996973 0.444665 
16 3.86 0.108244 0.0183956 0.00101106 0.442955 
16 3.86 0.108081 0.0182534 0.000988337 0.435852 
16 3.86 0.107614 0.0181467 0.000969193 0.43546 
16 3.86 0.107922 0.0181474 0.000948196 0.431107 
16 3.86 0.10742 0.0179014 0.000924832 0.421954 
16 3.88 0.107773 0.0182669 0.00100739 0.438889 
16 3.88 0.108009 0.0181696 0.000969677 0.429104 
16 3.88 0.107537 0.0181109 0.000959154 0.431954 
16 3.88 0.106745 0.0176537 0.000893207 0.412985 
16 3.88 0.108209 0.0182166 0.00095859 0.429347 
16 3.9 0.105818 0.017578 0.000896748 0.418824 
16 3.9 0.106896 0.0178915 0.000936984 0.424351 
16 3.9 0.106288 0.0175092 0.000878723 0.407761 
16 3.9 0.107245 0.018059 0.000962544 0.430437 
16 3.9 0.106701 0.0176857 0.000925394 0.413577 
16 3.92 0.105848 0.0177309 0.000958868 0.426265 
16 3.92 0.106435 0.0177906 0.000921638 0.422016 
16 3.92 0.106549 0.0177794 0.000935066 0.419701 
16 3.92 0.106012 0.0175367 0.000900023 0.411302 
16 3.92 0.105826 0.017335 0.000866741 0.400712 
16 3.94 0.105463 0.0173823 0.000885764 0.406741 
16 3.94 0.103982 0.0168649 0.000833818 0.393265 
16 3.94 0.105194 0.0171718 0.000840802 0.396739 
16 3.94 0.105377 0.0173098 0.000875609 0.403195 
16 3.94 0.105932 0.0175193 0.000893274 0.40919 
16 3.96 0.105469 0.0173148 0.000873785 0.400238 
16 3.96 0.105345 0.0172858 0.000876112 0.400041 
16 3.96 0.104498 0.0171069 0.000851065 0.399969 
16 3.96 0.105045 0.0171251 0.000870086 0.393733 
16 3.96 0.10652 0.0176657 0.000924618 0.408522 
16 3.98 0.103589 0.0168283 0.000839459 0.39221 
16 3.98 0.104875 0.0170125 0.000820347 0.386814 
16 3.98 0.10392 0.0168427 0.000826284 0.388724 
16 3.98 0.104105 0.0169379 0.000833517 0.392359 
16 3.98 0.102719 0.0165165 0.000794333 0.383704 
16 4 0.103551 0.0166446 0.000798778 0.378998 
16 4 0.101713 0.0162547 0.000784608 0.378186 
16 4 0.103711 0.0167334 0.000801027 0.382558 
16 4 0.10167 0.0161881 0.000764801 0.374491 
16 4 0.103754 0.0167339 0.000822724 0.382015 
16 4.02 0.102798 0.0163726 0.000765891 0.369674 
16 4.02 0.102251 0.0162769 0.00077678 0.370731 
16 4.02 0.102456 0.0164061 0.000780548 0.37628 
16 4.02 0.104166 0.0169483 0.000837071 0.388306 
16 4.02 0.103105 0.0166971 0.00083083 0.386329 
16 4.04 0.101218 0.0159558 0.000743822 0.361865 
16 4.04 0.101661 0.0160373 0.00074062 0.36134 
16 4.04 0.101855 0.0162325 0.000773217 0.371198 
16 4.04 0.10137 0.0161307 0.000768438 0.370998 
16 4.04 0.10133 0.0160205 0.000758832 0.364532 
16 4.06 0.102134 0.0162792 0.000767094 0.368729 
16 4.06 0.101133 0.0159663 0.000746396 0.361834 
16 4.06 0.101548 0.0161715 0.000761404 0.369469 
16 4.06 0.10213 0.0163307 0.000801305 0.372032 
16 4.06 0.101616 0.0161851 0.000778085 0.369457 
16 4.08 0.100262 0.0157125 0.000725026 0.355145 
16 4.08 0.100308 0.0157264 0.000725357 0.355433 
16 4.08 0.10015 0.0156941 0.0007266 0.35539 
16 4.08 0.100785 0.0158564 0.000733768 0.357571 
16 4.08 0.10018 0.0156275 0.000705462 0.35084 
16 4.1 0.101388 0.0161107 0.000763291 0.364096 
16 4.1 0.100398 0.0157477 0.000727516 0.353904 
16 4.1 0.100638 0.015752 0.000723069 0.351152 
16 4.1 0.100327 0.0157206 0.000722496 0.353092 
16 4.1 0.10177 0.0162082 0.000769159 0.365333 
16 4.12 0.100309 0.0156808 0.000713065 0.34913 
16 4.12 0.0996758 0.0155288 0.00070004 0.34756 
16 4.12 0.100468 0.015762 0.000725061 0.352195 
16 4.12 0.100728 0.0157072 0.000710718 0.345542 
16 4.12 0.0996727 0.0155617 0.000710477 0.34964 
16 4.14 0.100022 0.0156676 0.000726533 0.350188 
16 4.14 0.0990523 0.0153038 0.000677691 0.339627 
16 4.14 0.0995141 0.0155355 0.000710908 0.348287 
16 4.14 0.0987969 0.0151854 0.000662686 0.335435 
16 4.14 0.0994344 0.0153926 0.000697384 0.340428 
16 4.16 0.0995422 0.0153881 0.000693892 0.337197 
16 4.16 0.0994297 0.0155556 0.000705293 0.348883 
16 4.16 0.0982867 0.0151899 0.000691799 0.340284 
16 4.16 0.101055 0.0158672 0.000737894 0.347998 
16 4.16 0.0983977 0.0151548 0.000682519 0.336783 
16 4.18 0.0986117 0.0152735 0.000691358 0.339857 
16 4.18 0.0994375 0.0154347 0.00069225 0.339711 
16 4.18 0.0981687 0.015195 0.000698588 0.340388 
16 4.18 0.0994523 0.0153893 0.000690447 0.336753 
16 4.18 0.0992875 0.0154255 0.000708584 0.340975 
16 4.2 0.0974992 0.0149256 0.000649174 0.330332 
16 4.2 0.0979734 0.0149336 0.000649758 0.325167 
16 4.2 0.0984406 0.0152274 0.000689434 0.337484 
16 4.2 0.0989172 0.0153016 0.000691758 0.336274 
16 4.2 0.0981383 0.0150417 0.000659353 0.329785 
16 4.22 0.0972102 0.0149176 0.000665596 0.331698 
16 4.22 0.0989586 0.0153141 0.000690157 0.334942 
16 4.22 0.0965914 0.0146079 0.000629261 0.320184 
16 4.22 0.0971398 0.0148829 0.000666151 0.330419 
16 4.22 0.0982313 0.0150303 0.000662653 0.326423 
16 4.24 0.0967438 0.0146712 0.000637388 0.320718 
16 4.24 0.0968352 0.0147338 0.000642925 0.323428 
16 4.24 0.0970437 0.0147493 0.000634005 0.321919 
16 4.24 0.0980109 0.0150405 0.000673499 0.328109 
16 4.24 0.0986781 0.0150811 0.000650057 0.32264 
16 4.26 0.0962 0.0144914 0.000619479 0.314708 
16 4.26 0.0968992 0.0146783 0.000627108 0.317827 
16 4.26 0.0964375 0.0144881 0.000615522 0.311763 
16 4.26 0.0961594 0.0145752 0.000642043 0.320214 
16 4.26 0.0964484 0.0145475 0.000635793 0.315204 
16 4.28 0.0964328 0.0146215 0.000641606 0.31834 
16 4.28 0.0954609 0.0143547 0.000612692 0.313533 
16 4.28 0.0958031 0.0143086 0.000590429 0.306863 
16 4.28 0.0954203 0.014233 0.000593155 0.306722 
16 4.28 0.0957328 0.0143521 0.000605015 0.310273 
16 4.3 0.0950125 0.0140102 0.0005662 0.296654 
16 4.3 0.0969289 0.0146348 0.000621641 0.311938 
16 4.3 0.0948734 0.0140864 0.000581951 0.302758 
16 4.3 0.0952406 0.0142152 0.000592476 0.306275 
16 4.3 0.0950875 0.0141614 0.00059263 0.304803 
16 4.32 0.0947008 0.0141191 0.000604342 0.305238 
16 4.32 0.09605 0.0144244 0.000609742 0.308078 
16 4.32 0.0957086 0.0143014 0.000594011 0.30467 
16 4.32 0.0953672 0.0141988 0.000592056 0.302455 
16 4.32 0.0975055 0.0145476 0.000603076 0.298681 
16 4.34 0.0945969 0.014019 0.000565014 0.299083 
16 4.34 0.0956914 0.014276 0.00059371 0.301958 
16 4.34 0.0954086 0.014302 0.000609505 0.306684 
16 4.34 0.095343 0.0143096 0.000612861 0.307869 
16 4.34 0.0949984 0.0140196 0.000574822 0.294629 
16 4.36 0.0933289 0.0136216 0.000544099 0.288374 
16 4.36 0.095275 0.0140852 0.000570758 0.294041 
16 4.36 0.094232 0.0138904 0.000563424 0.294207 
16 4.36 0.0927273 0.0135268 0.000548249 0.289374 
16 4.36 0.0929055 0.013493 0.000541904 0.285448 
16 4.38 0.0950734 0.0141084 0.000584188 0.296298 
16 4.38 0.0937227 0.0137111 0.000550991 0.287979 
16 4.38 0.0952711 0.0141242 0.000583218 0.295021 
16 4.38 0.092693 0.0135085 0.000556866 0.287359 
16 4.38 0.0939297 0.0138276 0.000569936 0.29252 
16 4.4 0.093307 0.0137658 0.000568189 0.294379 
16 4.4 0.0936164 0.0136262 0.000530234 0.282891 
16 4.4 0.0943914 0.0138915 0.000562539 0.289847 
16 4.4 0.0932586 0.0137323 0.000575004 0.292954 
16 4.4 0.0943961 0.0139053 0.000566119 0.290597 
16 4.42 0.0930984 0.013572 0.000536178 0.284073 
16 4.42 0.0930625 0.0136229 0.000549425 0.287405 
16 4.42 0.093307 0.0136525 0.000544829 0.286481 
16 4.42 0.0949695 0.0140603 0.000564808 0.291973 
16 4.42 0.0922109 0.0133392 0.000518603 0.280117 
16 4.44 0.0941367 0.0138068 0.00054873 0.285119 
16 4.44 0.0930187 0.0135091 0.000530602 0.280021 
16 4.44 0.0915742 0.013154 0.000517167 0.274924 
16 4.44 0.0939922 0.0138221 0.000554006 0.287573 
16 4.44 0.0915719 0.0132089 0.000524637 0.278114 
16 4.46 0.0922555 0.0133669 0.000523691 0.278717 
16 4.46 0.0929633 0.013532 0.000543183 0.280673 
16 4.46 0.0935539 0.0135337 0.000522037 0.274445 
16 4.46 0.0925117 0.0133796 0.000524459 0.276732 
16 4.46 0.0922461 0.0133518 0.000520291 0.277956 
16 4.48 0.092293 0.01335 0.000528136 0.276116 
16 4.48 0.0924969 0.0133356 0.000518227 0.273138 
16 4.48 0.0916219 0.0130751 0.000507819 0.26746 
16 4.48 0.0926656 0.0133612 0.000515057 0.272814 
16 4.48 0.0921227 0.0133126 0.000527984 0.27577 
16 4.5 0.0910023 0.0130385 0.000503412 0.270624 
16 4.5 0.0914617 0.0129973 0.000495245 0.263512 
16 4.5 0.0921555 0.0131638 0.000506973 0.265738 
16 4.5 0.0920414 0.0131422 0.000505265 0.265705 
16 4.5 0.0921469 0.0131901 0.000513128 0.267321 
