size temperature err_m err_ms
16 2.2 0.00308015 0.123938
16 2.201 0.00303905 0.124885
16 2.202 0.0030786 0.123268
16 2.203 0.00313473 0.116951
16 2.204 0.00283668 0.108529
16 2.205 0.00283477 0.10271
16 2.206 0.00339149 0.145057
16 2.207 0.00309255 0.12893
16 2.208 0.00310172 0.117535
16 2.209 0.00303806 0.11371
16 2.21 0.00297422 0.109623
16 2.211 0.00303237 0.106032
16 2.212 0.00302412 0.105956
16 2.213 0.00311885 0.125479
16 2.214 0.00308276 0.114347
16 2.215 0.00322544 0.125072
16 2.216 0.00313392 0.129912
16 2.217 0.00322992 0.129673
16 2.218 0.00307006 0.119229
16 2.219 0.00306841 0.104088
16 2.22 0.00331581 0.131272
16 2.221 0.0032856 0.132765
16 2.222 0.00333335 0.125613
16 2.223 0.0031261 0.114353
16 2.224 0.00339199 0.128401
16 2.225 0.00324284 0.129187
16 2.226 0.0031919 0.122533
16 2.227 0.00327686 0.120819
16 2.228 0.00329553 0.129069
16 2.229 0.00313447 0.108374
16 2.23 0.00346176 0.126621
16 2.231 0.00332968 0.129296
16 2.232 0.00318004 0.124469
16 2.233 0.00339494 0.122401
16 2.234 0.00348741 0.133372
16 2.235 0.00359166 0.140752
16 2.236 0.00358764 0.137984
16 2.237 0.00361619 0.137415
16 2.238 0.00373319 0.153147
16 2.239 0.00358023 0.137986
16 2.24 0.00341741 0.130211
16 2.241 0.00348076 0.123456
16 2.242 0.00360223 0.137698
16 2.243 0.00384614 0.14569
16 2.244 0.0034078 0.119173
16 2.245 0.00362044 0.142737
16 2.246 0.00376467 0.138261
16 2.247 0.00366659 0.140275
16 2.248 0.00362631 0.138957
16 2.249 0.00372518 0.133359
16 2.25 0.00368488 0.128602
16 2.251 0.00371665 0.14697
16 2.252 0.00388635 0.145689
16 2.253 0.00374859 0.133354
16 2.254 0.00349657 0.125302
16 2.255 0.00375775 0.139388
16 2.256 0.00380303 0.139014
16 2.257 0.00363985 0.139703
16 2.258 0.00375157 0.121899
16 2.259 0.00391496 0.13945
16 2.26 0.00386079 0.144808
16 2.261 0.00371791 0.132689
16 2.262 0.00387163 0.143144
16 2.263 0.004173 0.158524
16 2.264 0.0036966 0.136687
16 2.265 0.0037203 0.135661
16 2.266 0.00401452 0.145448
16 2.267 0.00410613 0.150317
16 2.268 0.00401606 0.146372
16 2.269 0.0038365 0.132495
16 2.27 0.00397847 0.138267
16 2.271 0.0037697 0.132988
16 2.272 0.0040456 0.139482
16 2.273 0.00414666 0.146484
16 2.274 0.00393294 0.142776
16 2.275 0.00427996 0.14278
16 2.276 0.00393306 0.138202
16 2.277 0.00388248 0.133893
16 2.278 0.00407984 0.145187
16 2.279 0.00414485 0.14696
16 2.28 0.0043294 0.156459
16 2.281 0.00424883 0.145232
16 2.282 0.00446768 0.15581
16 2.283 0.00429134 0.142732
16 2.284 0.00418181 0.145025
16 2.285 0.0042088 0.132726
16 2.286 0.00422197 0.14201
16 2.287 0.00428794 0.141163
16 2.288 0.00413921 0.136908
16 2.289 0.00423232 0.144498
16 2.29 0.00424242 0.138069
16 2.291 0.00445722 0.150155
16 2.292 0.00439671 0.143997
16 2.293 0.00445717 0.152402
16 2.294 0.00397725 0.126871
16 2.295 0.00424117 0.142317
16 2.296 0.0041095 0.128658
16 2.297 0.00442123 0.137527
16 2.298 0.00411559 0.127316
16 2.299 0.00403442 0.128637
16 2.3 0.00453865 0.146741
16 2.301 0.00431374 0.132546
16 2.302 0.00458616 0.149243
16 2.303 0.0047067 0.144829
16 2.304 0.00435889 0.136523
16 2.305 0.00428924 0.141035
16 2.306 0.00437539 0.142495
16 2.307 0.00425096 0.127766
16 2.308 0.00443711 0.135246
16 2.309 0.00450801 0.138453
16 2.31 0.0046925 0.139988
16 2.311 0.00446669 0.133062
16 2.312 0.0045662 0.140694
16 2.313 0.00471361 0.130574
16 2.314 0.00466848 0.139102
16 2.315 0.00462707 0.131499
16 2.316 0.00471625 0.140303
16 2.317 0.00461444 0.139475
16 2.318 0.0046596 0.130671
16 2.319 0.00467251 0.135908
16 2.32 0.00483267 0.135296
16 2.321 0.00444212 0.125824
16 2.322 0.00475791 0.149009
16 2.323 0.00465922 0.132646
16 2.324 0.00469131 0.131559
16 2.325 0.00465356 0.132394
16 2.326 0.00473789 0.13439
16 2.327 0.00480402 0.133409
16 2.328 0.00506407 0.145382
16 2.329 0.00480519 0.135029
16 2.33 0.00480069 0.128143
16 2.331 0.00465105 0.125237
16 2.332 0.00474676 0.129465
16 2.333 0.00496684 0.13032
16 2.334 0.00468611 0.122428
16 2.335 0.00481571 0.136568
16 2.336 0.00475435 0.125136
16 2.337 0.00494068 0.13414
16 2.338 0.00503295 0.12799
16 2.339 0.00487905 0.124905
16 2.34 0.00486303 0.11741
16 2.341 0.00501404 0.12056
16 2.342 0.0048423 0.121205
16 2.343 0.00492313 0.129434
16 2.344 0.00469509 0.122533
16 2.345 0.00494352 0.129194
16 2.346 0.00476325 0.11332
16 2.347 0.0049792 0.121952
16 2.348 0.00486763 0.1194
16 2.349 0.00496752 0.12191
16 2.35 0.00489382 0.120043
16 2.351 0.00501137 0.122969
16 2.352 0.00477942 0.116972
16 2.353 0.00504236 0.121342
16 2.354 0.00530223 0.129312
16 2.355 0.00495706 0.123679
16 2.356 0.00493043 0.119206
16 2.357 0.00498514 0.110302
16 2.358 0.00505339 0.118056
16 2.359 0.00496824 0.118268
16 2.36 0.00464595 0.112295
16 2.361 0.00514173 0.111375
16 2.362 0.00513036 0.121744
16 2.363 0.00481704 0.107672
16 2.364 0.00494237 0.117116
16 2.365 0.00494359 0.10903
16 2.366 0.00524461 0.120188
16 2.367 0.00502442 0.112158
16 2.368 0.00517224 0.111994
16 2.369 0.00493132 0.10907
16 2.37 0.00503805 0.119134
16 2.371 0.00482049 0.108624
16 2.372 0.00525598 0.115485
16 2.373 0.00486288 0.106088
16 2.374 0.00483026 0.103853
16 2.375 0.00510613 0.106492
16 2.376 0.00503894 0.111755
16 2.377 0.00504098 0.105709
16 2.378 0.00502902 0.103589
16 2.379 0.00514663 0.108056
16 2.38 0.00510256 0.101396
16 2.381 0.00515346 0.10976
16 2.382 0.00510837 0.10636
16 2.383 0.00502164 0.105771
16 2.384 0.00500457 0.101367
16 2.385 0.00495454 0.106548
16 2.386 0.00513786 0.108982
16 2.387 0.00498298 0.104276
16 2.388 0.0050688 0.101534
16 2.389 0.00478866 0.0945028
16 2.39 0.00468023 0.0995445
16 2.391 0.00516386 0.108825
16 2.392 0.00516292 0.0975277
16 2.393 0.00495113 0.0983098
16 2.394 0.00496339 0.104093
16 2.395 0.00524935 0.103543
16 2.396 0.00521499 0.0962776
16 2.397 0.00501195 0.0936467
16 2.398 0.00494967 0.103019
16 2.399 0.00520599 0.100651
16 2.4 0.00519028 0.0993916
16 2.401 0.00494858 0.090662
16 2.402 0.00509763 0.102565
16 2.403 0.00496882 0.0931675
16 2.404 0.00520264 0.0935672
16 2.405 0.00521339 0.0937282
16 2.406 0.00494021 0.0949084
16 2.407 0.00535778 0.102216
16 2.408 0.00511057 0.0978832
16 2.409 0.00500576 0.0955666
16 2.41 0.00503974 0.0966709
16 2.411 0.00507971 0.0908743
16 2.412 0.00521133 0.0926541
16 2.413 0.00486937 0.0851791
16 2.414 0.00511849 0.0934556
16 2.415 0.0050104 0.0861368
16 2.416 0.00518426 0.0938661
16 2.417 0.00507454 0.0907739
16 2.418 0.00513536 0.0887853
16 2.419 0.0050739 0.0902343
16 2.42 0.00503946 0.0959004
16 2.421 0.00530121 0.0912265
16 2.422 0.00512221 0.0917298
16 2.423 0.00497887 0.0873332
16 2.424 0.00494126 0.08623
16 2.425 0.00520796 0.0900788
16 2.426 0.00492647 0.0884059
16 2.427 0.00495174 0.0831743
16 2.428 0.00511269 0.0882578
16 2.429 0.00516474 0.091517
16 2.43 0.00507283 0.0879207
16 2.431 0.00506626 0.0901056
16 2.432 0.00483369 0.0844052
16 2.433 0.00503155 0.0859071
16 2.434 0.00531862 0.0864963
16 2.435 0.00526836 0.0912758
16 2.436 0.0050731 0.0851509
16 2.437 0.00479965 0.0878594
16 2.438 0.00495781 0.0902509
16 2.439 0.00505816 0.085491
16 2.44 0.00499722 0.0815652
16 2.441 0.00497453 0.0788536
16 2.442 0.00484932 0.0840992
16 2.443 0.00480061 0.0819065
16 2.444 0.00492684 0.0857874
16 2.445 0.00474098 0.0849542
16 2.446 0.00485871 0.0886545
16 2.447 0.00489878 0.0840683
16 2.448 0.00507501 0.0864785
16 2.449 0.00492132 0.0858765
16 2.45 0.00515388 0.076139
16 2.451 0.00517481 0.0823334
16 2.452 0.00510125 0.088304
16 2.453 0.00501112 0.0871983
16 2.454 0.00498486 0.0852861
16 2.455 0.00485325 0.0790659
16 2.456 0.00507049 0.0901193
16 2.457 0.00506261 0.0828049
16 2.458 0.00506517 0.0851877
16 2.459 0.00490392 0.0833282
16 2.46 0.00500729 0.0856455
16 2.461 0.00481705 0.0867373
16 2.462 0.00489577 0.0828356
16 2.463 0.0049198 0.0776603
16 2.464 0.0048011 0.0849253
16 2.465 0.00487367 0.0795586
16 2.466 0.00476442 0.0831012
16 2.467 0.00497336 0.0791868
16 2.468 0.00492688 0.0843726
16 2.469 0.00488673 0.08306
16 2.47 0.00477119 0.0815842
16 2.471 0.00483392 0.0844534
16 2.472 0.00491394 0.0825826
16 2.473 0.00501693 0.0838647
16 2.474 0.00485288 0.0774368
16 2.475 0.00520077 0.0800129
16 2.476 0.00484899 0.086559
16 2.477 0.00467143 0.0794643
16 2.478 0.00495428 0.0810732
16 2.479 0.00488146 0.0833822
16 2.48 0.00475881 0.0810624
16 2.481 0.00468105 0.087387
16 2.482 0.00479976 0.0805345
16 2.483 0.00470891 0.0825009
16 2.484 0.00492454 0.0815233
16 2.485 0.00475947 0.0790361
16 2.486 0.00454978 0.0807545
16 2.487 0.00442346 0.0795383
16 2.488 0.00484974 0.082843
16 2.489 0.00478646 0.0786181
16 2.49 0.00472473 0.0824812
16 2.491 0.00456371 0.0791714
16 2.492 0.00468888 0.0756536
16 2.493 0.00470972 0.0774043
16 2.494 0.00463925 0.0812089
16 2.495 0.00467362 0.0738676
16 2.496 0.00463079 0.0774299
16 2.497 0.00474366 0.081711
16 2.498 0.00459324 0.0802134
16 2.499 0.0047747 0.0797083
32 2.2 0.00238963 0.250967
32 2.201 0.00187636 0.377124
32 2.202 0.00221246 0.493923
32 2.203 0.00274858 0.31595
32 2.204 0.0024804 0.326773
32 2.205 0.00260696 0.321891
32 2.206 0.00222171 0.325576
32 2.207 0.00225156 0.289378
32 2.208 0.00262498 0.311294
32 2.209 0.00194747 0.320933
32 2.21 0.00257499 0.319482
32 2.211 0.00243763 0.282985
32 2.212 0.00204124 0.258897
32 2.213 0.00263264 0.390324
32 2.214 0.00257435 0.464764
32 2.215 0.0031838 0.354805
32 2.216 0.00246821 0.299909
32 2.217 0.00205453 0.300533
32 2.218 0.00274965 0.313521
32 2.219 0.00235037 0.418472
32 2.22 0.00241305 0.355298
32 2.221 0.00285273 0.376814
32 2.222 0.00237521 0.349493
32 2.223 0.00285053 0.301114
32 2.224 0.00249101 0.336231
32 2.225 0.00249934 0.388144
32 2.226 0.00280636 0.4262
32 2.227 0.00283019 0.411161
32 2.228 0.0029648 0.394408
32 2.229 0.00274622 0.418643
32 2.23 0.00336374 0.386115
32 2.231 0.0029826 0.37781
32 2.232 0.0031343 0.491365
32 2.233 0.00363187 0.517759
32 2.234 0.00335863 0.456486
32 2.235 0.00318536 0.407343
32 2.236 0.00303385 0.460305
32 2.237 0.00300532 0.494846
32 2.238 0.00286768 0.422658
32 2.239 0.00345946 0.77274
32 2.24 0.00299755 0.422558
32 2.241 0.00337545 0.449308
32 2.242 0.00300445 0.451875
32 2.243 0.00357491 0.548636
32 2.244 0.00311195 0.454991
32 2.245 0.00363434 0.439161
32 2.246 0.00357351 0.436848
32 2.247 0.00332679 0.450647
32 2.248 0.00408146 0.575034
32 2.249 0.00332931 0.572628
32 2.25 0.00338789 0.478329
32 2.251 0.00331722 0.498231
32 2.252 0.00390279 0.459697
32 2.253 0.00351462 0.496277
32 2.254 0.00343942 0.471379
32 2.255 0.00313363 0.418326
32 2.256 0.0039213 0.444688
32 2.257 0.00401198 0.495568
32 2.258 0.00391151 0.48476
32 2.259 0.00402641 0.550963
32 2.26 0.00373428 0.499157
32 2.261 0.00358334 0.640621
32 2.262 0.00398258 0.472896
32 2.263 0.00353188 0.423916
32 2.264 0.00430791 0.485181
32 2.265 0.00411116 0.526579
32 2.266 0.00465456 0.743571
32 2.267 0.00418012 0.542192
32 2.268 0.00457854 0.513387
32 2.269 0.00442878 0.490849
32 2.27 0.0042514 0.530502
32 2.271 0.00427781 0.56627
32 2.272 0.0040664 0.536559
32 2.273 0.00449089 0.535737
32 2.274 0.00440831 0.548416
32 2.275 0.00443033 0.561997
32 2.276 0.00459587 0.555186
32 2.277 0.00441127 0.52397
32 2.278 0.0042797 0.513715
32 2.279 0.00481886 0.510912
32 2.28 0.00474998 0.522087
32 2.281 0.00480026 0.570372
32 2.282 0.00465292 0.511912
32 2.283 0.0048124 0.65382
32 2.284 0.00453554 0.539416
32 2.285 0.004443 0.489666
32 2.286 0.00522346 0.483921
32 2.287 0.00528538 0.555997
32 2.288 0.00479577 0.602553
32 2.289 0.00450767 0.50669
32 2.29 0.00500665 0.548459
32 2.291 0.00535698 0.549635
32 2.292 0.00482797 0.543245
32 2.293 0.00488007 0.489076
32 2.294 0.00487495 0.563305
32 2.295 0.00519126 0.570194
32 2.296 0.00457665 0.485106
32 2.297 0.00529893 0.552238
32 2.298 0.00509292 0.534354
32 2.299 0.00511574 0.491998
32 2.3 0.00493677 0.503709
32 2.301 0.00543356 0.52192
32 2.302 0.00478906 0.565335
32 2.303 0.00590942 0.463574
32 2.304 0.00508179 0.449273
32 2.305 0.00518832 0.497074
32 2.306 0.00518597 0.475274
32 2.307 0.00525654 0.453076
32 2.308 0.00511431 0.574366
32 2.309 0.00560332 0.461214
32 2.31 0.00521086 0.400216
32 2.311 0.00538977 0.475361
32 2.312 0.00549138 0.425629
32 2.313 0.00549251 0.493028
32 2.314 0.00555347 0.422824
32 2.315 0.00550497 0.458405
32 2.316 0.00577828 0.455864
32 2.317 0.00539066 0.432282
32 2.318 0.00558882 0.450332
32 2.319 0.0049837 0.438774
32 2.32 0.00519308 0.464253
32 2.321 0.00505865 0.40234
32 2.322 0.00609006 0.410574
32 2.323 0.00541744 0.380059
32 2.324 0.00605515 0.441974
32 2.325 0.00529725 0.409241
32 2.326 0.00534016 0.39395
32 2.327 0.00523203 0.415605
32 2.328 0.00563389 0.407248
32 2.329 0.0054438 0.383684
32 2.33 0.005161 0.446162
32 2.331 0.00507154 0.429914
32 2.332 0.00592275 0.347743
32 2.333 0.00551803 0.358245
32 2.334 0.00535294 0.38346
32 2.335 0.0052968 0.347087
32 2.336 0.00586461 0.374977
32 2.337 0.00499371 0.338738
32 2.338 0.0056656 0.372689
32 2.339 0.00554515 0.33834
32 2.34 0.00532714 0.390522
32 2.341 0.0053758 0.332829
32 2.342 0.00575295 0.348181
32 2.343 0.00543675 0.377798
32 2.344 0.00530866 0.353089
32 2.345 0.00520955 0.340037
32 2.346 0.00568895 0.322878
32 2.347 0.00545997 0.513039
32 2.348 0.00516103 0.353115
32 2.349 0.00515711 0.353853
32 2.35 0.00541477 0.346837
32 2.351 0.00501219 0.314443
32 2.352 0.00596522 0.354088
32 2.353 0.00498455 0.351361
32 2.354 0.00591668 0.337416
32 2.355 0.00514389 0.327409
32 2.356 0.00583524 0.335292
32 2.357 0.00598878 0.348799
32 2.358 0.00516281 0.329777
32 2.359 0.00564244 0.335782
32 2.36 0.00530324 0.35296
32 2.361 0.00522843 0.328663
32 2.362 0.00634612 0.461598
32 2.363 0.00455958 0.312697
32 2.364 0.00488359 0.306965
32 2.365 0.00554641 0.313468
32 2.366 0.00509324 0.350868
32 2.367 0.00568721 0.306706
32 2.368 0.00523982 0.333441
32 2.369 0.00614679 0.363163
32 2.37 0.00556104 0.291378
32 2.371 0.00524917 0.30886
32 2.372 0.00510093 0.320207
32 2.373 0.00518372 0.327616
32 2.374 0.00473023 0.328092
32 2.375 0.00488043 0.308254
32 2.376 0.0047699 0.304423
32 2.377 0.00507257 0.335378
32 2.378 0.00465769 0.313541
32 2.379 0.00517293 0.333303
32 2.38 0.00566868 0.329077
32 2.381 0.00517078 0.337746
32 2.382 0.00487437 0.316603
32 2.383 0.00549865 0.365387
32 2.384 0.00460548 0.302893
32 2.385 0.00488474 0.307312
32 2.386 0.00491706 0.34089
32 2.387 0.00521458 0.311029
32 2.388 0.0053559 0.343243
32 2.389 0.00447833 0.32867
32 2.39 0.00472027 0.301433
32 2.391 0.00492029 0.332896
32 2.392 0.00449653 0.338231
32 2.393 0.00477786 0.321716
32 2.394 0.00461373 0.292007
32 2.395 0.00459202 0.30829
32 2.396 0.00470256 0.317643
32 2.397 0.00454312 0.336482
32 2.398 0.00446347 0.300584
32 2.399 0.00503103 0.30233
32 2.4 0.00464993 0.31478
32 2.401 0.0045519 0.311294
32 2.402 0.00455146 0.312535
32 2.403 0.00473128 0.336033
32 2.404 0.00428916 0.308277
32 2.405 0.00438281 0.3305
32 2.406 0.0045716 0.346375
32 2.407 0.00478113 0.29792
32 2.408 0.00453228 0.3093
32 2.409 0.00498 0.283062
32 2.41 0.0044886 0.309829
32 2.411 0.00415215 0.290048
32 2.412 0.00429745 0.31236
32 2.413 0.00461376 0.303577
32 2.414 0.00448151 0.306591
32 2.415 0.00518733 0.314898
32 2.416 0.004425 0.306107
32 2.417 0.00424904 0.274087
32 2.418 0.00525145 0.361137
32 2.419 0.00439794 0.296807
32 2.42 0.00431983 0.316908
32 2.421 0.00444412 0.313588
32 2.422 0.00415507 0.306107
32 2.423 0.00424565 0.295231
32 2.424 0.00455558 0.293701
32 2.425 0.00429829 0.329172
32 2.426 0.00404245 0.276437
32 2.427 0.00420466 0.282068
32 2.428 0.00378645 0.277228
32 2.429 0.00393512 0.273903
32 2.43 0.00419567 0.295305
32 2.431 0.00457435 0.307805
32 2.432 0.00436151 0.279707
32 2.433 0.00411597 0.316584
32 2.434 0.00420006 0.298858
32 2.435 0.00455274 0.284534
32 2.436 0.00408189 0.289728
32 2.437 0.00426574 0.301042
32 2.438 0.0045355 0.29938
32 2.439 0.00395207 0.277651
32 2.44 0.00384916 0.298508
32 2.441 0.00367101 0.257641
32 2.442 0.00415215 0.288788
32 2.443 0.00385428 0.296943
32 2.444 0.00388363 0.293106
32 2.445 0.00375311 0.283935
32 2.446 0.00394174 0.280121
32 2.447 0.00435921 0.264636
32 2.448 0.00394661 0.263781
32 2.449 0.00568338 0.522271
32 2.45 0.00358125 0.259573
32 2.451 0.00369041 0.269475
32 2.452 0.00416207 0.254719
32 2.453 0.00374101 0.276362
32 2.454 0.00389836 0.270027
32 2.455 0.00366042 0.276349
32 2.456 0.00523534 0.449608
32 2.457 0.00377728 0.25857
32 2.458 0.0035621 0.259927
32 2.459 0.00426173 0.283715
32 2.46 0.00366373 0.260066
32 2.461 0.00386224 0.254433
32 2.462 0.00382079 0.272645
32 2.463 0.00419926 0.280993
32 2.464 0.00361386 0.256875
32 2.465 0.00424669 0.261377
32 2.466 0.00375188 0.258655
32 2.467 0.00338754 0.235321
32 2.468 0.00360173 0.27711
32 2.469 0.00380285 0.278235
32 2.47 0.00332176 0.233366
32 2.471 0.00331712 0.283209
32 2.472 0.00364905 0.282176
32 2.473 0.00343831 0.240051
32 2.474 0.00353986 0.236226
32 2.475 0.00337937 0.249591
32 2.476 0.00326425 0.249405
32 2.477 0.00414184 0.248664
32 2.478 0.0037605 0.263124
32 2.479 0.00400983 0.230287
32 2.48 0.00323933 0.221391
32 2.481 0.00315627 0.2316
32 2.482 0.00527578 0.49967
32 2.483 0.003984 0.255183
32 2.484 0.00328731 0.226309
32 2.485 0.00336147 0.238579
32 2.486 0.00340106 0.271153
32 2.487 0.00426586 0.24585
32 2.488 0.00335775 0.211882
32 2.489 0.00336287 0.254312
32 2.49 0.00414036 0.246307
32 2.491 0.00318783 0.222127
32 2.492 0.0032064 0.230059
32 2.493 0.00342797 0.227868
32 2.494 0.00321405 0.243194
32 2.495 0.00339388 0.228939
32 2.496 0.0033253 0.24949
32 2.497 0.00322858 0.226261
32 2.498 0.00534847 0.531338
32 2.499 0.00391879 0.231022
