size temperature m m2 m4 mag_sus 
10 1.5 0.997752 0.995564 0.991362 0.00368443 
10 1.5 0.997954 0.995961 0.992128 0.00325959 
10 1.5 0.997928 0.995909 0.992023 0.00323912 
10 1.505 0.99781 0.995678 0.99158 0.00352717 
10 1.505 0.99778 0.995617 0.991456 0.00346788 
10 1.505 0.997832 0.99572 0.991654 0.00337673 
10 1.51 0.997734 0.995528 0.991288 0.00363081 
10 1.51 0.99778 0.995617 0.991455 0.0034458 
10 1.51 0.99775 0.995559 0.991345 0.00355083 
10 1.515 0.99774 0.995539 0.991307 0.00355989 
10 1.515 0.997788 0.995635 0.9915 0.00359519 
10 1.515 0.997668 0.995396 0.991027 0.00363312 
10 1.52 0.997722 0.995505 0.991244 0.00364544 
10 1.52 0.99775 0.995559 0.991345 0.00353273 
10 1.52 0.99755 0.99517 0.990608 0.00420247 
10 1.525 0.99761 0.995282 0.990802 0.00366216 
10 1.525 0.997656 0.995373 0.990983 0.00364758 
10 1.525 0.997626 0.995317 0.990887 0.0039242 
10 1.53 0.997652 0.995365 0.990964 0.00359784 
10 1.53 0.997622 0.995308 0.990864 0.00382125 
10 1.53 0.997534 0.995133 0.990516 0.00383522 
10 1.535 0.99753 0.995125 0.9905 0.00381623 
10 1.535 0.997454 0.994975 0.990212 0.0039738 
10 1.535 0.99748 0.995026 0.990305 0.00385991 
10 1.54 0.997316 0.994708 0.989709 0.00446209 
10 1.54 0.99762 0.995301 0.990836 0.00356465 
10 1.54 0.997534 0.995131 0.990506 0.00368564 
10 1.545 0.99746 0.994988 0.990239 0.00398372 
10 1.545 0.99733 0.994729 0.989728 0.00403049 
10 1.545 0.997344 0.994759 0.989791 0.00412075 
10 1.55 0.997318 0.99471 0.989704 0.00428173 
10 1.55 0.997354 0.994781 0.989845 0.0042683 
10 1.55 0.997354 0.994776 0.989815 0.00392766 
10 1.555 0.997332 0.994733 0.989735 0.00400269 
10 1.555 0.997448 0.994964 0.99019 0.00394388 
10 1.555 0.997206 0.994487 0.989266 0.00434685 
10 1.56 0.997072 0.994226 0.98877 0.00472736 
10 1.56 0.997262 0.994598 0.989481 0.00424509 
10 1.56 0.997086 0.994254 0.988822 0.00468901 
10 1.565 0.996884 0.993857 0.988059 0.00508949 
10 1.565 0.99716 0.9944 0.989107 0.00458622 
10 1.565 0.997162 0.994401 0.989097 0.00437481 
10 1.57 0.997092 0.994262 0.988824 0.00440914 
10 1.57 0.996864 0.993818 0.98798 0.0050857 
10 1.57 0.997188 0.994452 0.989197 0.00432692 
10 1.575 0.997038 0.994154 0.988611 0.00440804 
10 1.575 0.997068 0.994216 0.98874 0.00451323 
10 1.575 0.996874 0.993836 0.988012 0.00497956 
10 1.58 0.997028 0.994141 0.988608 0.00481311 
10 1.58 0.996982 0.994044 0.988401 0.00451466 
10 1.58 0.996878 0.993843 0.988022 0.00488437 
10 1.585 0.99677 0.99363 0.987608 0.00502758 
10 1.585 0.996846 0.993784 0.987922 0.00517932 
10 1.585 0.9969 0.993884 0.988095 0.00472366 
10 1.59 0.996734 0.993563 0.987493 0.00532913 
10 1.59 0.996768 0.993628 0.987611 0.00513926 
10 1.59 0.99678 0.993648 0.987635 0.0048674 
10 1.595 0.99672 0.99353 0.987406 0.00494305 
10 1.595 0.996834 0.993753 0.987835 0.00470072 
10 1.595 0.996758 0.993607 0.987565 0.00504636 
10 1.6 0.996622 0.993339 0.987046 0.00523432 
10 1.6 0.996566 0.993229 0.98683 0.00530548 
10 1.6 0.996536 0.993174 0.986739 0.00563004 
10 1.605 0.996402 0.992909 0.986225 0.00576538 
10 1.605 0.996596 0.993288 0.986945 0.00524939 
10 1.605 0.996464 0.993032 0.986465 0.00570571 
10 1.61 0.996556 0.99321 0.9868 0.00538005 
10 1.61 0.996374 0.992853 0.986114 0.00573491 
10 1.61 0.996462 0.993025 0.986441 0.00550575 
10 1.615 0.996348 0.992799 0.985995 0.00555436 
10 1.615 0.996304 0.992712 0.985828 0.00561855 
10 1.615 0.996426 0.992953 0.986294 0.00544808 
10 1.62 0.996382 0.992868 0.986136 0.00560926 
10 1.62 0.996242 0.992597 0.985623 0.00607885 
10 1.62 0.996364 0.99283 0.986055 0.00549009 
10 1.625 0.996182 0.992473 0.985369 0.00583525 
10 1.625 0.99625 0.99261 0.985642 0.00588662 
10 1.625 0.996202 0.992513 0.985444 0.0057954 
10 1.63 0.996108 0.992328 0.985085 0.00591241 
10 1.63 0.99603 0.992175 0.98479 0.00606375 
10 1.63 0.996106 0.992328 0.9851 0.00615931 
10 1.635 0.9961 0.992313 0.985059 0.00595413 
10 1.635 0.996172 0.992453 0.985328 0.00579244 
10 1.635 0.996008 0.992134 0.984721 0.00624244 
10 1.64 0.996198 0.992505 0.98543 0.00576493 
10 1.64 0.99582 0.991766 0.984019 0.0066468 
10 1.64 0.99597 0.992059 0.984574 0.00623653 
10 1.645 0.995842 0.991808 0.984095 0.00650888 
10 1.645 0.995768 0.991661 0.983803 0.00650275 
10 1.645 0.995906 0.991932 0.984324 0.00624919 
10 1.65 0.995822 0.991771 0.984028 0.00661966 
10 1.65 0.995826 0.991785 0.984076 0.00699986 
10 1.65 0.995788 0.9917 0.983876 0.0064254 
10 1.655 0.995768 0.991664 0.983819 0.00663747 
10 1.655 0.995544 0.991216 0.982926 0.00654889 
10 1.655 0.99582 0.99176 0.983983 0.00619985 
10 1.66 0.995532 0.991198 0.982909 0.0068456 
10 1.66 0.995502 0.991143 0.982821 0.00716434 
10 1.66 0.995534 0.991202 0.98292 0.00688282 
10 1.665 0.995526 0.99119 0.982908 0.00706446 
10 1.665 0.995346 0.990839 0.982241 0.00751834 
10 1.665 0.995712 0.991556 0.983617 0.00680919 
10 1.67 0.995178 0.990508 0.981595 0.00769271 
10 1.67 0.995268 0.990686 0.981949 0.00766516 
10 1.67 0.995318 0.99078 0.982113 0.0073173 
10 1.675 0.995178 0.990506 0.981589 0.00757423 
10 1.675 0.995276 0.990697 0.98195 0.00731247 
10 1.675 0.995292 0.990731 0.982026 0.00745998 
10 1.68 0.995098 0.990347 0.981272 0.00754824 
10 1.68 0.99528 0.9907 0.98194 0.00701676 
10 1.68 0.995056 0.990273 0.981161 0.00810696 
10 1.685 0.994706 0.989578 0.979792 0.00818122 
10 1.685 0.995158 0.990461 0.98148 0.0072092 
10 1.685 0.99516 0.990468 0.981502 0.00737415 
10 1.69 0.995002 0.990165 0.980946 0.00802959 
10 1.69 0.994986 0.990121 0.980817 0.00735265 
10 1.69 0.995142 0.990429 0.981417 0.00719762 
10 1.695 0.99488 0.989925 0.98048 0.00817142 
10 1.695 0.994862 0.989892 0.980427 0.00837056 
10 1.695 0.99477 0.989707 0.980056 0.00825293 
10 1.7 0.994654 0.989481 0.979621 0.00847178 
10 1.7 0.994984 0.990125 0.98085 0.0077341 
10 1.7 0.994722 0.989605 0.979831 0.00785545 
10 1.705 0.994778 0.989722 0.980081 0.00815781 
10 1.705 0.994542 0.989266 0.979225 0.00891086 
10 1.705 0.994528 0.989232 0.97914 0.00859456 
10 1.71 0.99437 0.988918 0.978518 0.00855808 
10 1.71 0.994514 0.989202 0.979072 0.00842712 
10 1.71 0.994338 0.988861 0.97843 0.00894396 
10 1.715 0.994362 0.988904 0.978495 0.0086165 
10 1.715 0.99435 0.988893 0.978517 0.00936429 
10 1.715 0.994484 0.989148 0.978985 0.0087355 
10 1.72 0.994114 0.988421 0.977579 0.00920204 
10 1.72 0.994606 0.989386 0.979435 0.00844563 
10 1.72 0.994458 0.989089 0.97884 0.0082585 
10 1.725 0.994154 0.9885 0.977733 0.009133 
10 1.725 0.994098 0.988387 0.977506 0.00905776 
10 1.725 0.994332 0.988849 0.978406 0.0088692 
10 1.73 0.994046 0.988289 0.977331 0.00934277 
10 1.73 0.99403 0.988265 0.97731 0.00978029 
10 1.73 0.994256 0.988704 0.978139 0.009168 
10 1.735 0.993702 0.987613 0.976022 0.00973229 
10 1.735 0.99401 0.988218 0.977191 0.00932334 
10 1.735 0.994072 0.988339 0.977425 0.00921607 
10 1.74 0.993828 0.987863 0.976516 0.00971876 
10 1.74 0.993914 0.988024 0.976797 0.00912417 
10 1.74 0.993874 0.987946 0.976652 0.00924323 
10 1.745 0.993592 0.987396 0.975606 0.00982335 
10 1.745 0.993574 0.987365 0.975558 0.01006 
10 1.745 0.9939 0.987999 0.976762 0.00929685 
10 1.75 0.993734 0.987679 0.976164 0.00981356 
10 1.75 0.993602 0.987417 0.975647 0.00980946 
10 1.75 0.993586 0.987384 0.975579 0.00977489 
10 1.755 0.99352 0.987261 0.975362 0.0101977 
10 1.755 0.993482 0.987177 0.975172 0.00974334 
10 1.755 0.99355 0.987311 0.975433 0.00967963 
10 1.76 0.99307 0.986391 0.973736 0.0115509 
10 1.76 0.993254 0.986746 0.974397 0.0109211 
10 1.76 0.993424 0.987069 0.974982 0.0101021 
10 1.765 0.993146 0.986523 0.973931 0.0104489 
10 1.765 0.993462 0.987145 0.975135 0.0101266 
10 1.765 0.993316 0.986859 0.974586 0.0103458 
10 1.77 0.993138 0.986517 0.973949 0.0109284 
10 1.77 0.993206 0.986641 0.974158 0.0103391 
10 1.77 0.99311 0.986458 0.973823 0.0107665 
10 1.775 0.993046 0.986334 0.97359 0.0108981 
10 1.775 0.992986 0.98621 0.973331 0.0106526 
10 1.775 0.992918 0.986082 0.973103 0.0110493 
10 1.78 0.992818 0.985878 0.97268 0.0106909 
10 1.78 0.99273 0.985717 0.972415 0.0114824 
10 1.78 0.992978 0.986201 0.973334 0.0109714 
10 1.785 0.992626 0.985512 0.972012 0.0115039 
10 1.785 0.992676 0.985607 0.972185 0.0112829 
10 1.785 0.992642 0.985545 0.972083 0.0115753 
10 1.79 0.992442 0.985153 0.971326 0.0118277 
10 1.79 0.992518 0.985297 0.971589 0.0114447 
10 1.79 0.992312 0.984908 0.970892 0.0125595 
10 1.795 0.99224 0.98476 0.970585 0.0122308 
10 1.795 0.992536 0.98533 0.971641 0.011274 
10 1.795 0.992416 0.985095 0.971195 0.0114631 
10 1.8 0.992254 0.984793 0.970666 0.0124822 
10 1.8 0.99203 0.984356 0.969835 0.01294 
10 1.8 0.992172 0.984621 0.970297 0.0119779 
10 1.805 0.991836 0.983972 0.969084 0.0129457 
10 1.805 0.992034 0.98435 0.969773 0.0120921 
10 1.805 0.992084 0.984458 0.970015 0.0125771 
10 1.81 0.991814 0.983931 0.969011 0.0130425 
10 1.81 0.991972 0.984243 0.969616 0.0129343 
10 1.81 0.991734 0.983775 0.968713 0.0131731 
10 1.815 0.991814 0.98393 0.969005 0.0129493 
10 1.815 0.991498 0.983308 0.967803 0.0132273 
10 1.815 0.99182 0.983942 0.96903 0.0129569 
10 1.82 0.991518 0.983356 0.967925 0.0136228 
10 1.82 0.991966 0.984223 0.969554 0.0124602 
10 1.82 0.991436 0.98319 0.967586 0.0134471 
10 1.825 0.991558 0.983427 0.968037 0.013158 
10 1.825 0.991734 0.983777 0.968727 0.0132095 
10 1.825 0.991482 0.983291 0.967817 0.0139684 
10 1.83 0.991208 0.98275 0.966763 0.0140405 
10 1.83 0.991304 0.982937 0.96712 0.0138481 
10 1.83 0.991132 0.982601 0.966479 0.0141289 
10 1.835 0.990912 0.982174 0.965676 0.0145945 
10 1.835 0.99143 0.983171 0.967524 0.0129371 
10 1.835 0.99104 0.982434 0.966202 0.0149427 
10 1.84 0.99106 0.982458 0.966194 0.0140128 
10 1.84 0.990838 0.98202 0.965346 0.0141357 
10 1.84 0.990786 0.981939 0.965261 0.0153186 
10 1.845 0.990908 0.982166 0.965658 0.0145027 
10 1.845 0.990638 0.981647 0.964689 0.0153319 
10 1.845 0.99085 0.982044 0.965391 0.0140877 
10 1.85 0.99055 0.981456 0.964263 0.0144009 
10 1.85 0.990694 0.981742 0.964825 0.0144605 
10 1.85 0.99052 0.981405 0.964196 0.0148913 
10 1.855 0.990656 0.981662 0.964654 0.0141612 
10 1.855 0.990564 0.981491 0.964353 0.0147537 
10 1.855 0.990546 0.981461 0.964318 0.0150826 
10 1.86 0.990172 0.980732 0.962932 0.0156844 
10 1.86 0.990132 0.980652 0.962771 0.0156378 
10 1.86 0.990218 0.980828 0.963137 0.01592 
10 1.865 0.989992 0.98039 0.962302 0.0163732 
10 1.865 0.990046 0.980477 0.962414 0.0153393 
10 1.865 0.990184 0.980744 0.962916 0.015003 
10 1.87 0.99 0.980394 0.962276 0.0157091 
10 1.87 0.98997 0.980334 0.962159 0.0157048 
10 1.87 0.989778 0.979962 0.961458 0.01613 
10 1.875 0.989754 0.979907 0.961324 0.0156896 
10 1.875 0.989762 0.979932 0.961397 0.0161548 
10 1.875 0.98963 0.979676 0.96092 0.0164535 
10 1.88 0.989268 0.978976 0.959606 0.0172523 
10 1.88 0.989502 0.979431 0.960472 0.0168549 
10 1.88 0.989706 0.979855 0.961355 0.0179401 
10 1.885 0.98925 0.978934 0.959505 0.0168869 
10 1.885 0.989256 0.978949 0.959545 0.0170359 
10 1.885 0.989168 0.978779 0.959228 0.0172662 
10 1.89 0.98898 0.978435 0.95864 0.018692 
10 1.89 0.989484 0.979381 0.960324 0.0160198 
10 1.89 0.988854 0.978177 0.958116 0.0182289 
10 1.895 0.988956 0.978357 0.958395 0.0170528 
10 1.895 0.98899 0.978434 0.958575 0.0175377 
10 1.895 0.988802 0.978069 0.957885 0.0179127 
10 1.9 0.98874 0.977975 0.957793 0.0194028 
10 1.9 0.98875 0.977957 0.957641 0.0174041 
10 1.9 0.988868 0.978191 0.958098 0.0174062 
10 1.905 0.988814 0.978073 0.957829 0.0167703 
10 1.905 0.988354 0.977206 0.956268 0.019041 
10 1.905 0.988582 0.977631 0.957028 0.017696 
10 1.91 0.988464 0.977426 0.956718 0.0191225 
10 1.91 0.988598 0.977667 0.957106 0.0178447 
10 1.91 0.988004 0.976528 0.955003 0.0196783 
10 1.915 0.988056 0.976637 0.955238 0.0199593 
10 1.915 0.988036 0.976594 0.955143 0.019784 
10 1.915 0.988142 0.976799 0.955533 0.0195712 
10 1.92 0.98765 0.975846 0.953732 0.0204832 
10 1.92 0.987896 0.976311 0.954569 0.0193778 
10 1.92 0.987836 0.976195 0.954351 0.0195436 
10 1.925 0.987896 0.976304 0.954535 0.0189867 
10 1.925 0.987632 0.975828 0.95375 0.0213607 
10 1.925 0.988068 0.976642 0.955183 0.0188897 
10 1.93 0.987626 0.975785 0.953572 0.019708 
10 1.93 0.987452 0.975446 0.952928 0.0198999 
10 1.93 0.9875 0.975551 0.953164 0.0204389 
10 1.935 0.98724 0.97503 0.952128 0.0200053 
10 1.935 0.987528 0.975589 0.953186 0.0195168 
10 1.935 0.987572 0.975683 0.953386 0.0198669 
10 1.94 0.98712 0.974799 0.951698 0.0202776 
10 1.94 0.98716 0.974906 0.951991 0.0217038 
10 1.94 0.98712 0.974796 0.951681 0.0200962 
10 1.945 0.98706 0.974687 0.9515 0.0205407 
10 1.945 0.986754 0.974113 0.950478 0.0220722 
10 1.945 0.987142 0.974849 0.951811 0.0205281 
10 1.95 0.98653 0.973657 0.949555 0.0213066 
10 1.95 0.986632 0.973853 0.949921 0.0210511 
10 1.95 0.986764 0.974118 0.950453 0.0212927 
10 1.955 0.986588 0.973795 0.949893 0.0224838 
10 1.955 0.986158 0.972956 0.948309 0.0229585 
10 1.955 0.986056 0.972771 0.947988 0.0237609 
10 1.96 0.985958 0.972581 0.947631 0.0238685 
10 1.96 0.986212 0.973037 0.948375 0.0215822 
10 1.96 0.98599 0.972619 0.947632 0.0225878 
10 1.965 0.985864 0.972401 0.947304 0.0240658 
10 1.965 0.986026 0.972682 0.947725 0.0221459 
10 1.965 0.985696 0.972073 0.94667 0.0242379 
10 1.97 0.98549 0.971644 0.945773 0.0230162 
10 1.97 0.985626 0.97191 0.946277 0.0228989 
10 1.97 0.98564 0.971968 0.94647 0.0244604 
10 1.975 0.985116 0.970964 0.944637 0.0258464 
10 1.975 0.9855 0.971677 0.945876 0.0236268 
10 1.975 0.985382 0.97145 0.945459 0.0238964 
10 1.98 0.985514 0.971729 0.946048 0.0247897 
10 1.98 0.985008 0.970721 0.944075 0.0242727 
10 1.98 0.985282 0.971272 0.945169 0.024795 
10 1.985 0.98504 0.970793 0.94424 0.0246548 
10 1.985 0.98501 0.970732 0.944111 0.0245713 
10 1.985 0.984852 0.970437 0.943577 0.0253571 
10 1.99 0.98461 0.969965 0.942693 0.0255391 
10 1.99 0.984206 0.96921 0.941346 0.0275593 
10 1.99 0.984816 0.970341 0.943332 0.0240526 
10 1.995 0.98423 0.969241 0.94136 0.026662 
10 1.995 0.984462 0.969665 0.942087 0.0250652 
10 1.995 0.984488 0.969722 0.942223 0.0253362 
10 2 0.984002 0.968774 0.940418 0.0257212 
10 2 0.984504 0.969817 0.942562 0.0284257 
10 2 0.9842 0.96916 0.941153 0.025506 
10 2.005 0.983788 0.968371 0.939694 0.0265322 
10 2.005 0.984102 0.968999 0.940938 0.0270331 
10 2.005 0.983378 0.967624 0.938439 0.0295177 
10 2.01 0.9835 0.96783 0.93874 0.0277527 
10 2.01 0.984048 0.968892 0.940724 0.026938 
10 2.01 0.983454 0.967762 0.938664 0.0288731 
10 2.015 0.983472 0.967798 0.938734 0.028837 
10 2.015 0.982876 0.96663 0.936502 0.0290168 
10 2.015 0.983572 0.967948 0.938881 0.0264993 
10 2.02 0.982788 0.966441 0.936093 0.0281538 
10 2.02 0.983214 0.967265 0.937635 0.0275064 
10 2.02 0.983426 0.967654 0.938299 0.026114 
10 2.025 0.982676 0.966241 0.935769 0.0290627 
10 2.025 0.982816 0.966524 0.936339 0.0294474 
10 2.025 0.98295 0.966757 0.9367 0.0279693 
10 2.03 0.982416 0.965739 0.93484 0.0294307 
10 2.03 0.982522 0.965925 0.935123 0.0283271 
10 2.03 0.982508 0.965921 0.935183 0.0295069 
10 2.035 0.982684 0.966247 0.935748 0.0284421 
10 2.035 0.982052 0.965016 0.933418 0.028998 
10 2.035 0.98208 0.965134 0.933834 0.0321019 
10 2.04 0.981952 0.964838 0.933135 0.0298054 
10 2.04 0.981924 0.964796 0.933093 0.0304499 
10 2.04 0.982038 0.96502 0.93352 0.0304729 
10 2.045 0.981854 0.964655 0.932812 0.030183 
10 2.045 0.981968 0.964866 0.933172 0.0295886 
10 2.045 0.981882 0.964715 0.932938 0.0304557 
10 2.05 0.980794 0.962661 0.92924 0.0343517 
10 2.05 0.98162 0.964196 0.931928 0.0301432 
10 2.05 0.981106 0.963247 0.930269 0.0330974 
10 2.055 0.981036 0.963089 0.929936 0.031975 
10 2.055 0.98031 0.9617 0.927379 0.0337024 
10 2.055 0.981224 0.963459 0.930647 0.03204 
10 2.06 0.980648 0.962374 0.928684 0.0341505 
10 2.06 0.981586 0.964159 0.931926 0.0314565 
10 2.06 0.980804 0.962623 0.928999 0.0313977 
10 2.065 0.980946 0.962902 0.929533 0.0313465 
10 2.065 0.980516 0.962112 0.928186 0.0339087 
10 2.065 0.980538 0.962146 0.928226 0.0334872 
10 2.07 0.980574 0.962205 0.928306 0.0328479 
10 2.07 0.979912 0.960965 0.926108 0.0356325 
10 2.07 0.979974 0.96106 0.92621 0.0343401 
10 2.075 0.980064 0.961237 0.926543 0.0342861 
10 2.075 0.979234 0.959672 0.923749 0.0372286 
10 2.075 0.979712 0.960581 0.925392 0.035944 
10 2.08 0.979554 0.960277 0.924814 0.0360962 
10 2.08 0.979458 0.960055 0.92429 0.0344878 
10 2.08 0.97958 0.96029 0.924744 0.0342838 
10 2.085 0.979406 0.959985 0.924273 0.035914 
10 2.085 0.979246 0.959692 0.923734 0.0368782 
10 2.085 0.979112 0.959393 0.923097 0.0351583 
10 2.09 0.979336 0.959851 0.924018 0.0359904 
10 2.09 0.978606 0.95842 0.921282 0.0359051 
10 2.09 0.978592 0.958445 0.921503 0.0384162 
10 2.095 0.978588 0.958442 0.92148 0.0385416 
10 2.095 0.978328 0.957926 0.920486 0.0382207 
10 2.095 0.978074 0.957432 0.919561 0.038347 
10 2.1 0.9781 0.957487 0.919681 0.038449 
10 2.1 0.978094 0.957481 0.919683 0.0387203 
10 2.1 0.977968 0.957277 0.919417 0.0407443 
10 2.105 0.977734 0.956792 0.918386 0.0393247 
10 2.105 0.977574 0.956521 0.917987 0.0413413 
10 2.105 0.978156 0.957627 0.920026 0.0397967 
10 2.11 0.977576 0.956508 0.917951 0.0404533 
10 2.11 0.977614 0.956559 0.917948 0.0393188 
10 2.11 0.977516 0.956434 0.917903 0.0425095 
10 2.115 0.976794 0.954978 0.915036 0.0402611 
10 2.115 0.976744 0.954897 0.914922 0.0410458 
10 2.115 0.977414 0.956176 0.917265 0.039629 
10 2.12 0.976488 0.954395 0.913952 0.0408522 
10 2.12 0.976458 0.954348 0.913899 0.0413837 
10 2.12 0.97652 0.95446 0.914103 0.0409835 
10 2.125 0.976536 0.954485 0.914135 0.0406062 
10 2.125 0.976384 0.954203 0.91363 0.041267 
10 2.125 0.976212 0.953878 0.913038 0.0418019 
10 2.13 0.97582 0.953144 0.911747 0.0431609 
10 2.13 0.97586 0.95326 0.912053 0.0449493 
10 2.13 0.976134 0.953736 0.912804 0.0421659 
10 2.135 0.975908 0.953288 0.911939 0.04176 
10 2.135 0.975468 0.952453 0.910437 0.0428862 
10 2.135 0.975642 0.952816 0.91117 0.0439648 
10 2.14 0.975002 0.951571 0.908841 0.0440121 
10 2.14 0.975142 0.951856 0.909424 0.0446037 
10 2.14 0.974682 0.950979 0.907828 0.0455364 
10 2.145 0.974346 0.950337 0.906612 0.0460267 
10 2.145 0.97431 0.950309 0.906709 0.0479769 
10 2.145 0.974732 0.951095 0.908053 0.0462736 
10 2.15 0.974418 0.950536 0.907126 0.0486475 
10 2.15 0.974694 0.950988 0.907797 0.0446236 
10 2.15 0.97469 0.951004 0.90787 0.0457565 
10 2.155 0.97398 0.949651 0.905429 0.0470459 
10 2.155 0.973504 0.948827 0.90404 0.0518516 
10 2.155 0.973836 0.949376 0.904905 0.0472912 
10 2.16 0.97366 0.949128 0.904581 0.0516058 
10 2.16 0.973644 0.949031 0.904349 0.0485223 
10 2.16 0.973896 0.949547 0.905298 0.049701 
10 2.165 0.97364 0.948941 0.903938 0.044624 
10 2.165 0.973268 0.94831 0.902996 0.0489293 
10 2.165 0.973122 0.948 0.902366 0.0477419 
10 2.17 0.972306 0.946517 0.899888 0.0524517 
10 2.17 0.973566 0.948835 0.903852 0.0462822 
10 2.17 0.972514 0.946997 0.900884 0.0559115 
10 2.175 0.972526 0.94692 0.900478 0.0511641 
10 2.175 0.972156 0.946254 0.899427 0.0536309 
10 2.175 0.971682 0.945342 0.897757 0.0540934 
10 2.18 0.972118 0.946142 0.899127 0.0517649 
10 2.18 0.971294 0.944594 0.896401 0.0542058 
10 2.18 0.972104 0.946132 0.899144 0.0525419 
10 2.185 0.972056 0.946013 0.898826 0.0512628 
10 2.185 0.971706 0.945381 0.897827 0.0534833 
10 2.185 0.971418 0.94482 0.896775 0.0534256 
10 2.19 0.971256 0.944521 0.896228 0.0540175 
10 2.19 0.970396 0.942907 0.893379 0.0565444 
10 2.19 0.971098 0.944225 0.89566 0.0544947 
10 2.195 0.970494 0.943075 0.893623 0.0554057 
10 2.195 0.97117 0.944324 0.895795 0.0525262 
10 2.195 0.971056 0.944107 0.895409 0.05272 
10 2.2 0.970558 0.943262 0.893994 0.0581531 
10 2.2 0.9699 0.941929 0.891514 0.0555886 
10 2.2 0.970154 0.942425 0.892409 0.055748 
10 2.205 0.969086 0.940501 0.889233 0.0622968 
10 2.205 0.970366 0.942821 0.893094 0.054891 
10 2.205 0.969884 0.941928 0.891529 0.0568339 
10 2.21 0.969222 0.940699 0.889407 0.0591943 
10 2.21 0.969384 0.940975 0.889839 0.057438 
10 2.21 0.969292 0.940818 0.889605 0.0584389 
10 2.215 0.968136 0.938756 0.886128 0.0663208 
10 2.215 0.968302 0.939022 0.886586 0.0638157 
10 2.215 0.968236 0.938918 0.886458 0.0648961 
10 2.22 0.96859 0.939458 0.887086 0.0581771 
10 2.22 0.967856 0.938199 0.885142 0.0654902 
10 2.22 0.968044 0.9385 0.885525 0.0626385 
10 2.225 0.968146 0.938713 0.885987 0.0632235 
10 2.225 0.967332 0.937094 0.88284 0.0612387 
10 2.225 0.967622 0.937628 0.883766 0.0600173 
10 2.23 0.966818 0.936309 0.881868 0.0704733 
10 2.23 0.967088 0.936733 0.882516 0.0661023 
10 2.23 0.967374 0.937201 0.883085 0.0622881 
10 2.235 0.967426 0.937319 0.883378 0.0628839 
10 2.235 0.96694 0.936501 0.882106 0.0683667 
10 2.235 0.967218 0.937003 0.88297 0.0667785 
10 2.24 0.966976 0.936485 0.881961 0.0644132 
10 2.24 0.966744 0.93605 0.881097 0.0649981 
10 2.24 0.965898 0.934512 0.878546 0.0693345 
10 2.245 0.966004 0.934666 0.878723 0.0669092 
10 2.245 0.96558 0.933874 0.877299 0.0681293 
10 2.245 0.965022 0.932894 0.875776 0.0724356 
10 2.25 0.966104 0.934856 0.879084 0.0666178 
10 2.25 0.964892 0.932728 0.875599 0.0760813 
10 2.25 0.965496 0.933653 0.87676 0.0653704 
10 2.255 0.964636 0.932157 0.87438 0.0724802 
10 2.255 0.964364 0.931746 0.873728 0.0775093 
10 2.255 0.964186 0.931254 0.872674 0.0709232 
10 2.26 0.964756 0.932271 0.874323 0.0671195 
10 2.26 0.964428 0.931754 0.87361 0.0722369 
10 2.26 0.964888 0.93261 0.87517 0.0708331 
10 2.265 0.963826 0.93062 0.871625 0.0732663 
10 2.265 0.962758 0.928679 0.868322 0.0784333 
10 2.265 0.963552 0.93008 0.87062 0.0727251 
10 2.27 0.963584 0.930126 0.870664 0.0719099 
10 2.27 0.96399 0.930913 0.872011 0.0720617 
10 2.27 0.96331 0.929692 0.870091 0.0760196 
10 2.275 0.963092 0.929255 0.869157 0.0750998 
10 2.275 0.96275 0.928657 0.868323 0.0777704 
10 2.275 0.962918 0.928942 0.868645 0.076104 
10 2.28 0.962274 0.927691 0.866367 0.0754276 
10 2.28 0.961994 0.927189 0.86558 0.0770519 
10 2.28 0.962554 0.928396 0.867975 0.0827262 
10 2.285 0.96136 0.926129 0.86392 0.0838508 
10 2.285 0.962006 0.927132 0.865222 0.0733626 
10 2.285 0.961206 0.925713 0.862969 0.0786112 
10 2.29 0.960892 0.925063 0.861676 0.0763915 
10 2.29 0.961478 0.926184 0.863697 0.0761788 
10 2.29 0.960202 0.923961 0.860141 0.0861729 
10 2.295 0.96035 0.924167 0.860371 0.0825446 
10 2.295 0.959794 0.923145 0.858503 0.0845629 
10 2.295 0.95935 0.922613 0.858345 0.0984862 
10 2.3 0.960004 0.923462 0.858967 0.0806296 
10 2.3 0.959252 0.922263 0.857157 0.0912418 
10 2.3 0.959198 0.921991 0.856537 0.0839425 
10 2.305 0.959164 0.921962 0.856523 0.0853285 
10 2.305 0.95921 0.922044 0.856645 0.0850384 
10 2.305 0.959768 0.923011 0.858166 0.0805565 
10 2.31 0.958322 0.9205 0.854133 0.0917205 
10 2.31 0.957916 0.919791 0.852955 0.094728 
10 2.31 0.958146 0.920096 0.853264 0.0888607 
10 2.315 0.956944 0.917921 0.849727 0.0941383 
10 2.315 0.958574 0.920788 0.854272 0.0830897 
10 2.315 0.958152 0.920145 0.853519 0.0902715 
10 2.32 0.956928 0.917915 0.84975 0.0949829 
10 2.32 0.956966 0.917976 0.849824 0.0944912 
10 2.32 0.956114 0.916594 0.847731 0.105182 
10 2.325 0.956152 0.916523 0.847305 0.0987593 
10 2.325 0.955588 0.915614 0.846018 0.106067 
10 2.325 0.956896 0.917815 0.849461 0.0931082 
10 2.33 0.956288 0.916668 0.847306 0.0936301 
10 2.33 0.956094 0.916351 0.846929 0.0959478 
10 2.33 0.956034 0.916167 0.846442 0.0929781 
10 2.335 0.955906 0.916053 0.846473 0.0983537 
10 2.335 0.956268 0.916737 0.84776 0.0980005 
10 2.335 0.954668 0.913886 0.843103 0.106836 
10 2.34 0.954526 0.913568 0.84234 0.104636 
10 2.34 0.954264 0.913017 0.841134 0.102457 
10 2.34 0.954738 0.913983 0.843043 0.105058 
10 2.345 0.955154 0.91444 0.843264 0.0904288 
10 2.345 0.954216 0.912833 0.840701 0.0982953 
10 2.345 0.954104 0.912724 0.840824 0.102773 
10 2.35 0.95356 0.911626 0.838703 0.0999815 
10 2.35 0.953306 0.911218 0.838137 0.103201 
10 2.35 0.953408 0.911269 0.837869 0.0971126 
10 2.355 0.952774 0.910131 0.836044 0.0999025 
10 2.355 0.952384 0.909692 0.835916 0.112802 
10 2.355 0.95266 0.910103 0.836393 0.107939 
10 2.36 0.95178 0.908559 0.833734 0.113317 
10 2.36 0.951546 0.908032 0.832815 0.109834 
10 2.36 0.953128 0.911014 0.837908 0.108501 
10 2.365 0.950722 0.906706 0.830887 0.119802 
10 2.365 0.95021 0.905783 0.829356 0.121953 
10 2.365 0.951696 0.908389 0.833456 0.112626 
10 2.37 0.949972 0.905465 0.828761 0.127365 
10 2.37 0.95003 0.905189 0.827804 0.111048 
10 2.37 0.951748 0.908293 0.832972 0.104168 
10 2.375 0.949936 0.90513 0.827826 0.115843 
10 2.375 0.94956 0.90452 0.827042 0.120228 
10 2.375 0.949722 0.904967 0.827946 0.126124 
10 2.38 0.94957 0.904449 0.826627 0.116194 
10 2.38 0.948912 0.903341 0.825018 0.122159 
10 2.38 0.94902 0.903538 0.825314 0.121802 
10 2.385 0.94805 0.901808 0.822507 0.126177 
10 2.385 0.948588 0.902816 0.824147 0.125662 
10 2.385 0.947784 0.901117 0.820941 0.118348 
10 2.39 0.948238 0.902072 0.822591 0.122049 
10 2.39 0.947566 0.900676 0.820061 0.116947 
10 2.39 0.948592 0.902747 0.823841 0.122187 
10 2.395 0.947752 0.901332 0.821966 0.129376 
10 2.395 0.94659 0.899091 0.817784 0.127678 
10 2.395 0.947268 0.900447 0.820242 0.130708 
10 2.4 0.946802 0.899517 0.81852 0.128457 
10 2.4 0.94468 0.895824 0.812734 0.141837 
10 2.4 0.945544 0.897337 0.815167 0.136806 
10 2.405 0.945846 0.897767 0.815542 0.130665 
10 2.405 0.945652 0.897566 0.815628 0.137539 
10 2.405 0.944978 0.89641 0.813644 0.142479 
10 2.41 0.944068 0.894742 0.810949 0.144319 
10 2.41 0.944662 0.89592 0.812986 0.146642 
10 2.41 0.944068 0.894575 0.81039 0.137385 
10 2.415 0.943308 0.893262 0.808079 0.142113 
10 2.415 0.94341 0.893538 0.808714 0.145587 
10 2.415 0.943792 0.894108 0.809676 0.13934 
10 2.42 0.942396 0.891782 0.806042 0.151746 
10 2.42 0.943566 0.893762 0.809027 0.142352 
10 2.42 0.942042 0.891187 0.805087 0.154722 
10 2.425 0.941262 0.889611 0.802346 0.149957 
10 2.425 0.94212 0.891093 0.804571 0.144458 
10 2.425 0.941536 0.890224 0.803326 0.153994 
10 2.43 0.939438 0.886354 0.79691 0.156818 
10 2.43 0.94168 0.890262 0.80308 0.144062 
10 2.43 0.938748 0.88557 0.796384 0.177868 
10 2.435 0.940524 0.88851 0.800688 0.161168 
10 2.435 0.93892 0.885577 0.795979 0.164545 
10 2.435 0.939504 0.886619 0.797471 0.16225 
10 2.44 0.939248 0.88602 0.796444 0.157098 
10 2.44 0.939952 0.887271 0.798336 0.154157 
10 2.44 0.939374 0.886545 0.797535 0.1689 
10 2.445 0.93832 0.884414 0.793734 0.162368 
10 2.445 0.93835 0.884501 0.793913 0.163591 
10 2.445 0.938168 0.884223 0.793786 0.166217 
10 2.45 0.93808 0.883663 0.791932 0.149737 
10 2.45 0.936842 0.881852 0.789745 0.170592 
10 2.45 0.938026 0.883763 0.792507 0.157962 
10 2.455 0.93619 0.880694 0.787894 0.17281 
10 2.455 0.937598 0.883362 0.792496 0.174004 
10 2.455 0.938204 0.884373 0.793911 0.168895 
10 2.46 0.934822 0.878724 0.785369 0.196398 
10 2.46 0.934772 0.878258 0.784015 0.181266 
10 2.46 0.934266 0.877488 0.78297 0.188398 
10 2.465 0.935334 0.879035 0.784821 0.169773 
10 2.465 0.933952 0.876636 0.781282 0.177281 
10 2.465 0.934656 0.878275 0.784405 0.190407 
10 2.47 0.934256 0.877168 0.782033 0.175445 
10 2.47 0.933576 0.876445 0.78151 0.19761 
10 2.47 0.934096 0.876751 0.781015 0.170663 
10 2.475 0.933276 0.875679 0.779857 0.188903 
10 2.475 0.933186 0.875516 0.779703 0.189072 
10 2.475 0.932052 0.873757 0.77717 0.203492 
10 2.48 0.932022 0.873474 0.776555 0.193903 
10 2.48 0.931996 0.873632 0.776865 0.202223 
10 2.48 0.929828 0.870051 0.771416 0.220615 
10 2.485 0.930498 0.870592 0.771464 0.191761 
10 2.485 0.930834 0.871324 0.772918 0.19607 
10 2.485 0.929854 0.869305 0.769139 0.188194 
10 2.49 0.929338 0.868641 0.768496 0.199693 
10 2.49 0.928588 0.867543 0.767142 0.211522 
10 2.49 0.929446 0.869136 0.769652 0.211486 
10 2.495 0.927824 0.866347 0.765265 0.220017 
10 2.495 0.928708 0.867617 0.766992 0.205153 
10 2.495 0.928988 0.868004 0.767397 0.199831 
10 2.5 0.92626 0.863972 0.762123 0.240586 
10 2.5 0.927624 0.866005 0.764843 0.220731 
10 2.5 0.92764 0.865673 0.763595 0.20627 
10 2.505 0.92604 0.863037 0.759882 0.219053 
10 2.505 0.926918 0.864835 0.763056 0.225869 
10 2.505 0.9249 0.861726 0.758745 0.250947 
10 2.51 0.924104 0.859799 0.755093 0.232298 
10 2.51 0.925338 0.8621 0.758786 0.23304 
10 2.51 0.92521 0.861765 0.758015 0.229126 
10 2.515 0.926192 0.863036 0.759441 0.20694 
10 2.515 0.923762 0.859462 0.754909 0.243571 
10 2.515 0.925086 0.861594 0.757779 0.230992 
10 2.52 0.923316 0.858524 0.752657 0.238554 
10 2.52 0.921514 0.855819 0.749266 0.263152 
10 2.52 0.922408 0.856717 0.749684 0.233341 
10 2.525 0.921134 0.854501 0.746489 0.238129 
10 2.525 0.92213 0.856413 0.749786 0.241165 
10 2.525 0.921122 0.854708 0.74708 0.247236 
10 2.53 0.920654 0.85403 0.746062 0.254012 
10 2.53 0.919946 0.852326 0.742785 0.238142 
10 2.53 0.921166 0.854752 0.747089 0.24526 
10 2.535 0.920428 0.853696 0.74591 0.256719 
10 2.535 0.91997 0.852742 0.744217 0.252347 
10 2.535 0.91971 0.852107 0.742716 0.246158 
10 2.54 0.9204 0.85311 0.743882 0.235187 
10 2.54 0.918492 0.850702 0.741502 0.278521 
10 2.54 0.91945 0.851803 0.742477 0.252531 
10 2.545 0.916832 0.847753 0.736705 0.281793 
10 2.545 0.915512 0.845313 0.732766 0.280981 
10 2.545 0.91787 0.848889 0.737499 0.251624 
10 2.55 0.91675 0.84725 0.735625 0.26744 
10 2.55 0.917436 0.848436 0.737262 0.264599 
10 2.55 0.918222 0.849454 0.738529 0.247925 
10 2.555 0.913568 0.842282 0.728637 0.30043 
10 2.555 0.914004 0.842727 0.728693 0.286655 
10 2.555 0.915838 0.845511 0.732643 0.264238 
10 2.56 0.914414 0.843178 0.729192 0.274433 
10 2.56 0.914032 0.842487 0.728126 0.27469 
10 2.56 0.914056 0.842417 0.727784 0.270276 
10 2.565 0.911942 0.838991 0.722814 0.286677 
10 2.565 0.912462 0.84028 0.725336 0.299943 
10 2.565 0.91226 0.839665 0.723955 0.290318 
10 2.57 0.910858 0.837589 0.721399 0.308441 
10 2.57 0.909064 0.834564 0.716395 0.317768 
10 2.57 0.909784 0.835946 0.719243 0.320587 
10 2.575 0.906926 0.830826 0.710383 0.322783 
10 2.575 0.908122 0.832939 0.714199 0.32054 
10 2.575 0.908832 0.833817 0.714815 0.304531 
10 2.58 0.90607 0.829565 0.709337 0.333404 
10 2.58 0.906728 0.830416 0.710144 0.320187 
10 2.58 0.90876 0.833647 0.714813 0.302427 
10 2.585 0.906354 0.830081 0.710063 0.332812 
10 2.585 0.906496 0.83025 0.710508 0.329419 
10 2.585 0.907864 0.832631 0.713945 0.325509 
10 2.59 0.906526 0.830239 0.710305 0.326246 
10 2.59 0.905316 0.828323 0.707238 0.33691 
10 2.59 0.905732 0.829114 0.708808 0.338361 
10 2.595 0.904026 0.826131 0.703978 0.341743 
10 2.595 0.902732 0.824557 0.702545 0.371181 
10 2.595 0.90289 0.824717 0.702609 0.366329 
10 2.6 0.903658 0.825506 0.703098 0.342622 
10 2.6 0.903578 0.82592 0.704478 0.364112 
10 2.6 0.900576 0.820924 0.69709 0.38028 
10 2.605 0.89834 0.817708 0.693252 0.410508 
10 2.605 0.901148 0.821248 0.696685 0.352428 
10 2.605 0.902526 0.823645 0.700331 0.349002 
10 2.61 0.8985 0.817426 0.691844 0.387889 
10 2.61 0.898434 0.817273 0.69187 0.386553 
10 2.61 0.898834 0.817333 0.69103 0.361316 
10 2.615 0.896782 0.814489 0.687589 0.392771 
10 2.615 0.899004 0.817736 0.691341 0.364346 
10 2.615 0.897226 0.815465 0.689197 0.399646 
10 2.62 0.892832 0.809026 0.680718 0.453306 
10 2.62 0.893092 0.808437 0.678565 0.413119 
10 2.62 0.895646 0.812951 0.684886 0.411058 
10 2.625 0.893134 0.808699 0.678953 0.419441 
10 2.625 0.894028 0.810356 0.681997 0.421712 
10 2.625 0.892344 0.807998 0.67913 0.446495 
10 2.63 0.89258 0.8075 0.677074 0.410691 
10 2.63 0.893892 0.809308 0.679526 0.390323 
10 2.63 0.891396 0.806379 0.676748 0.448361 
10 2.635 0.891914 0.806771 0.676232 0.427352 
10 2.635 0.890762 0.805285 0.674829 0.448886 
10 2.635 0.888004 0.800937 0.668907 0.470067 
10 2.64 0.888572 0.800997 0.66795 0.433208 
10 2.64 0.88906 0.802311 0.67055 0.450115 
10 2.64 0.88816 0.800701 0.667733 0.449726 
10 2.645 0.886622 0.799358 0.667023 0.501312 
10 2.645 0.889502 0.803055 0.671786 0.447664 
10 2.645 0.888634 0.801364 0.668767 0.442086 
10 2.65 0.886284 0.797628 0.663468 0.457686 
10 2.65 0.88648 0.798331 0.664577 0.471107 
10 2.65 0.886044 0.797204 0.662626 0.457731 
10 2.655 0.882118 0.791879 0.656512 0.517781 
10 2.655 0.88481 0.795656 0.660837 0.480869 
10 2.655 0.884686 0.795195 0.660397 0.471786 
10 2.66 0.880016 0.787663 0.649605 0.497534 
10 2.66 0.88305 0.792652 0.656179 0.484025 
10 2.66 0.882296 0.79169 0.655174 0.497877 
10 2.665 0.879394 0.787081 0.648716 0.515851 
10 2.665 0.880246 0.787971 0.650029 0.492994 
10 2.665 0.881018 0.789462 0.652131 0.497911 
10 2.67 0.879444 0.78729 0.649718 0.519395 
10 2.67 0.876034 0.781845 0.641911 0.539664 
10 2.67 0.876134 0.78244 0.643339 0.555403 
10 2.675 0.875546 0.781678 0.642319 0.564383 
10 2.675 0.873298 0.777869 0.636433 0.568975 
10 2.675 0.875102 0.780692 0.640322 0.556575 
10 2.68 0.87551 0.781281 0.641451 0.550855 
10 2.68 0.87659 0.782419 0.642068 0.522735 
10 2.68 0.87414 0.779666 0.639864 0.580029 
10 2.685 0.870532 0.773256 0.630442 0.574693 
10 2.685 0.872076 0.776684 0.636064 0.602131 
10 2.685 0.871454 0.775595 0.634359 0.601953 
10 2.69 0.871176 0.774716 0.632954 0.586185 
10 2.69 0.869182 0.771795 0.628706 0.606607 
10 2.69 0.870252 0.773311 0.630873 0.59377 
10 2.695 0.865254 0.765543 0.620268 0.626308 
10 2.695 0.866808 0.767637 0.622709 0.604122 
10 2.695 0.870066 0.772799 0.630096 0.585686 
10 2.7 0.86573 0.766588 0.622018 0.633313 
10 2.7 0.866936 0.768368 0.624596 0.621845 
10 2.7 0.865034 0.76493 0.618954 0.616524 
10 2.705 0.865734 0.765216 0.618664 0.581177 
10 2.705 0.86252 0.761225 0.614205 0.638973 
10 2.705 0.863042 0.762052 0.615492 0.636264 
10 2.71 0.863606 0.762515 0.615767 0.616224 
10 2.71 0.861398 0.759425 0.61232 0.642734 
10 2.71 0.859688 0.757972 0.611526 0.697738 
10 2.715 0.859338 0.755803 0.606501 0.638736 
10 2.715 0.85604 0.751668 0.6023 0.694771 
10 2.715 0.86136 0.759251 0.611636 0.637566 
10 2.72 0.854174 0.749588 0.600116 0.734359 
10 2.72 0.859752 0.75661 0.607599 0.641051 
10 2.72 0.857146 0.752843 0.603251 0.667043 
10 2.725 0.85365 0.748287 0.5981 0.718114 
10 2.725 0.855042 0.750578 0.601045 0.714916 
10 2.725 0.856452 0.751867 0.601797 0.673643 
10 2.73 0.85259 0.746591 0.595685 0.720935 
10 2.73 0.85205 0.746452 0.596169 0.74954 
10 2.73 0.852666 0.746995 0.596563 0.730975 
10 2.735 0.847816 0.740099 0.588015 0.779046 
10 2.735 0.851876 0.745168 0.593426 0.712064 
10 2.735 0.852442 0.745625 0.59349 0.69353 
10 2.74 0.847304 0.739029 0.586184 0.770263 
10 2.74 0.84886 0.74202 0.590671 0.78308 
10 2.74 0.849506 0.742272 0.589697 0.752254 
10 2.745 0.84403 0.733925 0.579239 0.784637 
10 2.745 0.846284 0.736986 0.582928 0.757346 
10 2.745 0.845076 0.735866 0.582639 0.791003 
10 2.75 0.843018 0.732398 0.577283 0.789776 
10 2.75 0.843348 0.732175 0.576451 0.761437 
10 2.75 0.845626 0.73621 0.582454 0.768229 
10 2.755 0.836684 0.723281 0.566681 0.843597 
10 2.755 0.839012 0.727156 0.571585 0.842656 
10 2.755 0.841786 0.730306 0.574519 0.787754 
10 2.76 0.837328 0.723614 0.565649 0.81506 
10 2.76 0.837752 0.724742 0.567855 0.830197 
10 2.76 0.843592 0.732071 0.57549 0.739976 
10 2.765 0.834744 0.720656 0.563156 0.862876 
10 2.765 0.832636 0.717991 0.560375 0.893608 
10 2.765 0.837166 0.723877 0.566654 0.832909 
10 2.77 0.83275 0.716974 0.557563 0.848435 
10 2.77 0.831654 0.715309 0.554873 0.85418 
10 2.77 0.832522 0.717447 0.559146 0.879204 
10 2.775 0.831194 0.715041 0.555629 0.870527 
10 2.775 0.82921 0.712968 0.554043 0.914535 
10 2.775 0.8311 0.714863 0.555084 0.869748 
10 2.78 0.827962 0.710061 0.548908 0.882717 
10 2.78 0.82748 0.709427 0.548091 0.888615 
10 2.78 0.83112 0.714445 0.553931 0.851946 
10 2.785 0.827034 0.709644 0.549273 0.92133 
10 2.785 0.819562 0.699109 0.537014 0.984828 
10 2.785 0.821752 0.703239 0.542767 1.00406 
10 2.79 0.823046 0.704197 0.543084 0.960308 
10 2.79 0.825352 0.707088 0.545584 0.927682 
10 2.79 0.821288 0.701094 0.538662 0.95268 
10 2.795 0.818924 0.69698 0.532459 0.94251 
10 2.795 0.819966 0.699331 0.537099 0.965528 
10 2.795 0.8198 0.69842 0.535159 0.942673 
10 2.8 0.81741 0.696054 0.533239 0.996236 
10 2.8 0.817624 0.695607 0.531653 0.967776 
10 2.8 0.81505 0.691176 0.524851 0.959615 
10 2.805 0.813666 0.689789 0.52517 0.988811 
10 2.805 0.81568 0.693452 0.529747 1.00244 
10 2.805 0.814652 0.691614 0.526271 0.996636 
10 2.81 0.81245 0.687969 0.522309 0.992669 
10 2.81 0.811804 0.687433 0.521947 1.01094 
10 2.81 0.812354 0.688053 0.522293 1.00123 
10 2.815 0.805912 0.680621 0.515903 1.10577 
10 2.815 0.806306 0.680365 0.513989 1.0741 
10 2.815 0.811154 0.686884 0.521904 1.02713 
10 2.82 0.805278 0.679052 0.513173 1.08436 
10 2.82 0.807246 0.680831 0.513283 1.03492 
10 2.82 0.807788 0.682018 0.515674 1.04596 
10 2.825 0.802034 0.673729 0.505658 1.07858 
10 2.825 0.802892 0.675409 0.508002 1.08934 
10 2.825 0.803994 0.67652 0.508727 1.06596 
10 2.83 0.802826 0.676022 0.509167 1.11282 
10 2.83 0.797142 0.667964 0.499974 1.14941 
10 2.83 0.794296 0.664249 0.496263 1.17818 
10 2.835 0.791026 0.660293 0.491639 1.21943 
10 2.835 0.797672 0.667932 0.499081 1.11643 
10 2.835 0.79725 0.668304 0.500541 1.1533 
10 2.84 0.791538 0.66032 0.491152 1.1897 
10 2.84 0.793046 0.662202 0.49279 1.17183 
10 2.84 0.789988 0.657699 0.487117 1.18372 
10 2.845 0.789466 0.656229 0.484771 1.15896 
10 2.845 0.790898 0.659191 0.489468 1.18353 
10 2.845 0.793662 0.663234 0.49438 1.1717 
10 2.85 0.788434 0.655428 0.484833 1.18596 
10 2.85 0.785406 0.652215 0.48196 1.24042 
10 2.85 0.787824 0.654228 0.482655 1.17759 
10 2.855 0.787864 0.65505 0.484215 1.20211 
10 2.855 0.781894 0.646119 0.473572 1.21752 
10 2.855 0.785436 0.652115 0.481687 1.23312 
10 2.86 0.779324 0.644233 0.472959 1.28976 
10 2.86 0.77731 0.640795 0.468912 1.27918 
10 2.86 0.781686 0.646501 0.474527 1.24013 
10 2.865 0.77807 0.641834 0.469861 1.27195 
10 2.865 0.779502 0.643085 0.47039 1.23777 
10 2.865 0.77455 0.637393 0.464813 1.3077 
10 2.87 0.770296 0.631473 0.458559 1.32813 
10 2.87 0.774536 0.636734 0.46326 1.28321 
10 2.87 0.775302 0.639041 0.466967 1.32221 
10 2.875 0.767784 0.628454 0.455049 1.35521 
10 2.875 0.772716 0.633657 0.459158 1.27191 
10 2.875 0.770142 0.631287 0.457689 1.32758 
10 2.88 0.764886 0.624465 0.450285 1.36856 
10 2.88 0.77027 0.62976 0.454663 1.26543 
10 2.88 0.765754 0.62565 0.45208 1.36356 
10 2.885 0.763604 0.622744 0.448894 1.37444 
10 2.885 0.768268 0.627951 0.453429 1.3073 
10 2.885 0.76384 0.622669 0.448232 1.35937 
10 2.89 0.762158 0.619168 0.443292 1.32469 
10 2.89 0.765134 0.624105 0.449356 1.33824 
10 2.89 0.75376 0.610828 0.436745 1.47662 
10 2.895 0.757168 0.61389 0.438186 1.40196 
10 2.895 0.758254 0.615143 0.439761 1.38838 
10 2.895 0.755288 0.611277 0.435439 1.40993 
10 2.9 0.756092 0.612023 0.436258 1.3913 
10 2.9 0.75367 0.609369 0.4337 1.42589 
10 2.9 0.751182 0.607436 0.432393 1.48833 
10 2.905 0.749154 0.604785 0.429732 1.49924 
10 2.905 0.744658 0.598646 0.422711 1.51912 
10 2.905 0.746784 0.599965 0.423226 1.45539 
10 2.91 0.744856 0.597197 0.419769 1.45657 
10 2.91 0.74739 0.601403 0.425447 1.47117 
10 2.91 0.750894 0.605015 0.427689 1.4149 
10 2.915 0.741638 0.593698 0.416848 1.49816 
10 2.915 0.742782 0.595321 0.418438 1.49558 
10 2.915 0.741838 0.594287 0.417494 1.50819 
10 2.92 0.739362 0.589221 0.410237 1.45769 
10 2.92 0.737388 0.587882 0.410834 1.51166 
10 2.92 0.739876 0.591221 0.413928 1.50017 
10 2.925 0.732396 0.582435 0.40496 1.57372 
10 2.925 0.735178 0.585355 0.407806 1.53395 
10 2.925 0.739792 0.590973 0.413274 1.49335 
10 2.93 0.729068 0.577736 0.400266 1.57666 
10 2.93 0.723352 0.569903 0.391657 1.59265 
10 2.93 0.732534 0.581133 0.402231 1.5197 
10 2.935 0.729878 0.578816 0.40108 1.57051 
10 2.935 0.725714 0.573554 0.39607 1.59772 
10 2.935 0.73007 0.578277 0.400101 1.54259 
10 2.94 0.7283 0.575457 0.39596 1.53183 
10 2.94 0.730636 0.579247 0.401286 1.54483 
10 2.94 0.724898 0.571757 0.39295 1.57415 
10 2.945 0.719768 0.566241 0.387728 1.63582 
10 2.945 0.720054 0.567517 0.390156 1.66516 
10 2.945 0.721356 0.567078 0.388008 1.58652 
10 2.95 0.719026 0.564051 0.384728 1.59502 
10 2.95 0.711638 0.556271 0.378041 1.68957 
10 2.95 0.717792 0.563789 0.385845 1.64624 
10 2.955 0.709736 0.553445 0.374597 1.68257 
10 2.955 0.706996 0.55119 0.374181 1.73762 
10 2.955 0.716858 0.561291 0.381677 1.60425 
10 2.96 0.709332 0.55188 0.371707 1.64621 
10 2.96 0.70459 0.548284 0.370934 1.75124 
10 2.96 0.705518 0.547745 0.368886 1.68881 
10 2.965 0.701542 0.543518 0.364992 1.73211 
10 2.965 0.707398 0.549956 0.370767 1.67098 
10 2.965 0.703912 0.547081 0.368822 1.73992 
10 2.97 0.699326 0.541909 0.364021 1.77955 
10 2.97 0.70342 0.546348 0.368649 1.73562 
10 2.97 0.695556 0.536361 0.358174 1.7698 
10 2.975 0.700572 0.542102 0.363149 1.72441 
10 2.975 0.691964 0.532001 0.354189 1.78779 
10 2.975 0.703086 0.545414 0.366822 1.71711 
10 2.98 0.700994 0.541678 0.361299 1.68742 
10 2.98 0.69219 0.532164 0.353367 1.77976 
10 2.98 0.69134 0.530237 0.351076 1.75456 
10 2.985 0.68603 0.524843 0.347087 1.81594 
10 2.985 0.693972 0.532235 0.351826 1.69643 
10 2.985 0.692988 0.531563 0.351846 1.71962 
10 2.99 0.683504 0.521149 0.342804 1.80506 
10 2.99 0.683442 0.521496 0.343547 1.81949 
10 2.99 0.680294 0.517123 0.338292 1.81683 
10 2.995 0.681874 0.518322 0.339012 1.78197 
10 2.995 0.680212 0.517803 0.339347 1.84021 
10 2.995 0.683178 0.521286 0.343165 1.8215 
10 3 0.680824 0.517078 0.337343 1.78522 
10 3 0.678704 0.514619 0.335032 1.79934 
10 3 0.679076 0.516348 0.33771 1.84014 
10 3.005 0.675374 0.511614 0.333677 1.84638 
10 3.005 0.674212 0.510534 0.332998 1.86264 
10 3.005 0.679066 0.516225 0.337764 1.83342 
10 3.01 0.668408 0.502501 0.323493 1.85154 
10 3.01 0.665046 0.499294 0.321048 1.89396 
10 3.01 0.669302 0.503973 0.325669 1.86073 
10 3.015 0.660724 0.494876 0.317931 1.93433 
10 3.015 0.668072 0.502285 0.323843 1.85622 
10 3.015 0.665678 0.498933 0.319817 1.85094 
10 3.02 0.660652 0.49389 0.316644 1.90163 
10 3.02 0.662926 0.496511 0.318615 1.88875 
10 3.02 0.658068 0.490551 0.312694 1.90388 
10 3.025 0.655854 0.486774 0.307917 1.87205 
10 3.025 0.657098 0.488604 0.309852 1.87855 
10 3.025 0.651468 0.483103 0.306481 1.94026 
10 3.03 0.649956 0.480935 0.303565 1.93043 
10 3.03 0.655096 0.487574 0.310978 1.92816 
10 3.03 0.655826 0.486447 0.307588 1.85938 
10 3.035 0.645488 0.476906 0.301092 1.98521 
10 3.035 0.647396 0.477864 0.301147 1.93549 
10 3.035 0.649594 0.480604 0.303068 1.93186 
10 3.04 0.642172 0.471889 0.295043 1.95737 
10 3.04 0.64665 0.476073 0.298665 1.90517 
10 3.04 0.644328 0.474444 0.29809 1.95018 
10 3.045 0.64472 0.473289 0.29566 1.89244 
10 3.045 0.64764 0.476108 0.297327 1.86108 
10 3.045 0.642216 0.470682 0.293421 1.91268 
10 3.05 0.630632 0.458234 0.282659 1.98484 
10 3.05 0.63287 0.460153 0.283229 1.95502 
10 3.05 0.639232 0.468207 0.291035 1.95375 
10 3.055 0.628572 0.456238 0.281309 2.00117 
10 3.055 0.630088 0.457685 0.281567 1.98607 
10 3.055 0.628088 0.455193 0.280229 1.98687 
10 3.06 0.61866 0.444329 0.269676 2.0127 
10 3.06 0.624644 0.451 0.275062 1.98759 
10 3.06 0.628612 0.45506 0.278633 1.95775 
10 3.065 0.62407 0.450505 0.274968 1.99156 
10 3.065 0.629736 0.457426 0.281843 1.98558 
10 3.065 0.621776 0.448065 0.273382 2.00521 
10 3.07 0.622518 0.448694 0.273318 1.99236 
10 3.07 0.61757 0.443935 0.27019 2.03722 
10 3.07 0.621306 0.447238 0.272106 1.99403 
10 3.075 0.618168 0.443722 0.269169 2.00295 
10 3.075 0.61777 0.443137 0.268301 1.99992 
10 3.075 0.61758 0.442008 0.267163 1.97084 
10 3.08 0.613072 0.43813 0.263884 2.02185 
10 3.08 0.611562 0.435348 0.26081 1.99154 
10 3.08 0.608696 0.432266 0.258573 2.00503 
10 3.085 0.610846 0.435292 0.261579 2.01487 
10 3.085 0.613518 0.438063 0.263726 1.99867 
10 3.085 0.60458 0.428865 0.256323 2.05343 
10 3.09 0.605836 0.42871 0.254624 1.99587 
10 3.09 0.614798 0.438718 0.263232 1.96576 
10 3.09 0.598068 0.420574 0.248222 2.03525 
10 3.095 0.601636 0.424933 0.252575 2.03447 
10 3.095 0.60146 0.425039 0.252615 2.04475 
10 3.095 0.594402 0.418032 0.247127 2.09107 
10 3.1 0.603134 0.426664 0.25425 2.02881 
10 3.1 0.593752 0.4149 0.242478 2.01156 
10 3.1 0.596916 0.419716 0.247517 2.04541 
10 3.105 0.594726 0.416073 0.243766 2.00883 
10 3.105 0.589916 0.411765 0.240636 2.05359 
10 3.105 0.594232 0.416674 0.245077 2.04708 
10 3.11 0.589064 0.40952 0.237507 2.01039 
10 3.11 0.589394 0.411971 0.241427 2.0767 
10 3.11 0.59204 0.413586 0.241302 2.02811 
10 3.115 0.578204 0.399253 0.230408 2.08454 
10 3.115 0.58656 0.40819 0.237757 2.05898 
10 3.115 0.58591 0.407959 0.237664 2.07603 
10 3.12 0.58132 0.401825 0.231804 2.04783 
10 3.12 0.581676 0.402212 0.232291 2.04694 
10 3.12 0.58238 0.402773 0.232485 2.03869 
10 3.125 0.577554 0.398192 0.228835 2.06794 
10 3.125 0.574066 0.394626 0.226226 2.08239 
10 3.125 0.577506 0.398044 0.228509 2.065 
10 3.13 0.574008 0.394303 0.225789 2.07085 
10 3.13 0.571814 0.391664 0.224117 2.06686 
10 3.13 0.579038 0.398369 0.228328 2.01546 
10 3.135 0.574486 0.392805 0.222603 2.00226 
10 3.135 0.57001 0.39025 0.222516 2.08418 
10 3.135 0.568112 0.386152 0.216967 2.02236 
10 3.14 0.56477 0.383214 0.215924 2.04615 
10 3.14 0.56167 0.380172 0.213153 2.06047 
10 3.14 0.560714 0.380259 0.214505 2.09741 
10 3.145 0.560652 0.379725 0.213414 2.0793 
10 3.145 0.564816 0.382907 0.214835 2.03149 
10 3.145 0.559248 0.378288 0.212824 2.08361 
10 3.15 0.55283 0.371276 0.206662 2.0843 
10 3.15 0.556998 0.374779 0.208178 2.04863 
10 3.15 0.556532 0.374551 0.208809 2.05787 
10 3.155 0.5517 0.369797 0.205493 2.07365 
10 3.155 0.558294 0.375895 0.208949 2.03496 
10 3.155 0.551232 0.369849 0.20497 2.09168 
10 3.16 0.543268 0.360652 0.197164 2.07317 
10 3.16 0.547538 0.366041 0.202084 2.09629 
10 3.16 0.547132 0.36504 0.200907 2.07869 
10 3.165 0.538906 0.35661 0.195027 2.09132 
10 3.165 0.544872 0.362949 0.199293 2.08732 
10 3.165 0.549886 0.367509 0.202568 2.05796 
10 3.17 0.542918 0.360025 0.196217 2.05882 
10 3.17 0.540362 0.357869 0.195598 2.07815 
10 3.17 0.541364 0.358396 0.195922 2.06059 
10 3.175 0.54042 0.357106 0.193676 2.0489 
10 3.175 0.539032 0.355933 0.192965 2.05915 
10 3.175 0.539222 0.355903 0.193041 2.05175 
10 3.18 0.536878 0.353272 0.191283 2.04508 
10 3.18 0.535222 0.351685 0.189748 2.05101 
10 3.18 0.532298 0.349395 0.188502 2.07717 
10 3.185 0.529228 0.345925 0.185745 2.06727 
10 3.185 0.525688 0.34315 0.18415 2.09739 
10 3.185 0.53393 0.349837 0.187614 2.03315 
10 3.19 0.52439 0.339146 0.1785 2.01133 
10 3.19 0.522962 0.338245 0.179009 2.02996 
10 3.19 0.527538 0.343944 0.183732 2.05791 
10 3.195 0.526906 0.342429 0.181608 2.02814 
10 3.195 0.527164 0.342741 0.18182 2.0294 
10 3.195 0.521676 0.338448 0.179621 2.07518 
10 3.2 0.513858 0.330171 0.173742 2.06628 
10 3.2 0.516656 0.333185 0.175538 2.07035 
10 3.2 0.519282 0.335583 0.177223 2.0603 
10 3.205 0.513242 0.328621 0.171531 2.03444 
10 3.205 0.516218 0.332693 0.175159 2.0659 
10 3.205 0.513614 0.328557 0.171393 2.02052 
10 3.21 0.510908 0.326746 0.170474 2.04731 
10 3.21 0.512988 0.32871 0.172042 2.04216 
10 3.21 0.509846 0.325955 0.170017 2.05645 
10 3.215 0.509414 0.32597 0.170318 2.0674 
10 3.215 0.503824 0.318249 0.1625 2.00344 
10 3.215 0.515992 0.331021 0.172775 2.01471 
10 3.22 0.500058 0.314771 0.160696 2.00972 
10 3.22 0.507658 0.322866 0.166964 2.02329 
10 3.22 0.500448 0.315533 0.161377 2.02126 
10 3.225 0.498522 0.314271 0.160804 2.03865 
10 3.225 0.506244 0.320833 0.164827 2.00155 
10 3.225 0.504142 0.319306 0.164107 2.02005 
10 3.23 0.501526 0.316122 0.160817 1.9998 
10 3.23 0.49436 0.309274 0.156349 2.00875 
10 3.23 0.498668 0.313019 0.158781 1.99224 
10 3.235 0.494244 0.30855 0.155545 1.98679 
10 3.235 0.496238 0.311312 0.158294 2.01113 
10 3.235 0.496742 0.310322 0.156153 1.96505 
10 3.24 0.489668 0.305518 0.154075 2.02913 
10 3.24 0.488638 0.303145 0.151635 1.98696 
10 3.24 0.489902 0.304848 0.15323 2.00137 
10 3.245 0.488708 0.303447 0.151954 1.99112 
10 3.245 0.486312 0.300099 0.149216 1.95993 
10 3.245 0.489582 0.304946 0.153634 2.01094 
10 3.25 0.485274 0.300118 0.149658 1.98854 
10 3.25 0.48582 0.300902 0.150138 1.99633 
10 3.25 0.482892 0.297387 0.146737 1.97545 
10 3.255 0.481318 0.295665 0.146246 1.96614 
10 3.255 0.481664 0.297458 0.148468 2.01099 
10 3.255 0.485542 0.299546 0.148587 1.95992 
10 3.26 0.481058 0.294992 0.14449 1.95016 
10 3.26 0.481746 0.294462 0.143346 1.91358 
10 3.26 0.476414 0.290615 0.141965 1.95229 
10 3.265 0.473464 0.288815 0.141851 1.97999 
10 3.265 0.477802 0.292361 0.143464 1.96222 
10 3.265 0.474636 0.288271 0.140042 1.92931 
10 3.27 0.469104 0.283998 0.137347 1.95533 
10 3.27 0.47167 0.287359 0.141011 1.9843 
10 3.27 0.469802 0.284539 0.137932 1.95182 
10 3.275 0.465306 0.279944 0.134314 1.93693 
10 3.275 0.466394 0.280768 0.134443 1.93113 
10 3.275 0.467522 0.281935 0.135752 1.9346 
10 3.28 0.462028 0.277319 0.133299 1.94661 
10 3.28 0.46753 0.281022 0.134615 1.9036 
10 3.28 0.46265 0.277104 0.131721 1.92253 
10 3.285 0.462882 0.275973 0.130438 1.87862 
10 3.285 0.46045 0.27484 0.129955 1.91251 
10 3.285 0.459214 0.273402 0.128827 1.90334 
10 3.29 0.453736 0.269129 0.126827 1.92257 
10 3.29 0.455842 0.269749 0.125855 1.88319 
10 3.29 0.453828 0.269489 0.127117 1.93099 
10 3.295 0.457606 0.271624 0.127916 1.88833 
10 3.295 0.456692 0.270964 0.127409 1.89366 
10 3.295 0.45543 0.2698 0.126671 1.89327 
10 3.3 0.447614 0.262129 0.121285 1.87185 
10 3.3 0.453858 0.26858 0.125801 1.89675 
10 3.3 0.45389 0.266581 0.122843 1.83529 
10 3.305 0.444422 0.259052 0.118961 1.86205 
10 3.305 0.449778 0.265027 0.123952 1.89792 
10 3.305 0.452632 0.266684 0.124087 1.87013 
10 3.31 0.448162 0.262709 0.121757 1.86888 
10 3.31 0.445202 0.260048 0.11955 1.86836 
10 3.31 0.44939 0.263254 0.121438 1.85204 
10 3.315 0.440756 0.256142 0.117468 1.86654 
10 3.315 0.442856 0.257153 0.117448 1.84108 
10 3.315 0.4458 0.259802 0.118876 1.84206 
10 3.32 0.438758 0.252725 0.113788 1.81376 
10 3.32 0.439816 0.254989 0.116502 1.85393 
10 3.32 0.446808 0.260146 0.118842 1.82255 
10 3.325 0.435946 0.250295 0.112999 1.81191 
10 3.325 0.438296 0.250875 0.11176 1.76757 
10 3.325 0.43602 0.251161 0.113265 1.83603 
10 3.33 0.43997 0.253626 0.114809 1.80337 
10 3.33 0.434842 0.248851 0.111056 1.7947 
10 3.33 0.434486 0.249085 0.111785 1.81101 
10 3.335 0.43276 0.246734 0.109829 1.7827 
10 3.335 0.4304 0.246115 0.11022 1.82521 
10 3.335 0.433164 0.248583 0.111554 1.82764 
10 3.34 0.434316 0.249624 0.112546 1.82616 
10 3.34 0.430528 0.245087 0.108585 1.78841 
10 3.34 0.427598 0.24306 0.107778 1.80299 
10 3.345 0.421038 0.238114 0.105187 1.81886 
10 3.345 0.428056 0.243267 0.107973 1.79477 
10 3.345 0.428998 0.243975 0.108004 1.79181 
10 3.35 0.422158 0.238123 0.104451 1.78823 
10 3.35 0.423598 0.239404 0.105651 1.79012 
10 3.35 0.426186 0.242306 0.107587 1.81109 
10 3.355 0.425434 0.240556 0.105595 1.77531 
10 3.355 0.422384 0.237266 0.103236 1.75433 
10 3.355 0.42181 0.237409 0.103913 1.77304 
10 3.36 0.416574 0.232725 0.101036 1.76164 
10 3.36 0.416168 0.231683 0.0995896 1.74068 
10 3.36 0.417018 0.233057 0.100812 1.76052 
10 3.365 0.413736 0.229544 0.0985628 1.73452 
10 3.365 0.415302 0.231321 0.0999105 1.74875 
10 3.365 0.419596 0.234776 0.101656 1.74489 
10 3.37 0.413076 0.229507 0.0989293 1.74705 
10 3.37 0.418362 0.234441 0.101648 1.76303 
10 3.37 0.409646 0.226121 0.0965059 1.73029 
10 3.375 0.41091 0.227503 0.097347 1.73796 
10 3.375 0.410316 0.225997 0.0962308 1.70778 
10 3.375 0.413022 0.228993 0.0983937 1.73053 
10 3.38 0.402398 0.219558 0.0921496 1.70514 
10 3.38 0.408358 0.224499 0.0949884 1.70836 
10 3.38 0.409668 0.226236 0.0963553 1.72805 
10 3.385 0.405472 0.22228 0.0942841 1.70967 
10 3.385 0.40591 0.223431 0.0947284 1.73318 
10 3.385 0.403944 0.219936 0.0918231 1.67695 
10 3.39 0.397564 0.214668 0.0892021 1.66994 
10 3.39 0.403202 0.219759 0.0915656 1.68694 
10 3.39 0.402516 0.219834 0.0925859 1.70547 
10 3.395 0.401762 0.217596 0.0900617 1.65489 
10 3.395 0.400386 0.21751 0.0909268 1.68487 
10 3.395 0.401542 0.218348 0.0910175 1.68225 
10 3.4 0.399978 0.215788 0.0889019 1.64135 
10 3.4 0.398702 0.215921 0.0895291 1.67522 
10 3.4 0.399442 0.217008 0.090597 1.68984 
10 3.405 0.39257 0.210669 0.0870241 1.66102 
10 3.405 0.394064 0.211578 0.086205 1.65321 
10 3.405 0.39556 0.212136 0.0865924 1.63491 
10 3.41 0.391586 0.209679 0.0855856 1.65218 
10 3.41 0.393048 0.20996 0.0849476 1.6268 
10 3.41 0.392438 0.209424 0.0848504 1.62513 
10 3.415 0.389248 0.207486 0.0840961 1.63902 
10 3.415 0.387348 0.205277 0.0825743 1.61753 
10 3.415 0.391242 0.209226 0.0853886 1.64439 
10 3.42 0.387164 0.204549 0.0819267 1.59804 
10 3.42 0.389958 0.207211 0.0835324 1.6124 
10 3.42 0.39112 0.208788 0.0846859 1.63197 
10 3.425 0.382824 0.202015 0.081128 1.61929 
10 3.425 0.388632 0.206574 0.0835551 1.62157 
10 3.425 0.384244 0.203421 0.0818108 1.62855 
10 3.43 0.387194 0.204684 0.0819723 1.59664 
10 3.43 0.384514 0.202507 0.0807848 1.59346 
10 3.43 0.386064 0.204148 0.0816631 1.60648 
10 3.435 0.38561 0.203278 0.080973 1.58901 
10 3.435 0.382722 0.200572 0.0791836 1.57483 
10 3.435 0.379342 0.19779 0.0774205 1.56884 
10 3.44 0.378822 0.197737 0.0778285 1.57647 
10 3.44 0.377866 0.197474 0.0778507 1.58986 
10 3.44 0.3816 0.200666 0.0798319 1.60023 
10 3.445 0.378362 0.196476 0.0761824 1.54769 
10 3.445 0.379636 0.198809 0.0788452 1.58738 
10 3.445 0.376896 0.196038 0.0765856 1.56711 
10 3.45 0.376756 0.196322 0.0768724 1.57616 
10 3.45 0.373246 0.191912 0.0735545 1.52463 
10 3.45 0.372892 0.192012 0.073891 1.53516 
10 3.455 0.368902 0.189102 0.0727838 1.5344 
10 3.455 0.37357 0.193881 0.0757404 1.57241 
10 3.455 0.373216 0.191884 0.0736556 1.52225 
10 3.46 0.372834 0.192153 0.074634 1.53606 
10 3.46 0.371072 0.190133 0.0728889 1.51555 
10 3.46 0.368574 0.188577 0.0723588 1.52398 
10 3.465 0.369778 0.189781 0.0728279 1.53087 
10 3.465 0.372004 0.191158 0.0735578 1.52299 
10 3.465 0.367844 0.188197 0.0722785 1.52633 
10 3.47 0.364178 0.183941 0.0685253 1.47884 
10 3.47 0.361906 0.181595 0.0671024 1.45875 
10 3.47 0.367628 0.187558 0.071431 1.5103 
10 3.475 0.363988 0.184945 0.0698136 1.50958 
10 3.475 0.366558 0.185153 0.0689201 1.46153 
10 3.475 0.362852 0.183543 0.0688357 1.493 
10 3.48 0.363018 0.18306 0.0682512 1.47352 
10 3.48 0.369074 0.187657 0.0704445 1.4782 
10 3.48 0.365146 0.185193 0.0694639 1.49026 
10 3.485 0.359546 0.180574 0.0674663 1.47203 
10 3.485 0.362472 0.183328 0.0689936 1.49046 
10 3.485 0.356124 0.177646 0.066041 1.45831 
10 3.49 0.360052 0.180603 0.0673033 1.46034 
10 3.49 0.360538 0.18046 0.0664634 1.4462 
10 3.49 0.359518 0.180519 0.0669932 1.46895 
10 3.495 0.354886 0.175898 0.0643108 1.42929 
10 3.495 0.353078 0.175337 0.0641955 1.44986 
10 3.495 0.360996 0.181186 0.0671815 1.45546 
