size temperature m m2 m4 mag_sus 
10 1.5 0.997774 0.995605 0.99143 0.00345899 
10 1.5 0.997778 0.995614 0.991453 0.00354018 
10 1.5 0.997758 0.995575 0.99138 0.00361956 
10 1.505 0.997878 0.995814 0.991853 0.0035626 
10 1.505 0.99766 0.995383 0.991009 0.00380893 
10 1.505 0.997912 0.995878 0.991963 0.00327178 
10 1.51 0.997628 0.995318 0.990874 0.00371216 
10 1.51 0.99773 0.995522 0.991281 0.00374087 
10 1.51 0.997656 0.995375 0.990993 0.00380038 
10 1.515 0.997638 0.995339 0.99092 0.00376376 
10 1.515 0.997574 0.995216 0.990695 0.00411845 
10 1.515 0.99769 0.995442 0.991124 0.00374283 
10 1.52 0.997512 0.995091 0.990443 0.00402433 
10 1.52 0.99766 0.995381 0.990998 0.00364503 
10 1.52 0.9976 0.995265 0.990781 0.00389474 
10 1.525 0.997386 0.994843 0.989959 0.00419193 
10 1.525 0.997652 0.995366 0.99097 0.00367783 
10 1.525 0.997414 0.994899 0.990069 0.00418574 
10 1.53 0.997338 0.994746 0.989764 0.00412508 
10 1.53 0.9974 0.994871 0.990018 0.00422222 
10 1.53 0.997356 0.994786 0.989855 0.00434832 
10 1.535 0.997552 0.995168 0.990581 0.00374771 
10 1.535 0.997282 0.994637 0.989554 0.00424837 
10 1.535 0.997406 0.994885 0.990049 0.00429649 
10 1.54 0.99731 0.994692 0.989663 0.00421324 
10 1.54 0.99716 0.9944 0.989108 0.00466587 
10 1.54 0.997264 0.994602 0.989491 0.00432431 
10 1.545 0.997142 0.994362 0.989022 0.00449138 
10 1.545 0.99726 0.994594 0.989474 0.00431407 
10 1.545 0.997234 0.99454 0.989361 0.00419348 
10 1.55 0.997176 0.994432 0.989171 0.00464678 
10 1.55 0.99715 0.994378 0.98906 0.00453661 
10 1.55 0.9972 0.994473 0.98923 0.00421161 
10 1.555 0.997066 0.994211 0.988725 0.00450107 
10 1.555 0.997112 0.994304 0.988914 0.00457746 
10 1.555 0.99712 0.994318 0.98894 0.0045084 
10 1.56 0.996886 0.99386 0.988058 0.00500147 
10 1.56 0.997062 0.994206 0.988729 0.00471591 
10 1.56 0.997102 0.99429 0.988905 0.00496164 
10 1.565 0.996882 0.99385 0.988034 0.004897 
10 1.565 0.996996 0.994076 0.988478 0.00481636 
10 1.565 0.99698 0.994047 0.988431 0.00499934 
10 1.57 0.99684 0.993772 0.987896 0.00521366 
10 1.57 0.996846 0.993781 0.987905 0.00503518 
10 1.57 0.997054 0.994191 0.9887 0.00471344 
10 1.575 0.996732 0.993559 0.987482 0.00534096 
10 1.575 0.996746 0.99358 0.9875 0.00491248 
10 1.575 0.99679 0.99367 0.98769 0.00508799 
10 1.58 0.99683 0.993747 0.987831 0.00488551 
10 1.58 0.996778 0.993651 0.987667 0.00535561 
10 1.58 0.996708 0.993507 0.987366 0.00507612 
10 1.585 0.996774 0.993639 0.987628 0.00507463 
10 1.585 0.996774 0.99364 0.987633 0.00513015 
10 1.585 0.996828 0.993744 0.987825 0.00488697 
10 1.59 0.99647 0.993043 0.986482 0.00568925 
10 1.59 0.996744 0.993579 0.987512 0.00507915 
10 1.59 0.996636 0.99337 0.987118 0.00547695 
10 1.595 0.996498 0.9931 0.986601 0.00577906 
10 1.595 0.996422 0.992944 0.986275 0.00547448 
10 1.595 0.996434 0.992972 0.986345 0.00573064 
10 1.6 0.996504 0.993109 0.986608 0.00555612 
10 1.6 0.996544 0.99319 0.98677 0.0055985 
10 1.6 0.996374 0.992853 0.98611 0.00573576 
10 1.605 0.996404 0.992915 0.98624 0.00584354 
10 1.605 0.99641 0.992925 0.986253 0.00571912 
10 1.605 0.996264 0.992636 0.985688 0.00586432 
10 1.61 0.996218 0.992549 0.98553 0.00611034 
10 1.61 0.996246 0.992607 0.985654 0.00624767 
10 1.61 0.99634 0.992789 0.985995 0.00592574 
10 1.615 0.996428 0.992958 0.986312 0.00555547 
10 1.615 0.996338 0.992788 0.986007 0.00612197 
10 1.615 0.996148 0.992407 0.985241 0.00594688 
10 1.62 0.996166 0.992447 0.985333 0.00616176 
10 1.62 0.996242 0.99259 0.985592 0.00569861 
10 1.62 0.996318 0.992746 0.985912 0.00593598 
10 1.625 0.995958 0.992032 0.984511 0.0061306 
10 1.625 0.996166 0.99244 0.985299 0.00576864 
10 1.625 0.996052 0.99222 0.984886 0.0061842 
10 1.63 0.995788 0.991702 0.983888 0.00663184 
10 1.63 0.99597 0.992059 0.984576 0.00630424 
10 1.63 0.99604 0.992195 0.984834 0.00611524 
10 1.635 0.995912 0.991945 0.984355 0.00637115 
10 1.635 0.99592 0.991964 0.984403 0.00658065 
10 1.635 0.995728 0.991589 0.983686 0.00699144 
10 1.64 0.995752 0.991625 0.983719 0.00630454 
10 1.64 0.995642 0.991413 0.983324 0.00673219 
10 1.64 0.995868 0.991859 0.984194 0.00648577 
10 1.645 0.995806 0.991739 0.983966 0.00666568 
10 1.645 0.995844 0.991808 0.984079 0.00624484 
10 1.645 0.99572 0.991567 0.98362 0.0065849 
10 1.65 0.995568 0.991268 0.983044 0.00680954 
10 1.65 0.995554 0.991245 0.983015 0.00709534 
10 1.65 0.995608 0.99135 0.983213 0.00694244 
10 1.655 0.995658 0.991449 0.98341 0.0069116 
10 1.655 0.995512 0.991161 0.982847 0.00704881 
10 1.655 0.995336 0.990819 0.982198 0.00756055 
10 1.66 0.99545 0.991034 0.982582 0.00680346 
10 1.66 0.995296 0.990736 0.982026 0.00734653 
10 1.66 0.995258 0.990658 0.98186 0.0071731 
10 1.665 0.995414 0.990967 0.982467 0.00706598 
10 1.665 0.995346 0.990837 0.982228 0.00739822 
10 1.665 0.995272 0.990692 0.981947 0.00752709 
10 1.67 0.995268 0.990691 0.981972 0.00793821 
10 1.67 0.995176 0.990495 0.981541 0.00717659 
10 1.67 0.995314 0.990782 0.98215 0.00791386 
10 1.675 0.99493 0.990019 0.980649 0.00797224 
10 1.675 0.99521 0.990567 0.9817 0.00742543 
10 1.675 0.995002 0.990157 0.9809 0.00763821 
10 1.68 0.994908 0.989976 0.980565 0.00798521 
10 1.68 0.994978 0.990115 0.980836 0.0079345 
10 1.68 0.994974 0.990106 0.980815 0.00787972 
10 1.685 0.99491 0.989978 0.980565 0.00786065 
10 1.685 0.994682 0.989529 0.97969 0.00809014 
10 1.685 0.994852 0.989866 0.980352 0.00802719 
10 1.69 0.99487 0.989905 0.980438 0.00818717 
10 1.69 0.99476 0.989691 0.980035 0.00848653 
10 1.69 0.99478 0.989727 0.980093 0.00825749 
10 1.695 0.994588 0.989346 0.979346 0.00832509 
10 1.695 0.994648 0.98947 0.979605 0.0085803 
10 1.695 0.994562 0.989298 0.97926 0.00849488 
10 1.7 0.994598 0.989368 0.979392 0.0083752 
10 1.7 0.994882 0.989922 0.980449 0.00774624 
10 1.7 0.99466 0.989486 0.979608 0.00807791 
10 1.705 0.994274 0.988737 0.978196 0.00917143 
10 1.705 0.994482 0.989149 0.978997 0.00905523 
10 1.705 0.994446 0.989077 0.978859 0.00904124 
10 1.71 0.994316 0.98882 0.978356 0.00909077 
10 1.71 0.994254 0.988696 0.978109 0.00905167 
10 1.71 0.994194 0.988588 0.977934 0.00970353 
10 1.715 0.994104 0.988402 0.977544 0.00926164 
10 1.715 0.99431 0.988807 0.97833 0.00903929 
10 1.715 0.994202 0.988592 0.977903 0.00899494 
10 1.72 0.994028 0.98825 0.977244 0.00923344 
10 1.72 0.994038 0.988273 0.977302 0.0094148 
10 1.72 0.99393 0.988062 0.976896 0.00962297 
10 1.725 0.994206 0.988596 0.977898 0.00873215 
10 1.725 0.99389 0.987983 0.976743 0.00963176 
10 1.725 0.993832 0.987874 0.976549 0.00997309 
10 1.73 0.993864 0.987932 0.976644 0.00962945 
10 1.73 0.993796 0.987797 0.976379 0.00963644 
10 1.73 0.993856 0.987907 0.976563 0.00911048 
10 1.735 0.993948 0.988095 0.97695 0.00935177 
10 1.735 0.993846 0.987897 0.976575 0.00961431 
10 1.735 0.993528 0.987272 0.975369 0.0100261 
10 1.74 0.99348 0.987181 0.975207 0.0102833 
10 1.74 0.993768 0.98775 0.976309 0.0100806 
10 1.74 0.993618 0.987454 0.975737 0.0101626 
10 1.745 0.993424 0.987069 0.974983 0.0101889 
10 1.745 0.993512 0.987251 0.975364 0.0105894 
10 1.745 0.993342 0.986904 0.97465 0.010074 
10 1.75 0.993404 0.987029 0.9749 0.0101219 
10 1.75 0.993098 0.986439 0.973802 0.0111453 
10 1.75 0.993166 0.986568 0.974037 0.0108421 
10 1.755 0.993246 0.986729 0.974357 0.0109187 
10 1.755 0.993 0.986248 0.97344 0.0113527 
10 1.755 0.992998 0.986239 0.973406 0.0110617 
10 1.76 0.993122 0.986482 0.973873 0.0108598 
10 1.76 0.993008 0.98626 0.973449 0.0110859 
10 1.76 0.993138 0.986514 0.973935 0.0108541 
10 1.765 0.992782 0.985819 0.972609 0.0114958 
10 1.765 0.99303 0.986304 0.973534 0.0110515 
10 1.765 0.992786 0.98583 0.972642 0.0116713 
10 1.77 0.992748 0.985749 0.972463 0.0113203 
10 1.77 0.992878 0.986006 0.972962 0.0112473 
10 1.77 0.992758 0.985767 0.972493 0.0112267 
10 1.775 0.992684 0.985621 0.972208 0.0112403 
10 1.775 0.992536 0.985343 0.971715 0.0121177 
10 1.775 0.992358 0.984988 0.971009 0.012018 
10 1.78 0.99232 0.984921 0.970908 0.0124841 
10 1.78 0.992338 0.984951 0.97094 0.0121244 
10 1.78 0.992632 0.985526 0.97204 0.0116648 
10 1.785 0.992138 0.984558 0.97019 0.0123467 
10 1.785 0.992364 0.984998 0.971023 0.011855 
10 1.785 0.992432 0.985133 0.971287 0.0118457 
10 1.79 0.992252 0.984786 0.970642 0.0124049 
10 1.79 0.992042 0.98437 0.969826 0.0124151 
10 1.79 0.991914 0.984135 0.969431 0.0134892 
10 1.795 0.992274 0.98484 0.970772 0.0129264 
10 1.795 0.992002 0.984287 0.969652 0.0121934 
10 1.795 0.991938 0.984161 0.969409 0.0122565 
10 1.8 0.992078 0.984447 0.969998 0.0126757 
10 1.8 0.991892 0.984081 0.969288 0.0128278 
10 1.8 0.991902 0.984106 0.969359 0.0131501 
10 1.805 0.99138 0.983081 0.967381 0.0136607 
10 1.805 0.991618 0.983538 0.968225 0.0128367 
10 1.805 0.99195 0.984199 0.969525 0.0129572 
10 1.81 0.991418 0.983158 0.96753 0.0137011 
10 1.81 0.991496 0.98331 0.967829 0.0135868 
10 1.81 0.991438 0.983188 0.967564 0.0132029 
10 1.815 0.991284 0.98289 0.967004 0.0135819 
10 1.815 0.991358 0.983036 0.967282 0.0135359 
10 1.815 0.991428 0.983174 0.967554 0.0134546 
10 1.82 0.991232 0.982791 0.966826 0.0137672 
10 1.82 0.991298 0.982927 0.967108 0.0140217 
10 1.82 0.99119 0.982708 0.96666 0.0137508 
10 1.825 0.991404 0.983135 0.967506 0.0138624 
10 1.825 0.991304 0.982951 0.967196 0.0146619 
10 1.825 0.990816 0.981977 0.965264 0.0142934 
10 1.83 0.990772 0.981918 0.965232 0.0157707 
10 1.83 0.99089 0.982131 0.965585 0.014619 
10 1.83 0.991048 0.982428 0.966116 0.0137673 
10 1.835 0.99059 0.981548 0.96448 0.0152094 
10 1.835 0.990548 0.981469 0.964345 0.0154387 
10 1.835 0.990698 0.981759 0.964892 0.0150623 
10 1.84 0.990648 0.981657 0.96468 0.0148641 
10 1.84 0.990396 0.981171 0.963772 0.0155741 
10 1.84 0.990444 0.981258 0.963916 0.0151415 
10 1.845 0.990714 0.981785 0.964918 0.0146629 
10 1.845 0.990536 0.981441 0.964278 0.0151519 
10 1.845 0.990104 0.980602 0.962694 0.0160645 
10 1.85 0.990146 0.980685 0.962856 0.0160032 
10 1.85 0.990484 0.981338 0.964073 0.0150836 
10 1.85 0.990178 0.98073 0.962878 0.0149821 
10 1.855 0.989784 0.979968 0.961449 0.0159414 
10 1.855 0.98994 0.980282 0.962081 0.0162025 
10 1.855 0.989948 0.9803 0.962123 0.0163406 
10 1.86 0.989892 0.980195 0.961934 0.01658 
10 1.86 0.989926 0.980262 0.962064 0.016576 
10 1.86 0.990084 0.980563 0.962613 0.0159566 
10 1.865 0.989686 0.979786 0.961136 0.0165052 
10 1.865 0.989836 0.98007 0.961649 0.0158012 
10 1.865 0.98983 0.980069 0.961678 0.0163974 
10 1.87 0.989498 0.979417 0.960423 0.0166368 
10 1.87 0.989684 0.979781 0.961121 0.0164011 
10 1.87 0.989516 0.979445 0.960455 0.0162228 
10 1.875 0.989338 0.979108 0.959845 0.0169665 
10 1.875 0.989718 0.979865 0.961334 0.0172246 
10 1.875 0.989592 0.979588 0.960705 0.0157479 
10 1.88 0.989106 0.978661 0.959011 0.017549 
10 1.88 0.988962 0.978398 0.958565 0.0187257 
10 1.88 0.988886 0.978241 0.958246 0.0183723 
10 1.885 0.988732 0.977937 0.957657 0.0183805 
10 1.885 0.989048 0.978544 0.958777 0.0173949 
10 1.885 0.988508 0.97752 0.95692 0.0197143 
10 1.89 0.98867 0.977808 0.957378 0.0179762 
10 1.89 0.988598 0.977671 0.957131 0.0182537 
10 1.89 0.988462 0.977413 0.956665 0.0188209 
10 1.895 0.988552 0.977578 0.956944 0.0181057 
10 1.895 0.988496 0.977476 0.956776 0.0185825 
10 1.895 0.988496 0.977471 0.956743 0.0182701 
10 1.9 0.988302 0.97709 0.956011 0.0183577 
10 1.9 0.988308 0.977098 0.956014 0.0181735 
10 1.9 0.987892 0.976309 0.954584 0.0199135 
10 1.905 0.988198 0.976894 0.955658 0.0188196 
10 1.905 0.987854 0.976234 0.954443 0.0198653 
10 1.905 0.988212 0.976929 0.955755 0.0192086 
10 1.91 0.98809 0.976694 0.955315 0.0194865 
10 1.91 0.987916 0.976347 0.954634 0.0193412 
10 1.91 0.987724 0.975985 0.953983 0.020223 
10 1.915 0.988074 0.976668 0.955284 0.0197374 
10 1.915 0.987776 0.976077 0.954128 0.0196268 
10 1.915 0.987754 0.976038 0.954066 0.019864 
10 1.92 0.987854 0.976234 0.95444 0.0196893 
10 1.92 0.98736 0.975287 0.952693 0.0212037 
10 1.92 0.987426 0.975402 0.952865 0.0204216 
10 1.925 0.98696 0.974494 0.951141 0.0209682 
10 1.925 0.987128 0.974836 0.951832 0.0215185 
10 1.925 0.986898 0.974391 0.951001 0.0219874 
10 1.93 0.986944 0.974474 0.951137 0.0215348 
10 1.93 0.986774 0.974146 0.950525 0.0219354 
10 1.93 0.987094 0.974769 0.951706 0.0214982 
10 1.935 0.986894 0.974382 0.950979 0.0218394 
10 1.935 0.986716 0.974031 0.950302 0.0218551 
10 1.935 0.986902 0.974398 0.951014 0.0218337 
10 1.94 0.986634 0.97388 0.950032 0.0223232 
10 1.94 0.986688 0.97398 0.950213 0.0219913 
10 1.94 0.98646 0.973545 0.949414 0.0227437 
10 1.945 0.986272 0.973171 0.948689 0.0225492 
10 1.945 0.986526 0.973645 0.949518 0.0211543 
10 1.945 0.986188 0.973018 0.948434 0.0232076 
10 1.95 0.985796 0.972272 0.947069 0.0245255 
10 1.95 0.985856 0.972387 0.947265 0.0243788 
10 1.95 0.986194 0.973013 0.948359 0.022252 
10 1.955 0.98596 0.972564 0.947536 0.0228746 
10 1.955 0.986024 0.972676 0.94771 0.0221479 
10 1.955 0.985368 0.971435 0.945474 0.0248258 
10 1.96 0.985678 0.972024 0.946545 0.0236388 
10 1.96 0.98572 0.972105 0.946693 0.0235389 
10 1.96 0.985338 0.971386 0.945399 0.0252421 
10 1.965 0.985016 0.970749 0.944168 0.0250524 
10 1.965 0.985246 0.971198 0.945016 0.0248407 
10 1.965 0.985604 0.971883 0.946283 0.0238227 
10 1.97 0.984898 0.970552 0.943894 0.0268005 
10 1.97 0.984626 0.969998 0.942766 0.0258477 
10 1.97 0.985148 0.97101 0.944673 0.0250669 
10 1.975 0.984506 0.969773 0.942366 0.0264008 
10 1.975 0.984678 0.970099 0.94296 0.0257416 
10 1.975 0.984454 0.969647 0.942055 0.0252011 
10 1.98 0.98443 0.969628 0.942113 0.0265624 
10 1.98 0.98488 0.97048 0.94365 0.0248134 
10 1.98 0.984604 0.969945 0.942631 0.0252365 
10 1.985 0.98481 0.970364 0.943493 0.0258753 
10 1.985 0.984212 0.969219 0.941328 0.027479 
10 1.985 0.9839 0.968607 0.940198 0.0275783 
10 1.99 0.98411 0.969002 0.940913 0.0266225 
10 1.99 0.984128 0.969028 0.940932 0.0261306 
10 1.99 0.983798 0.968407 0.939819 0.0275586 
10 1.995 0.983682 0.968186 0.93942 0.0278698 
10 1.995 0.98382 0.968451 0.939907 0.0275112 
10 1.995 0.984002 0.968789 0.940489 0.0264994 
10 2 0.984232 0.969218 0.941244 0.0252845 
10 2 0.983262 0.967361 0.937831 0.02783 
10 2 0.983122 0.967072 0.937234 0.0271587 
10 2.005 0.983778 0.968365 0.939729 0.0272402 
10 2.005 0.982864 0.966641 0.936626 0.0309046 
10 2.005 0.982694 0.966285 0.935881 0.0297767 
10 2.01 0.982912 0.9667 0.93664 0.0290587 
10 2.01 0.982316 0.965574 0.934621 0.0313192 
10 2.01 0.982794 0.966484 0.93627 0.0298265 
10 2.015 0.982634 0.966171 0.935672 0.0298433 
10 2.015 0.982472 0.965842 0.935015 0.0293225 
10 2.015 0.98287 0.966625 0.936528 0.029354 
10 2.02 0.982566 0.96603 0.935378 0.0294107 
10 2.02 0.982344 0.965595 0.934554 0.0294627 
10 2.02 0.98238 0.965679 0.934749 0.0301037 
10 2.025 0.982066 0.965076 0.933626 0.0307206 
10 2.025 0.982394 0.965726 0.934903 0.0310355 
10 2.025 0.981864 0.964682 0.932896 0.0308842 
10 2.03 0.982066 0.965054 0.93353 0.0295848 
10 2.03 0.98173 0.964397 0.932267 0.0297383 
10 2.03 0.981596 0.964175 0.931963 0.0317445 
10 2.035 0.981348 0.963677 0.93098 0.0311127 
10 2.035 0.981256 0.96352 0.930763 0.0322842 
10 2.035 0.981652 0.964264 0.932076 0.0306551 
10 2.04 0.981402 0.963793 0.931236 0.0315409 
10 2.04 0.98047 0.962054 0.928182 0.0359323 
10 2.04 0.980994 0.963062 0.930056 0.0349614 
10 2.045 0.980424 0.961993 0.928101 0.0372411 
10 2.045 0.980624 0.962339 0.92867 0.035001 
10 2.045 0.980246 0.961589 0.927199 0.0345418 
10 2.05 0.980714 0.962446 0.928661 0.0315049 
10 2.05 0.981078 0.963158 0.930025 0.031434 
10 2.05 0.980232 0.961548 0.927091 0.0338042 
10 2.055 0.980214 0.961574 0.927292 0.0367296 
10 2.055 0.98074 0.962538 0.928951 0.0334332 
10 2.055 0.980236 0.961572 0.927175 0.0345082 
10 2.06 0.98009 0.961342 0.926893 0.0371472 
10 2.06 0.979858 0.960828 0.925733 0.0342689 
10 2.06 0.979588 0.960322 0.924853 0.0354131 
10 2.065 0.979386 0.959971 0.924314 0.0374965 
10 2.065 0.979516 0.960178 0.924571 0.0351964 
10 2.065 0.978562 0.9584 0.921448 0.0395493 
10 2.07 0.979084 0.959343 0.923013 0.0356232 
10 2.07 0.97935 0.959866 0.92401 0.0357226 
10 2.07 0.979448 0.9601 0.924572 0.0377785 
10 2.075 0.978998 0.959205 0.922839 0.0370157 
10 2.075 0.978714 0.95868 0.921917 0.0385227 
10 2.075 0.978674 0.958566 0.9216 0.0367789 
10 2.08 0.97885 0.958931 0.922354 0.0376576 
10 2.08 0.978666 0.958561 0.921619 0.0371933 
10 2.08 0.978796 0.958786 0.921967 0.0357688 
10 2.085 0.977628 0.956597 0.918062 0.0403325 
10 2.085 0.977978 0.957268 0.919321 0.03966 
10 2.085 0.97798 0.957253 0.919246 0.0387722 
10 2.09 0.977398 0.95613 0.917143 0.0393985 
10 2.09 0.977696 0.956741 0.918387 0.0407489 
10 2.09 0.977996 0.957251 0.919132 0.0370633 
10 2.095 0.978122 0.957533 0.919759 0.0386956 
10 2.095 0.977806 0.956906 0.918536 0.03826 
10 2.095 0.97711 0.955612 0.916282 0.0414247 
10 2.1 0.977292 0.955927 0.916763 0.0394184 
10 2.1 0.97685 0.955121 0.915407 0.042158 
10 2.1 0.977058 0.955506 0.916069 0.0411212 
10 2.105 0.976818 0.955031 0.915139 0.0407218 
10 2.105 0.976862 0.955116 0.915306 0.0407009 
10 2.105 0.976788 0.954998 0.915163 0.0419688 
10 2.11 0.976218 0.954003 0.913525 0.0474719 
10 2.11 0.97618 0.953811 0.912909 0.0418563 
10 2.11 0.97669 0.954821 0.914867 0.0425537 
10 2.115 0.976246 0.953943 0.913169 0.0419152 
10 2.115 0.976132 0.953726 0.912785 0.0421938 
10 2.115 0.976586 0.954565 0.914226 0.0399614 
10 2.12 0.97546 0.952434 0.910376 0.0430089 
10 2.12 0.975286 0.952172 0.91011 0.046648 
10 2.12 0.975826 0.953188 0.911935 0.0448895 
10 2.125 0.975394 0.952323 0.910227 0.0437546 
10 2.125 0.974834 0.951336 0.908656 0.0486961 
10 2.125 0.97526 0.952085 0.909858 0.0448608 
10 2.13 0.975144 0.951859 0.909442 0.0447671 
10 2.13 0.974614 0.95085 0.907564 0.0459076 
10 2.13 0.974712 0.951083 0.908122 0.0478853 
10 2.135 0.973664 0.949125 0.904667 0.0516878 
10 2.135 0.974726 0.951026 0.907788 0.0437951 
10 2.135 0.974312 0.950254 0.906434 0.0454617 
10 2.14 0.974528 0.950675 0.907224 0.0453335 
10 2.14 0.973696 0.949176 0.90473 0.0510364 
10 2.14 0.974118 0.949989 0.90618 0.0506356 
10 2.145 0.972864 0.947712 0.902311 0.05815 
10 2.145 0.973676 0.949204 0.904841 0.0540162 
10 2.145 0.97433 0.950311 0.90661 0.0462271 
10 2.15 0.97324 0.948238 0.902853 0.0484829 
10 2.15 0.973142 0.948149 0.902924 0.0531706 
10 2.15 0.97319 0.948162 0.902732 0.0494355 
10 2.155 0.97318 0.948183 0.902877 0.0512096 
10 2.155 0.972572 0.946983 0.900564 0.0504364 
10 2.155 0.972806 0.947445 0.901496 0.0507604 
10 2.16 0.971928 0.945845 0.898766 0.0556205 
10 2.16 0.972122 0.946154 0.899162 0.0524582 
10 2.16 0.972632 0.947127 0.900921 0.0515867 
10 2.165 0.972236 0.946349 0.899478 0.0510947 
10 2.165 0.971896 0.945748 0.898447 0.0538866 
10 2.165 0.971924 0.945781 0.898461 0.0528951 
10 2.17 0.971714 0.945371 0.897724 0.0526794 
10 2.17 0.97186 0.945692 0.898424 0.0543991 
10 2.17 0.970974 0.944 0.895346 0.0557572 
10 2.175 0.971276 0.94455 0.896238 0.0539169 
10 2.175 0.970818 0.943644 0.894525 0.0531885 
10 2.175 0.970888 0.94401 0.895454 0.0637467 
10 2.18 0.97066 0.943414 0.894322 0.0565562 
10 2.18 0.970494 0.943119 0.893811 0.0578237 
10 2.18 0.970498 0.943108 0.893745 0.0569648 
10 2.185 0.969866 0.941853 0.891313 0.0555269 
10 2.185 0.970684 0.943462 0.894401 0.0565095 
10 2.185 0.970236 0.942615 0.892842 0.0575499 
10 2.19 0.969706 0.941643 0.89122 0.0599851 
10 2.19 0.969424 0.941043 0.889955 0.0575337 
10 2.19 0.969646 0.941465 0.890701 0.0571705 
10 2.195 0.969486 0.941225 0.890444 0.0602085 
10 2.195 0.969018 0.940315 0.88872 0.0600891 
10 2.195 0.970098 0.94232 0.892238 0.0560251 
10 2.2 0.968638 0.939571 0.887309 0.0596248 
10 2.2 0.968886 0.940091 0.888418 0.061409 
10 2.2 0.968466 0.939296 0.886948 0.0622385 
10 2.205 0.968646 0.939606 0.887459 0.0603649 
10 2.205 0.968458 0.939261 0.886857 0.0612182 
10 2.205 0.968196 0.938739 0.885861 0.0605835 
10 2.21 0.96793 0.938256 0.885017 0.0618658 
10 2.21 0.967506 0.937475 0.883664 0.0636787 
10 2.21 0.968072 0.938531 0.885547 0.0618915 
10 2.215 0.967356 0.937275 0.883421 0.0675995 
10 2.215 0.967004 0.936563 0.882145 0.0661988 
10 2.215 0.967432 0.937361 0.883551 0.0648508 
10 2.22 0.966098 0.93489 0.879279 0.06957 
10 2.22 0.967004 0.936513 0.881901 0.0638047 
10 2.22 0.966738 0.936048 0.881169 0.0660288 
10 2.225 0.96573 0.934217 0.878153 0.0711122 
10 2.225 0.96615 0.934975 0.879336 0.0687415 
10 2.225 0.966194 0.935045 0.879434 0.0680375 
10 2.23 0.966062 0.93477 0.878844 0.0669889 
10 2.23 0.965956 0.934601 0.878573 0.0686012 
10 2.23 0.965496 0.933855 0.877622 0.0749899 
10 2.235 0.965004 0.93278 0.875303 0.0692331 
10 2.235 0.96558 0.933927 0.87754 0.0708037 
10 2.235 0.965506 0.933749 0.877111 0.0692243 
10 2.24 0.964746 0.932368 0.87479 0.0728962 
10 2.24 0.964302 0.931538 0.873347 0.0740791 
10 2.24 0.964918 0.932743 0.875527 0.074847 
10 2.245 0.964606 0.932008 0.873886 0.0687548 
10 2.245 0.96412 0.931255 0.872892 0.0769633 
10 2.245 0.964178 0.931291 0.872787 0.0735761 
10 2.25 0.963502 0.930136 0.870896 0.0799829 
10 2.25 0.96303 0.929174 0.869167 0.077656 
10 2.25 0.96386 0.930665 0.871688 0.072856 
10 2.255 0.96269 0.928553 0.868018 0.0789749 
10 2.255 0.962602 0.928315 0.867494 0.0759445 
10 2.255 0.962922 0.929017 0.868989 0.079758 
10 2.26 0.962786 0.92871 0.868331 0.0775592 
10 2.26 0.96246 0.928099 0.867194 0.0782951 
10 2.26 0.962956 0.928933 0.868514 0.0729727 
10 2.265 0.962414 0.927969 0.866921 0.0763078 
10 2.265 0.961278 0.925984 0.863774 0.08515 
10 2.265 0.96279 0.928709 0.868284 0.0770162 
10 2.27 0.962004 0.927178 0.865404 0.0760416 
10 2.27 0.961576 0.926456 0.864411 0.0805038 
10 2.27 0.961242 0.925854 0.86331 0.0822809 
10 2.275 0.960218 0.923962 0.860107 0.0854397 
10 2.275 0.961552 0.926367 0.86409 0.0784488 
10 2.275 0.961336 0.926108 0.863973 0.085344 
10 2.28 0.960744 0.924856 0.861427 0.0801477 
10 2.28 0.959846 0.923245 0.858714 0.085134 
10 2.28 0.960428 0.924407 0.860827 0.0870797 
10 2.285 0.96002 0.923593 0.85941 0.0855387 
10 2.285 0.95959 0.922791 0.857912 0.0865835 
10 2.285 0.959172 0.922008 0.856604 0.0873888 
10 2.29 0.959278 0.922334 0.857426 0.0925799 
10 2.29 0.958414 0.920796 0.854928 0.0977644 
10 2.29 0.958852 0.9215 0.855922 0.0918307 
10 2.295 0.95866 0.920975 0.854633 0.0847984 
10 2.295 0.958584 0.921011 0.855039 0.0927161 
10 2.295 0.95857 0.920852 0.854458 0.0869645 
10 2.3 0.958386 0.920563 0.854156 0.0895233 
10 2.3 0.957868 0.919629 0.852657 0.092098 
10 2.3 0.956876 0.91776 0.849267 0.0933844 
10 2.305 0.957262 0.918433 0.850417 0.090342 
10 2.305 0.9574 0.91874 0.851077 0.0921839 
10 2.305 0.956496 0.917068 0.848147 0.094735 
10 2.31 0.956432 0.917004 0.848038 0.0970454 
10 2.31 0.955322 0.915019 0.844896 0.102982 
10 2.31 0.957066 0.918013 0.849508 0.0882005 
10 2.315 0.955736 0.915787 0.846069 0.101777 
10 2.315 0.956246 0.916526 0.846962 0.0915398 
10 2.315 0.956892 0.917685 0.848925 0.0882186 
10 2.32 0.955802 0.915863 0.846192 0.0993662 
10 2.32 0.954856 0.914069 0.842958 0.0999526 
10 2.32 0.955986 0.916096 0.846357 0.094259 
10 2.325 0.95399 0.912587 0.840587 0.107111 
10 2.325 0.953826 0.912172 0.839781 0.102713 
10 2.325 0.95523 0.914972 0.84491 0.107871 
10 2.33 0.953394 0.911468 0.838681 0.107629 
10 2.33 0.953882 0.912463 0.840566 0.110385 
10 2.33 0.95396 0.912514 0.840591 0.106204 
10 2.335 0.95398 0.912548 0.840468 0.105809 
10 2.335 0.95453 0.913565 0.842084 0.104372 
10 2.335 0.952834 0.910498 0.837046 0.11156 
10 2.34 0.952154 0.909027 0.834115 0.103853 
10 2.34 0.952538 0.909849 0.835834 0.107711 
10 2.34 0.953014 0.910684 0.83723 0.104637 
10 2.345 0.952248 0.909547 0.835822 0.118174 
10 2.345 0.951116 0.907337 0.831835 0.115788 
10 2.345 0.951358 0.907778 0.832482 0.114947 
10 2.35 0.951408 0.907839 0.8326 0.113277 
10 2.35 0.951774 0.908384 0.833106 0.106828 
10 2.35 0.950332 0.906051 0.829849 0.124278 
10 2.355 0.951152 0.907346 0.831682 0.112769 
10 2.355 0.950214 0.905771 0.829182 0.121608 
10 2.355 0.95086 0.906758 0.830456 0.111378 
10 2.36 0.949556 0.904425 0.826745 0.117287 
10 2.36 0.949144 0.903546 0.824833 0.113216 
10 2.36 0.95004 0.905383 0.828416 0.118949 
10 2.365 0.948454 0.902604 0.823906 0.128481 
10 2.365 0.94881 0.903164 0.824704 0.12361 
10 2.365 0.948386 0.902301 0.823058 0.121135 
10 2.37 0.948048 0.901731 0.822225 0.12388 
10 2.37 0.948182 0.901892 0.822337 0.119948 
10 2.37 0.947848 0.901323 0.821575 0.122677 
10 2.375 0.946956 0.899696 0.818709 0.125057 
10 2.375 0.947668 0.901162 0.821649 0.129998 
10 2.375 0.947266 0.900518 0.82039 0.134968 
10 2.38 0.945846 0.897892 0.815906 0.137302 
10 2.38 0.947274 0.900298 0.81976 0.12477 
10 2.38 0.946134 0.898495 0.817086 0.139732 
10 2.385 0.944054 0.894834 0.811152 0.150759 
10 2.385 0.94558 0.897287 0.814869 0.132742 
10 2.385 0.946222 0.898572 0.817119 0.135663 
10 2.39 0.94579 0.897679 0.815436 0.132236 
10 2.39 0.94423 0.895188 0.811983 0.151377 
10 2.39 0.94525 0.896708 0.813768 0.134316 
10 2.395 0.944846 0.895948 0.812478 0.134186 
10 2.395 0.943038 0.893171 0.80867 0.160762 
10 2.395 0.943938 0.894509 0.810472 0.145719 
10 2.4 0.942946 0.892659 0.807209 0.146313 
10 2.4 0.943388 0.893447 0.808603 0.144402 
10 2.4 0.942616 0.892306 0.807095 0.157532 
10 2.405 0.942984 0.892633 0.807173 0.14195 
10 2.405 0.942544 0.892042 0.806496 0.151901 
10 2.405 0.941662 0.890263 0.803043 0.147034 
10 2.41 0.942078 0.891114 0.804841 0.149515 
10 2.41 0.941132 0.889474 0.802029 0.155389 
10 2.41 0.940716 0.888729 0.801139 0.156935 
10 2.415 0.939904 0.887102 0.79803 0.152467 
10 2.415 0.940546 0.888212 0.799809 0.148448 
10 2.415 0.940256 0.88798 0.799781 0.161425 
10 2.42 0.939404 0.886539 0.797634 0.167718 
10 2.42 0.939638 0.886661 0.797255 0.154585 
10 2.42 0.939228 0.885869 0.795822 0.153724 
10 2.425 0.939914 0.887244 0.798535 0.156923 
10 2.425 0.937962 0.88385 0.793081 0.168117 
10 2.425 0.939282 0.88608 0.796548 0.157905 
10 2.43 0.937468 0.883364 0.792672 0.185932 
10 2.43 0.937874 0.883479 0.791988 0.159328 
10 2.43 0.93837 0.884345 0.793353 0.156673 
10 2.435 0.936776 0.881937 0.790377 0.180189 
10 2.435 0.93569 0.880013 0.786924 0.184711 
10 2.435 0.937598 0.883043 0.791614 0.162337 
10 2.44 0.935792 0.880145 0.78728 0.181897 
10 2.44 0.935538 0.880156 0.787917 0.201822 
10 2.44 0.936844 0.881803 0.789637 0.169129 
10 2.445 0.934288 0.87736 0.782359 0.182669 
10 2.445 0.93604 0.880337 0.787028 0.170402 
10 2.445 0.935084 0.878841 0.784799 0.182364 
10 2.45 0.935046 0.878587 0.784143 0.174517 
10 2.45 0.931812 0.873183 0.776156 0.200382 
10 2.45 0.933572 0.876112 0.780418 0.185931 
10 2.455 0.935218 0.878856 0.784681 0.17202 
10 2.455 0.93337 0.875852 0.780253 0.190322 
10 2.455 0.932982 0.875425 0.779825 0.202437 
10 2.46 0.931934 0.873647 0.777168 0.209204 
10 2.46 0.933556 0.875972 0.779863 0.180689 
10 2.46 0.931812 0.873263 0.776262 0.202826 
10 2.465 0.932678 0.874261 0.776982 0.17738 
10 2.465 0.93059 0.871007 0.772655 0.203225 
10 2.465 0.931208 0.872093 0.774435 0.200583 
10 2.47 0.928994 0.868424 0.768898 0.218369 
10 2.47 0.928894 0.867893 0.767214 0.204417 
10 2.47 0.930698 0.870843 0.771671 0.188009 
10 2.475 0.928278 0.866828 0.765699 0.207188 
10 2.475 0.929706 0.86981 0.770921 0.220493 
10 2.475 0.928736 0.868013 0.768292 0.220723 
10 2.48 0.927912 0.866505 0.765513 0.221134 
10 2.48 0.926834 0.86431 0.761964 0.213254 
10 2.48 0.927858 0.866333 0.765202 0.21826 
10 2.485 0.92752 0.865403 0.763218 0.205618 
10 2.485 0.92731 0.865272 0.763466 0.216008 
10 2.485 0.927406 0.865057 0.762456 0.200199 
10 2.49 0.926126 0.862945 0.759376 0.210273 
10 2.49 0.925984 0.862986 0.759581 0.222475 
10 2.49 0.92597 0.863304 0.760773 0.236276 
10 2.495 0.924978 0.861397 0.757436 0.232974 
10 2.495 0.924484 0.860476 0.756263 0.232688 
10 2.495 0.923758 0.859258 0.754434 0.237634 
10 2.5 0.923952 0.85988 0.755322 0.247695 
10 2.5 0.92349 0.859143 0.754352 0.252378 
10 2.5 0.923968 0.859498 0.754502 0.231242 
10 2.505 0.92195 0.856078 0.749101 0.242967 
10 2.505 0.921662 0.85556 0.748107 0.243471 
10 2.505 0.92214 0.856756 0.750685 0.256044 
10 2.51 0.922398 0.856609 0.749479 0.230718 
10 2.51 0.920954 0.854528 0.747097 0.253865 
10 2.51 0.923498 0.858487 0.752584 0.224642 
10 2.515 0.919238 0.851518 0.742182 0.259226 
10 2.515 0.92028 0.853489 0.745503 0.261385 
10 2.515 0.921334 0.855574 0.749065 0.267089 
10 2.52 0.918662 0.850656 0.740934 0.266531 
10 2.52 0.917948 0.849478 0.739041 0.271808 
10 2.52 0.91743 0.848216 0.736884 0.259438 
10 2.525 0.917988 0.849347 0.7386 0.263171 
10 2.525 0.91734 0.848278 0.736929 0.26794 
10 2.525 0.916692 0.847323 0.735688 0.277194 
10 2.53 0.9165 0.846883 0.735139 0.273157 
10 2.53 0.9162 0.84644 0.734508 0.277361 
10 2.53 0.915788 0.845971 0.733921 0.288665 
10 2.535 0.916362 0.846513 0.734117 0.267989 
10 2.535 0.914316 0.843223 0.729302 0.285962 
10 2.535 0.913566 0.842166 0.728524 0.298367 
10 2.54 0.913616 0.842147 0.727904 0.293425 
10 2.54 0.91505 0.84406 0.730216 0.265475 
10 2.54 0.91435 0.842951 0.728564 0.272266 
10 2.545 0.910518 0.837121 0.720921 0.317402 
10 2.545 0.91222 0.839712 0.724435 0.297325 
10 2.545 0.9114 0.838738 0.723624 0.317801 
10 2.55 0.911228 0.838099 0.721853 0.304427 
10 2.55 0.911282 0.838918 0.724022 0.332657 
10 2.55 0.909804 0.835663 0.718262 0.31059 
10 2.555 0.91125 0.838338 0.722624 0.311619 
10 2.555 0.907138 0.832151 0.714181 0.36209 
10 2.555 0.910158 0.83655 0.719723 0.319467 
10 2.56 0.910768 0.837525 0.721347 0.313533 
10 2.56 0.90688 0.83072 0.710821 0.323757 
10 2.56 0.908206 0.833007 0.71417 0.319099 
10 2.565 0.905904 0.829379 0.709101 0.339853 
10 2.565 0.906414 0.830126 0.709558 0.332916 
10 2.565 0.905158 0.828398 0.707943 0.354252 
10 2.57 0.90419 0.826631 0.705113 0.352962 
10 2.57 0.905094 0.828284 0.707963 0.353663 
10 2.57 0.903826 0.826151 0.704355 0.359896 
10 2.575 0.903312 0.82534 0.703714 0.363796 
10 2.575 0.904544 0.827033 0.7056 0.343033 
10 2.575 0.904936 0.827639 0.706274 0.339009 
10 2.58 0.901762 0.822627 0.699418 0.36638 
10 2.58 0.904358 0.826486 0.704141 0.334224 
10 2.58 0.903262 0.825129 0.702919 0.358395 
10 2.585 0.900538 0.820628 0.696694 0.373679 
10 2.585 0.90186 0.822967 0.700328 0.371992 
10 2.585 0.901856 0.822618 0.699173 0.358759 
10 2.59 0.899814 0.819427 0.694568 0.376918 
10 2.59 0.897536 0.815761 0.689446 0.393455 
10 2.59 0.900436 0.820178 0.69546 0.362674 
10 2.595 0.895986 0.812999 0.685381 0.393363 
10 2.595 0.897402 0.815534 0.689101 0.393203 
10 2.595 0.89607 0.813858 0.687197 0.420678 
10 2.6 0.896428 0.813762 0.68631 0.391475 
10 2.6 0.899718 0.818481 0.692276 0.345694 
10 2.6 0.89765 0.816287 0.69082 0.404294 
10 2.605 0.893742 0.80926 0.679666 0.402497 
10 2.605 0.89649 0.813536 0.685291 0.377783 
10 2.605 0.894554 0.811487 0.683538 0.432239 
10 2.61 0.89323 0.808711 0.67879 0.415763 
10 2.61 0.893612 0.809755 0.681171 0.429618 
10 2.61 0.892192 0.807262 0.677621 0.431252 
10 2.615 0.890338 0.804291 0.672845 0.443177 
10 2.615 0.891336 0.806063 0.675753 0.442942 
10 2.615 0.891638 0.805415 0.673254 0.39756 
10 2.62 0.888408 0.801752 0.670039 0.476474 
10 2.62 0.889142 0.802268 0.670539 0.446372 
10 2.62 0.890266 0.804252 0.673278 0.44575 
10 2.625 0.889048 0.802409 0.670603 0.457239 
10 2.625 0.88698 0.798308 0.663812 0.440939 
10 2.625 0.889012 0.802595 0.671112 0.46677 
10 2.63 0.888462 0.801372 0.668838 0.456537 
10 2.63 0.88542 0.796706 0.663056 0.484325 
10 2.63 0.884928 0.796534 0.663231 0.510903 
10 2.635 0.884406 0.794294 0.658069 0.459971 
10 2.635 0.88212 0.792061 0.656729 0.528479 
10 2.635 0.884716 0.79486 0.659244 0.460618 
10 2.64 0.882086 0.791533 0.655583 0.509737 
10 2.64 0.88347 0.793496 0.658 0.49153 
10 2.64 0.88058 0.78927 0.652856 0.524572 
10 2.645 0.880096 0.788493 0.651096 0.526427 
10 2.645 0.880786 0.789638 0.652884 0.523795 
10 2.645 0.879086 0.786856 0.64932 0.531714 
10 2.65 0.875556 0.781683 0.642828 0.569217 
10 2.65 0.878572 0.78602 0.648223 0.533248 
10 2.65 0.879682 0.78727 0.648856 0.50676 
10 2.655 0.87704 0.783398 0.643871 0.534805 
10 2.655 0.876094 0.782122 0.642748 0.549215 
10 2.655 0.878344 0.785332 0.646194 0.521424 
10 2.66 0.872148 0.776121 0.634318 0.581914 
10 2.66 0.876962 0.783162 0.643203 0.530046 
10 2.66 0.873812 0.778612 0.638248 0.56632 
10 2.665 0.872722 0.776815 0.635097 0.569277 
10 2.665 0.87328 0.777304 0.635697 0.551062 
10 2.665 0.872324 0.776076 0.634262 0.567602 
10 2.67 0.871902 0.775865 0.634548 0.586223 
10 2.67 0.866272 0.767623 0.623886 0.644028 
10 2.67 0.871758 0.775596 0.633965 0.585526 
10 2.675 0.867696 0.768958 0.624885 0.600424 
10 2.675 0.868856 0.770193 0.625257 0.571304 
10 2.675 0.870268 0.772935 0.630523 0.581997 
10 2.68 0.867674 0.768671 0.623968 0.590019 
10 2.68 0.865718 0.766067 0.621244 0.619384 
10 2.68 0.864948 0.765156 0.619868 0.635128 
10 2.685 0.865294 0.765661 0.62074 0.630427 
10 2.685 0.864036 0.763921 0.618029 0.646672 
10 2.685 0.863098 0.762287 0.616382 0.646136 
10 2.69 0.861674 0.760155 0.613322 0.656992 
10 2.69 0.859816 0.757225 0.609341 0.666958 
10 2.69 0.863838 0.763179 0.616862 0.630606 
10 2.695 0.861294 0.758662 0.609864 0.624664 
10 2.695 0.861376 0.759604 0.612084 0.654356 
10 2.695 0.862144 0.761116 0.614985 0.661377 
10 2.7 0.857552 0.753746 0.604638 0.679665 
10 2.7 0.8539 0.748724 0.598445 0.725155 
10 2.7 0.858422 0.755063 0.606039 0.673139 
10 2.705 0.856012 0.752157 0.603065 0.717203 
10 2.705 0.856294 0.751218 0.599941 0.664653 
10 2.705 0.85458 0.749826 0.60072 0.721591 
10 2.71 0.852904 0.747117 0.596157 0.725888 
10 2.71 0.853384 0.747443 0.596473 0.70771 
10 2.71 0.855984 0.751978 0.602962 0.711045 
10 2.715 0.852886 0.746491 0.594774 0.702618 
10 2.715 0.851888 0.745357 0.593735 0.723528 
10 2.715 0.852692 0.745804 0.593581 0.689531 
10 2.72 0.849262 0.741573 0.589126 0.747306 
10 2.72 0.848732 0.740004 0.586262 0.722729 
10 2.72 0.848462 0.73972 0.586038 0.729128 
10 2.725 0.84584 0.736164 0.581725 0.760319 
10 2.725 0.844232 0.733929 0.579099 0.778023 
10 2.725 0.842412 0.732079 0.577668 0.8228 
10 2.73 0.842212 0.731477 0.576098 0.811572 
10 2.73 0.841526 0.730357 0.575318 0.812845 
10 2.73 0.845226 0.735035 0.580187 0.755619 
10 2.735 0.838652 0.72684 0.571297 0.859338 
10 2.735 0.84315 0.732144 0.576331 0.77668 
10 2.735 0.83788 0.724371 0.567089 0.816397 
10 2.74 0.8376 0.724596 0.567171 0.840225 
10 2.74 0.838886 0.726363 0.56964 0.826023 
10 2.74 0.840522 0.72804 0.570697 0.786975 
10 2.745 0.840496 0.728469 0.572195 0.802757 
10 2.745 0.836472 0.722775 0.565471 0.841138 
10 2.745 0.837058 0.723705 0.56641 0.839316 
10 2.75 0.830668 0.716145 0.559029 0.95039 
10 2.75 0.833432 0.718449 0.5601 0.866908 
10 2.75 0.834108 0.71935 0.561421 0.858697 
10 2.755 0.827796 0.711578 0.552688 0.955767 
10 2.755 0.826626 0.708908 0.548295 0.929137 
10 2.755 0.829888 0.713963 0.554673 0.916463 
10 2.76 0.826118 0.708585 0.549149 0.946158 
10 2.76 0.82901 0.712008 0.552335 0.896759 
10 2.76 0.831032 0.714615 0.554672 0.869587 
10 2.765 0.828844 0.711523 0.551049 0.887552 
10 2.765 0.822312 0.703671 0.54249 0.993627 
10 2.765 0.825472 0.707789 0.547751 0.954236 
10 2.77 0.822288 0.702624 0.540137 0.955476 
10 2.77 0.826448 0.707996 0.545967 0.901794 
10 2.77 0.8202 0.700443 0.538217 1.00054 
10 2.775 0.820374 0.699962 0.53755 0.971121 
10 2.775 0.818626 0.698218 0.536384 1.0115 
10 2.775 0.821454 0.701481 0.539275 0.961972 
10 2.78 0.81929 0.698189 0.535342 0.969514 
10 2.78 0.815758 0.69328 0.529266 1.00067 
10 2.78 0.81736 0.695101 0.530748 0.972077 
10 2.785 0.815264 0.693378 0.53056 1.03135 
10 2.785 0.811602 0.688193 0.524252 1.05907 
10 2.785 0.813412 0.689547 0.524384 1.00207 
10 2.79 0.806074 0.68059 0.515829 1.10518 
10 2.79 0.813268 0.69013 0.525667 1.02957 
10 2.79 0.810046 0.685663 0.520707 1.05695 
10 2.795 0.80808 0.682552 0.516392 1.05756 
10 2.795 0.808698 0.683077 0.517271 1.04058 
10 2.795 0.803406 0.676535 0.510246 1.11178 
10 2.8 0.803264 0.676462 0.509494 1.1153 
10 2.8 0.809624 0.684167 0.517284 1.02413 
10 2.8 0.803508 0.677153 0.51131 1.12601 
10 2.805 0.802786 0.675707 0.509457 1.11379 
10 2.805 0.801206 0.673428 0.506013 1.12288 
10 2.805 0.802524 0.674868 0.507408 1.09887 
10 2.81 0.803766 0.676682 0.509811 1.09048 
10 2.81 0.797102 0.667638 0.498946 1.14827 
10 2.81 0.80089 0.673169 0.506087 1.12968 
10 2.815 0.79408 0.663253 0.493836 1.16127 
10 2.815 0.789514 0.657855 0.488806 1.22638 
10 2.815 0.79664 0.666111 0.496379 1.11814 
10 2.82 0.790544 0.658738 0.488889 1.19779 
10 2.82 0.791632 0.658818 0.487532 1.13958 
10 2.82 0.79587 0.665451 0.495983 1.13622 
10 2.825 0.783654 0.649666 0.479116 1.2585 
10 2.825 0.788476 0.654837 0.484118 1.17318 
10 2.825 0.793398 0.662338 0.493102 1.16312 
10 2.83 0.788558 0.655116 0.483811 1.17641 
10 2.83 0.787536 0.654405 0.483426 1.2082 
10 2.83 0.78691 0.654296 0.484398 1.23918 
10 2.835 0.786238 0.652963 0.482224 1.22727 
10 2.835 0.78285 0.649269 0.479033 1.28448 
10 2.835 0.77835 0.64281 0.471553 1.30444 
10 2.84 0.783152 0.64821 0.476423 1.22828 
10 2.84 0.779964 0.643981 0.47167 1.25482 
10 2.84 0.78088 0.645422 0.473714 1.25523 
10 2.845 0.774442 0.636756 0.463696 1.30038 
10 2.845 0.777954 0.641703 0.469827 1.28261 
10 2.845 0.77919 0.64315 0.471052 1.26584 
10 2.85 0.776564 0.638206 0.463671 1.23348 
10 2.85 0.772396 0.634717 0.462177 1.3376 
10 2.85 0.775182 0.636728 0.462721 1.25686 
10 2.855 0.76755 0.62824 0.455234 1.36977 
10 2.855 0.764708 0.624144 0.449632 1.37885 
10 2.855 0.760916 0.619392 0.445348 1.41503 
10 2.86 0.764604 0.623384 0.448841 1.35542 
10 2.86 0.768302 0.628851 0.455203 1.34837 
10 2.86 0.76117 0.61998 0.446307 1.4196 
10 2.865 0.763564 0.622532 0.448011 1.37879 
10 2.865 0.756972 0.614741 0.440907 1.45671 
10 2.865 0.756608 0.613806 0.438837 1.44328 
10 2.87 0.757872 0.613759 0.437318 1.37244 
10 2.87 0.760022 0.61721 0.441905 1.37899 
10 2.87 0.76446 0.622734 0.447141 1.3357 
10 2.875 0.74981 0.605628 0.431405 1.51001 
10 2.875 0.75548 0.612239 0.437373 1.4431 
10 2.875 0.755466 0.611695 0.436182 1.42491 
10 2.88 0.75328 0.608481 0.432299 1.42535 
10 2.88 0.751238 0.607186 0.432235 1.48705 
10 2.88 0.749742 0.605006 0.429346 1.48935 
10 2.885 0.74749 0.600829 0.424212 1.45884 
10 2.885 0.742968 0.595803 0.419564 1.51825 
10 2.885 0.750168 0.604556 0.428042 1.44903 
10 2.89 0.748022 0.601106 0.423576 1.43837 
10 2.89 0.742844 0.594251 0.416795 1.46831 
10 2.89 0.747356 0.600788 0.424304 1.46183 
10 2.895 0.738568 0.590739 0.414425 1.56326 
10 2.895 0.74427 0.596864 0.419487 1.48278 
10 2.895 0.73783 0.588651 0.411321 1.52878 
10 2.9 0.736526 0.587466 0.410416 1.55156 
10 2.9 0.735406 0.585111 0.406797 1.52722 
10 2.9 0.73924 0.590798 0.413653 1.52837 
10 2.905 0.736772 0.58798 0.41165 1.55413 
10 2.905 0.73833 0.589044 0.41152 1.51162 
10 2.905 0.730788 0.580208 0.402635 1.58889 
10 2.91 0.726882 0.575675 0.398202 1.62602 
10 2.91 0.727946 0.577221 0.400773 1.62597 
10 2.91 0.72944 0.578232 0.400258 1.58587 
10 2.915 0.726648 0.575028 0.397367 1.61272 
10 2.915 0.726288 0.573953 0.39599 1.59379 
10 2.915 0.725096 0.573305 0.39628 1.63091 
10 2.92 0.720806 0.567111 0.388931 1.62842 
10 2.92 0.724756 0.571753 0.393483 1.59183 
10 2.92 0.72449 0.571205 0.391867 1.58628 
10 2.925 0.721312 0.567567 0.388477 1.61627 
10 2.925 0.713962 0.558943 0.381192 1.68208 
10 2.925 0.71683 0.561682 0.383418 1.63544 
10 2.93 0.708804 0.552057 0.373609 1.69467 
10 2.93 0.713244 0.557933 0.3796 1.67973 
10 2.93 0.716694 0.562909 0.384957 1.68118 
10 2.935 0.704894 0.547952 0.369534 1.74026 
10 2.935 0.712736 0.557276 0.378579 1.67917 
10 2.935 0.711558 0.55653 0.378197 1.71092 
10 2.94 0.711456 0.555848 0.377519 1.68975 
10 2.94 0.712056 0.555574 0.37633 1.65137 
10 2.94 0.708606 0.551616 0.372264 1.68346 
10 2.945 0.703186 0.545097 0.366368 1.71907 
10 2.945 0.698472 0.539528 0.361002 1.75433 
10 2.945 0.70128 0.543236 0.365002 1.74676 
10 2.95 0.698124 0.538356 0.359177 1.72808 
10 2.95 0.700054 0.54202 0.364388 1.76084 
10 2.95 0.69669 0.537135 0.358543 1.75449 
10 2.955 0.690794 0.530035 0.351034 1.7881 
10 2.955 0.696268 0.5364 0.357034 1.74655 
10 2.955 0.69153 0.530514 0.351185 1.76989 
10 2.96 0.688772 0.526225 0.346505 1.75061 
10 2.96 0.69811 0.539081 0.36058 1.74741 
10 2.96 0.68682 0.524821 0.345606 1.79389 
10 2.965 0.689666 0.529283 0.351319 1.80923 
10 2.965 0.683752 0.520996 0.34187 1.80367 
10 2.965 0.68473 0.522413 0.343515 1.80633 
10 2.97 0.67899 0.515957 0.337771 1.8495 
10 2.97 0.685048 0.523216 0.344858 1.81568 
10 2.97 0.682818 0.520278 0.341622 1.81945 
10 2.975 0.676606 0.513172 0.334433 1.8614 
10 2.975 0.678352 0.515384 0.336616 1.85621 
10 2.975 0.67621 0.512041 0.333206 1.84139 
10 2.98 0.672142 0.507559 0.329135 1.87196 
10 2.98 0.680274 0.516807 0.338247 1.81322 
10 2.98 0.677278 0.514267 0.336272 1.86448 
10 2.985 0.670424 0.505832 0.328285 1.88822 
10 2.985 0.665714 0.49965 0.32197 1.89196 
10 2.985 0.670142 0.50624 0.329135 1.91457 
10 2.99 0.662408 0.495743 0.318349 1.90499 
10 2.99 0.66519 0.498702 0.320871 1.88042 
10 2.99 0.668214 0.502215 0.323639 1.86304 
10 2.995 0.662258 0.496013 0.319058 1.91744 
10 2.995 0.659414 0.492408 0.314468 1.92256 
10 2.995 0.655408 0.488289 0.31144 1.9609 
10 3 0.656378 0.489842 0.313415 1.96698 
10 3 0.661294 0.493399 0.315736 1.86964 
10 3 0.652472 0.484094 0.307325 1.94581 
10 3.005 0.658186 0.490084 0.311767 1.89268 
10 3.005 0.652598 0.484054 0.306953 1.93578 
10 3.005 0.656172 0.48759 0.308654 1.89779 
10 3.01 0.652558 0.483605 0.30536 1.91938 
10 3.01 0.647526 0.478242 0.301307 1.95853 
10 3.01 0.653614 0.484938 0.307606 1.91782 
10 3.015 0.641642 0.470666 0.293836 1.95559 
10 3.015 0.648986 0.479828 0.30313 1.94511 
10 3.015 0.650224 0.481134 0.303731 1.93509 
10 3.02 0.644458 0.474718 0.297677 1.9666 
10 3.02 0.640784 0.470391 0.294283 1.9797 
10 3.02 0.64862 0.478581 0.30063 1.91632 
10 3.025 0.637438 0.467874 0.292821 2.0346 
10 3.025 0.64401 0.472778 0.294878 1.91833 
10 3.025 0.644134 0.473293 0.295612 1.93005 
10 3.03 0.639232 0.468476 0.292138 1.97551 
10 3.03 0.631026 0.458369 0.282266 1.98597 
10 3.03 0.634076 0.461721 0.285019 1.96927 
10 3.035 0.627334 0.455432 0.280993 2.03902 
10 3.035 0.63375 0.462346 0.286372 2.00023 
10 3.035 0.629374 0.457283 0.282208 2.01553 
10 3.04 0.623804 0.450558 0.275635 2.02062 
10 3.04 0.62163 0.44731 0.271201 2.00283 
10 3.04 0.622504 0.447858 0.272461 1.9851 
10 3.045 0.624482 0.451081 0.275694 2.00669 
10 3.045 0.619896 0.445121 0.270049 1.99837 
10 3.045 0.625644 0.450661 0.274144 1.94517 
10 3.05 0.62102 0.446131 0.270727 1.98245 
10 3.05 0.618558 0.443461 0.268042 1.99497 
10 3.05 0.618504 0.444878 0.270387 2.04365 
10 3.055 0.616192 0.440606 0.265588 1.9939 
10 3.055 0.61507 0.440173 0.266006 2.02494 
10 3.055 0.617312 0.442488 0.268232 2.01026 
10 3.06 0.608624 0.43234 0.258449 2.02342 
10 3.06 0.606228 0.430057 0.256213 2.04394 
10 3.06 0.614084 0.437352 0.261776 1.96904 
10 3.065 0.601096 0.425696 0.253945 2.10048 
10 3.065 0.612654 0.436119 0.261261 1.98286 
10 3.065 0.60872 0.432874 0.258836 2.03373 
10 3.07 0.597438 0.420169 0.247911 2.05984 
10 3.07 0.600046 0.421626 0.248366 2.00557 
10 3.07 0.604722 0.428246 0.255133 2.03769 
10 3.075 0.592954 0.41613 0.246267 2.09872 
10 3.075 0.598844 0.421314 0.248731 2.03902 
10 3.075 0.589044 0.41142 0.241542 2.09586 
10 3.08 0.591958 0.413797 0.242538 2.05788 
10 3.08 0.590048 0.412203 0.240973 2.07942 
10 3.08 0.589838 0.412403 0.24178 2.09397 
10 3.085 0.586226 0.407978 0.237031 2.08485 
10 3.085 0.588146 0.411144 0.241742 2.11438 
10 3.085 0.589892 0.41157 0.241029 2.0615 
10 3.09 0.586918 0.408451 0.237601 2.07049 
10 3.09 0.580196 0.400765 0.231517 2.07566 
10 3.09 0.585924 0.407103 0.236486 2.0646 
10 3.095 0.580862 0.4021 0.232707 2.09045 
10 3.095 0.586996 0.407787 0.237122 2.04273 
10 3.095 0.576188 0.396985 0.22811 2.09993 
10 3.1 0.576586 0.396506 0.227424 2.06628 
10 3.1 0.576096 0.396679 0.228278 2.09008 
10 3.1 0.57598 0.395118 0.225005 2.04403 
10 3.105 0.57633 0.396278 0.227281 2.0651 
10 3.105 0.57686 0.396976 0.22768 2.0679 
10 3.105 0.572422 0.392859 0.224723 2.09957 
10 3.11 0.56363 0.383126 0.217005 2.10441 
10 3.11 0.571744 0.390908 0.22157 2.05842 
10 3.11 0.568858 0.388505 0.221364 2.08699 
10 3.115 0.569574 0.389394 0.221399 2.08601 
10 3.115 0.565202 0.384865 0.217738 2.0999 
10 3.115 0.563298 0.382804 0.215925 2.10269 
10 3.12 0.564736 0.383726 0.216284 2.0769 
10 3.12 0.558274 0.378056 0.212391 2.12777 
10 3.12 0.561962 0.381104 0.214031 2.09304 
10 3.125 0.5564 0.374267 0.208562 2.06995 
10 3.125 0.555758 0.374761 0.2102 2.10862 
10 3.125 0.555432 0.374431 0.20982 2.10965 
10 3.13 0.552294 0.370885 0.205975 2.10404 
10 3.13 0.555432 0.373799 0.20863 2.08609 
10 3.13 0.567094 0.385206 0.216759 2.03227 
10 3.135 0.546588 0.364092 0.200725 2.084 
10 3.135 0.55037 0.36854 0.204825 2.09355 
10 3.135 0.549394 0.366881 0.202119 2.07487 
10 3.14 0.547844 0.365149 0.20073 2.07058 
10 3.14 0.54444 0.362288 0.199295 2.09788 
10 3.14 0.540206 0.357239 0.194435 2.08333 
10 3.145 0.542656 0.360136 0.196819 2.08777 
10 3.145 0.541296 0.358068 0.195146 2.06888 
10 3.145 0.547336 0.365066 0.200768 2.08235 
10 3.15 0.53549 0.353366 0.192347 2.11481 
10 3.15 0.53662 0.352561 0.19012 2.0508 
10 3.15 0.541072 0.357602 0.194039 2.05852 
10 3.155 0.531564 0.349482 0.189149 2.12112 
10 3.155 0.532714 0.348827 0.187036 2.06159 
10 3.155 0.533122 0.350363 0.189795 2.09647 
10 3.16 0.528794 0.344863 0.184343 2.06454 
10 3.16 0.53558 0.351765 0.19002 2.0544 
10 3.16 0.53017 0.34621 0.185087 2.06108 
10 3.165 0.526178 0.342564 0.182508 2.07587 
10 3.165 0.52951 0.344911 0.183087 2.03886 
10 3.165 0.528138 0.344357 0.183836 2.06721 
10 3.17 0.525286 0.342317 0.182883 2.09436 
10 3.17 0.520136 0.33677 0.178854 2.08921 
10 3.17 0.522444 0.338047 0.178637 2.0536 
10 3.175 0.520218 0.337222 0.178839 2.09749 
10 3.175 0.521234 0.336706 0.177521 2.04791 
10 3.175 0.514712 0.330452 0.173136 2.06374 
10 3.18 0.518018 0.333887 0.175884 2.06115 
10 3.18 0.511724 0.32826 0.171592 2.08802 
10 3.18 0.518 0.333322 0.175004 2.04397 
10 3.185 0.515708 0.331587 0.17404 2.06066 
10 3.185 0.514752 0.329878 0.17221 2.03795 
10 3.185 0.510634 0.326251 0.169659 2.05663 
10 3.19 0.506712 0.322039 0.16632 2.04645 
10 3.19 0.514044 0.33009 0.172707 2.06421 
10 3.19 0.512424 0.327906 0.170781 2.04789 
10 3.195 0.505436 0.320234 0.164248 2.02719 
10 3.195 0.509368 0.323362 0.166337 2.00019 
10 3.195 0.502736 0.318681 0.164092 2.06378 
10 3.2 0.501804 0.317219 0.161653 2.04412 
10 3.2 0.507516 0.322399 0.166049 2.02584 
10 3.2 0.501278 0.315761 0.160647 2.01504 
10 3.205 0.493004 0.30695 0.153884 1.99368 
10 3.205 0.495592 0.31104 0.158397 2.04146 
10 3.205 0.50208 0.316113 0.160228 1.99777 
10 3.21 0.489676 0.304682 0.152909 2.02179 
10 3.21 0.498668 0.313061 0.158453 2.00595 
10 3.21 0.498396 0.313136 0.159359 2.01675 
10 3.215 0.48803 0.303059 0.151695 2.01822 
10 3.215 0.491982 0.306919 0.154927 2.01782 
10 3.215 0.492056 0.306164 0.153374 1.99208 
10 3.22 0.49049 0.30426 0.151825 1.97763 
10 3.22 0.488872 0.30328 0.151314 1.99639 
10 3.22 0.488272 0.303233 0.151211 2.01314 
10 3.225 0.483182 0.296939 0.146607 1.9682 
10 3.225 0.487238 0.300947 0.148865 1.97042 
10 3.225 0.487154 0.302617 0.15146 2.02475 
10 3.23 0.480562 0.295574 0.14567 2.00104 
10 3.23 0.483408 0.299124 0.148637 2.02604 
10 3.23 0.480652 0.296779 0.147619 2.03568 
10 3.235 0.479202 0.29337 0.14399 1.97019 
10 3.235 0.475444 0.290333 0.142583 1.98721 
10 3.235 0.47707 0.292232 0.143755 1.99802 
10 3.24 0.474808 0.290159 0.142652 1.99741 
10 3.24 0.471718 0.286316 0.139037 1.96909 
10 3.24 0.477976 0.291878 0.142726 1.95731 
10 3.245 0.475838 0.290617 0.142448 1.97827 
10 3.245 0.472272 0.286178 0.138255 1.94567 
10 3.245 0.471958 0.286389 0.138687 1.96132 
10 3.25 0.468358 0.283091 0.1368 1.96097 
10 3.25 0.468334 0.283267 0.137185 1.9671 
10 3.25 0.472784 0.287005 0.138589 1.95324 
10 3.255 0.466152 0.280084 0.133979 1.92892 
10 3.255 0.466364 0.280773 0.13447 1.94402 
10 3.255 0.466406 0.281325 0.135746 1.95977 
10 3.26 0.464476 0.278036 0.132448 1.91099 
10 3.26 0.461418 0.27665 0.132265 1.95532 
10 3.26 0.466046 0.279334 0.133127 1.90598 
10 3.265 0.460552 0.275899 0.131777 1.95376 
10 3.265 0.45899 0.273508 0.129592 1.92453 
10 3.265 0.456336 0.271885 0.129119 1.94924 
10 3.27 0.456032 0.270091 0.126738 1.89986 
10 3.27 0.453818 0.268664 0.126567 1.91784 
10 3.27 0.45734 0.270784 0.126794 1.88453 
10 3.275 0.447674 0.263504 0.123103 1.92647 
10 3.275 0.457318 0.271826 0.128385 1.91407 
10 3.275 0.455346 0.269662 0.126706 1.90295 
10 3.28 0.450594 0.265072 0.122987 1.89138 
10 3.28 0.451014 0.265312 0.123388 1.88715 
10 3.28 0.454376 0.267266 0.123311 1.85393 
10 3.285 0.440202 0.255137 0.116215 1.86787 
10 3.285 0.447482 0.26196 0.121033 1.87883 
10 3.285 0.445438 0.260352 0.120376 1.88544 
10 3.29 0.440378 0.254704 0.115843 1.84715 
10 3.29 0.44195 0.257803 0.118868 1.8992 
10 3.29 0.445376 0.26044 0.11999 1.88692 
10 3.295 0.436916 0.25242 0.115018 1.86721 
10 3.295 0.439446 0.254836 0.116605 1.87324 
10 3.295 0.4404 0.255667 0.117015 1.87299 
10 3.3 0.439086 0.254537 0.115961 1.87091 
10 3.3 0.440366 0.255302 0.11657 1.85998 
10 3.3 0.44106 0.254959 0.115611 1.83107 
10 3.305 0.433156 0.248153 0.110966 1.83143 
10 3.305 0.435944 0.250744 0.112883 1.83652 
10 3.305 0.436362 0.252031 0.114833 1.86442 
10 3.31 0.433262 0.248236 0.111131 1.82841 
10 3.31 0.431968 0.24694 0.110247 1.82306 
10 3.31 0.432808 0.247449 0.110109 1.81649 
10 3.315 0.425342 0.240862 0.1061 1.80834 
10 3.315 0.425944 0.242274 0.107608 1.83547 
10 3.315 0.425412 0.240998 0.106652 1.81064 
10 3.32 0.428818 0.243604 0.108133 1.79878 
10 3.32 0.42488 0.241092 0.106965 1.82436 
10 3.32 0.423712 0.239231 0.105037 1.79818 
10 3.325 0.424322 0.239931 0.105655 1.80096 
10 3.325 0.42687 0.243127 0.108585 1.83185 
10 3.325 0.424614 0.238985 0.104273 1.76504 
10 3.33 0.421054 0.237176 0.104192 1.7985 
10 3.33 0.417016 0.232559 0.100552 1.76146 
10 3.33 0.421506 0.236968 0.103587 1.78081 
10 3.335 0.417754 0.233859 0.101705 1.77934 
10 3.335 0.416532 0.232853 0.100878 1.77975 
10 3.335 0.420272 0.235443 0.101725 1.76355 
10 3.34 0.413666 0.230072 0.0994478 1.76504 
10 3.34 0.412996 0.229199 0.099316 1.75547 
10 3.34 0.415982 0.232129 0.100688 1.76909 
10 3.345 0.408804 0.224618 0.0948236 1.71889 
10 3.345 0.41391 0.229696 0.0986137 1.74512 
10 3.345 0.414358 0.23011 0.0988702 1.74641 
10 3.35 0.40892 0.225128 0.095648 1.72873 
10 3.35 0.409156 0.224907 0.0949269 1.71636 
10 3.35 0.41325 0.230022 0.0991158 1.76854 
10 3.355 0.409722 0.22619 0.0963659 1.73824 
10 3.355 0.404728 0.2227 0.095582 1.75544 
10 3.355 0.409134 0.224389 0.0945868 1.69892 
10 3.36 0.405662 0.221707 0.0924383 1.70074 
10 3.36 0.407836 0.224081 0.094357 1.71877 
10 3.36 0.404128 0.220236 0.0918995 1.69395 
10 3.365 0.40495 0.221899 0.0933716 1.7211 
10 3.365 0.400324 0.217333 0.0902274 1.6961 
10 3.365 0.40225 0.219079 0.0921047 1.70204 
10 3.37 0.40133 0.218673 0.0916813 1.70943 
10 3.37 0.399398 0.215446 0.088564 1.65956 
10 3.37 0.40178 0.218696 0.0914783 1.69938 
10 3.375 0.397928 0.214707 0.0884075 1.66995 
10 3.375 0.398452 0.215105 0.0890263 1.66935 
10 3.375 0.396656 0.214421 0.0885507 1.69141 
10 3.38 0.392144 0.210205 0.0861171 1.66948 
10 3.38 0.397746 0.214612 0.0888618 1.66895 
10 3.38 0.397606 0.214284 0.0885136 1.66253 
10 3.385 0.39199 0.209424 0.0851715 1.6475 
10 3.385 0.391528 0.209241 0.0852445 1.65278 
10 3.385 0.393982 0.211787 0.087509 1.67105 
10 3.39 0.391306 0.208655 0.0846816 1.63818 
10 3.39 0.396788 0.213187 0.0871579 1.64444 
10 3.39 0.391842 0.208729 0.0846135 1.62799 
10 3.395 0.387822 0.205139 0.0820817 1.61217 
10 3.395 0.390002 0.207892 0.0840147 1.64332 
10 3.395 0.386992 0.205097 0.082607 1.62987 
10 3.4 0.388082 0.205407 0.0822586 1.61175 
10 3.4 0.388074 0.205139 0.0821567 1.60406 
10 3.4 0.38525 0.204452 0.082652 1.64808 
10 3.405 0.382474 0.201441 0.080508 1.61982 
10 3.405 0.386772 0.204502 0.0819657 1.61262 
10 3.405 0.379326 0.198104 0.0780811 1.59223 
10 3.41 0.378068 0.196621 0.077102 1.57435 
10 3.41 0.380086 0.199011 0.0783536 1.59959 
10 3.41 0.37981 0.199021 0.0786022 1.60601 
10 3.415 0.378674 0.197241 0.0773441 1.57677 
10 3.415 0.380308 0.199389 0.0789052 1.60338 
10 3.415 0.379944 0.198146 0.0775912 1.57506 
10 3.42 0.375384 0.194858 0.0761748 1.57732 
10 3.42 0.375892 0.194591 0.0755 1.55837 
10 3.42 0.373296 0.193445 0.0754374 1.58173 
10 3.425 0.369888 0.190566 0.073933 1.56932 
10 3.425 0.372764 0.192858 0.0753951 1.57385 
10 3.425 0.376578 0.195906 0.0768565 1.57942 
10 3.43 0.372724 0.19159 0.0738152 1.53547 
10 3.43 0.37267 0.192342 0.0746974 1.55857 
10 3.43 0.372142 0.192253 0.0751433 1.56745 
10 3.435 0.370516 0.189783 0.0725994 1.5284 
10 3.435 0.37033 0.189698 0.0724349 1.52995 
10 3.435 0.372032 0.190475 0.0725776 1.51578 
10 3.44 0.368556 0.18855 0.0723008 1.53244 
10 3.44 0.37254 0.192171 0.0745597 1.55189 
10 3.44 0.3664 0.18586 0.0703512 1.50032 
10 3.445 0.36699 0.18705 0.0713333 1.52014 
10 3.445 0.36799 0.188576 0.0726851 1.54308 
10 3.445 0.367798 0.18729 0.0709382 1.50985 
10 3.45 0.364948 0.184895 0.0696858 1.49878 
10 3.45 0.363078 0.183161 0.0683478 1.48797 
10 3.45 0.36468 0.184998 0.0697229 1.50744 
10 3.455 0.361478 0.182049 0.0679831 1.4872 
10 3.455 0.362536 0.18291 0.068338 1.48995 
10 3.455 0.361894 0.18273 0.0684218 1.49819 
10 3.46 0.364394 0.1843 0.0693758 1.48892 
10 3.46 0.359122 0.180532 0.0676944 1.49026 
10 3.46 0.361786 0.182381 0.0683446 1.4882 
10 3.465 0.360034 0.179917 0.0657543 1.45144 
10 3.465 0.360122 0.180385 0.0668127 1.46313 
10 3.465 0.35858 0.180052 0.0668893 1.48549 
10 3.47 0.355926 0.177479 0.065229 1.46387 
10 3.47 0.356506 0.177722 0.0652083 1.45893 
10 3.47 0.355354 0.177229 0.0654483 1.46836 
10 3.475 0.357754 0.177609 0.0648315 1.42794 
10 3.475 0.350118 0.17329 0.0635842 1.4592 
10 3.475 0.356326 0.176829 0.0645478 1.43483 
10 3.48 0.354334 0.176296 0.0645673 1.45816 
10 3.48 0.3548 0.176602 0.0646785 1.45745 
10 3.48 0.350544 0.1729 0.0627839 1.43732 
10 3.485 0.350888 0.172758 0.0623048 1.42425 
10 3.485 0.35225 0.173758 0.0629392 1.42548 
10 3.485 0.350724 0.17243 0.0617996 1.41817 
10 3.49 0.343076 0.16629 0.0587407 1.39222 
10 3.49 0.35146 0.17312 0.0623709 1.42108 
10 3.49 0.34419 0.167479 0.0598825 1.40435 
10 3.495 0.346994 0.16987 0.0608192 1.41532 
10 3.495 0.34715 0.170237 0.0614413 1.42272 
10 3.495 0.344968 0.168696 0.0605606 1.42184 
