size temperature m m2 m4 mag_sus e sp_heat 
10 1.5 0.997546 0.995161 0.990586 0.00418253 -218.894 0.0510682 
10 1.5 0.997644 0.99535 0.990939 0.00375262 -218.924 0.0490551 
10 1.5 0.997606 0.995275 0.990792 0.00379658 -218.908 0.0488416 
10 1.505 0.997576 0.995216 0.99068 0.00386207 -218.898 0.0489934 
10 1.505 0.997582 0.995228 0.990703 0.00385603 -218.902 0.0487192 
10 1.505 0.99753 0.995127 0.990513 0.00405177 -218.88 0.0507517 
10 1.51 0.99748 0.995028 0.990317 0.00406156 -218.856 0.0513391 
10 1.51 0.997482 0.995029 0.99031 0.00389004 -218.848 0.0503257 
10 1.51 0.997408 0.994887 0.99005 0.0042809 -218.831 0.0519194 
10 1.515 0.997316 0.994707 0.989702 0.00448291 -218.791 0.053301 
10 1.515 0.997444 0.994954 0.990166 0.00395161 -218.827 0.0520747 
10 1.515 0.997594 0.995253 0.990758 0.00391889 -218.912 0.0491633 
10 1.52 0.997526 0.995118 0.990489 0.00391575 -218.871 0.049739 
10 1.52 0.997322 0.994718 0.989722 0.00439923 -218.786 0.0540512 
10 1.52 0.99737 0.99481 0.98989 0.00414231 -218.804 0.0519573 
10 1.525 0.997512 0.995086 0.990413 0.00365966 -218.861 0.0477074 
10 1.525 0.997274 0.994622 0.989528 0.00434681 -218.768 0.0536134 
10 1.525 0.997204 0.994486 0.989274 0.00462311 -218.738 0.0555316 
10 1.53 0.997148 0.994378 0.98907 0.00480693 -218.721 0.0568504 
10 1.53 0.9974 0.994871 0.990015 0.00419085 -218.818 0.0513835 
10 1.53 0.997278 0.99463 0.989548 0.00438109 -218.77 0.0532796 
10 1.535 0.997186 0.994449 0.989194 0.00447957 -218.726 0.0548212 
10 1.535 0.997094 0.994268 0.988845 0.00465897 -218.684 0.0574737 
10 1.535 0.997126 0.994331 0.988967 0.00460848 -218.698 0.0557697 
10 1.54 0.99714 0.994354 0.988998 0.00430522 -218.7 0.0538022 
10 1.54 0.997028 0.994139 0.988597 0.00480826 -218.658 0.0579414 
10 1.54 0.997028 0.994137 0.988589 0.00471475 -218.65 0.0580964 
10 1.545 0.997138 0.994354 0.989009 0.00451579 -218.702 0.0552347 
10 1.545 0.997056 0.994192 0.988693 0.00461701 -218.663 0.0568519 
10 1.545 0.997058 0.994199 0.988716 0.00478606 -218.671 0.0574245 
10 1.55 0.997086 0.994255 0.988828 0.00478636 -218.687 0.0571186 
10 1.55 0.997114 0.994305 0.98891 0.00445103 -218.685 0.0552763 
10 1.55 0.996984 0.99406 0.988472 0.00534863 -218.657 0.0593441 
10 1.555 0.997006 0.994095 0.988511 0.00476116 -218.657 0.0562699 
10 1.555 0.996966 0.994016 0.988356 0.00481253 -218.627 0.0576192 
10 1.555 0.996832 0.993763 0.987903 0.00574944 -218.587 0.0624863 
10 1.56 0.996876 0.993843 0.988036 0.00520517 -218.612 0.0581173 
10 1.56 0.996958 0.994 0.988325 0.00479399 -218.625 0.0575837 
10 1.56 0.996828 0.993751 0.987866 0.00545246 -218.581 0.0613119 
10 1.565 0.99691 0.993904 0.988135 0.00478031 -218.598 0.0581872 
10 1.565 0.996824 0.99374 0.987836 0.00525451 -218.581 0.0604875 
10 1.565 0.99679 0.993673 0.987703 0.00526875 -218.564 0.0612674 
10 1.57 0.996618 0.99333 0.987024 0.00528166 -218.465 0.063166 
10 1.57 0.996724 0.993542 0.987444 0.0052833 -218.528 0.061137 
10 1.57 0.996658 0.993413 0.987202 0.00549752 -218.509 0.0625826 
10 1.575 0.99672 0.993533 0.987424 0.00521915 -218.522 0.0607628 
10 1.575 0.99656 0.993215 0.986796 0.00527279 -218.447 0.0622413 
10 1.575 0.996586 0.993269 0.986909 0.00539331 -218.459 0.0624697 
10 1.58 0.996676 0.993449 0.987272 0.0054526 -218.51 0.0618101 
10 1.58 0.99652 0.993139 0.986658 0.00548162 -218.436 0.0645078 
10 1.58 0.996486 0.993073 0.986533 0.00558556 -218.415 0.0653843 
10 1.585 0.996552 0.99321 0.986823 0.00591238 -218.459 0.0649779 
10 1.585 0.99657 0.993241 0.986873 0.00565521 -218.47 0.0632327 
10 1.585 0.996546 0.993191 0.986762 0.00547318 -218.45 0.0629787 
10 1.59 0.996382 0.992872 0.986157 0.00595661 -218.383 0.0663329 
10 1.59 0.996386 0.992872 0.986131 0.00547541 -218.367 0.0650485 
10 1.59 0.996262 0.992634 0.985691 0.00604197 -218.331 0.0674711 
10 1.595 0.996474 0.99305 0.986493 0.00562303 -218.418 0.0636847 
10 1.595 0.9962 0.992513 0.985458 0.00615172 -218.303 0.0692914 
10 1.595 0.996234 0.992577 0.985575 0.00595469 -218.318 0.0677811 
10 1.6 0.996292 0.992689 0.985781 0.00568067 -218.325 0.0662135 
10 1.6 0.996308 0.992725 0.985868 0.00594807 -218.344 0.0669096 
10 1.6 0.996082 0.992283 0.985025 0.00650308 -218.257 0.0711501 
10 1.605 0.996044 0.992204 0.984856 0.00626729 -218.225 0.0720509 
10 1.605 0.996148 0.992411 0.985262 0.00622318 -218.271 0.0704638 
10 1.605 0.9963 0.992709 0.985838 0.00594579 -218.351 0.0652367 
10 1.61 0.99602 0.99216 0.984781 0.00646954 -218.231 0.0711211 
10 1.61 0.995992 0.992104 0.984671 0.00647056 -218.217 0.0719372 
10 1.61 0.996098 0.99231 0.98506 0.00615245 -218.244 0.0693902 
10 1.615 0.995844 0.991817 0.984128 0.0069206 -218.16 0.0738507 
10 1.615 0.996084 0.992285 0.985019 0.00628266 -218.248 0.0703848 
10 1.615 0.995892 0.991904 0.98427 0.00638045 -218.153 0.072516 
10 1.62 0.99594 0.991998 0.98445 0.00625657 -218.172 0.0717534 
10 1.62 0.995882 0.991891 0.984266 0.00676309 -218.17 0.0726574 
10 1.62 0.99589 0.991904 0.984282 0.00659431 -218.166 0.0720525 
10 1.625 0.995904 0.991927 0.984309 0.00626356 -218.158 0.0700139 
10 1.625 0.995576 0.991288 0.983098 0.00717466 -218.035 0.0760336 
10 1.625 0.995738 0.991605 0.983704 0.00681571 -218.093 0.0746925 
10 1.63 0.995684 0.991497 0.983491 0.00678357 -218.071 0.0749253 
10 1.63 0.995974 0.992065 0.984583 0.00620806 -218.187 0.0699481 
10 1.63 0.995686 0.991504 0.983514 0.00694414 -218.084 0.0743886 
10 1.635 0.995446 0.991037 0.982628 0.00759028 -217.982 0.079875 
10 1.635 0.99568 0.991487 0.983463 0.00662371 -218.058 0.0744454 
10 1.635 0.995622 0.991385 0.983304 0.0074271 -218.063 0.0754608 
10 1.64 0.995554 0.991243 0.983002 0.00699714 -218.015 0.0761685 
10 1.64 0.995526 0.991196 0.982941 0.00753801 -218.035 0.0775464 
10 1.64 0.995408 0.990961 0.982476 0.00754351 -217.971 0.078779 
10 1.645 0.99522 0.990586 0.981733 0.00748642 -217.86 0.0817731 
10 1.645 0.995452 0.991046 0.982635 0.00736995 -217.98 0.0773101 
10 1.645 0.995196 0.990544 0.981673 0.00786149 -217.865 0.0829508 
10 1.65 0.995418 0.990978 0.982499 0.00731183 -217.963 0.0775576 
10 1.65 0.995358 0.990864 0.982292 0.00765163 -217.947 0.0784161 
10 1.65 0.99512 0.99039 0.981353 0.00761852 -217.824 0.0819396 
10 1.655 0.995126 0.990411 0.981431 0.00818635 -217.857 0.0826331 
10 1.655 0.995234 0.990615 0.981794 0.00750485 -217.881 0.0804135 
10 1.655 0.995056 0.990268 0.981134 0.00795389 -217.802 0.0849231 
10 1.66 0.9952 0.990554 0.981698 0.00790843 -217.874 0.0813389 
10 1.66 0.99498 0.990122 0.980864 0.00825058 -217.78 0.0846684 
10 1.66 0.995218 0.990583 0.981734 0.00750678 -217.876 0.0804688 
10 1.665 0.994814 0.989794 0.980223 0.00833786 -217.706 0.086918 
10 1.665 0.994886 0.989943 0.98054 0.00871393 -217.764 0.0861248 
10 1.665 0.99486 0.989888 0.980416 0.0084793 -217.723 0.0885432 
10 1.67 0.994862 0.989893 0.980431 0.00853898 -217.74 0.0855592 
10 1.67 0.994712 0.989587 0.979797 0.00806928 -217.648 0.0841144 
10 1.67 0.994996 0.990153 0.980921 0.00812455 -217.783 0.0850089 
10 1.675 0.994814 0.989791 0.980209 0.00814958 -217.702 0.0844822 
10 1.675 0.99482 0.989804 0.980237 0.00818911 -217.706 0.0853485 
10 1.675 0.994648 0.989471 0.979613 0.00876395 -217.646 0.0880593 
10 1.68 0.994672 0.989508 0.979647 0.00808169 -217.638 0.0843868 
10 1.68 0.994586 0.989343 0.979338 0.00840527 -217.591 0.0881707 
10 1.68 0.994542 0.98926 0.979197 0.00872442 -217.598 0.0895861 
10 1.685 0.994456 0.989088 0.978849 0.00860202 -217.551 0.0884055 
10 1.685 0.994474 0.98913 0.978955 0.00898655 -217.56 0.0906675 
10 1.685 0.994414 0.989007 0.978699 0.00877131 -217.532 0.0891553 
10 1.69 0.994328 0.988848 0.978426 0.00943837 -217.51 0.0928631 
10 1.69 0.994314 0.988815 0.978344 0.00914257 -217.493 0.0920159 
10 1.69 0.99454 0.989257 0.979192 0.00871174 -217.598 0.0879169 
10 1.695 0.994038 0.988287 0.977371 0.010356 -217.394 0.0969254 
10 1.695 0.994282 0.988753 0.978228 0.00921678 -217.482 0.0922657 
10 1.695 0.994144 0.988485 0.977724 0.00961577 -217.432 0.0952353 
10 1.7 0.99413 0.988458 0.977668 0.00960371 -217.427 0.0919696 
10 1.7 0.993986 0.988169 0.977091 0.00944658 -217.347 0.0960467 
10 1.7 0.994268 0.988725 0.978175 0.00921083 -217.48 0.0921691 
10 1.705 0.993918 0.98804 0.976858 0.00978823 -217.336 0.094887 
10 1.705 0.994038 0.988269 0.977274 0.0092208 -217.356 0.0940491 
10 1.705 0.994084 0.988367 0.977494 0.00963525 -217.398 0.0947533 
10 1.71 0.994082 0.988357 0.977452 0.00923844 -217.383 0.0933581 
10 1.71 0.993958 0.98812 0.977021 0.00982072 -217.352 0.096693 
10 1.71 0.993582 0.987386 0.975619 0.010576 -217.21 0.101673 
10 1.715 0.993602 0.987425 0.97569 0.0104715 -217.212 0.100905 
10 1.715 0.993876 0.987964 0.976732 0.0101561 -217.333 0.0964046 
10 1.715 0.993768 0.987743 0.976275 0.00978438 -217.25 0.0981423 
10 1.72 0.993612 0.987445 0.975732 0.0104601 -217.211 0.101788 
10 1.72 0.99377 0.987747 0.976281 0.00975506 -217.254 0.0964703 
10 1.72 0.993472 0.987172 0.975211 0.0107736 -217.154 0.10225 
10 1.725 0.993478 0.987185 0.975239 0.0108048 -217.147 0.10287 
10 1.725 0.993438 0.987111 0.975117 0.0111502 -217.146 0.104557 
10 1.725 0.99351 0.987238 0.975311 0.0102122 -217.141 0.1014 
10 1.73 0.993342 0.986916 0.974711 0.0108226 -217.106 0.100547 
10 1.73 0.99349 0.987199 0.975233 0.0101954 -217.139 0.0996356 
10 1.73 0.993426 0.987073 0.974992 0.0102949 -217.104 0.102059 
10 1.735 0.993276 0.986786 0.974463 0.0109042 -217.06 0.102813 
10 1.735 0.993212 0.98666 0.974221 0.0109558 -217.028 0.105745 
10 1.735 0.99343 0.98709 0.975055 0.0107709 -217.12 0.102673 
10 1.74 0.993204 0.986645 0.974191 0.0109686 -217.03 0.102808 
10 1.74 0.992998 0.986233 0.973372 0.010803 -216.915 0.107498 
10 1.74 0.993016 0.986275 0.973475 0.0111646 -216.951 0.105335 
10 1.745 0.992864 0.985971 0.972871 0.0110142 -216.87 0.107119 
10 1.745 0.993262 0.986757 0.974402 0.0107644 -217.049 0.101298 
10 1.745 0.992712 0.985685 0.972365 0.0119384 -216.832 0.110756 
10 1.75 0.992684 0.985626 0.972235 0.0116844 -216.819 0.109551 
10 1.75 0.993028 0.9863 0.97353 0.0111744 -216.936 0.107407 
10 1.75 0.993002 0.986247 0.973419 0.0110736 -216.942 0.1052 
10 1.755 0.992844 0.985946 0.972873 0.0117967 -216.902 0.106342 
10 1.755 0.992884 0.986018 0.972991 0.011387 -216.896 0.106823 
10 1.755 0.992608 0.985477 0.971947 0.0117606 -216.775 0.109706 
10 1.76 0.992506 0.985285 0.971607 0.0123386 -216.741 0.112196 
10 1.76 0.992508 0.985285 0.971595 0.0121062 -216.73 0.113452 
10 1.76 0.992514 0.985297 0.971617 0.0121182 -216.754 0.10934 
10 1.765 0.992184 0.984659 0.970414 0.0130193 -216.616 0.114679 
10 1.765 0.992338 0.984952 0.97095 0.0122863 -216.673 0.111973 
10 1.765 0.992552 0.985369 0.971744 0.0118508 -216.744 0.110745 
10 1.77 0.992264 0.9848 0.970637 0.0119952 -216.617 0.112502 
10 1.77 0.992192 0.984678 0.970466 0.0131568 -216.62 0.116159 
10 1.77 0.992102 0.984499 0.970112 0.0131289 -216.582 0.116706 
10 1.775 0.992086 0.984461 0.970019 0.0127396 -216.566 0.115079 
10 1.775 0.992278 0.984838 0.970744 0.0125122 -216.647 0.113694 
10 1.775 0.992074 0.984434 0.969956 0.0125712 -216.571 0.114075 
10 1.78 0.992068 0.984424 0.969939 0.0126272 -216.551 0.114811 
10 1.78 0.992018 0.984326 0.969753 0.012706 -216.534 0.115137 
10 1.78 0.992094 0.984488 0.970107 0.0133267 -216.584 0.117118 
10 1.785 0.991812 0.983924 0.968989 0.0130777 -216.439 0.118116 
10 1.785 0.991768 0.983832 0.96879 0.0127952 -216.423 0.115976 
10 1.785 0.991952 0.9842 0.969527 0.012972 -216.519 0.117981 
10 1.79 0.991654 0.983625 0.968453 0.013836 -216.392 0.123351 
10 1.79 0.99162 0.983558 0.968319 0.0138512 -216.383 0.120907 
10 1.79 0.991542 0.983406 0.968033 0.0140169 -216.361 0.122318 
10 1.795 0.991284 0.982892 0.967013 0.0137956 -216.229 0.123838 
10 1.795 0.9918 0.983912 0.969005 0.0136357 -216.473 0.117998 
10 1.795 0.991266 0.982862 0.966971 0.0141191 -216.232 0.122964 
10 1.8 0.991592 0.9835 0.968198 0.0136325 -216.365 0.120447 
10 1.8 0.99118 0.982712 0.966744 0.0152293 -216.214 0.127833 
10 1.8 0.99138 0.983092 0.967438 0.0142898 -216.284 0.124324 
10 1.805 0.991182 0.982706 0.966707 0.0146639 -216.204 0.126207 
10 1.805 0.991196 0.982731 0.966745 0.0145025 -216.203 0.125738 
10 1.805 0.99111 0.982563 0.966425 0.0146198 -216.162 0.129306 
10 1.81 0.991128 0.98261 0.96655 0.0152093 -216.169 0.128285 
10 1.81 0.99085 0.982056 0.965456 0.0150275 -216.061 0.128838 
10 1.81 0.990796 0.981966 0.965339 0.0159738 -216.1 0.129957 
10 1.815 0.990738 0.98185 0.965111 0.0158951 -216.033 0.133583 
10 1.815 0.990728 0.981833 0.965083 0.0160281 -216.035 0.132581 
10 1.815 0.99063 0.981635 0.964684 0.0158018 -215.986 0.135326 
10 1.82 0.990588 0.981538 0.964449 0.0150228 -215.951 0.130839 
10 1.82 0.9903 0.980998 0.96349 0.0166852 -215.865 0.134695 
10 1.82 0.990504 0.98139 0.964215 0.0160256 -215.947 0.131112 
10 1.825 0.990432 0.981243 0.963916 0.0157618 -215.897 0.132595 
10 1.825 0.98989 0.980199 0.961972 0.0173363 -215.711 0.140488 
10 1.825 0.990336 0.981065 0.963604 0.0163927 -215.858 0.134898 
10 1.83 0.990136 0.980677 0.962877 0.0168208 -215.787 0.138292 
10 1.83 0.990166 0.980719 0.962901 0.0158717 -215.754 0.137793 
10 1.83 0.99019 0.980781 0.963071 0.0166494 -215.817 0.136549 
10 1.835 0.990182 0.980763 0.963032 0.0165039 -215.808 0.137465 
10 1.835 0.989712 0.979839 0.961246 0.0168587 -215.607 0.13929 
10 1.835 0.989896 0.980196 0.96192 0.0164659 -215.66 0.141368 
10 1.84 0.990084 0.980569 0.962651 0.0164431 -215.757 0.137523 
10 1.84 0.989874 0.980147 0.961801 0.0161165 -215.652 0.135225 
10 1.84 0.98999 0.98039 0.962322 0.0168435 -215.7 0.140245 
10 1.845 0.990028 0.980456 0.962422 0.0162861 -215.726 0.136183 
10 1.845 0.989916 0.980242 0.96203 0.0167021 -215.684 0.139414 
10 1.845 0.98983 0.980096 0.961813 0.0180407 -215.656 0.140573 
10 1.85 0.989772 0.979954 0.961458 0.0165248 -215.634 0.135251 
10 1.85 0.989824 0.980063 0.961682 0.0168286 -215.635 0.137411 
10 1.85 0.989498 0.979443 0.960561 0.0182264 -215.54 0.142342 
10 1.855 0.988972 0.978405 0.958545 0.0183193 -215.309 0.1475 
10 1.855 0.98915 0.978764 0.959266 0.0186608 -215.376 0.148731 
10 1.855 0.989388 0.979209 0.960052 0.0172909 -215.461 0.141064 
10 1.86 0.98866 0.977805 0.957431 0.0191465 -215.207 0.150673 
10 1.86 0.98923 0.97892 0.959563 0.0184713 -215.423 0.147292 
10 1.86 0.988856 0.978185 0.958143 0.0187382 -215.261 0.149871 
10 1.865 0.988958 0.978376 0.958479 0.0181252 -215.286 0.144146 
10 1.865 0.988922 0.978317 0.958412 0.0187774 -215.274 0.153191 
10 1.865 0.98877 0.978025 0.957863 0.0192433 -215.23 0.15075 
10 1.87 0.988646 0.977771 0.957347 0.0187298 -215.202 0.148257 
10 1.87 0.988662 0.9778 0.957386 0.0185609 -215.168 0.149496 
10 1.87 0.988498 0.977487 0.956816 0.0191606 -215.128 0.150961 
10 1.875 0.988754 0.977998 0.957809 0.0193903 -215.226 0.145394 
10 1.875 0.988382 0.977262 0.956387 0.019342 -215.059 0.151632 
10 1.875 0.98821 0.976926 0.955753 0.0195795 -215.012 0.152779 
10 1.88 0.988108 0.976727 0.955368 0.0196564 -214.955 0.153448 
10 1.88 0.988416 0.977339 0.956575 0.0198368 -215.085 0.154096 
10 1.88 0.988394 0.977277 0.956398 0.0188628 -215.059 0.152882 
10 1.885 0.988046 0.97662 0.95522 0.0204489 -214.953 0.157665 
10 1.885 0.988398 0.977278 0.956374 0.0184485 -215.039 0.149581 
10 1.885 0.98793 0.976384 0.954738 0.0200889 -214.886 0.157453 
10 1.89 0.98783 0.976192 0.95438 0.0203138 -214.849 0.158467 
10 1.89 0.987944 0.976411 0.954785 0.0199584 -214.88 0.159961 
10 1.89 0.987534 0.975631 0.953364 0.0215491 -214.745 0.16415 
10 1.895 0.987994 0.976515 0.955005 0.0201824 -214.913 0.157555 
10 1.895 0.987172 0.974892 0.951849 0.0202555 -214.536 0.163502 
10 1.895 0.987336 0.97524 0.952609 0.0215189 -214.67 0.164238 
10 1.9 0.987468 0.975493 0.953065 0.0210352 -214.695 0.161795 
10 1.9 0.98735 0.975285 0.952748 0.0223462 -214.694 0.166962 
10 1.9 0.987558 0.975669 0.953394 0.0209493 -214.732 0.155523 
10 1.905 0.987236 0.975032 0.95217 0.0208609 -214.605 0.163391 
10 1.905 0.986858 0.97431 0.95084 0.0221043 -214.454 0.16867 
10 1.905 0.987462 0.975475 0.953014 0.0206886 -214.696 0.157788 
10 1.91 0.986782 0.974159 0.950546 0.0220296 -214.431 0.166472 
10 1.91 0.98699 0.974579 0.951389 0.0225204 -214.536 0.16406 
10 1.91 0.98684 0.974271 0.950749 0.0218688 -214.43 0.164926 
10 1.915 0.986536 0.973686 0.949671 0.0226006 -214.366 0.16922 
10 1.915 0.986884 0.974352 0.950897 0.0215379 -214.467 0.165411 
10 1.915 0.98679 0.974186 0.950636 0.0225178 -214.467 0.167183 
10 1.92 0.986336 0.973322 0.949052 0.0241341 -214.274 0.173088 
10 1.92 0.986756 0.974106 0.950432 0.0218019 -214.373 0.167821 
10 1.92 0.986382 0.973404 0.949193 0.0236766 -214.333 0.168113 
10 1.925 0.986242 0.97314 0.948721 0.0242471 -214.239 0.176925 
10 1.925 0.986026 0.972738 0.948017 0.0254986 -214.219 0.177008 
10 1.925 0.985768 0.97222 0.946964 0.0249855 -214.056 0.176554 
10 1.93 0.986082 0.972807 0.948015 0.0232958 -214.157 0.171794 
10 1.93 0.986024 0.972711 0.947891 0.0242213 -214.154 0.177053 
10 1.93 0.985872 0.972413 0.947309 0.0243399 -214.091 0.173647 
10 1.935 0.98558 0.971847 0.946249 0.0247392 -213.998 0.175846 
10 1.935 0.98591 0.972486 0.947443 0.0241732 -214.102 0.172338 
10 1.935 0.985438 0.971598 0.945857 0.0263477 -213.926 0.182601 
10 1.94 0.985108 0.970954 0.944644 0.0266221 -213.854 0.179243 
10 1.94 0.985716 0.972111 0.946743 0.0244973 -214.02 0.174965 
10 1.94 0.98547 0.971626 0.945812 0.0244639 -213.921 0.178721 
10 1.945 0.985246 0.971181 0.944935 0.0242447 -213.806 0.178748 
10 1.945 0.985208 0.97113 0.944914 0.0254559 -213.845 0.181491 
10 1.945 0.985032 0.970789 0.944271 0.0257706 -213.755 0.181722 
10 1.95 0.984792 0.970316 0.943356 0.0256901 -213.68 0.180095 
10 1.95 0.984962 0.970645 0.943973 0.025361 -213.719 0.183236 
10 1.95 0.984926 0.970572 0.943824 0.0252479 -213.71 0.180468 
10 1.955 0.984702 0.970153 0.94308 0.0263249 -213.625 0.182957 
10 1.955 0.984572 0.969894 0.94258 0.0261881 -213.575 0.186797 
10 1.955 0.984624 0.97002 0.942886 0.0273708 -213.61 0.185334 
10 1.96 0.98454 0.969839 0.942502 0.0265525 -213.571 0.186975 
10 1.96 0.984308 0.969389 0.941654 0.0268899 -213.494 0.19022 
10 1.96 0.984204 0.969192 0.941297 0.0272901 -213.431 0.191325 
10 1.965 0.98431 0.969393 0.941652 0.0267941 -213.462 0.186734 
10 1.965 0.983438 0.967767 0.938793 0.0313964 -213.215 0.200924 
10 1.965 0.984034 0.968871 0.940725 0.0279169 -213.42 0.190691 
10 1.97 0.983766 0.968338 0.939667 0.0275542 -213.264 0.189604 
10 1.97 0.983854 0.968523 0.940055 0.0281212 -213.269 0.195195 
10 1.97 0.984082 0.968964 0.940889 0.0277532 -213.395 0.189738 
10 1.975 0.983744 0.968314 0.939679 0.0284548 -213.266 0.189782 
10 1.975 0.98395 0.968707 0.940401 0.0277973 -213.345 0.190852 
10 1.975 0.983456 0.967747 0.938593 0.0284099 -213.158 0.195014 
10 1.98 0.983564 0.967959 0.938994 0.028308 -213.213 0.191398 
10 1.98 0.983074 0.967015 0.937236 0.0293349 -213.003 0.196782 
10 1.98 0.983012 0.966946 0.937267 0.0319701 -213.061 0.201642 
10 1.985 0.983002 0.966861 0.936898 0.028618 -212.93 0.197726 
10 1.985 0.982918 0.966719 0.9367 0.0297756 -212.952 0.199556 
10 1.985 0.983102 0.967103 0.937505 0.0308885 -213.056 0.199732 
10 1.99 0.982928 0.966737 0.936733 0.0296235 -212.949 0.199942 
10 1.99 0.98251 0.965932 0.935234 0.0304673 -212.796 0.202259 
10 1.99 0.982688 0.966271 0.935849 0.0299364 -212.85 0.198521 
10 1.995 0.982628 0.96616 0.935665 0.0302102 -212.876 0.199336 
10 1.995 0.982168 0.965273 0.934006 0.0310386 -212.675 0.201408 
10 1.995 0.982778 0.966457 0.93623 0.0303159 -212.897 0.197796 
10 2 0.982206 0.965338 0.934107 0.0304827 -212.672 0.203972 
10 2 0.982146 0.965265 0.934083 0.0326957 -212.667 0.207775 
10 2 0.981752 0.964489 0.932601 0.0325905 -212.542 0.208097 
10 2.005 0.981652 0.964287 0.932193 0.032227 -212.467 0.208648 
10 2.005 0.981542 0.964113 0.931971 0.0343253 -212.482 0.211367 
10 2.005 0.981968 0.964907 0.933391 0.0321979 -212.564 0.214047 
10 2.01 0.981456 0.963915 0.931521 0.0327702 -212.422 0.212101 
10 2.01 0.981372 0.96378 0.931351 0.0342944 -212.439 0.210284 
10 2.01 0.981668 0.964309 0.932215 0.0316745 -212.471 0.209208 
10 2.015 0.981242 0.963519 0.930821 0.0339225 -212.313 0.216194 
10 2.015 0.981164 0.963362 0.930532 0.0337233 -212.291 0.217191 
10 2.015 0.980952 0.962963 0.92981 0.0345714 -212.192 0.221232 
10 2.02 0.980916 0.962898 0.929699 0.0347624 -212.246 0.214526 
10 2.02 0.980538 0.962173 0.92837 0.0355678 -212.098 0.219479 
10 2.02 0.980348 0.961774 0.927525 0.0342712 -211.997 0.217383 
10 2.025 0.980808 0.962672 0.929224 0.0339352 -212.18 0.213047 
10 2.025 0.98083 0.962704 0.929249 0.033402 -212.152 0.214759 
10 2.025 0.980646 0.962372 0.928708 0.0348535 -212.116 0.216852 
10 2.03 0.980066 0.96128 0.926745 0.036983 -211.917 0.223766 
10 2.03 0.98024 0.961588 0.927245 0.0353312 -211.952 0.221973 
10 2.03 0.980242 0.96159 0.927238 0.03527 -211.922 0.223609 
10 2.035 0.979962 0.961054 0.926244 0.0357955 -211.82 0.220739 
10 2.035 0.979888 0.960932 0.926097 0.0369252 -211.871 0.225375 
10 2.035 0.979844 0.960855 0.925978 0.0374042 -211.836 0.22654 
10 2.04 0.978968 0.959172 0.922845 0.038885 -211.492 0.230742 
10 2.04 0.980304 0.961675 0.92729 0.0332661 -211.942 0.216516 
10 2.04 0.979966 0.96108 0.926335 0.0365901 -211.836 0.221137 
10 2.045 0.979208 0.959668 0.923891 0.0401062 -211.611 0.236829 
10 2.045 0.979152 0.959525 0.923512 0.0384392 -211.57 0.232218 
10 2.045 0.979256 0.959663 0.923573 0.0352551 -211.504 0.227998 
10 2.05 0.978396 0.958085 0.920879 0.0403155 -211.258 0.24041 
10 2.05 0.978756 0.958768 0.92212 0.0392416 -211.429 0.235067 
10 2.05 0.979154 0.959519 0.923451 0.0378948 -211.552 0.228159 
10 2.055 0.978448 0.958187 0.921048 0.040237 -211.291 0.235376 
10 2.055 0.978694 0.958678 0.922016 0.0406781 -211.405 0.232259 
10 2.055 0.978362 0.958015 0.920734 0.0400544 -211.285 0.235482 
10 2.06 0.978168 0.957647 0.920069 0.0404973 -211.186 0.239783 
10 2.06 0.978502 0.958243 0.921028 0.0377105 -211.255 0.231529 
10 2.06 0.978408 0.958086 0.920821 0.0390148 -211.289 0.234283 
10 2.065 0.977784 0.956923 0.918778 0.0417186 -211.12 0.238907 
10 2.065 0.977842 0.956993 0.918778 0.0396098 -211.056 0.237242 
10 2.065 0.977764 0.956902 0.918768 0.0426053 -211.041 0.241341 
10 2.07 0.97691 0.95523 0.915605 0.0423813 -210.72 0.250179 
10 2.07 0.977648 0.956653 0.918234 0.0414216 -210.993 0.240979 
10 2.07 0.977258 0.955942 0.917046 0.0439092 -210.922 0.247043 
10 2.075 0.977118 0.955653 0.916444 0.0430561 -210.819 0.245526 
10 2.075 0.977216 0.955816 0.916666 0.041666 -210.863 0.238729 
10 2.075 0.976626 0.954715 0.91471 0.0441762 -210.631 0.2517 
10 2.08 0.976646 0.954722 0.91465 0.0425226 -210.626 0.247262 
10 2.08 0.976638 0.954684 0.914527 0.0414739 -210.608 0.246952 
10 2.08 0.976886 0.955201 0.915577 0.043028 -210.702 0.244817 
10 2.085 0.97636 0.954287 0.914174 0.0483736 -210.59 0.260131 
10 2.085 0.976298 0.95412 0.91371 0.0461283 -210.548 0.249614 
10 2.085 0.976288 0.954056 0.913481 0.0440355 -210.451 0.252317 
10 2.09 0.975714 0.95297 0.911535 0.0455766 -210.273 0.261184 
10 2.09 0.97623 0.953935 0.913225 0.0435324 -210.483 0.245621 
10 2.09 0.976778 0.954982 0.915166 0.0424219 -210.662 0.250846 
10 2.095 0.976132 0.953798 0.913131 0.0460486 -210.469 0.253563 
10 2.095 0.975514 0.952564 0.910699 0.0447005 -210.178 0.2546 
10 2.095 0.975502 0.952581 0.91087 0.0466276 -210.234 0.259682 
10 2.1 0.97554 0.952641 0.910942 0.0458642 -210.218 0.257418 
10 2.1 0.975126 0.951847 0.909463 0.0465088 -210.063 0.257601 
10 2.1 0.97517 0.951934 0.909601 0.0465329 -210.08 0.253809 
10 2.105 0.97425 0.950215 0.906558 0.0499847 -209.791 0.264428 
10 2.105 0.97465 0.950942 0.907828 0.0474897 -209.925 0.260634 
10 2.105 0.97471 0.951098 0.908227 0.0493138 -209.983 0.26247 
10 2.11 0.974452 0.950601 0.907318 0.0495061 -209.863 0.269238 
10 2.11 0.974564 0.950806 0.907625 0.0488554 -209.872 0.26386 
10 2.11 0.974736 0.95115 0.908305 0.0492612 -209.952 0.262865 
10 2.115 0.973948 0.949636 0.905534 0.0501642 -209.651 0.269797 
10 2.115 0.973934 0.949592 0.905401 0.0494092 -209.66 0.268558 
10 2.115 0.974314 0.950298 0.90664 0.047782 -209.751 0.264407 
10 2.12 0.973488 0.9487 0.903644 0.0481507 -209.461 0.264266 
10 2.12 0.973854 0.949468 0.905245 0.0507673 -209.64 0.269142 
10 2.12 0.973606 0.948961 0.904237 0.0496508 -209.503 0.272414 
10 2.125 0.973992 0.949693 0.905556 0.0486016 -209.659 0.26372 
10 2.125 0.973714 0.949131 0.90443 0.0476144 -209.527 0.261494 
10 2.125 0.973106 0.948026 0.902584 0.0513484 -209.339 0.273855 
10 2.13 0.973182 0.94817 0.902802 0.0510026 -209.381 0.266188 
10 2.13 0.972812 0.947539 0.901877 0.0551818 -209.345 0.272702 
10 2.13 0.972984 0.94786 0.902388 0.0545566 -209.316 0.277119 
10 2.135 0.972424 0.946732 0.900222 0.0526484 -209.099 0.275151 
10 2.135 0.972108 0.946131 0.899136 0.0532514 -209.003 0.276895 
10 2.135 0.972808 0.947495 0.901717 0.0533899 -209.303 0.273508 
10 2.14 0.97192 0.945832 0.898761 0.0562502 -208.962 0.282402 
10 2.14 0.97163 0.945294 0.897765 0.0574385 -208.846 0.285438 
10 2.14 0.97204 0.94599 0.898845 0.0527065 -208.99 0.274986 
10 2.145 0.972008 0.945974 0.898941 0.0547491 -208.932 0.284274 
10 2.145 0.971126 0.944265 0.895735 0.0549749 -208.647 0.285742 
10 2.145 0.97143 0.944862 0.896918 0.0552744 -208.824 0.283655 
10 2.15 0.970922 0.943943 0.89538 0.0582823 -208.629 0.294144 
10 2.15 0.970576 0.943344 0.894467 0.061685 -208.566 0.301955 
10 2.15 0.97045 0.943049 0.893737 0.0593506 -208.383 0.301205 
10 2.155 0.970698 0.943492 0.894446 0.0574178 -208.492 0.294464 
10 2.155 0.970394 0.942904 0.893389 0.057526 -208.422 0.292898 
10 2.155 0.970228 0.942705 0.893289 0.0632217 -208.436 0.298447 
10 2.16 0.970354 0.942838 0.893284 0.0579053 -208.375 0.292793 
10 2.16 0.970294 0.942721 0.893053 0.057896 -208.375 0.289934 
10 2.16 0.97003 0.942293 0.892478 0.0618185 -208.339 0.295982 
10 2.165 0.969742 0.94173 0.891439 0.0614694 -208.195 0.30368 
10 2.165 0.969566 0.941405 0.890829 0.0622065 -208.155 0.295943 
10 2.165 0.969044 0.940395 0.888924 0.0622913 -207.935 0.300139 
10 2.17 0.968874 0.940081 0.888443 0.0628761 -207.87 0.305993 
10 2.17 0.968916 0.940165 0.888589 0.0629763 -207.902 0.300436 
10 2.17 0.96952 0.941307 0.890607 0.0616668 -208.135 0.293119 
10 2.175 0.96849 0.939384 0.887217 0.0648772 -207.788 0.299429 
10 2.175 0.968444 0.939264 0.886911 0.0634657 -207.748 0.30032 
10 2.175 0.968746 0.939869 0.888114 0.064358 -207.853 0.303992 
10 2.18 0.96822 0.938815 0.886089 0.0626363 -207.658 0.305933 
10 2.18 0.968122 0.938694 0.885983 0.0657685 -207.617 0.303759 
10 2.18 0.96728 0.937161 0.883424 0.0702037 -207.427 0.316196 
10 2.185 0.967644 0.937809 0.884501 0.0674549 -207.477 0.320708 
10 2.185 0.968128 0.938664 0.88577 0.0637334 -207.563 0.301998 
10 2.185 0.967702 0.937883 0.884522 0.0657281 -207.481 0.312401 
10 2.19 0.967302 0.937177 0.88341 0.0686868 -207.355 0.319171 
10 2.19 0.966812 0.936201 0.881477 0.0673898 -207.103 0.31869 
10 2.19 0.967226 0.936968 0.88285 0.065855 -207.378 0.309207 
10 2.195 0.966112 0.934918 0.87935 0.0704111 -206.985 0.325476 
10 2.195 0.966874 0.936312 0.881693 0.0668022 -207.188 0.317622 
10 2.195 0.96681 0.936203 0.881518 0.067469 -207.182 0.31636 
10 2.2 0.965816 0.934413 0.878524 0.0732916 -206.866 0.326739 
10 2.2 0.965214 0.933276 0.876458 0.0744679 -206.691 0.321154 
10 2.2 0.966324 0.935298 0.879942 0.068884 -206.996 0.323202 
10 2.205 0.96627 0.935234 0.879921 0.0705926 -207.012 0.317349 
10 2.205 0.964484 0.931948 0.87419 0.0779598 -206.458 0.335581 
10 2.205 0.965134 0.933243 0.876743 0.0797933 -206.733 0.334911 
10 2.21 0.965162 0.933257 0.876634 0.0777898 -206.741 0.326618 
10 2.21 0.965132 0.933076 0.876036 0.0722055 -206.619 0.325847 
10 2.21 0.964756 0.932539 0.875538 0.080772 -206.581 0.345301 
10 2.215 0.96407 0.931144 0.872793 0.0773217 -206.298 0.341632 
10 2.215 0.964834 0.932583 0.875391 0.0757685 -206.596 0.33686 
10 2.215 0.963368 0.929824 0.870321 0.0788305 -206.055 0.331322 
10 2.22 0.963828 0.930701 0.871993 0.0782372 -206.158 0.34857 
10 2.22 0.963766 0.930561 0.871562 0.0773161 -206.089 0.336165 
10 2.22 0.964644 0.932273 0.874901 0.0781492 -206.563 0.331619 
10 2.225 0.963822 0.930663 0.871833 0.0768824 -206.197 0.328534 
10 2.225 0.963098 0.929363 0.869708 0.0811237 -206.018 0.340262 
10 2.225 0.963252 0.929715 0.870372 0.0836308 -206.118 0.337453 
10 2.23 0.96261 0.928431 0.868022 0.0813214 -205.809 0.345286 
10 2.23 0.963268 0.929669 0.870145 0.0799946 -206.031 0.337568 
10 2.23 0.962848 0.928873 0.868705 0.0805582 -205.868 0.337278 
10 2.235 0.96223 0.927656 0.866483 0.0791529 -205.581 0.350699 
10 2.235 0.962256 0.927946 0.867431 0.0898985 -205.747 0.356129 
10 2.235 0.961808 0.926994 0.86554 0.0858672 -205.529 0.346181 
10 2.24 0.962392 0.928029 0.86726 0.0817124 -205.7 0.34049 
10 2.24 0.961858 0.927023 0.865501 0.0826834 -205.542 0.347949 
10 2.24 0.961798 0.926872 0.865206 0.0811075 -205.509 0.350111 
10 2.245 0.960994 0.925511 0.863063 0.0891515 -205.29 0.355563 
10 2.245 0.960912 0.925417 0.863002 0.0920075 -205.266 0.361748 
10 2.245 0.960752 0.925119 0.862465 0.092422 -205.242 0.358814 
10 2.25 0.959634 0.922865 0.858237 0.0874696 -204.777 0.366484 
10 2.25 0.959628 0.922859 0.858257 0.0876774 -204.85 0.366759 
10 2.25 0.960122 0.92382 0.859962 0.08825 -204.969 0.36066 
10 2.255 0.960526 0.924589 0.861309 0.0877554 -205.088 0.356356 
10 2.255 0.959818 0.923307 0.859084 0.0912109 -204.838 0.358029 
10 2.255 0.960166 0.923924 0.860253 0.0889229 -205.009 0.369686 
10 2.26 0.958788 0.921531 0.856353 0.0998607 -204.608 0.374625 
10 2.26 0.95883 0.92147 0.856008 0.0935978 -204.611 0.363367 
10 2.26 0.959704 0.923114 0.858844 0.09212 -204.879 0.358618 
10 2.265 0.958886 0.921476 0.855769 0.0889112 -204.57 0.360564 
10 2.265 0.95898 0.921811 0.856679 0.0957315 -204.629 0.37034 
10 2.265 0.95836 0.920609 0.854571 0.0951678 -204.428 0.374437 
10 2.27 0.957644 0.919457 0.852684 0.104615 -204.255 0.37502 
10 2.27 0.95803 0.919893 0.853034 0.0912458 -204.212 0.370787 
10 2.27 0.95778 0.919536 0.852605 0.0966287 -204.192 0.380604 
10 2.275 0.957028 0.918187 0.850374 0.100419 -204.002 0.37939 
10 2.275 0.957414 0.918719 0.850874 0.0913122 -204.012 0.372734 
10 2.275 0.957118 0.918475 0.850985 0.105514 -204.026 0.383299 
10 2.28 0.95639 0.917078 0.848591 0.105104 -203.864 0.37144 
10 2.28 0.956526 0.917288 0.848935 0.102915 -203.881 0.379444 
10 2.28 0.956762 0.917716 0.849621 0.101872 -203.868 0.383137 
10 2.285 0.956168 0.91662 0.847754 0.103385 -203.678 0.391707 
10 2.285 0.955926 0.916153 0.84692 0.103219 -203.687 0.387285 
10 2.285 0.954812 0.914138 0.84355 0.108172 -203.341 0.397697 
10 2.29 0.955312 0.914852 0.844235 0.0974263 -203.333 0.382995 
10 2.29 0.95457 0.913723 0.842749 0.110002 -203.264 0.395198 
10 2.29 0.955312 0.915065 0.845036 0.106722 -203.476 0.389651 
10 2.295 0.954236 0.913111 0.841769 0.110863 -203.14 0.398563 
10 2.295 0.954632 0.913836 0.842991 0.109517 -203.246 0.396791 
10 2.295 0.955236 0.914794 0.844276 0.101 -203.368 0.384285 
10 2.3 0.953998 0.912758 0.841246 0.115034 -203.084 0.395921 
10 2.3 0.954072 0.912832 0.841237 0.112093 -203.029 0.397463 
10 2.3 0.953538 0.911751 0.839199 0.109414 -202.875 0.388156 
10 2.305 0.95329 0.911497 0.839172 0.118666 -202.83 0.404611 
10 2.305 0.95359 0.912017 0.840034 0.116401 -202.941 0.400783 
10 2.305 0.953798 0.912146 0.839785 0.104794 -202.934 0.391202 
10 2.31 0.952452 0.909695 0.83565 0.109544 -202.531 0.394779 
10 2.31 0.952858 0.910586 0.837411 0.114611 -202.654 0.405196 
10 2.31 0.952124 0.909405 0.835524 0.124016 -202.459 0.408626 
10 2.315 0.951738 0.908504 0.833874 0.11658 -202.359 0.407299 
10 2.315 0.95217 0.909247 0.835075 0.113151 -202.483 0.401553 
10 2.315 0.951298 0.907842 0.832959 0.124143 -202.255 0.416698 
10 2.32 0.951576 0.908163 0.833233 0.114921 -202.248 0.417582 
10 2.32 0.951016 0.907144 0.83138 0.116904 -202.025 0.420629 
10 2.32 0.950576 0.906475 0.830542 0.124158 -201.963 0.424068 
10 2.325 0.94995 0.905223 0.828349 0.121208 -201.894 0.41665 
10 2.325 0.949572 0.904904 0.828307 0.138384 -201.784 0.439239 
10 2.325 0.950306 0.906198 0.830367 0.134055 -201.939 0.430541 
10 2.33 0.949812 0.905055 0.828113 0.125001 -201.778 0.418214 
10 2.33 0.950324 0.905802 0.829094 0.115309 -201.839 0.418282 
10 2.33 0.949334 0.904068 0.826176 0.121581 -201.531 0.427342 
10 2.335 0.947394 0.900822 0.821327 0.139903 -201.085 0.440065 
10 2.335 0.948052 0.90214 0.823739 0.14295 -201.361 0.441443 
10 2.335 0.948882 0.903331 0.825033 0.126501 -201.491 0.412853 
10 2.34 0.948772 0.9033 0.825473 0.133836 -201.49 0.430583 
10 2.34 0.947072 0.900105 0.819864 0.135046 -200.93 0.44608 
10 2.34 0.948198 0.902235 0.823501 0.134836 -201.272 0.429633 
10 2.345 0.947102 0.900166 0.819849 0.134898 -200.87 0.436084 
10 2.345 0.946924 0.900035 0.81986 0.143716 -200.921 0.433647 
10 2.345 0.947252 0.900483 0.820564 0.136333 -200.971 0.439126 
10 2.35 0.945332 0.896996 0.814706 0.142259 -200.394 0.447564 
10 2.35 0.946298 0.898812 0.817878 0.14181 -200.633 0.450569 
10 2.35 0.945676 0.897769 0.816571 0.147473 -200.544 0.466501 
10 2.355 0.946102 0.898495 0.817368 0.143766 -200.613 0.446147 
10 2.355 0.945284 0.897034 0.815065 0.147431 -200.477 0.444583 
10 2.355 0.944422 0.895495 0.812286 0.15126 -200.179 0.447576 
10 2.36 0.944238 0.895196 0.812129 0.152986 -200.127 0.460134 
10 2.36 0.945814 0.897969 0.816585 0.144295 -200.47 0.449549 
10 2.36 0.943732 0.894436 0.810871 0.161264 -200.077 0.45339 
10 2.365 0.944216 0.89496 0.811319 0.144446 -200.066 0.447443 
10 2.365 0.942458 0.891951 0.806484 0.157463 -199.52 0.463575 
10 2.365 0.943888 0.894471 0.810729 0.14995 -199.919 0.464004 
10 2.37 0.942132 0.891525 0.805936 0.165084 -199.467 0.469418 
10 2.37 0.943044 0.892916 0.807903 0.151211 -199.64 0.465497 
10 2.37 0.941954 0.891385 0.806174 0.173299 -199.628 0.471599 
10 2.375 0.941634 0.890465 0.804223 0.159596 -199.302 0.484281 
10 2.375 0.942442 0.89196 0.806586 0.158464 -199.529 0.464617 
10 2.375 0.941392 0.89045 0.804656 0.178165 -199.365 0.479693 
10 2.38 0.940004 0.887649 0.799693 0.169825 -198.96 0.476301 
10 2.38 0.940808 0.889216 0.80238 0.172124 -199.208 0.472822 
10 2.38 0.941904 0.891057 0.805111 0.162765 -199.3 0.468893 
10 2.385 0.940932 0.888997 0.801248 0.152772 -199.021 0.460045 
10 2.385 0.940152 0.887865 0.79982 0.166828 -198.912 0.467827 
10 2.385 0.938598 0.885287 0.796157 0.181155 -198.52 0.502526 
10 2.39 0.939354 0.886549 0.797668 0.174177 -198.616 0.479802 
10 2.39 0.937914 0.88409 0.794255 0.184415 -198.388 0.496824 
10 2.39 0.939362 0.88651 0.797605 0.171931 -198.636 0.473938 
10 2.395 0.937574 0.88361 0.793348 0.190617 -198.246 0.492437 
10 2.395 0.937938 0.884094 0.793901 0.182294 -198.295 0.490044 
10 2.395 0.93761 0.883243 0.792274 0.172443 -198.175 0.48743 
10 2.4 0.936258 0.881023 0.788862 0.185168 -197.87 0.495231 
10 2.4 0.938798 0.885185 0.795119 0.160158 -198.44 0.473605 
10 2.4 0.936984 0.882418 0.79125 0.186624 -198.034 0.496806 
10 2.405 0.936938 0.881967 0.790032 0.171051 -197.904 0.491197 
10 2.405 0.936292 0.881302 0.789666 0.193717 -197.876 0.50316 
10 2.405 0.935664 0.880109 0.787626 0.193001 -197.753 0.498239 
10 2.41 0.934786 0.878271 0.784433 0.184487 -197.468 0.509135 
10 2.41 0.936014 0.88046 0.787606 0.179973 -197.549 0.494547 
10 2.41 0.935794 0.880327 0.788002 0.191576 -197.65 0.51145 
10 2.415 0.934078 0.877134 0.782643 0.191808 -197.197 0.509848 
10 2.415 0.935308 0.879445 0.786414 0.192281 -197.494 0.506004 
10 2.415 0.934392 0.877677 0.783427 0.189999 -197.257 0.512667 
10 2.42 0.932826 0.874821 0.778634 0.192444 -196.832 0.504592 
10 2.42 0.932696 0.874841 0.779134 0.203257 -196.817 0.520876 
10 2.42 0.932908 0.875479 0.780668 0.21329 -197.006 0.52942 
10 2.425 0.933696 0.876347 0.781049 0.188006 -196.932 0.505286 
10 2.425 0.931482 0.872989 0.776705 0.219819 -196.604 0.534772 
10 2.425 0.932458 0.874245 0.777791 0.196577 -196.633 0.524848 
10 2.43 0.930654 0.871529 0.774201 0.222728 -196.346 0.525326 
10 2.43 0.93026 0.870788 0.772927 0.22242 -196.15 0.532939 
10 2.43 0.931768 0.8733 0.776475 0.210212 -196.57 0.511212 
10 2.435 0.929322 0.868822 0.769324 0.21285 -195.792 0.544601 
10 2.435 0.929908 0.870233 0.772055 0.226053 -196.064 0.543245 
10 2.435 0.929718 0.869728 0.771078 0.219808 -196.034 0.529157 
10 2.44 0.929294 0.868682 0.768848 0.208786 -195.797 0.535283 
10 2.44 0.928834 0.868122 0.768335 0.220862 -195.698 0.542916 
10 2.44 0.929458 0.869045 0.769867 0.211165 -195.829 0.54417 
10 2.445 0.928254 0.867359 0.767436 0.233259 -195.534 0.55436 
10 2.445 0.925594 0.86295 0.76099 0.25464 -195.025 0.573829 
10 2.445 0.926716 0.86465 0.76329 0.239153 -195.183 0.553593 
10 2.45 0.927382 0.865587 0.764428 0.226535 -195.336 0.538961 
10 2.45 0.925406 0.862737 0.760693 0.259632 -195.052 0.559694 
10 2.45 0.92622 0.86373 0.761859 0.238617 -195.056 0.563402 
10 2.455 0.925716 0.863059 0.761068 0.24882 -194.958 0.563576 
10 2.455 0.925432 0.862151 0.758842 0.233268 -194.681 0.562822 
10 2.455 0.924552 0.860953 0.757184 0.250773 -194.552 0.559488 
10 2.46 0.924634 0.861051 0.757596 0.248088 -194.621 0.566902 
10 2.46 0.922608 0.858186 0.753856 0.28375 -194.334 0.576374 
10 2.46 0.923926 0.859979 0.756174 0.25772 -194.455 0.573493 
10 2.465 0.922002 0.856299 0.749839 0.25198 -193.873 0.570845 
10 2.465 0.922552 0.857388 0.751639 0.255022 -194.016 0.563033 
10 2.465 0.923162 0.858915 0.755054 0.271268 -194.383 0.589853 
10 2.47 0.921426 0.855489 0.749076 0.261684 -193.83 0.578516 
10 2.47 0.92125 0.855657 0.749436 0.281613 -193.752 0.580653 
10 2.47 0.923294 0.859046 0.754828 0.266147 -194.335 0.570776 
10 2.475 0.920768 0.854569 0.747745 0.272933 -193.689 0.581842 
10 2.475 0.9202 0.853659 0.746304 0.278424 -193.545 0.574911 
10 2.475 0.92342 0.858732 0.753741 0.243532 -194.263 0.556709 
10 2.48 0.92012 0.853348 0.745807 0.271264 -193.504 0.580291 
10 2.48 0.920228 0.853219 0.744554 0.258046 -193.177 0.571892 
10 2.48 0.9193 0.851953 0.743468 0.275822 -193.208 0.594318 
10 2.485 0.917102 0.84805 0.736984 0.280655 -192.614 0.580637 
10 2.485 0.919666 0.852941 0.745602 0.287958 -193.386 0.59005 
10 2.485 0.918238 0.849889 0.74013 0.270737 -192.86 0.604598 
10 2.49 0.917996 0.849936 0.740626 0.289927 -193.029 0.589779 
10 2.49 0.916618 0.847902 0.737893 0.309791 -192.729 0.597037 
10 2.49 0.916064 0.846648 0.736044 0.300191 -192.401 0.627322 
10 2.495 0.916488 0.8472 0.736541 0.29059 -192.558 0.600543 
10 2.495 0.914534 0.843969 0.731785 0.304468 -192.002 0.625376 
10 2.495 0.915978 0.846557 0.735472 0.302257 -192.474 0.593838 
10 2.5 0.91417 0.84381 0.731693 0.32412 -192.124 0.606103 
10 2.5 0.915054 0.844821 0.73289 0.299874 -192.191 0.609372 
10 2.5 0.914052 0.843257 0.730467 0.310639 -191.848 0.613745 
10 2.505 0.912562 0.841487 0.728384 0.348021 -191.589 0.639055 
10 2.505 0.910516 0.837597 0.722147 0.341613 -191.084 0.62898 
10 2.505 0.913088 0.841884 0.728831 0.325524 -191.627 0.634199 
10 2.51 0.911824 0.839855 0.725633 0.335918 -191.501 0.605889 
10 2.51 0.911688 0.839552 0.724857 0.333748 -191.236 0.627466 
10 2.51 0.911684 0.839183 0.72437 0.319342 -191.185 0.635618 
10 2.515 0.908598 0.834619 0.718239 0.360568 -190.697 0.651088 
10 2.515 0.910652 0.837693 0.722036 0.334215 -191.048 0.624389 
10 2.515 0.910794 0.837741 0.722086 0.325841 -190.965 0.63708 
10 2.52 0.907772 0.832619 0.714442 0.340041 -190.296 0.637125 
10 2.52 0.907458 0.832495 0.714663 0.357721 -190.415 0.643513 
10 2.52 0.909872 0.836134 0.719439 0.328063 -190.704 0.626678 
10 2.525 0.906478 0.83056 0.711385 0.350815 -189.957 0.659651 
10 2.525 0.909792 0.836152 0.719747 0.333895 -190.781 0.627703 
10 2.525 0.908082 0.833451 0.716149 0.350036 -190.415 0.646298 
10 2.53 0.905006 0.828643 0.709045 0.379716 -189.768 0.646653 
10 2.53 0.906792 0.831194 0.712662 0.352671 -190.1 0.641007 
10 2.53 0.90603 0.829836 0.710563 0.353578 -189.981 0.653272 
10 2.535 0.90493 0.828082 0.707624 0.36229 -189.73 0.624677 
10 2.535 0.90372 0.826442 0.705806 0.383931 -189.446 0.662737 
10 2.535 0.903276 0.825332 0.704055 0.371764 -189.26 0.674591 
10 2.54 0.900092 0.820662 0.697758 0.41326 -188.628 0.692212 
10 2.54 0.901658 0.823024 0.701004 0.395153 -188.96 0.680461 
10 2.54 0.905028 0.828312 0.70812 0.363622 -189.628 0.645236 
10 2.545 0.9005 0.821166 0.698106 0.403369 -188.694 0.669507 
10 2.545 0.89875 0.818682 0.69517 0.429498 -188.322 0.699659 
10 2.545 0.901556 0.822957 0.700935 0.398959 -188.946 0.672198 
10 2.55 0.896726 0.815611 0.690913 0.450728 -187.874 0.707729 
10 2.55 0.898388 0.818012 0.693686 0.427886 -188.208 0.691201 
10 2.55 0.897918 0.81696 0.692031 0.41975 -188.097 0.684734 
10 2.555 0.898026 0.816981 0.691812 0.412145 -187.904 0.693083 
10 2.555 0.897586 0.816613 0.692224 0.428674 -187.94 0.701921 
10 2.555 0.897636 0.816317 0.691041 0.41358 -187.943 0.68324 
10 2.56 0.894254 0.811249 0.684233 0.451518 -187.372 0.700786 
10 2.56 0.897968 0.817018 0.691969 0.416857 -187.891 0.685603 
10 2.56 0.89669 0.815093 0.689587 0.431242 -187.8 0.696625 
10 2.565 0.895916 0.813375 0.686391 0.417527 -187.593 0.669079 
10 2.565 0.89582 0.813102 0.685798 0.413607 -187.341 0.686711 
10 2.565 0.894632 0.812311 0.686007 0.465677 -187.41 0.702701 
10 2.57 0.893084 0.808933 0.680169 0.441015 -186.698 0.711444 
10 2.57 0.889906 0.804671 0.674985 0.495663 -186.294 0.718772 
10 2.57 0.896142 0.813774 0.687113 0.416475 -187.364 0.703138 
10 2.575 0.889492 0.803434 0.672651 0.475261 -185.938 0.725577 
10 2.575 0.889672 0.803901 0.67368 0.480947 -186.029 0.735966 
10 2.575 0.89031 0.804718 0.674773 0.468597 -186.347 0.72316 
10 2.58 0.889694 0.804135 0.674471 0.487593 -186.211 0.745267 
10 2.58 0.890528 0.804729 0.674242 0.45305 -186.178 0.728434 
10 2.58 0.889364 0.803143 0.672239 0.471891 -186.105 0.707479 
10 2.585 0.88654 0.798929 0.666657 0.501968 -185.417 0.737168 
10 2.585 0.887684 0.800652 0.66927 0.490098 -185.695 0.739183 
10 2.585 0.888184 0.801046 0.66913 0.47099 -185.614 0.726875 
10 2.59 0.885464 0.796861 0.66301 0.494776 -185.016 0.721219 
10 2.59 0.88614 0.797654 0.663962 0.479147 -185.161 0.72265 
10 2.59 0.886406 0.798662 0.666468 0.499844 -185.357 0.752748 
10 2.595 0.885984 0.797857 0.664706 0.496698 -185.135 0.735212 
10 2.595 0.883492 0.793367 0.658166 0.493591 -184.665 0.743788 
10 2.595 0.883264 0.793477 0.658542 0.513362 -184.602 0.741852 
10 2.6 0.881104 0.790804 0.655988 0.556129 -184.284 0.779397 
10 2.6 0.881132 0.790197 0.654264 0.530883 -184.263 0.746843 
10 2.6 0.88157 0.791602 0.656918 0.555258 -184.396 0.75994 
10 2.605 0.879846 0.78803 0.651022 0.53363 -183.975 0.751309 
10 2.605 0.879186 0.787351 0.650491 0.552111 -183.739 0.769971 
10 2.605 0.878708 0.786823 0.650043 0.564128 -183.734 0.770475 
10 2.61 0.878172 0.785882 0.648692 0.563054 -183.616 0.78118 
10 2.61 0.877084 0.785089 0.648889 0.605832 -183.519 0.797578 
10 2.61 0.879806 0.787939 0.650669 0.531807 -183.795 0.754169 
10 2.615 0.87508 0.781303 0.642661 0.594189 -182.942 0.799493 
10 2.615 0.874468 0.780263 0.641423 0.595364 -182.863 0.796691 
10 2.615 0.875194 0.781353 0.642369 0.588481 -182.862 0.788378 
10 2.62 0.86965 0.772136 0.629527 0.604768 -181.552 0.816305 
10 2.62 0.874728 0.780755 0.642199 0.595638 -182.822 0.788911 
10 2.62 0.874474 0.779292 0.638396 0.556772 -182.579 0.774266 
10 2.625 0.869762 0.773635 0.63293 0.653313 -181.756 0.828179 
10 2.625 0.869922 0.773607 0.632439 0.64163 -181.943 0.813556 
10 2.625 0.873908 0.778545 0.637654 0.564947 -182.612 0.753103 
10 2.63 0.870076 0.773702 0.632352 0.633822 -181.747 0.818871 
10 2.63 0.872674 0.776069 0.63388 0.55167 -181.999 0.778798 
10 2.63 0.869088 0.77201 0.629953 0.634819 -181.607 0.810813 
10 2.635 0.866866 0.768436 0.625 0.644391 -181.238 0.800323 
10 2.635 0.871706 0.77559 0.634453 0.596532 -181.982 0.793128 
10 2.635 0.867906 0.77023 0.628055 0.643996 -181.42 0.820323 
10 2.64 0.864966 0.765328 0.620775 0.650058 -180.62 0.828004 
10 2.64 0.86584 0.76716 0.624164 0.662154 -180.991 0.844845 
10 2.64 0.865222 0.765869 0.621967 0.653781 -180.741 0.832414 
10 2.645 0.863076 0.762081 0.615872 0.649557 -180.06 0.837773 
10 2.645 0.864672 0.765097 0.620286 0.659315 -180.715 0.799827 
10 2.645 0.865492 0.766308 0.622228 0.651472 -180.78 0.82425 
10 2.65 0.865138 0.765253 0.620143 0.633547 -180.556 0.811076 
10 2.65 0.859738 0.758193 0.61229 0.71861 -179.746 0.859664 
10 2.65 0.86326 0.762999 0.617923 0.670998 -180.41 0.827581 
10 2.655 0.85846 0.755843 0.608783 0.711468 -179.583 0.831581 
10 2.655 0.859872 0.758071 0.611811 0.703984 -179.758 0.844272 
10 2.655 0.858088 0.754983 0.607095 0.703133 -179.261 0.855941 
10 2.66 0.855922 0.752071 0.603874 0.731915 -178.918 0.852995 
10 2.66 0.85556 0.751572 0.603834 0.736441 -178.767 0.882026 
10 2.66 0.854228 0.749262 0.599581 0.735223 -178.422 0.869849 
10 2.665 0.857464 0.755093 0.608475 0.744791 -179.236 0.858062 
10 2.665 0.855448 0.751477 0.603387 0.73866 -178.766 0.867849 
10 2.665 0.85731 0.753024 0.603144 0.67704 -178.834 0.818749 
10 2.67 0.853616 0.748549 0.599189 0.74488 -178.398 0.855295 
10 2.67 0.85153 0.744954 0.594049 0.743484 -177.807 0.881718 
10 2.67 0.85105 0.744937 0.594916 0.773457 -177.838 0.893182 
10 2.675 0.850904 0.744756 0.594153 0.774522 -177.832 0.86542 
10 2.675 0.849836 0.742695 0.590929 0.765358 -177.645 0.866426 
10 2.675 0.852142 0.745897 0.595166 0.73835 -178.072 0.845805 
10 2.68 0.846064 0.736677 0.583277 0.778103 -176.698 0.89706 
10 2.68 0.84501 0.735972 0.583106 0.818289 -176.727 0.90758 
10 2.68 0.845146 0.736684 0.584888 0.836288 -176.95 0.894775 
10 2.685 0.845084 0.735691 0.582216 0.801624 -176.574 0.888295 
10 2.685 0.844454 0.735281 0.582171 0.826031 -176.662 0.883693 
10 2.685 0.842484 0.732044 0.577947 0.829232 -176.202 0.902348 
10 2.69 0.84041 0.728817 0.573764 0.837485 -175.589 0.919141 
10 2.69 0.842356 0.732842 0.580667 0.865367 -176.5 0.923403 
10 2.69 0.843012 0.733093 0.579608 0.83359 -176.354 0.893299 
10 2.695 0.839638 0.72829 0.573571 0.864475 -175.473 0.930334 
10 2.695 0.83907 0.727913 0.57351 0.885868 -175.652 0.907204 
10 2.695 0.838074 0.72618 0.571172 0.883574 -175.434 0.924449 
10 2.7 0.831812 0.717187 0.559888 0.936139 -174.395 0.923098 
10 2.7 0.830366 0.715724 0.558703 0.970958 -174.01 0.965548 
10 2.7 0.836524 0.722911 0.565899 0.856998 -174.963 0.907309 
10 2.705 0.83488 0.72139 0.565082 0.900736 -174.844 0.931037 
10 2.705 0.829908 0.714018 0.555162 0.934213 -173.702 0.94868 
10 2.705 0.831508 0.716932 0.560474 0.943691 -174.131 0.970418 
10 2.71 0.830174 0.713842 0.554463 0.909702 -173.538 0.944225 
10 2.71 0.830244 0.714418 0.556034 0.926675 -173.864 0.942486 
10 2.71 0.832972 0.71813 0.560352 0.89622 -174.339 0.930005 
10 2.715 0.823454 0.705119 0.545145 0.996032 -172.476 0.976051 
10 2.715 0.830974 0.715292 0.556158 0.91251 -173.871 0.918736 
10 2.715 0.824526 0.705959 0.54588 0.961922 -172.684 0.964623 
10 2.72 0.82189 0.703174 0.543474 1.0173 -172.303 0.986437 
10 2.72 0.824652 0.706921 0.546786 0.987884 -172.941 0.938088 
10 2.72 0.826038 0.709249 0.550511 0.989343 -173.058 0.974447 
10 2.725 0.823178 0.703887 0.543223 0.963835 -172.554 0.965565 
10 2.725 0.820166 0.701311 0.541676 1.05097 -172.108 1.0026 
10 2.725 0.82347 0.704566 0.543204 0.971109 -172.46 0.937144 
10 2.73 0.817138 0.697044 0.536227 1.07435 -171.723 0.993782 
10 2.73 0.822506 0.703871 0.54395 1.00202 -172.328 0.988717 
10 2.73 0.822322 0.703543 0.542954 1.00107 -172.276 0.951467 
10 2.735 0.814708 0.693041 0.530651 1.07102 -171.044 1.00568 
10 2.735 0.816932 0.695969 0.53433 1.04539 -171.406 0.976759 
10 2.735 0.818178 0.696986 0.534644 1.00806 -171.462 0.973019 
10 2.74 0.814102 0.691685 0.528293 1.0556 -170.755 0.958204 
10 2.74 0.813356 0.691124 0.528361 1.0794 -171.035 0.964081 
10 2.74 0.81381 0.691733 0.529048 1.0747 -170.973 0.988846 
10 2.745 0.808954 0.684189 0.519074 1.08498 -169.934 0.983633 
10 2.745 0.80677 0.681562 0.516772 1.1178 -169.406 1.01325 
10 2.745 0.815468 0.692841 0.529145 1.01468 -170.791 0.976851 
10 2.75 0.807464 0.681946 0.516444 1.08902 -169.392 0.998656 
10 2.75 0.805482 0.679653 0.51412 1.12188 -169.408 0.990358 
10 2.75 0.802718 0.675945 0.509475 1.14867 -168.728 1.0094 
10 2.755 0.80421 0.677808 0.511598 1.1272 -168.808 1.01169 
10 2.755 0.802876 0.675466 0.508896 1.12002 -168.708 1.00313 
10 2.755 0.801492 0.675073 0.510155 1.18632 -168.7 1.02506 
10 2.76 0.800522 0.673531 0.508463 1.18461 -168.524 1.0563 
10 2.76 0.800722 0.673388 0.507184 1.16782 -168.328 1.02209 
10 2.76 0.795174 0.66617 0.499834 1.22711 -167.418 1.07409 
10 2.765 0.79536 0.66606 0.498986 1.21022 -167.514 1.03349 
10 2.765 0.79939 0.670727 0.503295 1.14656 -167.911 1.02941 
10 2.765 0.799294 0.670763 0.503154 1.15343 -168.049 0.995698 
10 2.77 0.793208 0.662702 0.494666 1.21024 -167.039 1.02767 
10 2.77 0.786602 0.653678 0.48407 1.26121 -165.928 1.06399 
10 2.77 0.795524 0.665262 0.497044 1.1698 -167.223 1.03771 
10 2.775 0.788068 0.655791 0.486553 1.25189 -166.372 1.0254 
10 2.775 0.79374 0.663321 0.494988 1.19994 -167.03 1.03047 
10 2.775 0.79046 0.658961 0.490298 1.23006 -166.53 1.03128 
10 2.78 0.792986 0.662172 0.493147 1.19948 -166.681 1.01995 
10 2.78 0.790506 0.658724 0.489798 1.21669 -166.526 1.01467 
10 2.78 0.787494 0.656078 0.48826 1.29249 -166.24 1.06883 
10 2.785 0.783714 0.650669 0.4822 1.3092 -165.635 1.06936 
10 2.785 0.787492 0.654366 0.48409 1.22879 -165.896 1.02726 
10 2.785 0.77999 0.645585 0.475817 1.33573 -164.874 1.0738 
10 2.79 0.785658 0.652859 0.482949 1.276 -165.83 1.02599 
10 2.79 0.78662 0.652709 0.481768 1.21641 -165.699 1.00944 
10 2.79 0.782312 0.648398 0.478413 1.30416 -165.34 1.04102 
10 2.795 0.779682 0.645128 0.47495 1.3318 -164.588 1.07032 
10 2.795 0.783186 0.649308 0.478899 1.28541 -165.085 1.06705 
10 2.795 0.780904 0.645733 0.474743 1.28521 -164.723 1.06527 
10 2.8 0.77281 0.634858 0.462865 1.34366 -163.435 1.06653 
10 2.8 0.77166 0.633999 0.462497 1.37644 -163.293 1.09044 
10 2.8 0.771982 0.635236 0.464753 1.40287 -163.547 1.08269 
10 2.805 0.767928 0.629366 0.457054 1.41363 -162.588 1.09741 
10 2.805 0.765438 0.625989 0.453948 1.42936 -162.411 1.10621 
10 2.805 0.771894 0.634601 0.463258 1.38254 -163.516 1.05822 
10 2.81 0.769386 0.631013 0.458592 1.38996 -162.855 1.05504 
10 2.81 0.77169 0.633188 0.459727 1.34101 -162.846 1.06126 
10 2.81 0.772256 0.635774 0.464717 1.40196 -163.553 1.0706 
10 2.815 0.767064 0.627618 0.454689 1.39364 -162.52 1.08521 
10 2.815 0.762358 0.621232 0.447954 1.42247 -161.805 1.0896 
10 2.815 0.762094 0.621479 0.448473 1.44553 -161.989 1.05836 
10 2.82 0.766034 0.626296 0.453477 1.40027 -162.329 1.07583 
10 2.82 0.760232 0.618885 0.445805 1.45149 -161.623 1.07474 
10 2.82 0.764284 0.623577 0.449394 1.39884 -161.996 1.06095 
10 2.825 0.751192 0.608165 0.435686 1.55312 -160.159 1.13632 
10 2.825 0.758136 0.616558 0.443272 1.47922 -161.105 1.09536 
10 2.825 0.757956 0.61615 0.442715 1.47443 -160.764 1.11398 
10 2.83 0.753478 0.609047 0.43368 1.46001 -159.996 1.07826 
10 2.83 0.753134 0.608841 0.433391 1.47104 -160.256 1.07253 
10 2.83 0.759316 0.616064 0.44089 1.39588 -160.995 1.05709 
10 2.835 0.751326 0.606958 0.43233 1.49795 -159.718 1.09841 
10 2.835 0.747954 0.603241 0.428863 1.54519 -159.277 1.11942 
10 2.835 0.745886 0.600654 0.425953 1.5629 -159.212 1.08507 
10 2.84 0.738098 0.590206 0.415362 1.59921 -157.957 1.13986 
10 2.84 0.74554 0.598504 0.422251 1.5026 -158.85 1.08703 
10 2.84 0.743306 0.598125 0.424629 1.60637 -158.938 1.13066 
10 2.845 0.742972 0.595944 0.421019 1.54436 -158.419 1.13189 
10 2.845 0.746564 0.601137 0.426629 1.53883 -159.156 1.11103 
10 2.845 0.740342 0.593518 0.418841 1.5962 -158.213 1.13354 
10 2.85 0.740794 0.592447 0.41545 1.53232 -157.942 1.07882 
10 2.85 0.735248 0.586709 0.410848 1.61824 -157.288 1.12811 
10 2.85 0.735602 0.587294 0.411391 1.62049 -157.479 1.11027 
10 2.855 0.730594 0.581226 0.406028 1.6623 -156.578 1.1655 
10 2.855 0.735512 0.587311 0.411874 1.62287 -157.542 1.13493 
10 2.855 0.735476 0.586826 0.411269 1.60773 -157.545 1.1085 
10 2.86 0.726572 0.576631 0.401169 1.70363 -155.746 1.15603 
10 2.86 0.72709 0.576771 0.400987 1.68221 -155.781 1.16322 
10 2.86 0.735744 0.586356 0.409146 1.57472 -156.818 1.10865 
10 2.865 0.72736 0.57618 0.399546 1.64494 -156.002 1.11262 
10 2.865 0.720898 0.568812 0.392354 1.71441 -155.222 1.12372 
10 2.865 0.724994 0.573801 0.397632 1.68183 -155.401 1.15078 
10 2.87 0.722502 0.57031 0.393432 1.68294 -155.144 1.1137 
10 2.87 0.722622 0.570413 0.393379 1.68051 -155.13 1.13701 
10 2.87 0.721342 0.569763 0.393711 1.72225 -155.26 1.14066 
10 2.875 0.719924 0.566092 0.388314 1.66264 -154.362 1.12839 
10 2.875 0.723398 0.570446 0.392973 1.63971 -155.176 1.10328 
10 2.875 0.71427 0.561395 0.385857 1.78133 -154.3 1.14571 
10 2.88 0.70846 0.55337 0.376993 1.7866 -152.834 1.16534 
10 2.88 0.712524 0.557907 0.381233 1.74363 -153.567 1.16121 
10 2.88 0.708792 0.553279 0.376302 1.76713 -152.859 1.15384 
10 2.885 0.71114 0.55529 0.377523 1.71818 -153.288 1.12327 
10 2.885 0.711354 0.555955 0.378134 1.7307 -153.327 1.11892 
10 2.885 0.715262 0.560418 0.382471 1.69214 -153.806 1.11845 
10 2.89 0.704068 0.548165 0.371607 1.81498 -152.449 1.15485 
10 2.89 0.708678 0.552946 0.37573 1.75507 -153.023 1.14727 
10 2.89 0.705856 0.550792 0.374113 1.81864 -152.681 1.14369 
10 2.895 0.70563 0.550059 0.37344 1.80124 -152.699 1.13576 
10 2.895 0.702412 0.546 0.369659 1.81752 -152.001 1.15341 
10 2.895 0.695514 0.537123 0.359803 1.84397 -150.936 1.14595 
10 2.9 0.693488 0.534768 0.358453 1.85665 -150.486 1.20105 
10 2.9 0.705168 0.548444 0.370742 1.7649 -152.474 1.11713 
10 2.9 0.697094 0.538177 0.359741 1.80126 -151.023 1.13329 
10 2.905 0.691712 0.53177 0.354681 1.83492 -150.334 1.14306 
10 2.905 0.691522 0.531864 0.354018 1.84719 -150.404 1.11558 
10 2.905 0.695142 0.53509 0.357044 1.78547 -150.559 1.12845 
10 2.91 0.69032 0.52983 0.351883 1.83121 -150.115 1.10514 
10 2.91 0.689272 0.531032 0.355575 1.92219 -150.32 1.1668 
10 2.91 0.690892 0.53244 0.356194 1.89374 -150.297 1.17269 
10 2.915 0.684714 0.522975 0.345203 1.85736 -149.313 1.13379 
10 2.915 0.690396 0.529186 0.351126 1.80239 -150.265 1.11947 
10 2.915 0.689852 0.529456 0.35191 1.83741 -150.124 1.13812 
10 2.92 0.685402 0.523023 0.344366 1.82354 -148.688 1.15459 
10 2.92 0.68334 0.520857 0.342127 1.84601 -149.137 1.10576 
10 2.92 0.68323 0.521196 0.342719 1.86277 -148.988 1.13058 
10 2.925 0.675634 0.51449 0.339814 1.98321 -148.223 1.19992 
10 2.925 0.677172 0.514427 0.33699 1.90993 -148.236 1.13985 
10 2.925 0.675142 0.511657 0.33414 1.90906 -147.989 1.12072 
10 2.93 0.670606 0.507039 0.331019 1.95653 -147.323 1.14556 
10 2.93 0.679498 0.517523 0.340644 1.90463 -148.421 1.14178 
10 2.93 0.677586 0.514803 0.336836 1.90033 -147.94 1.11537 
10 2.935 0.666096 0.501384 0.32514 1.96593 -146.523 1.15719 
10 2.935 0.664898 0.500347 0.32479 1.98493 -146.337 1.17206 
10 2.935 0.669904 0.505659 0.328993 1.93825 -146.983 1.13792 
10 2.94 0.667482 0.502673 0.325523 1.94356 -146.25 1.14721 
10 2.94 0.666532 0.501182 0.324385 1.93595 -146.6 1.1262 
10 2.94 0.666816 0.502033 0.324727 1.95201 -146.328 1.13133 
10 2.945 0.667312 0.502224 0.324654 1.93271 -146.396 1.12116 
10 2.945 0.665766 0.500029 0.322799 1.92818 -146.177 1.14401 
10 2.945 0.662618 0.496452 0.319341 1.9487 -145.572 1.13779 
10 2.95 0.657002 0.490113 0.313604 1.98173 -144.924 1.12506 
10 2.95 0.659182 0.492122 0.315077 1.95257 -145.244 1.10937 
10 2.95 0.66386 0.49805 0.320822 1.94371 -145.776 1.13893 
10 2.955 0.653518 0.485205 0.308594 1.96679 -144.107 1.17196 
10 2.955 0.650946 0.483486 0.308598 2.02218 -143.984 1.18225 
10 2.955 0.651856 0.484952 0.31004 2.03168 -144.417 1.14157 
10 2.96 0.651744 0.483665 0.30786 1.98969 -143.913 1.16119 
10 2.96 0.652088 0.484781 0.309345 2.01224 -144.127 1.16603 
10 2.96 0.64935 0.482169 0.307601 2.04437 -144.421 1.13608 
10 2.965 0.646352 0.476201 0.299739 1.97068 -142.975 1.12363 
10 2.965 0.643238 0.473284 0.297152 2.00772 -142.797 1.12609 
10 2.965 0.643212 0.473832 0.298074 2.02735 -142.793 1.14301 
10 2.97 0.638834 0.468948 0.293997 2.04845 -142.498 1.1249 
10 2.97 0.64519 0.474146 0.296178 1.94868 -142.822 1.07904 
10 2.97 0.636784 0.465706 0.290477 2.02736 -141.701 1.14697 
10 2.975 0.63673 0.466039 0.290592 2.03746 -141.639 1.14246 
10 2.975 0.635608 0.465393 0.290606 2.06371 -141.655 1.13406 
10 2.975 0.639218 0.46842 0.293092 2.01077 -142.422 1.11845 
10 2.98 0.635322 0.465191 0.290217 2.06565 -142.161 1.09253 
10 2.98 0.633056 0.463503 0.290008 2.10546 -141.372 1.14467 
10 2.98 0.63173 0.460486 0.285989 2.0605 -141.054 1.1349 
10 2.985 0.630814 0.458824 0.283951 2.04011 -140.826 1.13244 
10 2.985 0.626464 0.45452 0.280441 2.07915 -140.464 1.12242 
10 2.985 0.630638 0.458293 0.283399 2.02978 -140.691 1.1036 
10 2.99 0.625914 0.453514 0.279653 2.06508 -140.373 1.13383 
10 2.99 0.627198 0.455198 0.28083 2.06759 -140.693 1.09445 
10 2.99 0.625184 0.453895 0.281133 2.10836 -140.378 1.14057 
10 2.995 0.629106 0.456399 0.28104 2.02421 -140.504 1.08254 
10 2.995 0.630208 0.457443 0.281892 2.0127 -140.811 1.0761 
10 2.995 0.613606 0.44098 0.269378 2.15251 -138.813 1.13308 
10 3 0.616922 0.442913 0.269589 2.07735 -138.843 1.11809 
10 3 0.611876 0.437857 0.265752 2.11549 -138.432 1.11034 
10 3 0.614612 0.440262 0.266972 2.08381 -138.471 1.10078 
10 3.005 0.61309 0.438067 0.264911 2.06949 -138.22 1.1078 
10 3.005 0.609384 0.433419 0.260259 2.06556 -137.7 1.08872 
10 3.005 0.615928 0.441908 0.268217 2.08121 -138.631 1.10394 
10 3.01 0.602984 0.426602 0.254015 2.09343 -136.64 1.09355 
10 3.01 0.605756 0.430345 0.258035 2.10646 -137.342 1.10176 
10 3.01 0.611186 0.435974 0.262597 2.07394 -137.949 1.08538 
10 3.015 0.606458 0.430379 0.257647 2.07588 -136.975 1.10387 
10 3.015 0.594074 0.416768 0.246502 2.11755 -136.037 1.09178 
10 3.015 0.600922 0.425602 0.254525 2.13913 -136.912 1.07306 
10 3.02 0.59958 0.425407 0.25562 2.18247 -136.661 1.1173 
10 3.02 0.596008 0.420046 0.249723 2.14637 -136.031 1.09182 
10 3.02 0.601378 0.424827 0.252269 2.09177 -136.489 1.08308 
10 3.025 0.594506 0.41752 0.246509 2.11843 -135.78 1.0607 
10 3.025 0.600656 0.423399 0.251308 2.06979 -135.904 1.10248 
10 3.025 0.596252 0.419403 0.248305 2.11194 -135.758 1.10002 
10 3.03 0.58687 0.408855 0.238875 2.12667 -134.468 1.07669 
10 3.03 0.590046 0.413003 0.242692 2.14023 -135.241 1.06419 
10 3.03 0.59075 0.413517 0.244084 2.12976 -134.978 1.10593 
10 3.035 0.590756 0.413061 0.241809 2.111 -134.966 1.06282 
10 3.035 0.587772 0.409678 0.239016 2.11539 -134.253 1.06921 
10 3.035 0.589336 0.411281 0.240592 2.10756 -134.936 1.06072 
10 3.04 0.57754 0.398241 0.229361 2.12791 -132.73 1.06898 
10 3.04 0.579738 0.401285 0.2326 2.14438 -133.48 1.06764 
10 3.04 0.583326 0.405484 0.236666 2.14521 -134.1 1.06549 
10 3.045 0.579694 0.400811 0.232031 2.12696 -133.285 1.06298 
10 3.045 0.579952 0.401816 0.233113 2.15012 -133.443 1.0728 
10 3.045 0.579848 0.401633 0.232993 2.1481 -133.556 1.06999 
10 3.05 0.57276 0.394867 0.22826 2.1906 -132.664 1.06219 
10 3.05 0.578672 0.400324 0.232397 2.14631 -133.27 1.07882 
10 3.05 0.57972 0.401105 0.232748 2.13211 -133.427 1.0619 
10 3.055 0.573344 0.392265 0.223371 2.07992 -132.498 1.022 
10 3.055 0.570084 0.390311 0.223171 2.13797 -131.861 1.04411 
10 3.055 0.569754 0.391128 0.224734 2.17705 -132.572 1.0462 
10 3.06 0.567432 0.388039 0.221414 2.15881 -131.67 1.0593 
10 3.06 0.56598 0.385517 0.218508 2.13017 -131.225 1.03027 
10 3.06 0.567552 0.387397 0.220446 2.1334 -131.638 1.05 
10 3.065 0.567756 0.387226 0.219836 2.11677 -131.486 1.03033 
10 3.065 0.568662 0.387857 0.220334 2.10376 -131.804 1.03548 
10 3.065 0.558634 0.378927 0.215151 2.18123 -130.565 1.06252 
10 3.07 0.557398 0.377237 0.212726 2.16758 -130.37 1.02643 
10 3.07 0.560432 0.38023 0.214943 2.1546 -130.7 1.03782 
10 3.07 0.561176 0.381275 0.215605 2.16144 -130.722 1.0131 
10 3.075 0.556534 0.375706 0.211323 2.14555 -129.984 1.05122 
10 3.075 0.556888 0.375701 0.210962 2.13256 -130.067 1.03867 
10 3.075 0.554544 0.373704 0.209563 2.15236 -129.906 1.03523 
10 3.08 0.554382 0.372114 0.205935 2.10308 -129.152 1.00497 
10 3.08 0.549472 0.36693 0.202701 2.11074 -129.011 1.02826 
10 3.08 0.55037 0.368234 0.204027 2.12101 -129.135 1.02029 
10 3.085 0.545664 0.364081 0.20149 2.15014 -128.365 1.02065 
10 3.085 0.54487 0.36339 0.200819 2.1558 -128.469 1.01441 
10 3.085 0.549424 0.367848 0.203661 2.13877 -128.659 1.02241 
10 3.09 0.545394 0.362854 0.199505 2.11649 -128.516 1.00712 
10 3.09 0.54191 0.358738 0.195309 2.10588 -127.81 0.992794 
10 3.09 0.543504 0.360733 0.197348 2.11444 -128.581 0.97802 
10 3.095 0.536054 0.352554 0.190816 2.10662 -127.024 0.978788 
10 3.095 0.53917 0.357611 0.196487 2.16176 -127.721 1.01889 
10 3.095 0.54503 0.363192 0.200026 2.1368 -128.416 0.988651 
10 3.1 0.535476 0.351903 0.189804 2.10221 -126.674 0.986238 
10 3.1 0.53471 0.352965 0.192567 2.16289 -126.702 1.02391 
10 3.1 0.535478 0.353444 0.192805 2.15185 -127.131 0.999822 
10 3.105 0.530622 0.347683 0.187232 2.12959 -126.119 0.973457 
10 3.105 0.526614 0.343038 0.183829 2.11643 -125.964 0.999257 
10 3.105 0.531322 0.349093 0.189528 2.15106 -126.216 0.992275 
10 3.11 0.52521 0.342472 0.183498 2.14232 -125.71 0.971154 
10 3.11 0.528244 0.344937 0.184923 2.11881 -125.93 0.972263 
10 3.11 0.526268 0.34306 0.184378 2.12547 -125.649 0.977734 
10 3.115 0.52352 0.339949 0.180627 2.11479 -125.067 0.948941 
10 3.115 0.527028 0.344168 0.185011 2.13192 -125.673 0.98214 
10 3.115 0.521392 0.338088 0.179829 2.12642 -125.054 0.960982 
10 3.12 0.517576 0.334125 0.177183 2.12309 -124.649 0.968363 
10 3.12 0.524578 0.340615 0.18123 2.09722 -124.952 0.975097 
10 3.12 0.526096 0.343666 0.184809 2.14388 -125.473 0.976598 
10 3.125 0.516474 0.332149 0.174671 2.09293 -123.977 0.96797 
10 3.125 0.520776 0.33676 0.178038 2.09768 -124.402 0.954188 
10 3.125 0.514084 0.330282 0.173529 2.112 -124.287 0.953909 
10 3.13 0.510708 0.326683 0.170875 2.10415 -123.326 0.953269 
10 3.13 0.514498 0.33168 0.175251 2.13968 -123.876 0.958375 
10 3.13 0.510702 0.326639 0.170416 2.10297 -123.621 0.930325 
10 3.135 0.506104 0.322918 0.169184 2.13005 -123.167 0.962848 
10 3.135 0.510628 0.326758 0.170411 2.10582 -123.255 0.94408 
10 3.135 0.506808 0.322175 0.167031 2.08358 -122.92 0.924381 
10 3.14 0.506206 0.322248 0.167469 2.10202 -123.012 0.941075 
10 3.14 0.50634 0.322524 0.167345 2.10649 -122.585 0.94238 
10 3.14 0.505394 0.32047 0.165527 2.07157 -122.848 0.919348 
10 3.145 0.498014 0.313921 0.16091 2.09549 -121.949 0.925624 
10 3.145 0.496602 0.311552 0.158082 2.06482 -121.42 0.89798 
10 3.145 0.508566 0.323919 0.167916 2.07567 -122.753 0.93146 
10 3.15 0.499398 0.314429 0.160717 2.06446 -121.65 0.911791 
10 3.15 0.502384 0.318019 0.163876 2.08346 -122.009 0.929063 
10 3.15 0.50214 0.317224 0.16324 2.06602 -122.02 0.930922 
10 3.155 0.494234 0.309139 0.156604 2.05617 -120.95 0.910451 
10 3.155 0.491918 0.30745 0.1558 2.07501 -120.666 0.908182 
10 3.155 0.490894 0.308072 0.157714 2.12661 -121.034 0.910875 
10 3.16 0.489536 0.305383 0.15405 2.08031 -120.39 0.90568 
10 3.16 0.491964 0.306713 0.154527 2.04697 -120.358 0.898942 
10 3.16 0.490368 0.306266 0.155138 2.08244 -120.516 0.908483 
10 3.165 0.487342 0.302817 0.152182 2.06365 -119.758 0.904013 
10 3.165 0.48794 0.304022 0.153621 2.08331 -120.431 0.909343 
10 3.165 0.494018 0.309793 0.157878 2.07708 -120.746 0.922932 
10 3.17 0.484928 0.300119 0.150117 2.04933 -119.891 0.89114 
10 3.17 0.481844 0.297464 0.148246 2.05964 -119.364 0.896099 
10 3.17 0.488032 0.302422 0.151004 2.0267 -120.106 0.886576 
10 3.175 0.481814 0.296713 0.147647 2.03364 -118.827 0.901472 
10 3.175 0.484178 0.299499 0.149777 2.04948 -119.548 0.882725 
10 3.175 0.479202 0.295073 0.147024 2.06104 -118.914 0.907591 
10 3.18 0.479688 0.293732 0.144612 2.00097 -118.542 0.879536 
10 3.18 0.476434 0.291782 0.144025 2.03751 -118.314 0.878049 
10 3.18 0.479934 0.295726 0.146922 2.05628 -119.063 0.880676 
10 3.185 0.472998 0.287945 0.140697 2.01625 -118.005 0.862291 
10 3.185 0.474232 0.288357 0.140562 1.9925 -117.946 0.869994 
10 3.185 0.48079 0.295334 0.145858 2.01491 -118.99 0.870536 
10 3.19 0.471658 0.286192 0.139282 1.99784 -117.712 0.860058 
10 3.19 0.473158 0.287167 0.140036 1.98398 -117.903 0.857314 
10 3.19 0.473802 0.288027 0.140342 1.99181 -117.92 0.867854 
10 3.195 0.4635 0.27811 0.133594 1.98051 -116.337 0.853548 
10 3.195 0.4646 0.27961 0.134209 1.99551 -116.608 0.836252 
10 3.195 0.469508 0.282599 0.135451 1.94559 -117.009 0.828727 
10 3.2 0.46092 0.276772 0.133055 2.01015 -116.39 0.843535 
10 3.2 0.463404 0.278553 0.133958 1.99406 -116.791 0.852595 
10 3.2 0.464718 0.280041 0.134929 2.00243 -116.831 0.857927 
10 3.205 0.459284 0.273947 0.129851 1.96584 -116.058 0.814926 
10 3.205 0.460382 0.276972 0.133095 2.02873 -116.275 0.830878 
10 3.205 0.464154 0.279234 0.134117 1.9905 -116.251 0.839525 
10 3.21 0.46084 0.275141 0.13065 1.95536 -115.549 0.834745 
10 3.21 0.456696 0.273117 0.130903 2.01078 -115.615 0.850397 
10 3.21 0.45744 0.2728 0.130496 1.97971 -115.89 0.841779 
10 3.215 0.45218 0.268387 0.1274 1.98819 -115.052 0.844976 
10 3.215 0.453854 0.268558 0.126345 1.94632 -115.243 0.82785 
10 3.215 0.461136 0.275769 0.131818 1.96338 -115.73 0.844128 
10 3.22 0.45342 0.269061 0.126945 1.97115 -115.05 0.821316 
10 3.22 0.451966 0.268088 0.127065 1.98183 -114.873 0.838215 
10 3.22 0.450074 0.264809 0.123488 1.93299 -114.623 0.815528 
10 3.225 0.446054 0.261907 0.122082 1.95172 -113.948 0.812899 
10 3.225 0.443988 0.260375 0.121119 1.96122 -114.028 0.807687 
10 3.225 0.44434 0.260916 0.122234 1.96831 -114.095 0.831388 
10 3.23 0.444296 0.259658 0.120114 1.92752 -113.706 0.797656 
10 3.23 0.44231 0.257517 0.11836 1.91575 -113.532 0.801157 
10 3.23 0.44795 0.261847 0.120384 1.89436 -113.707 0.774407 
10 3.235 0.44216 0.258534 0.119997 1.94833 -113.538 0.810274 
10 3.235 0.443582 0.258206 0.118499 1.89926 -113.569 0.787393 
10 3.235 0.445384 0.261778 0.122293 1.96014 -113.701 0.819795 
10 3.24 0.44033 0.255508 0.117043 1.90178 -113.147 0.785717 
10 3.24 0.439366 0.255554 0.117902 1.92937 -113.491 0.797953 
10 3.24 0.442114 0.255998 0.116311 1.86832 -113.327 0.772807 
10 3.245 0.43908 0.254199 0.116166 1.89238 -112.67 0.785646 
10 3.245 0.437088 0.252463 0.115058 1.89267 -112.526 0.793395 
10 3.245 0.437256 0.253159 0.116162 1.9096 -112.922 0.786889 
10 3.25 0.43256 0.248374 0.112043 1.8851 -111.86 0.779231 
10 3.25 0.432402 0.248071 0.111651 1.87999 -111.639 0.768905 
10 3.25 0.430112 0.246472 0.111115 1.89155 -111.967 0.763393 
10 3.255 0.435562 0.249891 0.112243 1.84876 -112.199 0.765581 
10 3.255 0.434968 0.250306 0.113514 1.87739 -111.909 0.779984 
10 3.255 0.433274 0.247985 0.111001 1.85127 -111.864 0.763192 
10 3.26 0.426836 0.241778 0.106544 1.82789 -110.93 0.747362 
10 3.26 0.432908 0.248568 0.112255 1.87602 -112.014 0.779395 
10 3.26 0.426752 0.241997 0.106547 1.8368 -111.217 0.750657 
10 3.265 0.424178 0.240116 0.106724 1.84348 -110.648 0.758542 
10 3.265 0.42536 0.241549 0.107519 1.85661 -110.716 0.774454 
10 3.265 0.426298 0.24158 0.106831 1.83307 -110.712 0.749093 
10 3.27 0.421632 0.237745 0.104761 1.834 -110.626 0.753494 
10 3.27 0.42512 0.241244 0.107022 1.85068 -111.022 0.762083 
10 3.27 0.421352 0.237447 0.104517 1.83208 -110.47 0.722255 
10 3.275 0.418266 0.234322 0.102255 1.813 -109.786 0.732451 
10 3.275 0.418412 0.234435 0.102727 1.8127 -110.067 0.747002 
10 3.275 0.42255 0.238275 0.104824 1.82371 -110.301 0.732828 
10 3.28 0.416282 0.232468 0.100329 1.80418 -109.42 0.722094 
10 3.28 0.422392 0.238822 0.105389 1.84168 -110.093 0.738134 
10 3.28 0.418344 0.233909 0.101404 1.79565 -110.125 0.721131 
10 3.285 0.417646 0.234071 0.102697 1.8156 -109.891 0.74467 
10 3.285 0.413412 0.230742 0.100558 1.82139 -109.307 0.743535 
10 3.285 0.416432 0.233658 0.102598 1.83387 -109.708 0.730324 
10 3.29 0.416712 0.232181 0.100104 1.77908 -109.091 0.72118 
10 3.29 0.412834 0.228781 0.0984775 1.77354 -108.651 0.718732 
10 3.29 0.41189 0.229047 0.0991447 1.80527 -109.044 0.722002 
10 3.295 0.409906 0.225765 0.0959696 1.75243 -108.689 0.704533 
10 3.295 0.408742 0.22459 0.0955742 1.74567 -108.354 0.711313 
10 3.295 0.412616 0.228442 0.0980931 1.76602 -108.903 0.71384 
10 3.3 0.408894 0.225952 0.0969666 1.78052 -108.433 0.717734 
10 3.3 0.409212 0.225722 0.0961288 1.76567 -108.102 0.708492 
10 3.3 0.416026 0.231086 0.0990885 1.75782 -108.895 0.711908 
10 3.305 0.405876 0.223009 0.0947541 1.7632 -107.511 0.710045 
10 3.305 0.402006 0.219352 0.09197 1.74715 -107.379 0.70214 
10 3.305 0.406376 0.223358 0.0946314 1.76148 -107.786 0.694605 
10 3.31 0.398008 0.215393 0.0894267 1.72153 -107.133 0.677671 
10 3.31 0.401266 0.218903 0.0925266 1.74889 -107.029 0.710567 
10 3.31 0.400998 0.218996 0.0923314 1.7582 -107.593 0.705109 
10 3.315 0.40091 0.217853 0.0909165 1.72319 -107.117 0.688002 
10 3.315 0.398108 0.215169 0.089607 1.70976 -106.771 0.700467 
10 3.315 0.39853 0.216134 0.0897757 1.72875 -106.839 0.685257 
10 3.32 0.397438 0.214975 0.0894779 1.7174 -106.777 0.6905 
10 3.32 0.398968 0.215856 0.0891474 1.70725 -106.6 0.681876 
10 3.32 0.397712 0.214007 0.0884663 1.68169 -106.844 0.679554 
10 3.325 0.3979 0.215252 0.0895975 1.7121 -106.878 0.684078 
10 3.325 0.39568 0.21247 0.0873455 1.68141 -106.1 0.673721 
10 3.325 0.395746 0.213838 0.088862 1.72099 -106.433 0.685455 
10 3.33 0.391158 0.209423 0.0864572 1.69424 -106.408 0.686427 
10 3.33 0.392912 0.210696 0.0859432 1.69116 -105.966 0.672794 
10 3.33 0.391618 0.208951 0.0850432 1.66925 -105.646 0.669813 
10 3.335 0.389302 0.207881 0.0845951 1.6889 -105.353 0.650528 
10 3.335 0.388616 0.206872 0.0837621 1.67465 -105.072 0.665412 
10 3.335 0.39083 0.208277 0.0846341 1.66502 -105.5 0.660924 
10 3.34 0.3878 0.206468 0.0842838 1.67901 -105.42 0.666183 
10 3.34 0.386226 0.204625 0.082868 1.66031 -104.882 0.671884 
10 3.34 0.386848 0.204637 0.0819505 1.64627 -104.9 0.647819 
10 3.345 0.384842 0.203729 0.0821786 1.66294 -104.395 0.662667 
10 3.345 0.383804 0.202795 0.0810983 1.65887 -104.616 0.649088 
10 3.345 0.38417 0.203394 0.0818953 1.6684 -104.922 0.652202 
10 3.35 0.385516 0.203716 0.0815555 1.64459 -104.616 0.64837 
10 3.35 0.381088 0.199938 0.0795362 1.63313 -104.4 0.644732 
10 3.35 0.3834 0.201976 0.080677 1.6412 -104.587 0.640203 
10 3.355 0.380568 0.200264 0.0798423 1.65222 -104.191 0.647255 
10 3.355 0.382732 0.202349 0.0816049 1.66513 -104.342 0.663597 
10 3.355 0.379706 0.19824 0.0782224 1.61142 -104.025 0.634157 
10 3.36 0.37949 0.198319 0.0781357 1.61627 -103.743 0.637251 
10 3.36 0.37986 0.198961 0.0789196 1.62699 -103.657 0.635335 
10 3.36 0.377364 0.196871 0.0775599 1.62107 -103.814 0.6356 
10 3.365 0.377428 0.196777 0.0776056 1.61443 -103.396 0.640778 
10 3.365 0.375084 0.194422 0.0758064 1.59685 -103.352 0.623173 
10 3.365 0.379084 0.196796 0.0768909 1.57774 -103.574 0.631361 
10 3.37 0.3702 0.19012 0.0737593 1.57484 -102.655 0.62509 
10 3.37 0.373538 0.192539 0.0746199 1.57294 -102.914 0.622934 
10 3.37 0.372548 0.192646 0.0745705 1.59805 -103.067 0.61445 
10 3.375 0.37136 0.191168 0.0741087 1.57806 -102.663 0.626384 
10 3.375 0.37133 0.191229 0.0739449 1.58054 -102.481 0.624146 
10 3.375 0.372616 0.192847 0.0756123 1.60012 -103.086 0.631321 
10 3.38 0.370412 0.190383 0.0738904 1.57332 -102.551 0.625458 
10 3.38 0.369676 0.189429 0.0723962 1.56119 -102.378 0.603178 
10 3.38 0.371284 0.190735 0.0737926 1.56459 -102.773 0.612878 
10 3.385 0.368264 0.187997 0.0716605 1.54737 -102.02 0.598661 
10 3.385 0.365206 0.186545 0.0715496 1.57075 -101.876 0.613015 
10 3.385 0.363938 0.184293 0.0692932 1.53153 -101.886 0.598887 
10 3.39 0.362956 0.183302 0.0687533 1.52108 -101.354 0.601846 
10 3.39 0.366268 0.185545 0.0700032 1.51602 -101.58 0.590827 
10 3.39 0.365592 0.186843 0.0718721 1.56888 -102.009 0.614704 
10 3.395 0.36287 0.184107 0.0698184 1.5444 -101.609 0.605499 
10 3.395 0.363124 0.183949 0.0694172 1.53431 -101.441 0.601291 
10 3.395 0.36437 0.184737 0.0695319 1.53081 -101.564 0.595426 
10 3.4 0.361056 0.181615 0.068175 1.50745 -100.716 0.603722 
10 3.4 0.358334 0.17894 0.0659787 1.48638 -100.651 0.582256 
10 3.4 0.362262 0.183037 0.0689057 1.52363 -100.952 0.592881 
10 3.405 0.36013 0.181527 0.0680446 1.52226 -100.964 0.58209 
10 3.405 0.361746 0.182057 0.0680845 1.50359 -100.744 0.592245 
10 3.405 0.361638 0.181776 0.0679787 1.49762 -100.668 0.601968 
10 3.41 0.359454 0.180013 0.0663799 1.48992 -100.504 0.573446 
10 3.41 0.356332 0.178005 0.0657227 1.49655 -100.281 0.578044 
10 3.41 0.355972 0.177189 0.0651132 1.48014 -100.309 0.580017 
10 3.415 0.357546 0.179356 0.0669828 1.50854 -100.151 0.587688 
10 3.415 0.35637 0.178771 0.0667235 1.516 -100.541 0.580322 
10 3.415 0.35696 0.177624 0.0650054 1.47008 -100.02 0.574414 
10 3.42 0.349786 0.172217 0.062391 1.45809 -99.6178 0.559562 
10 3.42 0.35582 0.17733 0.0653249 1.48311 -99.831 0.578632 
10 3.42 0.35222 0.174367 0.0639992 1.47099 -99.644 0.579661 
10 3.425 0.352214 0.174241 0.0634512 1.46528 -99.1148 0.574258 
10 3.425 0.351388 0.172305 0.0618717 1.42575 -99.253 0.560087 
10 3.425 0.352062 0.174408 0.0641096 1.47331 -99.4057 0.575776 
10 3.43 0.348718 0.170671 0.0611404 1.43052 -98.913 0.553548 
10 3.43 0.350048 0.172369 0.0623828 1.45292 -99.2344 0.570902 
10 3.43 0.346442 0.170015 0.0615716 1.45751 -98.9074 0.571926 
10 3.435 0.347074 0.169223 0.0601266 1.41957 -98.6833 0.559315 
10 3.435 0.345326 0.168178 0.0597891 1.42438 -98.4561 0.56636 
10 3.435 0.347974 0.170985 0.0618061 1.45265 -98.8337 0.561161 
10 3.44 0.343718 0.167172 0.0592935 1.42529 -98.0452 0.553762 
10 3.44 0.341544 0.165942 0.0593722 1.43283 -97.956 0.559876 
10 3.44 0.34265 0.16694 0.0596671 1.43986 -98.1903 0.550177 
10 3.445 0.342442 0.165799 0.0588374 1.40878 -97.9978 0.557033 
10 3.445 0.339074 0.163542 0.0578532 1.40989 -97.757 0.553734 
10 3.445 0.344542 0.168426 0.0605369 1.44315 -98.5232 0.562716 
10 3.45 0.338936 0.162669 0.05645 1.38526 -97.8813 0.527824 
10 3.45 0.342142 0.166559 0.0590597 1.43471 -98.0006 0.549463 
10 3.45 0.344352 0.167475 0.059592 1.4173 -97.8148 0.554923 
10 3.455 0.344652 0.166892 0.058885 1.3924 -97.7924 0.548913 
10 3.455 0.341888 0.164782 0.0579868 1.38623 -97.7906 0.535008 
10 3.455 0.342048 0.164958 0.0574514 1.38817 -97.6896 0.536239 
10 3.46 0.337076 0.161113 0.0559044 1.37262 -96.913 0.528 
10 3.46 0.33993 0.164429 0.0579165 1.41261 -97.5532 0.541908 
10 3.46 0.337086 0.160794 0.0551788 1.3632 -96.81 0.533404 
10 3.465 0.33872 0.162642 0.0564004 1.3827 -97.4959 0.533928 
10 3.465 0.336846 0.161337 0.0562891 1.38158 -96.7745 0.535605 
10 3.465 0.33609 0.16022 0.0553519 1.36401 -96.7369 0.532901 
10 3.47 0.330434 0.155475 0.0524188 1.33396 -96.4871 0.516251 
10 3.47 0.331962 0.156844 0.0534652 1.34423 -96.3634 0.542571 
10 3.47 0.335664 0.159565 0.0547824 1.35143 -96.5467 0.528582 
10 3.475 0.332088 0.157097 0.0541637 1.34719 -96.4262 0.539921 
10 3.475 0.33206 0.157528 0.0541121 1.36013 -96.3521 0.532076 
10 3.475 0.332166 0.157498 0.0538556 1.35724 -96.6278 0.517119 
10 3.48 0.326392 0.152995 0.0519151 1.33516 -95.3786 0.528971 
10 3.48 0.333436 0.158836 0.0549659 1.36944 -96.4249 0.528209 
10 3.48 0.333354 0.157865 0.0537236 1.34311 -96.312 0.51864 
10 3.485 0.325968 0.152175 0.0513369 1.31763 -95.4852 0.516815 
10 3.485 0.328422 0.155311 0.0537349 1.36154 -95.9441 0.535033 
10 3.485 0.332328 0.157366 0.0534104 1.34645 -96.075 0.518463 
10 3.49 0.330846 0.155851 0.0529162 1.32929 -95.6798 0.521416 
10 3.49 0.3272 0.152288 0.0505499 1.29593 -95.4358 0.516746 
10 3.49 0.326132 0.152309 0.0511897 1.31654 -95.1475 0.507852 
10 3.495 0.326392 0.152634 0.0513326 1.31908 -95.4175 0.516474 
10 3.495 0.324922 0.151797 0.0509756 1.32253 -94.9996 0.508529 
10 3.495 0.326748 0.152654 0.051204 1.313 -95.1964 0.513973 
