size temperature m m2 m4 mag_sus e sp_heat 
10 1.5 0.997576 0.995218 0.990689 0.00398695 -218.896 0.0510805 
10 1.5 0.9977 0.99546 0.991153 0.003658 -218.949 0.0474974 
10 1.5 0.997658 0.995379 0.990999 0.00380767 -218.932 0.0488483 
10 1.505 0.997736 0.995531 0.991292 0.00359298 -218.967 0.0462939 
10 1.505 0.99754 0.995144 0.990534 0.00382381 -218.88 0.049253 
10 1.505 0.997616 0.995296 0.990839 0.00386422 -218.917 0.0487652 
10 1.51 0.997516 0.995099 0.990457 0.00402581 -218.881 0.049145 
10 1.51 0.997628 0.995319 0.990881 0.00379163 -218.921 0.0478816 
10 1.51 0.997578 0.995221 0.990691 0.00388966 -218.896 0.0496211 
10 1.515 0.9974 0.99487 0.990013 0.00420594 -218.815 0.0529586 
10 1.515 0.997446 0.99496 0.990186 0.00408694 -218.832 0.0528429 
10 1.515 0.997358 0.994792 0.989877 0.00455841 -218.81 0.0549075 
10 1.52 0.997302 0.994681 0.989658 0.00457111 -218.789 0.0553679 
10 1.52 0.99741 0.99489 0.990049 0.00414552 -218.819 0.0528765 
10 1.52 0.997364 0.994802 0.989889 0.00442181 -218.81 0.0523663 
10 1.525 0.997308 0.994691 0.989673 0.00446119 -218.782 0.0544641 
10 1.525 0.997318 0.994706 0.989684 0.00412111 -218.776 0.0527034 
10 1.525 0.997202 0.994483 0.989269 0.00465647 -218.744 0.0552856 
10 1.53 0.997146 0.994374 0.989062 0.00481403 -218.722 0.0561004 
10 1.53 0.997304 0.99468 0.989637 0.00422036 -218.774 0.0519686 
10 1.53 0.997358 0.994789 0.989859 0.00430456 -218.809 0.0527449 
10 1.535 0.997228 0.994534 0.989369 0.00457564 -218.754 0.0546944 
10 1.535 0.997316 0.994703 0.989682 0.00417434 -218.78 0.0520539 
10 1.535 0.996996 0.994078 0.988487 0.00501472 -218.652 0.0593356 
10 1.54 0.997214 0.994502 0.989291 0.00430897 -218.733 0.053851 
10 1.54 0.997194 0.994465 0.989226 0.00447314 -218.728 0.0550977 
10 1.54 0.997132 0.994342 0.988985 0.00452562 -218.709 0.0546601 
10 1.545 0.99717 0.994419 0.989142 0.00458454 -218.72 0.0555099 
10 1.545 0.997034 0.994154 0.988639 0.00499436 -218.675 0.0582782 
10 1.545 0.99703 0.994143 0.988608 0.00482195 -218.667 0.0573262 
10 1.55 0.99683 0.993749 0.987841 0.00508846 -218.569 0.0605058 
10 1.55 0.996926 0.993937 0.9882 0.00484842 -218.619 0.0570405 
10 1.55 0.996976 0.994034 0.988386 0.00471067 -218.635 0.0570666 
10 1.555 0.996982 0.994047 0.988417 0.0047776 -218.634 0.0578311 
10 1.555 0.997058 0.994202 0.988732 0.00495078 -218.677 0.0575521 
10 1.555 0.99694 0.993967 0.988267 0.0049644 -218.619 0.0597907 
10 1.56 0.996812 0.993716 0.987788 0.00527671 -218.571 0.0595785 
10 1.56 0.996734 0.993559 0.98747 0.00516495 -218.527 0.0610871 
10 1.56 0.996776 0.993646 0.987656 0.00538499 -218.56 0.0616886 
10 1.565 0.99681 0.99371 0.987765 0.00507757 -218.562 0.0604598 
10 1.565 0.996682 0.993461 0.987295 0.00548951 -218.516 0.0627232 
10 1.565 0.996728 0.993549 0.987458 0.00528141 -218.527 0.0616167 
10 1.57 0.99668 0.993457 0.987288 0.00548392 -218.518 0.0618221 
10 1.57 0.996652 0.9934 0.987171 0.00540579 -218.501 0.0623115 
10 1.57 0.9968 0.993685 0.9877 0.00476943 -218.54 0.0585922 
10 1.575 0.996714 0.993524 0.987414 0.00538173 -218.523 0.0616423 
10 1.575 0.99666 0.993419 0.987216 0.00554949 -218.509 0.0617508 
10 1.575 0.996596 0.99329 0.986958 0.00549668 -218.476 0.0625811 
10 1.58 0.996398 0.992901 0.986207 0.00583453 -218.395 0.0657699 
10 1.58 0.996618 0.993346 0.987098 0.00623051 -218.491 0.0628397 
10 1.58 0.99647 0.993044 0.986491 0.00582146 -218.421 0.0663629 
10 1.585 0.996458 0.993017 0.986424 0.0055908 -218.403 0.065404 
10 1.585 0.99639 0.992884 0.98617 0.00574687 -218.384 0.0661406 
10 1.585 0.9964 0.99291 0.98624 0.00610726 -218.398 0.0679177 
10 1.59 0.99647 0.993047 0.986504 0.00594082 -218.429 0.0646107 
10 1.59 0.996244 0.992606 0.985662 0.00653915 -218.332 0.0699174 
10 1.59 0.996432 0.99297 0.986348 0.005866 -218.412 0.065329 
10 1.595 0.996212 0.99254 0.985527 0.00639819 -218.312 0.0711508 
10 1.595 0.99636 0.992827 0.986064 0.00586021 -218.372 0.0662215 
10 1.595 0.996358 0.992825 0.986072 0.00603234 -218.383 0.0662688 
10 1.6 0.99616 0.992434 0.985306 0.0061934 -218.286 0.0694073 
10 1.6 0.996148 0.992409 0.985252 0.00613263 -218.274 0.0687438 
10 1.6 0.996274 0.992658 0.985739 0.00600481 -218.34 0.0664299 
10 1.605 0.996236 0.992581 0.985581 0.00589111 -218.307 0.0679586 
10 1.605 0.99605 0.992215 0.984874 0.00619798 -218.233 0.0704318 
10 1.605 0.996092 0.992305 0.985075 0.00659486 -218.264 0.0729958 
10 1.61 0.996212 0.992537 0.985506 0.00610007 -218.314 0.0671042 
10 1.61 0.995998 0.992116 0.984691 0.0064313 -218.219 0.0710904 
10 1.61 0.996048 0.992219 0.984909 0.006697 -218.254 0.0697492 
10 1.615 0.99603 0.992172 0.984774 0.00593679 -218.203 0.0700062 
10 1.615 0.995966 0.992051 0.984563 0.00639052 -218.189 0.0722165 
10 1.615 0.995896 0.991914 0.984297 0.00650633 -218.164 0.0722351 
10 1.62 0.99571 0.991549 0.983594 0.00682691 -218.073 0.0767494 
10 1.62 0.995958 0.992033 0.984519 0.00623841 -218.188 0.0705426 
10 1.62 0.995996 0.992109 0.984667 0.00622025 -218.204 0.0694926 
10 1.625 0.995776 0.991678 0.983843 0.00667556 -218.11 0.0745403 
10 1.625 0.99568 0.991494 0.983499 0.00706816 -218.08 0.0755493 
10 1.625 0.995902 0.99193 0.984342 0.00670809 -218.186 0.0707495 
10 1.63 0.995884 0.991888 0.98424 0.00633733 -218.144 0.0723665 
10 1.63 0.9955 0.99114 0.982818 0.00736626 -218.003 0.0783113 
10 1.63 0.995736 0.991604 0.983714 0.00699253 -218.11 0.0734814 
10 1.635 0.995658 0.991447 0.983398 0.00686404 -218.057 0.0752439 
10 1.635 0.995316 0.990783 0.982144 0.00791071 -217.937 0.0813271 
10 1.635 0.995574 0.991284 0.983088 0.00711746 -218.022 0.0767166 
10 1.64 0.995578 0.99129 0.983093 0.00695646 -218.028 0.0758987 
10 1.64 0.995428 0.990999 0.982547 0.00744737 -217.975 0.0791159 
10 1.64 0.995216 0.990581 0.981734 0.00769228 -217.876 0.0823611 
10 1.645 0.995414 0.990978 0.982523 0.00781815 -217.976 0.0789687 
10 1.645 0.995148 0.990453 0.981507 0.00812025 -217.866 0.0837997 
10 1.645 0.995192 0.990535 0.981648 0.00776189 -217.872 0.0821939 
10 1.65 0.99547 0.991082 0.982705 0.00735025 -217.991 0.0760056 
10 1.65 0.995238 0.990628 0.981839 0.0078499 -217.9 0.0812474 
10 1.65 0.995366 0.990874 0.982293 0.00730218 -217.948 0.0763106 
10 1.655 0.995124 0.990399 0.98138 0.00771387 -217.832 0.0822216 
10 1.655 0.995152 0.990458 0.981507 0.00790434 -217.861 0.0809274 
10 1.655 0.995184 0.990521 0.981627 0.00784085 -217.857 0.0827639 
10 1.66 0.995064 0.990283 0.981158 0.00785277 -217.801 0.0823861 
10 1.66 0.995068 0.990289 0.981164 0.00773466 -217.801 0.0825759 
10 1.66 0.995188 0.990522 0.981608 0.0074292 -217.857 0.079557 
10 1.665 0.995012 0.990181 0.980962 0.00791831 -217.788 0.0822224 
10 1.665 0.994912 0.989987 0.980596 0.00822776 -217.751 0.0836101 
10 1.665 0.994954 0.990067 0.980742 0.00800588 -217.767 0.0830834 
10 1.67 0.994744 0.989654 0.979942 0.00827632 -217.663 0.0857602 
10 1.67 0.994722 0.989611 0.97986 0.00830795 -217.676 0.0851764 
10 1.67 0.995074 0.990302 0.981194 0.00777093 -217.817 0.080731 
10 1.675 0.994906 0.989971 0.98055 0.00791947 -217.731 0.0838399 
10 1.675 0.9948 0.98977 0.980187 0.00850627 -217.724 0.0846842 
10 1.675 0.99457 0.98932 0.979326 0.00897404 -217.622 0.0889602 
10 1.68 0.994468 0.989113 0.978903 0.00871172 -217.559 0.0880915 
10 1.68 0.994748 0.989663 0.979964 0.00827717 -217.675 0.08561 
10 1.68 0.994892 0.989944 0.980502 0.00797073 -217.732 0.0839578 
10 1.685 0.994448 0.989076 0.97884 0.00884839 -217.552 0.0898473 
10 1.685 0.994402 0.988988 0.978678 0.00904821 -217.547 0.0896174 
10 1.685 0.994482 0.989142 0.978964 0.00873541 -217.558 0.0900773 
10 1.69 0.994528 0.989235 0.979156 0.00884126 -217.6 0.0873861 
10 1.69 0.99427 0.988726 0.978163 0.00906078 -217.466 0.0913813 
10 1.69 0.99435 0.988885 0.978479 0.00908624 -217.514 0.0901655 
10 1.695 0.994434 0.989046 0.978776 0.00869496 -217.536 0.0887559 
10 1.695 0.994458 0.989092 0.978857 0.00855494 -217.547 0.0877592 
10 1.695 0.99438 0.988945 0.978594 0.00902511 -217.514 0.091237 
10 1.7 0.994236 0.988657 0.978022 0.00892566 -217.456 0.0903085 
10 1.7 0.994202 0.988598 0.977936 0.00943195 -217.452 0.0930248 
10 1.7 0.99401 0.988228 0.977245 0.0101082 -217.384 0.0974149 
10 1.705 0.993914 0.98804 0.976882 0.0102358 -217.344 0.0967215 
10 1.705 0.993902 0.98801 0.976805 0.00988941 -217.313 0.0987008 
10 1.705 0.994136 0.988461 0.977645 0.0090612 -217.411 0.0913529 
10 1.71 0.99382 0.987845 0.976475 0.00976653 -217.276 0.098138 
10 1.71 0.993996 0.988197 0.977173 0.00990129 -217.378 0.0937772 
10 1.71 0.993894 0.987993 0.976769 0.00980332 -217.315 0.0971496 
10 1.715 0.993814 0.987833 0.97645 0.00972206 -217.282 0.0971681 
10 1.715 0.993978 0.988161 0.977103 0.0098528 -217.349 0.0951266 
10 1.715 0.993642 0.987506 0.975851 0.0105619 -217.214 0.100346 
10 1.72 0.993612 0.987449 0.975754 0.0107112 -217.22 0.101204 
10 1.72 0.993754 0.98772 0.976248 0.0100504 -217.246 0.0996294 
10 1.72 0.993598 0.987422 0.975701 0.0107404 -217.209 0.101392 
10 1.725 0.99341 0.987052 0.974985 0.0109062 -217.118 0.10517 
10 1.725 0.993534 0.987293 0.975437 0.0105919 -217.168 0.0996181 
10 1.725 0.993944 0.988083 0.976914 0.00918521 -217.323 0.0925047 
10 1.73 0.993386 0.986995 0.974842 0.0103616 -217.081 0.103107 
10 1.73 0.993326 0.986883 0.974646 0.0107733 -217.073 0.104419 
10 1.73 0.993396 0.987027 0.974949 0.0110744 -217.13 0.105158 
10 1.735 0.993546 0.987312 0.975462 0.0102816 -217.168 0.0976819 
10 1.735 0.993614 0.987445 0.97572 0.0101798 -217.206 0.0974389 
10 1.735 0.993128 0.9865 0.973926 0.0113185 -217.006 0.106351 
10 1.74 0.993162 0.986562 0.974031 0.011007 -217.015 0.10236 
10 1.74 0.993066 0.986375 0.973678 0.0112253 -216.975 0.106785 
10 1.74 0.992888 0.986027 0.973009 0.0115299 -216.897 0.106801 
10 1.745 0.993058 0.986363 0.973663 0.0113885 -216.962 0.106581 
10 1.745 0.99285 0.985956 0.972884 0.011734 -216.886 0.108505 
10 1.745 0.992996 0.986239 0.97342 0.0113412 -216.957 0.108059 
10 1.75 0.99294 0.986141 0.97327 0.0120729 -216.945 0.108153 
10 1.75 0.992946 0.986139 0.97322 0.0112709 -216.903 0.109179 
10 1.75 0.992994 0.986229 0.973379 0.0109941 -216.924 0.106163 
10 1.755 0.99254 0.985352 0.971732 0.012323 -216.735 0.113113 
10 1.755 0.99263 0.985519 0.972024 0.0116674 -216.785 0.107733 
10 1.755 0.992716 0.985694 0.972387 0.011933 -216.839 0.110377 
10 1.76 0.99257 0.985408 0.971834 0.0121065 -216.768 0.109486 
10 1.76 0.992602 0.985469 0.971943 0.011929 -216.772 0.110316 
10 1.76 0.992498 0.98528 0.971626 0.01295 -216.748 0.111869 
10 1.765 0.992384 0.98505 0.97117 0.0126956 -216.692 0.115761 
10 1.765 0.992336 0.984955 0.970981 0.0126857 -216.686 0.113447 
10 1.765 0.992392 0.985056 0.971146 0.0121178 -216.674 0.114292 
10 1.77 0.99206 0.984417 0.969962 0.0132247 -216.569 0.119938 
10 1.77 0.992354 0.984978 0.970986 0.0119446 -216.66 0.113722 
10 1.77 0.992206 0.984703 0.970509 0.0130222 -216.621 0.117646 
10 1.775 0.992074 0.984441 0.969994 0.0129633 -216.55 0.119217 
10 1.775 0.992206 0.984698 0.970477 0.0126701 -216.616 0.113781 
10 1.775 0.992086 0.984468 0.970057 0.0131363 -216.561 0.118251 
10 1.78 0.992048 0.984393 0.969912 0.0131441 -216.556 0.118568 
10 1.78 0.991596 0.983502 0.968178 0.0134254 -216.356 0.119679 
10 1.78 0.992144 0.984571 0.97022 0.0124429 -216.597 0.113086 
10 1.785 0.99183 0.983974 0.969134 0.0138763 -216.475 0.118863 
10 1.785 0.99187 0.984037 0.969202 0.0129537 -216.458 0.117146 
10 1.785 0.991818 0.98394 0.969032 0.0132737 -216.468 0.117652 
10 1.79 0.991884 0.984069 0.969282 0.0131559 -216.485 0.11725 
10 1.79 0.991528 0.983369 0.967924 0.0134606 -216.325 0.121352 
10 1.79 0.991802 0.983907 0.968966 0.0131907 -216.448 0.118253 
10 1.795 0.991594 0.983487 0.968115 0.0127298 -216.328 0.118612 
10 1.795 0.991566 0.983453 0.968114 0.0139068 -216.361 0.119471 
10 1.795 0.991394 0.983128 0.967534 0.0148399 -216.304 0.123721 
10 1.8 0.99121 0.982754 0.966772 0.0142431 -216.213 0.124361 
10 1.8 0.991286 0.982909 0.967093 0.0145215 -216.261 0.123517 
10 1.8 0.991402 0.983135 0.967519 0.0142819 -216.303 0.121866 
10 1.805 0.991026 0.982411 0.966174 0.0154408 -216.16 0.12759 
10 1.805 0.991628 0.983568 0.968317 0.0133978 -216.363 0.118966 
10 1.805 0.991192 0.982722 0.966724 0.0144365 -216.2 0.126433 
10 1.81 0.991064 0.982468 0.966224 0.0143728 -216.135 0.126244 
10 1.81 0.991104 0.982544 0.966361 0.0141912 -216.15 0.124802 
10 1.81 0.991094 0.982528 0.966344 0.0144046 -216.16 0.125534 
10 1.815 0.991008 0.982355 0.965995 0.0142206 -216.1 0.125384 
10 1.815 0.990928 0.982204 0.965725 0.0146346 -216.106 0.125011 
10 1.815 0.99096 0.982275 0.965891 0.0150545 -216.136 0.125432 
10 1.82 0.99053 0.981433 0.964273 0.0155538 -215.945 0.130811 
10 1.82 0.990496 0.981359 0.96411 0.0152129 -215.906 0.131046 
10 1.82 0.990422 0.981223 0.963874 0.0157572 -215.872 0.135132 
10 1.825 0.99042 0.981216 0.963857 0.0155958 -215.892 0.131582 
10 1.825 0.99025 0.980887 0.963237 0.0160097 -215.821 0.135407 
10 1.825 0.990386 0.981161 0.963784 0.016268 -215.863 0.135652 
10 1.83 0.990202 0.980789 0.963035 0.0158054 -215.761 0.137204 
10 1.83 0.990432 0.981242 0.963915 0.0156707 -215.902 0.131296 
10 1.83 0.990368 0.981115 0.963664 0.0156429 -215.866 0.133643 
10 1.835 0.990212 0.980806 0.963057 0.0155747 -215.789 0.134148 
10 1.835 0.990238 0.980854 0.96314 0.0154214 -215.797 0.132102 
10 1.835 0.99007 0.98054 0.962586 0.0164226 -215.731 0.139121 
10 1.84 0.989756 0.979939 0.961479 0.0174794 -215.651 0.139745 
10 1.84 0.989594 0.979602 0.960766 0.0166128 -215.525 0.140567 
10 1.84 0.989564 0.979573 0.960809 0.0182418 -215.562 0.144559 
10 1.845 0.98965 0.979738 0.961119 0.0179099 -215.613 0.142866 
10 1.845 0.989684 0.979777 0.961096 0.0164022 -215.571 0.136084 
10 1.845 0.989738 0.979898 0.961384 0.017167 -215.631 0.13927 
10 1.85 0.989834 0.980079 0.96171 0.0166385 -215.653 0.136828 
10 1.85 0.989626 0.979688 0.961007 0.0177481 -215.584 0.140828 
10 1.85 0.989316 0.979086 0.959873 0.0183834 -215.463 0.145463 
10 1.855 0.9894 0.97924 0.960133 0.0176367 -215.478 0.143367 
10 1.855 0.98941 0.979247 0.960107 0.0169602 -215.479 0.141061 
10 1.855 0.989136 0.978726 0.95916 0.0181118 -215.395 0.144563 
10 1.86 0.988668 0.977824 0.957474 0.0193369 -215.204 0.150265 
10 1.86 0.988902 0.978257 0.958223 0.0177373 -215.263 0.143883 
10 1.86 0.988878 0.978216 0.958166 0.0180743 -215.251 0.148219 
10 1.865 0.988934 0.978344 0.958471 0.0189675 -215.287 0.15193 
10 1.865 0.988804 0.978089 0.957984 0.0190804 -215.26 0.150667 
10 1.865 0.988654 0.977799 0.95744 0.0194332 -215.182 0.154292 
10 1.87 0.98868 0.977841 0.957484 0.0188459 -215.172 0.151719 
10 1.87 0.988818 0.978132 0.958115 0.0198397 -215.266 0.151961 
10 1.87 0.988246 0.977021 0.955987 0.0209221 -215.05 0.153016 
10 1.875 0.988204 0.976916 0.955736 0.0196509 -214.993 0.154909 
10 1.875 0.98819 0.976903 0.955754 0.0204631 -215.002 0.156187 
10 1.875 0.988428 0.977362 0.95662 0.019849 -215.115 0.153625 
10 1.88 0.988282 0.977078 0.956079 0.0200558 -215.06 0.152223 
10 1.88 0.98836 0.977213 0.956282 0.0190144 -215.062 0.150642 
10 1.88 0.987964 0.976446 0.954833 0.0198221 -214.908 0.155266 
10 1.885 0.988168 0.976845 0.955599 0.0195525 -214.955 0.155965 
10 1.885 0.987952 0.976434 0.954855 0.0204162 -214.924 0.15757 
10 1.885 0.987822 0.976171 0.954324 0.0200985 -214.83 0.160827 
10 1.89 0.987536 0.975653 0.953463 0.0224978 -214.793 0.16234 
10 1.89 0.98776 0.976046 0.954065 0.0198869 -214.81 0.155367 
10 1.89 0.987478 0.97549 0.952992 0.0199598 -214.7 0.158248 
10 1.895 0.987362 0.975273 0.952611 0.0205383 -214.634 0.1638 
10 1.895 0.987314 0.975207 0.95257 0.0220446 -214.685 0.161447 
10 1.895 0.987556 0.975676 0.953457 0.0215909 -214.771 0.162139 
10 1.9 0.987518 0.975586 0.953234 0.0207284 -214.71 0.16224 
10 1.9 0.987422 0.975408 0.952917 0.021347 -214.71 0.157176 
10 1.9 0.987404 0.975376 0.952879 0.0215695 -214.7 0.163701 
10 1.905 0.987002 0.974589 0.951366 0.0218274 -214.521 0.166013 
10 1.905 0.987106 0.974803 0.951813 0.0223173 -214.596 0.165534 
10 1.905 0.987196 0.974954 0.952019 0.020908 -214.606 0.158867 
10 1.91 0.98646 0.973556 0.949468 0.0236915 -214.332 0.16862 
10 1.91 0.98704 0.974674 0.951565 0.0222931 -214.547 0.167135 
10 1.91 0.986932 0.974443 0.951063 0.0213962 -214.468 0.166516 
10 1.915 0.98702 0.974638 0.951509 0.0224334 -214.567 0.164659 
10 1.915 0.98684 0.97429 0.950847 0.022806 -214.492 0.164547 
10 1.915 0.986552 0.973731 0.949798 0.0232789 -214.373 0.170035 
10 1.92 0.986632 0.973876 0.950034 0.0225675 -214.367 0.166111 
10 1.92 0.98638 0.973395 0.949154 0.0234133 -214.282 0.172285 
10 1.92 0.986338 0.973306 0.948965 0.0230807 -214.269 0.172279 
10 1.925 0.98637 0.97337 0.949095 0.0230703 -214.315 0.168457 
10 1.925 0.98581 0.972308 0.947159 0.0252657 -214.1 0.175916 
10 1.925 0.986028 0.972746 0.948035 0.025703 -214.18 0.178875 
10 1.93 0.985926 0.972511 0.947477 0.023882 -214.115 0.173161 
10 1.93 0.985898 0.972443 0.947307 0.0232442 -214.066 0.173151 
10 1.93 0.985736 0.972163 0.946882 0.0252507 -214.063 0.176749 
10 1.935 0.985892 0.972457 0.947414 0.0244757 -214.085 0.176425 
10 1.935 0.985934 0.972527 0.947513 0.0238485 -214.149 0.168774 
10 1.935 0.985676 0.972047 0.946667 0.0253035 -214.043 0.175941 
10 1.94 0.985498 0.971691 0.945965 0.02498 -213.945 0.178982 
10 1.94 0.985526 0.971717 0.945923 0.0234796 -213.931 0.172562 
10 1.94 0.985124 0.970989 0.94472 0.0267745 -213.814 0.18845 
10 1.945 0.98517 0.971051 0.944746 0.0252438 -213.801 0.180024 
10 1.945 0.984856 0.970472 0.943757 0.0272997 -213.752 0.186379 
10 1.945 0.985278 0.97127 0.945196 0.0255559 -213.86 0.181994 
10 1.95 0.985302 0.971315 0.945265 0.0253584 -213.841 0.180562 
10 1.95 0.985146 0.971021 0.944744 0.0260697 -213.834 0.180147 
10 1.95 0.984708 0.970192 0.943238 0.0278233 -213.669 0.184801 
10 1.955 0.984932 0.970617 0.944008 0.026901 -213.737 0.183239 
10 1.955 0.984868 0.970484 0.94373 0.0265321 -213.674 0.18522 
10 1.955 0.984858 0.970457 0.94366 0.0261995 -213.703 0.181537 
10 1.96 0.984594 0.969964 0.942802 0.027464 -213.615 0.190128 
10 1.96 0.984412 0.969592 0.942041 0.0268109 -213.518 0.18733 
10 1.96 0.9842 0.96918 0.941253 0.0270633 -213.435 0.188212 
10 1.965 0.984022 0.968848 0.940676 0.0279096 -213.388 0.192254 
10 1.965 0.984356 0.969469 0.941753 0.0260919 -213.446 0.185349 
10 1.965 0.983688 0.968192 0.93941 0.0279735 -213.256 0.192009 
10 1.97 0.983642 0.968119 0.939327 0.0287866 -213.261 0.194168 
10 1.97 0.983862 0.968533 0.940064 0.0278216 -213.332 0.189223 
10 1.97 0.984228 0.969236 0.941371 0.0269829 -213.472 0.184394 
10 1.975 0.983348 0.967579 0.938405 0.0306912 -213.149 0.199963 
10 1.975 0.983218 0.967312 0.937861 0.0301005 -213.108 0.198905 
10 1.975 0.983246 0.967336 0.937806 0.0285197 -213.07 0.194994 
10 1.98 0.982994 0.96686 0.936943 0.02942 -212.975 0.198593 
10 1.98 0.98319 0.967255 0.937728 0.0299244 -213.086 0.196471 
10 1.98 0.982676 0.966285 0.935983 0.0319414 -212.891 0.205932 
10 1.985 0.982908 0.966725 0.936784 0.0310621 -212.956 0.201824 
10 1.985 0.98309 0.967069 0.937396 0.0303925 -212.991 0.199734 
10 1.985 0.98257 0.966047 0.935448 0.0303635 -212.808 0.206085 
10 1.99 0.982598 0.966174 0.935841 0.0339181 -212.883 0.206478 
10 1.99 0.98306 0.966995 0.937219 0.0295315 -212.998 0.198695 
10 1.99 0.983324 0.967521 0.938257 0.029893 -213.159 0.194804 
10 1.995 0.982568 0.966061 0.935539 0.0311481 -212.833 0.206345 
10 1.995 0.982652 0.966212 0.935775 0.0304525 -212.835 0.202163 
10 1.995 0.982286 0.965509 0.934449 0.0312589 -212.715 0.198846 
10 2 0.98201 0.964996 0.93358 0.032612 -212.632 0.210309 
10 2 0.98246 0.965868 0.935225 0.0320254 -212.839 0.204694 
10 2 0.98252 0.965938 0.935193 0.0296385 -212.752 0.196091 
10 2.005 0.982184 0.965318 0.934138 0.0315666 -212.683 0.204545 
10 2.005 0.982374 0.965677 0.934778 0.030863 -212.731 0.201607 
10 2.005 0.981984 0.964935 0.933423 0.032063 -212.616 0.203624 
10 2.01 0.981362 0.963762 0.931326 0.0343774 -212.375 0.21653 
10 2.01 0.981308 0.963634 0.931011 0.0332801 -212.351 0.211918 
10 2.01 0.981414 0.963826 0.931336 0.0324518 -212.398 0.212729 
10 2.015 0.981144 0.963303 0.930346 0.0327331 -212.294 0.209756 
10 2.015 0.981148 0.963301 0.930319 0.0322562 -212.278 0.210473 
10 2.015 0.981792 0.964565 0.932722 0.0322178 -212.488 0.208537 
10 2.02 0.98099 0.963032 0.929926 0.0341713 -212.27 0.212315 
10 2.02 0.981076 0.963193 0.9302 0.0337961 -212.262 0.2105 
10 2.02 0.980552 0.96223 0.928555 0.0369948 -212.12 0.223086 
10 2.025 0.980292 0.961694 0.927456 0.0356106 -211.992 0.219876 
10 2.025 0.980928 0.962942 0.929832 0.0356473 -212.231 0.216768 
10 2.025 0.980094 0.961336 0.926864 0.0371452 -211.931 0.225677 
10 2.03 0.980092 0.961303 0.926706 0.0356055 -211.888 0.219658 
10 2.03 0.980542 0.962271 0.928649 0.0398062 -212.115 0.221367 
10 2.03 0.979766 0.960708 0.925713 0.0377687 -211.819 0.227062 
10 2.035 0.979982 0.9611 0.926351 0.0361219 -211.837 0.223365 
10 2.035 0.979852 0.960871 0.926005 0.0373847 -211.868 0.223142 
10 2.035 0.979622 0.960425 0.925133 0.0376126 -211.734 0.224494 
10 2.04 0.979188 0.959589 0.923598 0.0382147 -211.578 0.226581 
10 2.04 0.979166 0.959578 0.923681 0.039811 -211.618 0.229812 
10 2.04 0.97989 0.960906 0.925944 0.0353582 -211.768 0.223828 
10 2.045 0.978942 0.959129 0.922778 0.0391766 -211.485 0.231341 
10 2.045 0.97952 0.96021 0.924707 0.0367105 -211.695 0.224882 
10 2.045 0.979516 0.960231 0.924827 0.0381108 -211.738 0.224426 
10 2.05 0.97916 0.959532 0.923494 0.0379324 -211.525 0.232286 
10 2.05 0.979074 0.959358 0.923146 0.0376811 -211.5 0.229995 
10 2.05 0.978376 0.95803 0.920726 0.0395513 -211.268 0.233826 
10 2.055 0.978196 0.957735 0.920316 0.0422319 -211.23 0.237177 
10 2.055 0.977758 0.956859 0.918615 0.0412912 -211.054 0.244303 
10 2.055 0.978718 0.958707 0.922035 0.0398091 -211.419 0.233755 
10 2.06 0.978232 0.957773 0.920294 0.0405551 -211.233 0.234485 
10 2.06 0.977746 0.956824 0.918517 0.0406291 -211.024 0.245712 
10 2.06 0.977772 0.956915 0.918788 0.0425551 -211.058 0.241919 
10 2.065 0.977754 0.956858 0.918626 0.0414196 -211.023 0.240664 
10 2.065 0.977922 0.957222 0.919435 0.0431052 -211.177 0.241317 
10 2.065 0.977614 0.9566 0.918164 0.0421824 -210.978 0.24058 
10 2.07 0.977506 0.956407 0.917851 0.0429478 -210.978 0.241122 
10 2.07 0.977198 0.955782 0.916598 0.0418487 -210.821 0.246963 
10 2.07 0.977902 0.95716 0.919228 0.0419265 -211.112 0.236446 
10 2.075 0.977566 0.956491 0.917916 0.0412162 -210.974 0.237978 
10 2.075 0.977238 0.95583 0.916611 0.0402858 -210.799 0.240998 
10 2.075 0.977114 0.955655 0.916482 0.0435061 -210.857 0.242928 
10 2.08 0.976898 0.955235 0.915699 0.043547 -210.714 0.252066 
10 2.08 0.976458 0.954448 0.914396 0.0470257 -210.664 0.251822 
10 2.08 0.977004 0.95538 0.915777 0.0405377 -210.704 0.241146 
10 2.085 0.976684 0.954813 0.914877 0.0432213 -210.664 0.245292 
10 2.085 0.976108 0.953694 0.912769 0.0434941 -210.455 0.248941 
10 2.085 0.976558 0.954568 0.914412 0.0432668 -210.587 0.246809 
10 2.09 0.9755 0.952578 0.910859 0.0467593 -210.27 0.25669 
10 2.09 0.976302 0.954134 0.913764 0.0463256 -210.541 0.253677 
10 2.09 0.976006 0.953512 0.912481 0.0442224 -210.415 0.253204 
10 2.095 0.975378 0.952344 0.91039 0.0468409 -210.21 0.254763 
10 2.095 0.97577 0.953133 0.911985 0.0480032 -210.358 0.258595 
10 2.095 0.975404 0.952397 0.910522 0.046965 -210.196 0.255324 
10 2.1 0.975532 0.95263 0.910933 0.0460437 -210.237 0.259025 
10 2.1 0.975484 0.952557 0.910842 0.0470555 -210.204 0.25968 
10 2.1 0.97531 0.952278 0.910455 0.0499449 -210.21 0.2625 
10 2.105 0.9742 0.950068 0.906179 0.0476143 -209.726 0.268408 
10 2.105 0.974972 0.951717 0.909505 0.054457 -210.123 0.258827 
10 2.105 0.974514 0.950741 0.907631 0.0505208 -209.865 0.27211 
10 2.11 0.97444 0.950551 0.907127 0.0482373 -209.853 0.263725 
10 2.11 0.974636 0.950918 0.907775 0.0475312 -209.843 0.263782 
10 2.11 0.97439 0.950491 0.907132 0.0500174 -209.835 0.266328 
10 2.115 0.974502 0.950742 0.907552 0.051437 -209.865 0.260841 
10 2.115 0.973576 0.948958 0.904361 0.0523694 -209.514 0.27308 
10 2.115 0.974154 0.950046 0.90633 0.0505808 -209.825 0.263365 
10 2.12 0.97351 0.948845 0.904198 0.0529774 -209.581 0.273574 
10 2.12 0.973802 0.949393 0.905171 0.0520125 -209.595 0.277293 
10 2.12 0.973584 0.94899 0.904507 0.0530318 -209.559 0.278021 
10 2.125 0.973676 0.949106 0.904535 0.049909 -209.521 0.274693 
10 2.125 0.97337 0.948576 0.903722 0.0530223 -209.547 0.270359 
10 2.125 0.973312 0.948425 0.903316 0.0512334 -209.423 0.269267 
10 2.13 0.972538 0.946974 0.900713 0.0536807 -209.128 0.28053 
10 2.13 0.972232 0.946464 0.900012 0.0576854 -209.135 0.286051 
10 2.13 0.972332 0.946591 0.900097 0.0545203 -209.083 0.291047 
10 2.135 0.972354 0.946661 0.900304 0.0556618 -209.121 0.286969 
10 2.135 0.972058 0.946046 0.899028 0.0538494 -208.99 0.282972 
10 2.135 0.972638 0.947182 0.901189 0.0542089 -209.269 0.272358 
10 2.14 0.97195 0.945834 0.898599 0.053598 -208.874 0.28461 
10 2.14 0.97192 0.945917 0.899114 0.0602128 -208.979 0.293495 
10 2.14 0.971428 0.944951 0.897283 0.0597477 -208.855 0.288175 
10 2.145 0.971448 0.944889 0.896918 0.054899 -208.774 0.279681 
10 2.145 0.971084 0.944268 0.895979 0.0589065 -208.71 0.289504 
10 2.145 0.971088 0.944317 0.896074 0.0608269 -208.691 0.29017 
10 2.15 0.97078 0.943656 0.894776 0.057754 -208.631 0.284831 
10 2.15 0.970668 0.943507 0.894722 0.0609504 -208.674 0.291725 
10 2.15 0.970452 0.943171 0.894114 0.0648351 -208.473 0.297712 
10 2.155 0.969714 0.941601 0.890986 0.0582644 -208.174 0.294791 
10 2.155 0.970294 0.942876 0.893686 0.065221 -208.508 0.293974 
10 2.155 0.970742 0.943526 0.894376 0.0550427 -208.506 0.282187 
10 2.16 0.970132 0.942433 0.892609 0.0591029 -208.374 0.293782 
10 2.16 0.970126 0.942488 0.892915 0.0621919 -208.399 0.30243 
10 2.16 0.971066 0.944176 0.895665 0.0558807 -208.595 0.290836 
10 2.165 0.9694 0.941094 0.890299 0.0626901 -208.074 0.303446 
10 2.165 0.96991 0.942011 0.891827 0.0593881 -208.25 0.293777 
10 2.165 0.969218 0.940702 0.889487 0.06089 -208.042 0.296615 
10 2.17 0.969048 0.940476 0.889259 0.0655435 -208.018 0.301146 
10 2.17 0.969154 0.940625 0.889464 0.0629163 -208.043 0.301346 
10 2.17 0.969358 0.940989 0.890048 0.0614815 -208.027 0.300685 
10 2.175 0.968448 0.939333 0.887264 0.0662801 -207.818 0.307312 
10 2.175 0.967522 0.937677 0.884425 0.07256 -207.518 0.318021 
10 2.175 0.968322 0.939044 0.886558 0.0641979 -207.697 0.303544 
10 2.18 0.968596 0.939531 0.887387 0.0620564 -207.799 0.303932 
10 2.18 0.967954 0.938428 0.885668 0.0685016 -207.67 0.314624 
10 2.18 0.96846 0.939369 0.887332 0.0667132 -207.793 0.309116 
10 2.185 0.967138 0.93692 0.883012 0.0715958 -207.399 0.316616 
10 2.185 0.967454 0.937421 0.883749 0.0665445 -207.421 0.314143 
10 2.185 0.966884 0.936365 0.8819 0.0686522 -207.3 0.316887 
10 2.19 0.96671 0.936049 0.88138 0.0694601 -207.233 0.321524 
10 2.19 0.96692 0.936513 0.882325 0.0720892 -207.244 0.318924 
10 2.19 0.967654 0.937848 0.884669 0.0682126 -207.56 0.318593 
10 2.195 0.96575 0.934414 0.878722 0.0792974 -206.949 0.325266 
10 2.195 0.966746 0.936199 0.881779 0.0729354 -207.252 0.321262 
10 2.195 0.966956 0.936464 0.881985 0.0665227 -207.243 0.318539 
10 2.2 0.96629 0.935305 0.88017 0.0721962 -207.125 0.31967 
10 2.2 0.965508 0.933874 0.877696 0.0758174 -206.877 0.327253 
10 2.2 0.966302 0.935316 0.880104 0.0716584 -207.072 0.319823 
10 2.205 0.965482 0.933839 0.877642 0.0763314 -206.83 0.332643 
10 2.205 0.96498 0.932851 0.875762 0.075483 -206.61 0.329307 
10 2.205 0.965038 0.933077 0.876375 0.0806866 -206.625 0.334487 
10 2.21 0.964692 0.932228 0.874483 0.07226 -206.495 0.326401 
10 2.21 0.965326 0.93349 0.876788 0.0739943 -206.613 0.329109 
10 2.21 0.965212 0.933264 0.876416 0.0737391 -206.664 0.324659 
10 2.215 0.963806 0.930785 0.872513 0.0840973 -206.396 0.340613 
10 2.215 0.964036 0.931118 0.872702 0.0791165 -206.272 0.341172 
10 2.215 0.96445 0.93179 0.873766 0.0734193 -206.486 0.327317 
10 2.22 0.964056 0.931145 0.872901 0.0784085 -206.376 0.340168 
10 2.22 0.963798 0.930653 0.871892 0.078689 -206.208 0.334301 
10 2.22 0.963186 0.929665 0.870622 0.0872923 -206.165 0.352473 
10 2.225 0.962856 0.928923 0.868963 0.0823264 -205.94 0.338885 
10 2.225 0.962484 0.928268 0.867844 0.0850692 -205.822 0.346053 
10 2.225 0.962678 0.928528 0.868053 0.0799491 -205.818 0.343357 
10 2.23 0.962778 0.92867 0.868277 0.0774925 -205.904 0.340178 
10 2.23 0.96233 0.928009 0.867536 0.0865279 -205.729 0.361447 
10 2.23 0.962656 0.928503 0.868071 0.0805733 -205.805 0.347085 
10 2.235 0.96114 0.925848 0.863761 0.0920832 -205.419 0.353316 
10 2.235 0.962296 0.928 0.86751 0.0888773 -205.861 0.338728 
10 2.235 0.962214 0.927781 0.867095 0.086118 -205.767 0.349881 
10 2.24 0.960976 0.925486 0.863091 0.0897646 -205.295 0.362097 
10 2.24 0.96155 0.926513 0.86475 0.0863695 -205.46 0.351216 
10 2.24 0.961862 0.927094 0.865735 0.0854934 -205.59 0.347776 
10 2.245 0.960774 0.92499 0.861879 0.0847929 -205.208 0.343663 
10 2.245 0.960756 0.925033 0.862146 0.0882311 -205.227 0.353526 
10 2.245 0.961056 0.925501 0.86277 0.0834069 -205.25 0.35284 
10 2.25 0.960162 0.923918 0.860224 0.0891882 -205.028 0.362706 
10 2.25 0.959982 0.923602 0.859651 0.0905084 -204.96 0.363182 
10 2.25 0.960574 0.924757 0.861728 0.0913187 -205.155 0.356553 
10 2.255 0.959854 0.923367 0.859186 0.0907964 -204.909 0.357814 
10 2.255 0.95968 0.923047 0.858727 0.0914261 -204.881 0.364535 
10 2.255 0.959586 0.922956 0.858664 0.0953733 -204.926 0.363924 
10 2.26 0.95947 0.922595 0.857835 0.0890513 -204.8 0.361432 
10 2.26 0.95938 0.922425 0.857537 0.0891618 -204.747 0.362913 
10 2.26 0.95945 0.92254 0.857655 0.0882999 -204.757 0.35733 
10 2.265 0.958206 0.92033 0.854013 0.0958738 -204.412 0.370709 
10 2.265 0.958412 0.920779 0.854906 0.0982586 -204.469 0.373203 
10 2.265 0.958636 0.921191 0.855697 0.0975037 -204.542 0.372742 
10 2.27 0.957356 0.918972 0.852152 0.107544 -204.253 0.383366 
10 2.27 0.957046 0.918305 0.850897 0.104308 -204.141 0.386156 
10 2.27 0.957224 0.918545 0.851025 0.0998755 -204.069 0.37758 
10 2.275 0.95738 0.918877 0.851737 0.101114 -204.166 0.381474 
10 2.275 0.957358 0.918828 0.851518 0.100815 -204.081 0.373262 
10 2.275 0.956274 0.916989 0.84867 0.111166 -203.868 0.385705 
10 2.28 0.956442 0.917103 0.848456 0.101847 -203.848 0.380597 
10 2.28 0.95688 0.917906 0.849831 0.100303 -204.011 0.373166 
10 2.28 0.956686 0.917827 0.85016 0.113113 -204.008 0.380747 
10 2.285 0.955424 0.915404 0.84579 0.112439 -203.549 0.382814 
10 2.285 0.95593 0.916223 0.847206 0.105952 -203.709 0.393169 
10 2.285 0.955226 0.914924 0.844916 0.10799 -203.469 0.393819 
10 2.29 0.955488 0.915265 0.845204 0.100763 -203.484 0.383031 
10 2.29 0.955756 0.916208 0.847556 0.119563 -203.74 0.396594 
10 2.29 0.954614 0.913851 0.843066 0.111947 -203.238 0.392815 
10 2.295 0.954976 0.914372 0.843833 0.104281 -203.378 0.392053 
10 2.295 0.953844 0.912382 0.840361 0.111719 -203.067 0.391659 
10 2.295 0.95388 0.912511 0.840779 0.114338 -203.109 0.394795 
10 2.3 0.95259 0.910079 0.83668 0.115267 -202.677 0.410441 
10 2.3 0.953778 0.912122 0.839835 0.105633 -202.961 0.395287 
10 2.3 0.953992 0.912666 0.841072 0.111544 -203.105 0.398797 
10 2.305 0.952888 0.910692 0.837764 0.117004 -202.753 0.400757 
10 2.305 0.95233 0.909727 0.836193 0.12124 -202.608 0.405408 
10 2.305 0.953036 0.910784 0.83762 0.108744 -202.743 0.397509 
10 2.31 0.951718 0.908457 0.833824 0.116447 -202.355 0.412335 
10 2.31 0.952696 0.910156 0.836379 0.109372 -202.582 0.394078 
10 2.31 0.951838 0.90885 0.834784 0.123577 -202.448 0.411291 
10 2.315 0.950866 0.907178 0.83223 0.130953 -202.284 0.423933 
10 2.315 0.951852 0.908802 0.834449 0.120076 -202.401 0.40413 
10 2.315 0.950804 0.906877 0.831292 0.123072 -202.059 0.419154 
10 2.32 0.949304 0.904111 0.826498 0.12642 -201.648 0.418093 
10 2.32 0.95099 0.90746 0.832591 0.132685 -202.184 0.426221 
10 2.32 0.949992 0.905413 0.828792 0.1262 -201.807 0.428653 
10 2.325 0.949568 0.90463 0.827519 0.126908 -201.711 0.427068 
10 2.325 0.95036 0.90615 0.830283 0.127575 -202.022 0.432266 
10 2.325 0.948696 0.902928 0.824306 0.12492 -201.376 0.423222 
10 2.33 0.949742 0.904883 0.827867 0.12329 -201.773 0.42669 
10 2.33 0.948802 0.903529 0.826029 0.14181 -201.62 0.427771 
10 2.33 0.949442 0.904375 0.826985 0.125961 -201.649 0.419626 
10 2.335 0.94806 0.901897 0.822826 0.131875 -201.292 0.42305 
10 2.335 0.948464 0.90278 0.824552 0.136889 -201.393 0.431556 
10 2.335 0.948112 0.902048 0.823243 0.134103 -201.303 0.435218 
10 2.34 0.94769 0.901469 0.822615 0.143266 -201.255 0.440911 
10 2.34 0.94741 0.90076 0.821037 0.135662 -201.017 0.437221 
10 2.34 0.948032 0.901755 0.822545 0.127804 -201.205 0.428738 
10 2.345 0.946562 0.899549 0.819551 0.152209 -200.984 0.445927 
10 2.345 0.94741 0.900708 0.820876 0.133138 -201.02 0.435329 
10 2.345 0.946718 0.899588 0.819225 0.141296 -200.865 0.438242 
10 2.35 0.946278 0.898684 0.817616 0.137953 -200.775 0.436555 
10 2.35 0.9455 0.897136 0.814777 0.134716 -200.509 0.443758 
10 2.35 0.9454 0.897276 0.815358 0.148713 -200.467 0.457419 
10 2.355 0.946614 0.899284 0.818519 0.136152 -200.821 0.436464 
10 2.355 0.944852 0.89654 0.814485 0.161154 -200.356 0.459684 
10 2.355 0.944306 0.895475 0.812743 0.159717 -200.254 0.459368 
10 2.36 0.94359 0.894046 0.810099 0.156079 -199.989 0.46275 
10 2.36 0.94457 0.895898 0.813365 0.156174 -200.313 0.450738 
10 2.36 0.94392 0.894496 0.810675 0.148752 -200.029 0.4603 
10 2.365 0.94318 0.893397 0.809199 0.16103 -199.916 0.460035 
10 2.365 0.943826 0.894446 0.810653 0.153866 -199.978 0.451504 
10 2.365 0.94224 0.891776 0.80677 0.167433 -199.637 0.475106 
10 2.37 0.942656 0.892755 0.808507 0.175318 -199.765 0.476839 
10 2.37 0.941516 0.89025 0.803809 0.160227 -199.34 0.468932 
10 2.37 0.943398 0.893711 0.809428 0.156574 -199.922 0.443256 
10 2.375 0.94145 0.890426 0.804682 0.172535 -199.485 0.477382 
10 2.375 0.942378 0.89163 0.805753 0.149611 -199.407 0.466954 
10 2.375 0.941322 0.890195 0.804046 0.172964 -199.35 0.467731 
10 2.38 0.940524 0.88869 0.801553 0.172442 -199.111 0.473802 
10 2.38 0.94025 0.888068 0.800345 0.167969 -198.948 0.48399 
10 2.38 0.940284 0.888385 0.801271 0.178602 -199.069 0.488339 
10 2.385 0.93785 0.883946 0.794015 0.183771 -198.338 0.511273 
10 2.385 0.939114 0.886009 0.796859 0.17081 -198.641 0.480328 
10 2.385 0.939046 0.885857 0.79656 0.169792 -198.652 0.489798 
10 2.39 0.939354 0.886432 0.797676 0.169306 -198.807 0.478582 
10 2.39 0.937356 0.883167 0.792455 0.189569 -198.246 0.491144 
10 2.39 0.93938 0.886328 0.797153 0.162899 -198.586 0.481206 
10 2.395 0.937598 0.883583 0.793417 0.187602 -198.332 0.488585 
10 2.395 0.937254 0.883072 0.792757 0.19321 -198.267 0.499891 
10 2.395 0.938428 0.884718 0.794551 0.169988 -198.285 0.48688 
10 2.4 0.937504 0.883367 0.792908 0.185554 -198.248 0.493807 
10 2.4 0.937882 0.883906 0.7937 0.178491 -198.241 0.50061 
10 2.4 0.93656 0.881757 0.790245 0.192174 -197.958 0.498238 
10 2.405 0.93672 0.882207 0.791475 0.198013 -198.051 0.50112 
10 2.405 0.93473 0.878747 0.785896 0.209022 -197.507 0.521269 
10 2.405 0.935344 0.879695 0.787171 0.200682 -197.676 0.506214 
10 2.41 0.934714 0.878293 0.784589 0.190998 -197.398 0.512695 
10 2.41 0.934198 0.877956 0.78466 0.217028 -197.442 0.518389 
10 2.41 0.934112 0.877684 0.784094 0.2124 -197.371 0.515789 
10 2.415 0.933654 0.876511 0.781872 0.198791 -197.12 0.524066 
10 2.415 0.932772 0.875005 0.779349 0.204598 -196.97 0.512631 
10 2.415 0.934344 0.877303 0.782124 0.178236 -197.117 0.486748 
10 2.42 0.932252 0.874167 0.778336 0.209635 -196.877 0.525259 
10 2.42 0.932104 0.873796 0.777319 0.205698 -196.645 0.527878 
10 2.42 0.933254 0.876055 0.78166 0.210422 -197.161 0.523244 
10 2.425 0.932902 0.875206 0.779667 0.202064 -196.862 0.511848 
10 2.425 0.932052 0.873506 0.7768 0.197309 -196.663 0.515311 
10 2.425 0.931626 0.872728 0.775329 0.197997 -196.415 0.514321 
10 2.43 0.932294 0.873778 0.776982 0.189528 -196.558 0.522571 
10 2.43 0.931088 0.872065 0.774733 0.21151 -196.386 0.528814 
10 2.43 0.93023 0.870668 0.772531 0.219754 -196.105 0.531121 
10 2.435 0.930986 0.871773 0.773993 0.206899 -196.227 0.526031 
10 2.435 0.929224 0.868748 0.76953 0.217276 -195.903 0.544174 
10 2.435 0.92998 0.870376 0.772588 0.226428 -196.197 0.536441 
10 2.44 0.92815 0.867226 0.767274 0.23623 -195.592 0.536643 
10 2.44 0.928448 0.867437 0.767595 0.22217 -195.642 0.547035 
10 2.44 0.927974 0.867006 0.766993 0.240573 -195.585 0.534423 
10 2.445 0.927912 0.866348 0.765382 0.217906 -195.459 0.533193 
10 2.445 0.927368 0.865529 0.764301 0.22568 -195.296 0.550689 
10 2.445 0.926862 0.864786 0.762988 0.233639 -195.178 0.541834 
10 2.45 0.924548 0.860967 0.757418 0.252175 -194.659 0.559104 
10 2.45 0.924526 0.861026 0.757948 0.256214 -194.849 0.561902 
10 2.45 0.926284 0.864062 0.762699 0.247365 -195.244 0.561871 
10 2.455 0.923932 0.859876 0.755643 0.253607 -194.441 0.56871 
10 2.455 0.924496 0.861176 0.758472 0.264099 -194.751 0.581255 
10 2.455 0.925518 0.86288 0.760836 0.256482 -195.056 0.557296 
10 2.46 0.921906 0.856299 0.750239 0.259701 -194.06 0.584104 
10 2.46 0.924508 0.860613 0.756522 0.239743 -194.421 0.568255 
10 2.46 0.922412 0.857698 0.752885 0.278619 -194.242 0.570617 
10 2.465 0.922436 0.857124 0.751136 0.252988 -193.959 0.566749 
10 2.465 0.921918 0.85599 0.749258 0.24571 -193.842 0.573213 
10 2.465 0.924094 0.860116 0.756321 0.250145 -194.559 0.57288 
10 2.47 0.920908 0.854792 0.747992 0.272067 -193.796 0.568591 
10 2.47 0.92114 0.855136 0.748555 0.268689 -193.771 0.578815 
10 2.47 0.922206 0.856841 0.750963 0.258166 -194.086 0.566826 
10 2.475 0.920504 0.854159 0.746933 0.27602 -193.664 0.566352 
10 2.475 0.921176 0.855107 0.748286 0.264316 -193.795 0.579949 
10 2.475 0.920486 0.854042 0.747007 0.272626 -193.649 0.573825 
10 2.48 0.918868 0.850804 0.741163 0.261516 -192.972 0.59255 
10 2.48 0.918604 0.851363 0.743538 0.303625 -193.351 0.591889 
10 2.48 0.919072 0.851737 0.743438 0.284004 -193.197 0.599482 
10 2.485 0.91778 0.849495 0.739762 0.288726 -192.872 0.586868 
10 2.485 0.917286 0.849005 0.739794 0.305473 -192.994 0.605099 
10 2.485 0.915226 0.845287 0.733915 0.307788 -192.317 0.616217 
10 2.49 0.916338 0.84693 0.736138 0.29137 -192.462 0.620357 
10 2.49 0.914714 0.844694 0.733329 0.320958 -192.267 0.624084 
10 2.49 0.916178 0.846787 0.735753 0.297368 -192.586 0.59889 
10 2.495 0.914166 0.843551 0.731221 0.314703 -192.197 0.617709 
10 2.495 0.914662 0.844323 0.732136 0.309285 -192.131 0.61321 
10 2.495 0.915746 0.846133 0.735097 0.302292 -192.412 0.622383 
10 2.5 0.91421 0.843604 0.73118 0.312981 -192.049 0.617613 
10 2.5 0.912666 0.841419 0.72845 0.338375 -191.76 0.628799 
10 2.5 0.913414 0.842094 0.728754 0.310763 -191.782 0.612954 
10 2.505 0.911626 0.839444 0.725219 0.334614 -191.477 0.630011 
10 2.505 0.912496 0.840579 0.726556 0.316551 -191.651 0.617452 
10 2.505 0.911644 0.839112 0.72419 0.320045 -191.366 0.625536 
10 2.51 0.911426 0.838949 0.723946 0.328757 -191.217 0.624404 
10 2.51 0.911566 0.839154 0.724479 0.326764 -191.225 0.635134 
10 2.51 0.91061 0.837341 0.721707 0.323918 -191.143 0.630788 
10 2.515 0.910432 0.837164 0.721384 0.329138 -191.042 0.633574 
10 2.515 0.909198 0.835524 0.719343 0.353212 -190.79 0.639966 
10 2.515 0.90802 0.833703 0.71639 0.365894 -190.596 0.634422 
10 2.52 0.909172 0.834858 0.717549 0.32796 -190.599 0.630164 
10 2.52 0.907948 0.833328 0.715697 0.355477 -190.554 0.622393 
10 2.52 0.907832 0.833238 0.716035 0.360271 -190.413 0.650729 
10 2.525 0.908492 0.8337 0.715703 0.330384 -190.478 0.628419 
10 2.525 0.9063 0.830422 0.711335 0.358118 -190.048 0.639387 
10 2.525 0.905248 0.829182 0.710529 0.384481 -189.844 0.677116 
10 2.53 0.904696 0.82796 0.707977 0.374926 -189.718 0.647481 
10 2.53 0.906892 0.831039 0.711817 0.339375 -190.162 0.626947 
10 2.53 0.903778 0.826329 0.705007 0.37606 -189.391 0.646423 
10 2.535 0.902704 0.825094 0.704226 0.403123 -189.392 0.66322 
10 2.535 0.903886 0.826248 0.7053 0.364433 -189.545 0.656407 
10 2.535 0.900732 0.821536 0.698909 0.403059 -188.73 0.687116 
10 2.54 0.9023 0.824241 0.703073 0.397464 -189.122 0.682921 
10 2.54 0.901124 0.822361 0.700495 0.406946 -189.005 0.683354 
10 2.54 0.902646 0.823795 0.70082 0.355326 -188.977 0.650353 
10 2.545 0.900368 0.820764 0.697438 0.396898 -188.632 0.687678 
10 2.545 0.901178 0.821775 0.698362 0.379295 -188.751 0.664755 
10 2.545 0.901212 0.822374 0.700018 0.400423 -188.923 0.666119 
10 2.55 0.898648 0.818574 0.694892 0.431605 -188.217 0.688195 
10 2.55 0.898726 0.818114 0.693616 0.408076 -188.345 0.678599 
10 2.55 0.900654 0.821709 0.699591 0.412989 -188.896 0.683021 
10 2.555 0.895488 0.81279 0.686011 0.426275 -187.442 0.704091 
10 2.555 0.895944 0.813734 0.687342 0.431259 -187.551 0.695556 
10 2.555 0.897156 0.815524 0.689776 0.416241 -187.844 0.67869 
10 2.56 0.893716 0.810972 0.684511 0.478276 -187.317 0.720008 
10 2.56 0.89609 0.813772 0.6872 0.421686 -187.559 0.689191 
10 2.56 0.894844 0.812205 0.685608 0.447627 -187.563 0.697831 
10 2.565 0.891114 0.806501 0.678127 0.484103 -186.596 0.744753 
10 2.565 0.892644 0.808121 0.679335 0.440847 -186.836 0.712295 
10 2.565 0.893212 0.809608 0.681966 0.459281 -187.148 0.701968 
10 2.57 0.889384 0.804199 0.675092 0.51343 -186.38 0.742479 
10 2.57 0.89282 0.80882 0.680614 0.454943 -186.885 0.72214 
10 2.57 0.891822 0.807618 0.679342 0.477486 -186.667 0.717538 
10 2.575 0.890546 0.804595 0.673802 0.447504 -186.263 0.715267 
10 2.575 0.887806 0.800995 0.669997 0.496913 -185.927 0.740861 
10 2.575 0.887798 0.801294 0.670633 0.509084 -186.025 0.734128 
10 2.58 0.886314 0.799714 0.669395 0.548887 -185.79 0.751917 
10 2.58 0.888896 0.80276 0.672363 0.489302 -186.021 0.744228 
10 2.58 0.88955 0.803679 0.673365 0.47984 -186.093 0.724381 
10 2.585 0.885614 0.797892 0.665801 0.525325 -185.489 0.742514 
10 2.585 0.8855 0.797222 0.664392 0.507234 -185.147 0.752388 
10 2.585 0.886116 0.797904 0.665442 0.491399 -185.519 0.740254 
10 2.59 0.883336 0.794645 0.661587 0.554539 -184.916 0.762284 
10 2.59 0.884672 0.795336 0.660814 0.490002 -184.843 0.735056 
10 2.59 0.882876 0.793114 0.658764 0.526782 -184.732 0.757046 
10 2.595 0.884872 0.795687 0.661404 0.488972 -184.878 0.744735 
10 2.595 0.883256 0.793395 0.658965 0.510759 -184.646 0.758448 
10 2.595 0.883968 0.794425 0.660069 0.501941 -184.919 0.740063 
10 2.6 0.877692 0.786364 0.651412 0.616186 -184.054 0.791134 
10 2.6 0.880816 0.790219 0.655146 0.553171 -184.291 0.778674 
10 2.6 0.881562 0.791436 0.657024 0.549391 -184.447 0.77428 
10 2.605 0.877718 0.785083 0.64781 0.564061 -183.475 0.793295 
10 2.605 0.879372 0.787844 0.65147 0.558483 -184.025 0.757812 
10 2.605 0.879442 0.787482 0.650429 0.539881 -183.846 0.755278 
10 2.61 0.877162 0.784017 0.646109 0.559518 -183.459 0.782233 
10 2.61 0.875314 0.781717 0.643254 0.595491 -183.201 0.776533 
10 2.61 0.875086 0.781954 0.644568 0.619879 -183.2 0.801443 
10 2.615 0.87243 0.778075 0.639789 0.647829 -182.923 0.806315 
10 2.615 0.874806 0.780658 0.642065 0.587849 -182.931 0.805353 
10 2.615 0.873704 0.779297 0.640085 0.609513 -182.78 0.786864 
10 2.62 0.871986 0.776279 0.635431 0.607617 -182.225 0.790804 
10 2.62 0.87276 0.777787 0.638332 0.613624 -182.609 0.795156 
10 2.62 0.872914 0.777353 0.636713 0.586803 -182.484 0.776478 
10 2.625 0.872262 0.776106 0.634679 0.581541 -182.273 0.775259 
10 2.625 0.872222 0.776872 0.636754 0.613374 -182.288 0.797101 
10 2.625 0.872852 0.777489 0.637654 0.595003 -182.362 0.802659 
10 2.63 0.866734 0.768396 0.625489 0.652781 -181.322 0.81574 
10 2.63 0.865308 0.765999 0.62207 0.65554 -180.848 0.848659 
10 2.63 0.869134 0.772432 0.631134 0.647844 -181.869 0.813146 
10 2.635 0.864874 0.766259 0.623392 0.69268 -181.002 0.841622 
10 2.635 0.865972 0.768363 0.626723 0.700397 -181.365 0.831581 
10 2.635 0.865858 0.766982 0.623129 0.655489 -181.09 0.812896 
10 2.64 0.861048 0.760296 0.615114 0.715616 -180.294 0.843473 
10 2.64 0.861854 0.761392 0.616911 0.704526 -180.346 0.850587 
10 2.64 0.861944 0.761699 0.617531 0.710302 -180.462 0.859577 
10 2.645 0.859876 0.758328 0.612679 0.716113 -179.88 0.870389 
10 2.645 0.864094 0.764437 0.61976 0.672154 -180.609 0.830014 
10 2.645 0.861138 0.760127 0.614753 0.702002 -180.108 0.852222 
10 2.65 0.858256 0.755461 0.607876 0.711592 -179.42 0.838966 
10 2.65 0.857342 0.754306 0.607052 0.727182 -179.307 0.861564 
10 2.65 0.860784 0.759337 0.613164 0.693882 -179.954 0.816889 
10 2.655 0.85839 0.755533 0.607671 0.704314 -179.444 0.828836 
10 2.655 0.856752 0.754165 0.607715 0.758605 -179.535 0.853448 
10 2.655 0.855054 0.750894 0.602331 0.744894 -178.856 0.869733 
10 2.66 0.85407 0.750473 0.602995 0.790893 -178.895 0.875407 
10 2.66 0.855768 0.752211 0.603879 0.747059 -179.216 0.831139 
10 2.66 0.85292 0.748373 0.599472 0.785743 -178.482 0.874627 
10 2.665 0.85412 0.7496 0.600884 0.753446 -178.625 0.859591 
10 2.665 0.855752 0.751497 0.602819 0.71989 -178.882 0.832855 
10 2.665 0.853592 0.748284 0.598257 0.737887 -178.376 0.858274 
10 2.67 0.846406 0.738517 0.586921 0.828217 -177.32 0.887611 
10 2.67 0.844764 0.736392 0.585025 0.852636 -177.02 0.909736 
10 2.67 0.846992 0.738873 0.587284 0.804407 -177.313 0.899534 
10 2.675 0.8476 0.7401 0.588689 0.810243 -177.373 0.880093 
10 2.675 0.847076 0.739366 0.587622 0.816015 -177.237 0.891164 
10 2.675 0.845286 0.737039 0.585494 0.842253 -176.996 0.915599 
10 2.68 0.845458 0.73699 0.584862 0.828015 -176.847 0.91051 
10 2.68 0.843598 0.734445 0.582277 0.850271 -176.723 0.91383 
10 2.68 0.843834 0.733744 0.579837 0.809247 -176.516 0.898259 
10 2.685 0.842526 0.732628 0.578911 0.84833 -176.404 0.888485 
10 2.685 0.841658 0.731234 0.577811 0.850861 -176.308 0.912286 
10 2.685 0.84143 0.731159 0.577562 0.862349 -176.316 0.900985 
10 2.69 0.839286 0.727956 0.573648 0.875655 -175.583 0.956994 
10 2.69 0.838976 0.727746 0.573895 0.887179 -175.99 0.914561 
10 2.69 0.841362 0.731105 0.577737 0.862993 -176.086 0.912028 
10 2.695 0.834922 0.722391 0.567286 0.938622 -175.29 0.920979 
10 2.695 0.835224 0.722283 0.5666 0.915909 -175.16 0.922802 
10 2.695 0.83939 0.726952 0.57091 0.830281 -175.733 0.895802 
10 2.7 0.833282 0.719879 0.564094 0.945195 -174.675 0.948862 
10 2.7 0.835946 0.723542 0.568848 0.916142 -175.187 0.939676 
10 2.7 0.836274 0.723042 0.566662 0.87731 -174.883 0.932764 
10 2.705 0.829 0.713476 0.556105 0.969874 -173.931 0.950125 
10 2.705 0.826832 0.710431 0.552743 0.990014 -173.642 0.967366 
10 2.705 0.831844 0.716732 0.559143 0.915633 -174.341 0.925405 
10 2.71 0.830148 0.714047 0.555389 0.918857 -173.987 0.926716 
10 2.71 0.828232 0.711989 0.553281 0.960171 -173.622 0.940759 
10 2.71 0.830576 0.715022 0.557246 0.928617 -174.055 0.947254 
10 2.715 0.826366 0.709023 0.549774 0.962873 -173.317 0.939843 
10 2.715 0.824446 0.706842 0.547539 0.999294 -172.991 0.962175 
10 2.715 0.822764 0.705985 0.548567 1.06977 -172.948 0.996856 
10 2.72 0.82772 0.710664 0.551343 0.939118 -173.217 0.947817 
10 2.72 0.826352 0.708898 0.549304 0.957352 -173.111 0.938475 
10 2.72 0.820778 0.702081 0.54246 1.0443 -172.336 0.990676 
10 2.725 0.818554 0.698131 0.536863 1.03121 -171.845 0.985453 
10 2.725 0.819254 0.699294 0.538432 1.03181 -172.151 0.980058 
10 2.725 0.822368 0.703014 0.541572 0.980735 -172.481 0.935153 
10 2.73 0.820798 0.701193 0.54032 1.00673 -172.214 0.958141 
10 2.73 0.814896 0.693051 0.530544 1.0621 -171.241 0.979685 
10 2.73 0.819262 0.698846 0.536444 1.01302 -171.745 0.958827 
10 2.735 0.814954 0.693393 0.531033 1.06921 -171.072 0.986576 
10 2.735 0.817404 0.696502 0.534781 1.03666 -171.34 0.995176 
10 2.735 0.814086 0.691169 0.527147 1.03961 -170.888 0.953012 
10 2.74 0.808678 0.683702 0.518815 1.08549 -169.59 1.01789 
10 2.74 0.807964 0.6838 0.520051 1.13116 -170.148 0.9825 
10 2.74 0.809904 0.686286 0.523 1.10735 -170.329 0.998551 
10 2.745 0.806138 0.680568 0.515655 1.11874 -169.693 1.00312 
10 2.745 0.8076 0.682934 0.518681 1.11901 -169.737 1.01053 
10 2.745 0.804552 0.679078 0.51421 1.15753 -169.374 1.02657 
10 2.75 0.801772 0.675946 0.511439 1.2039 -169.058 1.03205 
10 2.75 0.803186 0.677532 0.513383 1.17905 -169.278 1.0151 
10 2.75 0.805318 0.680436 0.515957 1.15997 -169.463 1.01098 
10 2.755 0.80592 0.680023 0.514125 1.10767 -169.304 0.989031 
10 2.755 0.797806 0.669311 0.502142 1.19116 -168.015 1.00908 
10 2.755 0.802872 0.676056 0.510339 1.14164 -168.919 1.02383 
10 2.76 0.79677 0.668148 0.501776 1.20671 -168.188 1.02922 
10 2.76 0.799978 0.672817 0.506979 1.19031 -168.552 1.0135 
10 2.76 0.799774 0.672735 0.507355 1.19915 -168.467 1.03389 
10 2.765 0.791574 0.66127 0.494042 1.25426 -167.046 1.05758 
10 2.765 0.801484 0.674149 0.508041 1.14908 -168.704 1.00644 
10 2.765 0.794066 0.664065 0.495971 1.21246 -167.186 1.02056 
10 2.77 0.79155 0.661895 0.495839 1.27592 -167.099 1.07928 
10 2.77 0.791234 0.660171 0.491549 1.23176 -166.931 1.00553 
10 2.77 0.794058 0.664697 0.497563 1.23352 -167.67 1.01356 
10 2.775 0.789418 0.657562 0.488997 1.23895 -166.589 1.0494 
10 2.775 0.78742 0.65518 0.48611 1.26667 -166.21 1.04799 
10 2.775 0.7905 0.65865 0.489597 1.21655 -166.753 1.00555 
10 2.78 0.786376 0.65399 0.485167 1.28069 -166.202 1.03026 
10 2.78 0.787704 0.654584 0.484159 1.22686 -166.013 1.03617 
10 2.78 0.787134 0.655139 0.487063 1.27911 -166.035 1.08259 
10 2.785 0.781198 0.646459 0.475824 1.29941 -164.974 1.03931 
10 2.785 0.77742 0.642761 0.473992 1.37807 -164.932 1.0981 
10 2.785 0.782088 0.648496 0.47936 1.32259 -165.295 1.08553 
10 2.79 0.781212 0.647124 0.477165 1.32015 -165.206 1.06758 
10 2.79 0.777102 0.641804 0.470914 1.35901 -164.523 1.04911 
10 2.79 0.778858 0.644123 0.474337 1.3442 -164.976 1.06503 
10 2.795 0.768522 0.631415 0.460883 1.45937 -163.153 1.1055 
10 2.795 0.77063 0.632507 0.46047 1.38232 -163.335 1.07385 
10 2.795 0.773262 0.637098 0.467029 1.4012 -164.074 1.07021 
10 2.8 0.768738 0.629957 0.457085 1.39282 -162.894 1.06465 
10 2.8 0.770354 0.632603 0.461406 1.3985 -163.537 1.07424 
10 2.8 0.767482 0.628928 0.457409 1.42498 -163.017 1.09522 
10 2.805 0.766676 0.627396 0.455129 1.4119 -162.761 1.0767 
10 2.805 0.76561 0.625465 0.453234 1.4013 -162.734 1.06462 
10 2.805 0.766256 0.627749 0.455806 1.44744 -162.796 1.08656 
10 2.81 0.762574 0.622415 0.449374 1.45536 -161.845 1.09051 
10 2.81 0.761664 0.620857 0.447468 1.4493 -161.882 1.10148 
10 2.81 0.764842 0.625446 0.453436 1.43995 -162.438 1.09118 
10 2.815 0.760798 0.619765 0.447224 1.45474 -161.752 1.10252 
10 2.815 0.754634 0.611585 0.437655 1.496 -160.685 1.09183 
10 2.815 0.760902 0.62091 0.449243 1.48981 -162.207 1.07543 
10 2.82 0.757766 0.615032 0.4405 1.4476 -161.088 1.07928 
10 2.82 0.7551 0.61263 0.439803 1.50545 -160.801 1.12667 
10 2.82 0.755664 0.612394 0.437684 1.46688 -160.716 1.08733 
10 2.825 0.754244 0.611296 0.437335 1.5013 -160.563 1.08134 
10 2.825 0.76049 0.618759 0.444354 1.4306 -161.473 1.06915 
10 2.825 0.753082 0.60983 0.435637 1.51141 -160.3 1.08996 
10 2.83 0.751584 0.607343 0.432625 1.50051 -159.988 1.10136 
10 2.83 0.749224 0.604858 0.430169 1.53786 -159.761 1.09029 
10 2.83 0.751588 0.608171 0.434561 1.52954 -160.373 1.11389 
10 2.835 0.74804 0.603476 0.429409 1.54892 -160.025 1.0796 
10 2.835 0.744754 0.599706 0.425091 1.58898 -159.289 1.09565 
10 2.835 0.74688 0.601617 0.426478 1.54454 -159.4 1.08239 
10 2.84 0.745244 0.599816 0.425591 1.56436 -159.224 1.10083 
10 2.84 0.739246 0.59288 0.418916 1.63364 -158.506 1.13103 
10 2.84 0.738316 0.591926 0.418614 1.64843 -158.199 1.17643 
10 2.845 0.74205 0.595017 0.419219 1.55988 -158.535 1.09699 
10 2.845 0.736248 0.588745 0.414038 1.64091 -157.642 1.13741 
10 2.845 0.735008 0.585857 0.40981 1.60351 -157.471 1.11152 
10 2.85 0.74069 0.592565 0.416671 1.54186 -158.253 1.0941 
10 2.85 0.730732 0.581207 0.40579 1.65745 -156.934 1.14385 
10 2.85 0.735854 0.586879 0.41058 1.59292 -157.279 1.13012 
10 2.855 0.733666 0.58386 0.407418 1.59701 -157.047 1.10115 
10 2.855 0.73172 0.582831 0.407139 1.66084 -157.271 1.08579 
10 2.855 0.73204 0.582326 0.40642 1.62673 -157.197 1.1113 
10 2.86 0.726088 0.575269 0.399425 1.6806 -155.819 1.16456 
10 2.86 0.728788 0.578248 0.401707 1.64743 -156.432 1.10277 
10 2.86 0.72469 0.574166 0.399072 1.71296 -155.965 1.1435 
10 2.865 0.72308 0.570887 0.393913 1.67686 -155.567 1.11348 
10 2.865 0.721684 0.568889 0.391661 1.67752 -155.095 1.14054 
10 2.865 0.729088 0.578175 0.401547 1.62673 -156.202 1.12343 
10 2.87 0.717904 0.565462 0.390068 1.74479 -154.894 1.14755 
10 2.87 0.720202 0.568406 0.392934 1.73225 -155.331 1.14816 
10 2.87 0.718644 0.565524 0.388324 1.70994 -154.884 1.09277 
10 2.875 0.71422 0.560361 0.383354 1.74786 -154.102 1.12542 
10 2.875 0.718242 0.564961 0.387201 1.70747 -154.777 1.09562 
10 2.875 0.720908 0.567132 0.389431 1.64953 -154.919 1.12291 
10 2.88 0.710942 0.556611 0.380045 1.77682 -153.613 1.16067 
10 2.88 0.707632 0.554377 0.379825 1.86229 -153.676 1.16156 
10 2.88 0.707902 0.553428 0.378369 1.81607 -153.8 1.14021 
10 2.885 0.704554 0.548393 0.371699 1.80231 -152.827 1.13929 
10 2.885 0.707096 0.551439 0.374941 1.78349 -153.065 1.135 
10 2.885 0.70554 0.549612 0.372894 1.79639 -152.607 1.1519 
10 2.89 0.697422 0.540308 0.363873 1.8654 -151.546 1.15345 
10 2.89 0.707014 0.551476 0.374929 1.78572 -153.159 1.14278 
10 2.89 0.695496 0.537589 0.361771 1.86416 -151.437 1.15961 
10 2.895 0.695224 0.53703 0.360516 1.8547 -151.668 1.13706 
10 2.895 0.697402 0.540551 0.365071 1.87156 -151.94 1.13614 
10 2.895 0.698244 0.539621 0.362217 1.79884 -151.621 1.12317 
10 2.9 0.69898 0.540287 0.362004 1.78324 -151.79 1.11872 
10 2.9 0.688218 0.528069 0.351168 1.87672 -150.117 1.14888 
10 2.9 0.693348 0.534074 0.357624 1.83941 -151.015 1.15713 
10 2.905 0.690448 0.530157 0.353028 1.83955 -150.245 1.15002 
10 2.905 0.697718 0.539703 0.363049 1.82074 -151.602 1.12966 
10 2.905 0.695306 0.535497 0.357504 1.79163 -150.83 1.14124 
10 2.91 0.689294 0.529291 0.35214 1.86133 -150.202 1.13724 
10 2.91 0.682942 0.523174 0.347551 1.95066 -149.542 1.1596 
10 2.91 0.687506 0.527225 0.350105 1.87493 -149.976 1.14093 
10 2.915 0.689488 0.529008 0.35148 1.83926 -150.037 1.12989 
10 2.915 0.683978 0.522489 0.344752 1.87523 -149.263 1.11975 
10 2.915 0.681662 0.520471 0.343798 1.9145 -149.102 1.14119 
10 2.92 0.672638 0.510324 0.334983 1.98226 -147.968 1.15393 
10 2.92 0.681312 0.518748 0.341361 1.86857 -148.894 1.1308 
10 2.92 0.67649 0.514899 0.339646 1.96095 -148.814 1.13937 
10 2.925 0.670908 0.506049 0.329131 1.91217 -147.41 1.13811 
10 2.925 0.677138 0.51348 0.335633 1.87913 -148.227 1.11784 
10 2.925 0.672228 0.509917 0.334567 1.98381 -148.023 1.1398 
10 2.93 0.671552 0.50899 0.333518 1.97979 -147.548 1.18138 
10 2.93 0.668934 0.505015 0.32872 1.96392 -147.43 1.12321 
10 2.93 0.668252 0.503486 0.326663 1.94283 -147.183 1.12191 
10 2.935 0.666278 0.502741 0.327549 2.0039 -147.099 1.14264 
10 2.935 0.663968 0.499691 0.324001 2.00468 -146.225 1.16071 
10 2.935 0.666886 0.502521 0.326035 1.9688 -146.757 1.14436 
10 2.94 0.66608 0.498864 0.320353 1.87758 -146.396 1.09396 
10 2.94 0.662544 0.497501 0.321222 1.99102 -146.304 1.10979 
10 2.94 0.65668 0.490742 0.315379 2.02427 -145.425 1.13663 
10 2.945 0.661228 0.495074 0.318405 1.96441 -145.836 1.12255 
10 2.945 0.655098 0.489511 0.315072 2.04949 -145.43 1.14009 
10 2.945 0.653416 0.486002 0.310551 2.00507 -144.394 1.16015 
10 2.95 0.653952 0.486446 0.3104 1.99298 -144.664 1.13592 
10 2.95 0.648746 0.481168 0.306058 2.04395 -144.284 1.12737 
10 2.95 0.645836 0.477014 0.301814 2.03084 -143.796 1.13119 
10 2.955 0.641956 0.473571 0.299603 2.08 -143.262 1.15585 
10 2.955 0.652466 0.485018 0.30876 2.00698 -144.59 1.12309 
10 2.955 0.643336 0.475628 0.302065 2.08958 -143.518 1.16036 
10 2.96 0.64727 0.477728 0.30191 1.98545 -143.637 1.13355 
10 2.96 0.638702 0.469224 0.294527 2.0704 -142.794 1.12604 
10 2.96 0.639588 0.471223 0.297328 2.09966 -143.102 1.1344 
10 2.965 0.632294 0.464119 0.291977 2.16943 -142.106 1.15534 
10 2.965 0.6392 0.470329 0.2969 2.08272 -142.909 1.13443 
10 2.965 0.64233 0.473082 0.29814 2.04027 -142.884 1.15226 
10 2.97 0.633542 0.462323 0.286606 2.05212 -141.756 1.09052 
10 2.97 0.637174 0.466213 0.290809 2.02769 -142.053 1.14505 
10 2.97 0.64209 0.471771 0.295966 2.00308 -142.962 1.10957 
10 2.975 0.629478 0.458026 0.283378 2.07675 -140.902 1.12942 
10 2.975 0.629546 0.459048 0.285172 2.10824 -141.202 1.13001 
10 2.975 0.631472 0.460328 0.286054 2.06963 -141.074 1.12416 
10 2.98 0.626726 0.454554 0.280401 2.07277 -140.8 1.11173 
10 2.98 0.627942 0.456101 0.281742 2.0735 -141.156 1.09679 
10 2.98 0.632574 0.461393 0.286802 2.05515 -141.364 1.12999 
10 2.985 0.626946 0.455087 0.280274 2.07793 -140.712 1.09623 
10 2.985 0.624172 0.45126 0.277759 2.06596 -140.273 1.11812 
10 2.985 0.624032 0.45245 0.279296 2.11169 -140.585 1.09998 
10 2.99 0.617216 0.444137 0.271776 2.11309 -139.635 1.12238 
10 2.99 0.62676 0.453764 0.278652 2.03798 -140.717 1.09343 
10 2.99 0.610494 0.436245 0.26402 2.12514 -138.326 1.11627 
10 2.995 0.609848 0.435476 0.263861 2.12224 -137.637 1.14237 
10 2.995 0.616256 0.442156 0.269194 2.08297 -138.97 1.10531 
10 2.995 0.618764 0.445843 0.273546 2.10266 -139.225 1.16804 
10 3 0.60763 0.433879 0.262536 2.1555 -137.884 1.11098 
10 3 0.607238 0.433376 0.262362 2.15462 -138.116 1.12753 
10 3 0.613626 0.439362 0.266123 2.09418 -138.683 1.09289 
10 3.005 0.60866 0.43322 0.260914 2.08829 -137.915 1.09185 
10 3.005 0.610726 0.437076 0.265202 2.13278 -138.199 1.1199 
10 3.005 0.607118 0.431926 0.259846 2.10762 -138.128 1.06984 
10 3.01 0.608378 0.433213 0.260563 2.09599 -137.782 1.09674 
10 3.01 0.60577 0.430847 0.259147 2.12259 -137.821 1.08215 
10 3.01 0.609854 0.433929 0.260442 2.06002 -138.146 1.04951 
10 3.015 0.600918 0.425443 0.254595 2.13401 -137.033 1.08609 
10 3.015 0.599256 0.422955 0.252083 2.11764 -136.834 1.08223 
10 3.015 0.596992 0.421825 0.251943 2.17001 -136.892 1.08423 
10 3.02 0.593458 0.417006 0.247007 2.14615 -135.778 1.10162 
10 3.02 0.58756 0.409898 0.239712 2.14143 -134.578 1.0753 
10 3.02 0.598228 0.42155 0.250043 2.1084 -136.364 1.05036 
10 3.025 0.588604 0.412704 0.243856 2.19008 -135.278 1.08885 
10 3.025 0.592086 0.414451 0.243746 2.11189 -135.495 1.06633 
10 3.025 0.592308 0.41527 0.244842 2.13028 -135.892 1.06449 
10 3.03 0.58623 0.409659 0.241035 2.17799 -134.882 1.0836 
10 3.03 0.58805 0.409881 0.239841 2.1148 -135.371 1.04361 
10 3.03 0.585932 0.408211 0.238643 2.14174 -134.725 1.05933 
10 3.035 0.579282 0.400476 0.232389 2.13865 -133.854 1.07817 
10 3.035 0.574996 0.397188 0.230155 2.19332 -133.455 1.06316 
10 3.035 0.588102 0.410761 0.241545 2.13828 -135.312 1.0542 
10 3.04 0.575022 0.396882 0.229972 2.17866 -133.061 1.08101 
10 3.04 0.581302 0.402309 0.233577 2.11834 -133.827 1.08494 
10 3.04 0.575478 0.396999 0.229504 2.16527 -133.415 1.04238 
10 3.045 0.574768 0.396928 0.229993 2.18621 -133.301 1.05176 
10 3.045 0.577932 0.399507 0.231374 2.15111 -133.265 1.07449 
10 3.045 0.575176 0.396911 0.229627 2.17023 -133.208 1.05841 
10 3.05 0.571162 0.391448 0.224045 2.13842 -132.412 1.05122 
10 3.05 0.56771 0.388803 0.222736 2.1806 -132.329 1.05694 
10 3.05 0.570166 0.391513 0.224702 2.17784 -132.695 1.03425 
10 3.055 0.565662 0.386752 0.220707 2.18587 -131.835 1.02919 
10 3.055 0.56511 0.386171 0.220804 2.18729 -131.797 1.04738 
10 3.055 0.568072 0.388776 0.22276 2.16268 -132.179 1.04754 
10 3.06 0.564388 0.383358 0.216659 2.11842 -131.507 1.02024 
10 3.06 0.55953 0.380249 0.215561 2.19527 -131.089 1.04356 
10 3.06 0.565372 0.384443 0.217699 2.11755 -131.53 1.01864 
10 3.065 0.556394 0.376757 0.212802 2.19193 -130.8 1.02923 
10 3.065 0.558318 0.378572 0.214108 2.18118 -131.015 1.01922 
10 3.065 0.55838 0.377875 0.212554 2.15616 -130.48 1.02446 
10 3.07 0.556302 0.375322 0.210973 2.14495 -130.452 1.0247 
10 3.07 0.55516 0.373609 0.208924 2.13052 -130.188 1.01597 
10 3.07 0.54711 0.366587 0.204492 2.19081 -129.403 1.03399 
10 3.075 0.552608 0.371795 0.207864 2.15999 -129.407 1.03016 
10 3.075 0.547984 0.366653 0.203682 2.15825 -128.918 1.03697 
10 3.075 0.554738 0.37296 0.207807 2.12117 -129.755 1.00076 
10 3.08 0.549262 0.367149 0.203378 2.12535 -128.96 1.00869 
10 3.08 0.549962 0.369111 0.205196 2.16406 -129.348 1.01838 
10 3.08 0.54673 0.364525 0.2009 2.13025 -128.734 0.996324 
10 3.085 0.539278 0.357479 0.196737 2.16071 -127.888 1.02351 
10 3.085 0.53931 0.356366 0.194063 2.12353 -127.667 0.997339 
10 3.085 0.538122 0.35707 0.196175 2.18785 -127.936 1.00695 
10 3.09 0.538334 0.356037 0.194181 2.14347 -127.632 0.985497 
10 3.09 0.531286 0.350647 0.192019 2.21301 -127.257 1.0162 
10 3.09 0.539026 0.357859 0.197254 2.17831 -128.019 1.01686 
10 3.095 0.531876 0.348769 0.188846 2.12851 -126.922 0.994713 
10 3.095 0.53292 0.350996 0.190799 2.16453 -127.215 0.999178 
10 3.095 0.533674 0.351356 0.190886 2.15017 -127.052 0.995884 
10 3.1 0.527742 0.345101 0.185989 2.14805 -126.218 0.991578 
10 3.1 0.530324 0.348069 0.188103 2.15567 -126.61 0.968777 
10 3.1 0.531202 0.34903 0.189162 2.15658 -126.711 1.0005 
10 3.105 0.529274 0.345564 0.185021 2.10734 -126.319 0.950903 
10 3.105 0.52734 0.343889 0.184371 2.11921 -126.151 0.9725 
10 3.105 0.52785 0.344614 0.184665 2.12523 -126.341 0.961036 
10 3.11 0.525558 0.34275 0.184114 2.13952 -125.968 0.977292 
10 3.11 0.523578 0.340584 0.182286 2.13665 -125.801 0.990851 
10 3.11 0.525888 0.342354 0.182815 2.11563 -125.748 0.944774 
10 3.115 0.520006 0.336776 0.179241 2.13065 -125.182 0.951854 
10 3.115 0.519834 0.33754 0.180525 2.16091 -125.468 0.972785 
10 3.115 0.52351 0.33945 0.180725 2.09911 -125.595 0.955619 
10 3.12 0.515024 0.330464 0.172938 2.0902 -124.568 0.917613 
10 3.12 0.514622 0.332065 0.176436 2.15477 -124.473 0.964354 
10 3.12 0.517178 0.333443 0.176145 2.11443 -124.741 0.94847 
10 3.125 0.514198 0.330781 0.174311 2.1242 -124.075 0.941877 
10 3.125 0.517156 0.333968 0.177131 2.12855 -124.922 0.959741 
10 3.125 0.51639 0.332263 0.174384 2.09933 -124.166 0.932045 
10 3.13 0.503382 0.319967 0.16624 2.12694 -122.863 0.944275 
10 3.13 0.509634 0.325318 0.169626 2.09556 -123.32 0.940537 
10 3.13 0.510194 0.327154 0.171246 2.13598 -123.826 0.93185 
10 3.135 0.51037 0.326354 0.170477 2.10131 -123.312 0.933561 
10 3.135 0.506132 0.323011 0.168693 2.13209 -122.964 0.952015 
10 3.135 0.504832 0.321056 0.166411 2.11168 -122.682 0.943911 
10 3.14 0.501566 0.318086 0.164481 2.11841 -122.452 0.93893 
10 3.14 0.502546 0.318923 0.165357 2.11372 -122.318 0.944366 
10 3.14 0.50434 0.320143 0.165519 2.09505 -122.993 0.920161 
10 3.145 0.49893 0.316031 0.163763 2.13356 -122.163 0.956615 
10 3.145 0.49792 0.314437 0.161818 2.11488 -122.031 0.924616 
10 3.145 0.50057 0.316585 0.163302 2.09903 -122.226 0.928304 
10 3.15 0.49575 0.312374 0.160365 2.11448 -121.742 0.930435 
10 3.15 0.497286 0.312976 0.159994 2.08516 -121.551 0.922252 
10 3.15 0.492254 0.308661 0.157528 2.10625 -121.228 0.914609 
10 3.155 0.490382 0.305355 0.154473 2.05643 -120.795 0.908381 
10 3.155 0.492276 0.30761 0.155557 2.06892 -121.024 0.898482 
10 3.155 0.491308 0.306507 0.154983 2.06413 -120.779 0.906856 
10 3.16 0.488164 0.304835 0.154833 2.10539 -120.919 0.896929 
10 3.16 0.484798 0.299468 0.149553 2.03922 -120.23 0.880048 
10 3.16 0.488532 0.303933 0.152804 2.06548 -120.442 0.899465 
10 3.165 0.480816 0.295822 0.146995 2.04227 -119.559 0.881852 
10 3.165 0.484204 0.298046 0.147662 2.00924 -119.857 0.876116 
10 3.165 0.483162 0.298814 0.149753 2.06536 -119.914 0.88711 
10 3.17 0.48145 0.297928 0.149121 2.08625 -119.846 0.882207 
10 3.17 0.483176 0.298184 0.148557 2.04179 -119.559 0.884608 
10 3.17 0.480456 0.29498 0.145872 2.02339 -119.176 0.886182 
10 3.175 0.472164 0.288931 0.143166 2.07848 -118.808 0.870804 
10 3.175 0.472948 0.288863 0.141866 2.05302 -118.304 0.878256 
10 3.175 0.472774 0.287983 0.141641 2.03047 -118.606 0.867948 
10 3.18 0.472316 0.286849 0.139572 2.00525 -117.898 0.856149 
10 3.18 0.474498 0.290465 0.143604 2.05398 -118.726 0.881087 
10 3.18 0.4699 0.285641 0.139513 2.03883 -117.836 0.863191 
10 3.185 0.470518 0.286338 0.140345 2.03926 -117.986 0.852751 
10 3.185 0.468704 0.2843 0.138385 2.02877 -117.814 0.846889 
10 3.185 0.4739 0.289843 0.143507 2.04904 -118.422 0.880363 
10 3.19 0.465802 0.280217 0.13439 1.98263 -116.942 0.835701 
10 3.19 0.46662 0.283254 0.138557 2.05392 -117.655 0.855161 
10 3.19 0.465676 0.28069 0.135759 2.00112 -117.684 0.843197 
10 3.195 0.460346 0.275586 0.13135 1.99273 -116.665 0.827739 
10 3.195 0.461752 0.276932 0.132736 1.99429 -116.68 0.83369 
10 3.195 0.465274 0.280335 0.134877 1.9986 -116.98 0.856246 
10 3.2 0.458426 0.274523 0.13213 2.01152 -116.435 0.854438 
10 3.2 0.463998 0.279597 0.135081 2.00945 -117.185 0.832188 
10 3.2 0.457766 0.273221 0.130168 1.98973 -116.266 0.818609 
10 3.205 0.455804 0.271715 0.129859 1.99557 -115.922 0.839595 
10 3.205 0.460022 0.275157 0.131131 1.98244 -116.422 0.810497 
10 3.205 0.455856 0.271909 0.129549 2.00015 -116.339 0.825041 
10 3.21 0.45509 0.270917 0.128755 1.98786 -115.641 0.831791 
10 3.21 0.45397 0.269218 0.127194 1.96664 -115.442 0.83601 
10 3.21 0.457438 0.271996 0.128604 1.95472 -116.061 0.817072 
10 3.215 0.451538 0.265928 0.124174 1.92974 -114.99 0.808333 
10 3.215 0.454894 0.269384 0.127071 1.94263 -115.492 0.813057 
10 3.215 0.451842 0.267145 0.125554 1.95906 -115.152 0.811535 
10 3.22 0.444646 0.259097 0.119066 1.90642 -114.228 0.788721 
10 3.22 0.451674 0.266048 0.124378 1.92667 -114.719 0.818037 
10 3.22 0.451336 0.265225 0.123206 1.91058 -114.696 0.797127 
10 3.225 0.440136 0.256401 0.118609 1.94361 -113.917 0.79861 
10 3.225 0.446896 0.263066 0.123271 1.96434 -114.466 0.82241 
10 3.225 0.443904 0.259692 0.120367 1.94237 -114.31 0.799914 
10 3.23 0.440352 0.254903 0.116203 1.88834 -113.508 0.767389 
10 3.23 0.441366 0.256974 0.118648 1.92478 -113.724 0.798246 
10 3.23 0.443238 0.258909 0.120588 1.93342 -114.157 0.810498 
10 3.235 0.443974 0.259187 0.119609 1.91883 -113.631 0.79006 
10 3.235 0.439864 0.25573 0.117777 1.92426 -113.553 0.795808 
10 3.235 0.43842 0.25332 0.115362 1.88896 -113.428 0.779224 
10 3.24 0.438054 0.253582 0.115715 1.90402 -113.086 0.780108 
10 3.24 0.436128 0.250727 0.112309 1.86788 -112.893 0.748439 
10 3.24 0.436916 0.252902 0.115771 1.91378 -113.077 0.789488 
10 3.245 0.434366 0.250675 0.114181 1.91065 -112.537 0.803032 
10 3.245 0.431662 0.247309 0.111516 1.87912 -112.098 0.777579 
10 3.245 0.435686 0.250444 0.112346 1.86816 -112.761 0.747745 
10 3.25 0.430292 0.245885 0.110375 1.86873 -111.935 0.767835 
10 3.25 0.43289 0.246915 0.110074 1.83141 -112.157 0.748494 
10 3.25 0.430378 0.246573 0.111769 1.88763 -112.057 0.77549 
10 3.255 0.426604 0.242223 0.107581 1.85044 -111.277 0.74978 
10 3.255 0.429636 0.245504 0.110267 1.87148 -111.744 0.77809 
10 3.255 0.429102 0.245752 0.111156 1.89318 -112.397 0.767703 
10 3.26 0.427904 0.241907 0.106559 1.80383 -111.287 0.746339 
10 3.26 0.425106 0.240919 0.107084 1.84674 -110.955 0.758582 
10 3.26 0.424556 0.241105 0.106918 1.86678 -111.202 0.748932 
10 3.265 0.423992 0.240905 0.107242 1.87245 -111.464 0.751325 
10 3.265 0.416768 0.234514 0.103575 1.86272 -110.567 0.743669 
10 3.265 0.424812 0.239868 0.105648 1.81938 -110.792 0.745063 
10 3.27 0.419566 0.235385 0.1027 1.81495 -110.549 0.743078 
10 3.27 0.421408 0.236527 0.102914 1.80252 -110.464 0.728037 
10 3.27 0.42062 0.236473 0.103375 1.82114 -110.403 0.733578 
10 3.275 0.416262 0.233201 0.101959 1.82984 -110.004 0.734921 
10 3.275 0.419842 0.235162 0.101994 1.7983 -109.972 0.724219 
10 3.275 0.417374 0.234423 0.103063 1.83883 -110.177 0.73819 
10 3.28 0.41033 0.227051 0.0974429 1.78904 -109.228 0.72218 
10 3.28 0.412476 0.230434 0.100703 1.83833 -109.8 0.732913 
10 3.28 0.412522 0.229107 0.0987525 1.79672 -109.459 0.723949 
10 3.285 0.40945 0.226317 0.0968832 1.78593 -109.293 0.698937 
10 3.285 0.409822 0.227094 0.0977285 1.80029 -109.203 0.717258 
10 3.285 0.412166 0.228066 0.0978506 1.77125 -109.404 0.711172 
10 3.29 0.412928 0.229748 0.0994819 1.80056 -109.157 0.715493 
10 3.29 0.40952 0.226381 0.0965888 1.78343 -108.97 0.715368 
10 3.29 0.40993 0.226798 0.0972844 1.78589 -109.119 0.708853 
10 3.295 0.406624 0.22354 0.0950283 1.76623 -108.417 0.710273 
10 3.295 0.403336 0.220226 0.0929727 1.74646 -108.139 0.696754 
10 3.295 0.407804 0.223238 0.0935435 1.72789 -108.231 0.692442 
10 3.3 0.404906 0.22168 0.0930955 1.74943 -108.372 0.679727 
10 3.3 0.400202 0.217235 0.0909738 1.7295 -107.546 0.687715 
10 3.3 0.405502 0.222805 0.0945397 1.76888 -108.477 0.6908 
10 3.305 0.397038 0.215099 0.0891342 1.73858 -107.326 0.680989 
10 3.305 0.402474 0.219925 0.0928376 1.75309 -107.892 0.698524 
10 3.305 0.399596 0.218308 0.0921417 1.77402 -107.908 0.700581 
10 3.31 0.397262 0.215941 0.0906216 1.756 -107.141 0.687228 
10 3.31 0.397898 0.214798 0.0887539 1.7062 -107.109 0.692542 
10 3.31 0.399268 0.217793 0.0917376 1.76369 -107.84 0.696698 
10 3.315 0.396056 0.213994 0.0890594 1.7235 -106.764 0.692234 
10 3.315 0.397672 0.215549 0.0897544 1.73171 -107.359 0.681197 
10 3.315 0.397202 0.215586 0.0903858 1.74409 -107.131 0.685917 
10 3.32 0.399488 0.217292 0.0909212 1.73799 -107.127 0.697687 
10 3.32 0.39435 0.211849 0.0871939 1.69691 -106.613 0.677079 
10 3.32 0.39717 0.214505 0.0890005 1.70966 -106.569 0.690312 
10 3.325 0.394658 0.210858 0.0853794 1.65724 -106.071 0.661266 
10 3.325 0.39473 0.212844 0.0880262 1.71525 -106.444 0.675443 
10 3.325 0.390262 0.208978 0.0858309 1.70446 -105.84 0.682923 
10 3.33 0.390038 0.207904 0.0845992 1.6749 -106.056 0.651169 
10 3.33 0.391434 0.208558 0.0847401 1.66179 -105.889 0.673012 
10 3.33 0.38606 0.204237 0.0821859 1.6575 -105.877 0.655682 
10 3.335 0.38868 0.206567 0.0834382 1.66402 -105.775 0.648735 
10 3.335 0.387382 0.205925 0.0830763 1.67497 -105.708 0.639123 
10 3.335 0.385626 0.204752 0.0830656 1.68049 -105.466 0.665142 
10 3.34 0.38453 0.203032 0.0813007 1.65176 -104.823 0.659776 
10 3.34 0.382514 0.202274 0.0819344 1.67536 -104.778 0.671583 
10 3.34 0.385062 0.203333 0.0812277 1.64852 -104.979 0.643082 
10 3.345 0.37855 0.198069 0.0783045 1.63732 -104.537 0.637711 
10 3.345 0.383354 0.20197 0.0809023 1.64454 -104.573 0.645805 
10 3.345 0.38063 0.199407 0.0793368 1.63013 -104.656 0.629296 
10 3.35 0.379488 0.198417 0.0785681 1.62406 -104.167 0.641329 
10 3.35 0.379724 0.199693 0.0798321 1.6568 -104.636 0.633576 
10 3.35 0.378302 0.197513 0.0775911 1.62389 -104.331 0.62824 
10 3.355 0.382424 0.200886 0.0801876 1.62856 -105.143 0.633472 
10 3.355 0.37519 0.19455 0.0760801 1.60306 -104.039 0.607428 
10 3.355 0.372842 0.193659 0.076263 1.62885 -103.882 0.64138 
10 3.36 0.37467 0.193397 0.0750211 1.57795 -103.43 0.620228 
10 3.36 0.375666 0.194506 0.0759849 1.58872 -103.808 0.622923 
10 3.36 0.375888 0.195519 0.0773313 1.61391 -103.52 0.640571 
10 3.365 0.373812 0.194054 0.0758435 1.61421 -103.364 0.617722 
10 3.365 0.372262 0.19177 0.0744106 1.58071 -103.473 0.622945 
10 3.365 0.37434 0.19354 0.0756361 1.58722 -103.616 0.620524 
10 3.37 0.376776 0.19511 0.0758147 1.57714 -103.267 0.620913 
10 3.37 0.372574 0.191867 0.0740411 1.57434 -102.858 0.618949 
10 3.37 0.370568 0.190513 0.0735497 1.5784 -102.97 0.622644 
10 3.375 0.366184 0.18636 0.0707237 1.54872 -102.402 0.599883 
10 3.375 0.364994 0.184271 0.0688273 1.5126 -102.2 0.580214 
10 3.375 0.36382 0.184374 0.0699071 1.541 -102.027 0.606741 
10 3.38 0.3659 0.186158 0.0706161 1.54659 -102.061 0.598618 
10 3.38 0.367254 0.187657 0.0716743 1.56158 -102.39 0.607753 
10 3.38 0.365472 0.185737 0.0703454 1.54342 -101.69 0.607407 
10 3.385 0.365132 0.186243 0.0716179 1.56342 -102.321 0.626415 
10 3.385 0.36192 0.183301 0.0693945 1.5455 -101.628 0.599329 
10 3.385 0.362384 0.183206 0.0686913 1.53276 -101.799 0.598608 
10 3.39 0.366954 0.187545 0.0716658 1.56018 -102.384 0.604486 
10 3.39 0.361198 0.181786 0.068121 1.51392 -101.444 0.587713 
10 3.39 0.36047 0.181767 0.0688912 1.52885 -101.37 0.609699 
10 3.395 0.360636 0.181468 0.0679004 1.51426 -101.037 0.586832 
10 3.395 0.361096 0.18136 0.0678851 1.50132 -101.357 0.597483 
10 3.395 0.358982 0.180366 0.0674803 1.51687 -101.243 0.586109 
10 3.4 0.35767 0.180509 0.0682844 1.54649 -101.05 0.593888 
10 3.4 0.357278 0.180112 0.068219 1.54307 -101.028 0.598719 
10 3.4 0.359072 0.180915 0.0681064 1.52888 -101.455 0.600225 
10 3.405 0.355766 0.178251 0.0665943 1.5178 -100.843 0.581824 
10 3.405 0.359526 0.180856 0.0679508 1.51532 -100.842 0.602732 
10 3.405 0.352552 0.174883 0.0640693 1.48576 -100.26 0.575549 
10 3.41 0.351514 0.173888 0.0637466 1.47585 -99.5451 0.580228 
10 3.41 0.357192 0.178837 0.0659689 1.50295 -100.603 0.589285 
10 3.41 0.354566 0.176239 0.0646196 1.48158 -100.72 0.566181 
10 3.415 0.35063 0.173095 0.0631411 1.46864 -100.066 0.568027 
10 3.415 0.353644 0.175329 0.0638812 1.47187 -99.9262 0.563862 
10 3.415 0.355852 0.176701 0.0649353 1.46618 -100.425 0.574281 
10 3.42 0.349752 0.171617 0.0619369 1.44125 -99.3069 0.568683 
10 3.42 0.351752 0.174124 0.0635086 1.47352 -99.6975 0.569375 
10 3.42 0.351566 0.174614 0.0643927 1.49168 -100.071 0.576573 
10 3.425 0.348072 0.171767 0.0630131 1.47775 -99.1826 0.581863 
10 3.425 0.346252 0.169881 0.0612639 1.45957 -99.2347 0.568986 
10 3.425 0.347178 0.169728 0.060974 1.43635 -99.3408 0.548854 
10 3.43 0.34877 0.171306 0.0621301 1.44798 -99.5873 0.563684 
10 3.43 0.34735 0.170253 0.0613287 1.44609 -99.5658 0.557233 
10 3.43 0.344722 0.16937 0.0614815 1.47338 -98.9709 0.568975 
10 3.435 0.342036 0.165382 0.0584003 1.40882 -98.5347 0.551651 
10 3.435 0.34519 0.167211 0.0589295 1.39896 -98.9968 0.552802 
10 3.435 0.34603 0.169325 0.0610457 1.4436 -98.6146 0.561593 
10 3.44 0.344928 0.168165 0.0598001 1.42994 -98.8829 0.551177 
10 3.44 0.344146 0.167353 0.0594656 1.42199 -98.6305 0.543556 
10 3.44 0.343318 0.167115 0.0598886 1.43163 -98.7066 0.55371 
10 3.445 0.338822 0.161717 0.0557788 1.36187 -97.8994 0.53739 
10 3.445 0.341172 0.165196 0.058815 1.41648 -98.087 0.555163 
10 3.445 0.34378 0.166789 0.0592874 1.41087 -98.7686 0.545847 
10 3.45 0.340746 0.164882 0.0582244 1.41373 -98.0211 0.538581 
10 3.45 0.340788 0.164115 0.0578003 1.39067 -97.8805 0.542296 
10 3.45 0.342518 0.166072 0.0585478 1.41316 -97.9378 0.542964 
10 3.455 0.33642 0.161127 0.0561006 1.3878 -97.5309 0.5339 
10 3.455 0.336808 0.16069 0.0555332 1.36758 -97.4549 0.533668 
10 3.455 0.33488 0.160127 0.0557203 1.38878 -97.4262 0.540083 
10 3.46 0.334116 0.158661 0.0545636 1.35918 -97.071 0.522543 
10 3.46 0.337918 0.162257 0.0565806 1.38926 -97.2267 0.537031 
10 3.46 0.334238 0.159022 0.0548429 1.36725 -97.1846 0.521798 
10 3.465 0.335872 0.15939 0.0545147 1.3443 -97.116 0.521149 
10 3.465 0.333034 0.157958 0.0540372 1.35775 -96.8088 0.531726 
10 3.465 0.334876 0.159349 0.0548125 1.36241 -97.269 0.518342 
10 3.47 0.332298 0.157456 0.0537777 1.35545 -96.6426 0.521867 
10 3.47 0.330606 0.15567 0.0529014 1.33629 -96.3301 0.514011 
10 3.47 0.329254 0.154811 0.0526214 1.33726 -96.2358 0.515138 
10 3.475 0.332006 0.156858 0.0535109 1.34188 -96.5518 0.515481 
10 3.475 0.33515 0.159126 0.0541204 1.34678 -96.8659 0.513466 
10 3.475 0.330102 0.156004 0.0533041 1.35358 -96.4602 0.522515 
10 3.48 0.32714 0.153225 0.0515778 1.32772 -96.138 0.512672 
10 3.48 0.328592 0.154058 0.0519135 1.32428 -96.2887 0.513447 
10 3.48 0.328364 0.154204 0.0521648 1.33278 -96.605 0.507862 
10 3.485 0.327708 0.153528 0.0516934 1.32382 -95.9657 0.516514 
10 3.485 0.326724 0.152649 0.051455 1.31709 -95.8125 0.516583 
10 3.485 0.324988 0.151989 0.0510433 1.33061 -95.5819 0.509071 
10 3.49 0.326444 0.152104 0.0504655 1.30482 -95.3515 0.500362 
10 3.49 0.325396 0.15126 0.0500194 1.3002 -95.1762 0.496632 
10 3.49 0.329466 0.154732 0.0523774 1.32334 -95.8273 0.511931 
10 3.495 0.324666 0.150649 0.0499357 1.29444 -95.1924 0.510231 
10 3.495 0.320132 0.14743 0.0484687 1.28599 -94.7737 0.493076 
10 3.495 0.324178 0.150539 0.0499789 1.30037 -95.6825 0.497741 
