size temperature m m^2 m^4 mag_sus
80 2.1 0.868858 0.755227 0.5713 0.955611 
80 2.1 0.868813 0.755153 0.571198 0.966317 
80 2.1 0.868885 0.755281 0.571404 0.977965 
80 2.1 0.86906 0.755572 0.571796 0.931191 
80 2.1 0.868629 0.754833 0.570711 0.962544 
80 2.101 0.868079 0.753883 0.569297 0.981745 
80 2.101 0.868208 0.7541 0.569606 0.962251 
80 2.101 0.868347 0.754345 0.569981 0.969804 
80 2.101 0.868037 0.753807 0.569173 0.971922 
80 2.101 0.868125 0.75395 0.569358 0.939188 
80 2.102 0.867667 0.753169 0.568224 0.984894 
80 2.102 0.867482 0.752844 0.567722 0.9738 
80 2.102 0.867515 0.752899 0.567798 0.964718 
80 2.102 0.867934 0.753629 0.568909 0.976646 
80 2.102 0.867292 0.75252 0.567245 0.98517 
80 2.103 0.867236 0.752431 0.567138 1.01386 
80 2.103 0.86676 0.7516 0.565873 0.996674 
80 2.103 0.867255 0.752452 0.567136 0.977627 
80 2.103 0.866723 0.75154 0.565795 1.00986 
80 2.103 0.867005 0.752018 0.56648 0.974288 
80 2.104 0.866506 0.751168 0.565242 1.01869 
80 2.104 0.866686 0.751465 0.565648 0.973697 
80 2.104 0.866403 0.750973 0.564903 0.968941 
80 2.104 0.866688 0.751482 0.565713 1.01746 
80 2.104 0.866463 0.751084 0.56509 0.989022 
80 2.105 0.865972 0.750232 0.563806 0.986081 
80 2.105 0.86569 0.749755 0.563124 1.02183 
80 2.105 0.866 0.750284 0.563897 0.998214 
80 2.105 0.866212 0.75066 0.564481 1.02074 
80 2.105 0.86591 0.750131 0.56367 1.00623 
80 2.106 0.865694 0.749757 0.563112 1.00726 
80 2.106 0.865179 0.748863 0.561768 0.999197 
80 2.106 0.86546 0.74936 0.562542 1.03155 
80 2.106 0.865573 0.749547 0.562796 1.00334 
80 2.106 0.86555 0.749511 0.562753 1.01453 
80 2.107 0.864804 0.748219 0.56081 1.0086 
80 2.107 0.864943 0.748455 0.561153 0.997366 
80 2.107 0.864757 0.748148 0.560738 1.04362 
80 2.107 0.86497 0.748507 0.561245 1.01467 
80 2.107 0.864741 0.748112 0.56066 1.01929 
80 2.108 0.86409 0.746996 0.559015 1.04492 
80 2.108 0.864472 0.747635 0.55991 0.979921 
80 2.108 0.863786 0.746475 0.55825 1.05924 
80 2.108 0.864093 0.746996 0.559003 1.03078 
80 2.108 0.864261 0.747304 0.5595 1.07976 
80 2.109 0.863474 0.745944 0.557477 1.08333 
80 2.109 0.863735 0.746375 0.55806 1.02334 
80 2.109 0.863583 0.746116 0.557691 1.03574 
80 2.109 0.86357 0.746105 0.557707 1.06891 
80 2.109 0.863793 0.746482 0.558245 1.04457 
80 2.11 0.862953 0.745046 0.556143 1.08651 
80 2.11 0.863034 0.745182 0.556339 1.0777 
80 2.11 0.863293 0.745614 0.556935 1.02891 
80 2.11 0.863227 0.7455 0.556767 1.02949 
80 2.11 0.863172 0.745421 0.55669 1.07784 
80 2.111 0.862541 0.744333 0.555073 1.07784 
80 2.111 0.862627 0.744478 0.555279 1.0704 
80 2.111 0.862338 0.743983 0.55455 1.07732 
80 2.111 0.862497 0.74426 0.554972 1.09027 
80 2.111 0.862635 0.7445 0.555338 1.09565 
80 2.112 0.862123 0.743624 0.554048 1.11402 
80 2.112 0.861923 0.743276 0.553526 1.10788 
80 2.112 0.861444 0.74245 0.552292 1.10085 
80 2.112 0.861711 0.742904 0.552955 1.08802 
80 2.112 0.861632 0.742775 0.552784 1.10904 
80 2.113 0.860981 0.74166 0.551143 1.12626 
80 2.113 0.861457 0.742458 0.552264 1.05618 
80 2.113 0.860756 0.741276 0.55058 1.13644 
80 2.113 0.861199 0.742026 0.551657 1.09421 
80 2.113 0.861331 0.742244 0.551959 1.07042 
80 2.114 0.860716 0.741188 0.550397 1.07587 
80 2.114 0.86062 0.74104 0.550226 1.13087 
80 2.114 0.86078 0.741307 0.550597 1.10306 
80 2.114 0.860205 0.740333 0.549198 1.15284 
80 2.114 0.860916 0.741541 0.550945 1.10151 
80 2.115 0.860171 0.740273 0.549106 1.1467 
80 2.115 0.860217 0.740343 0.549184 1.11741 
80 2.115 0.859919 0.739844 0.548484 1.1607 
80 2.115 0.860059 0.740082 0.548829 1.15244 
80 2.115 0.859913 0.739818 0.548401 1.1135 
80 2.116 0.859669 0.73941 0.54783 1.14679 
80 2.116 0.859605 0.739295 0.54764 1.12867 
80 2.116 0.859104 0.738435 0.546375 1.13508 
80 2.116 0.859338 0.738835 0.546965 1.13131 
80 2.116 0.859363 0.738893 0.547086 1.17324 
80 2.117 0.858272 0.737029 0.544362 1.20243 
80 2.117 0.858924 0.738127 0.545923 1.13977 
80 2.117 0.859129 0.738486 0.546473 1.15859 
80 2.117 0.858917 0.738132 0.54598 1.19042 
80 2.117 0.858921 0.738123 0.545918 1.13975 
80 2.118 0.858085 0.73669 0.543809 1.14487 
80 2.118 0.858238 0.736966 0.544257 1.19003 
80 2.118 0.858039 0.736626 0.543759 1.19647 
80 2.118 0.858132 0.736774 0.543944 1.15592 
80 2.118 0.858084 0.736692 0.543826 1.15964 
80 2.119 0.857777 0.736177 0.5431 1.19351 
80 2.119 0.857674 0.735987 0.542782 1.15405 
80 2.119 0.857483 0.735662 0.542312 1.16287 
80 2.119 0.857809 0.736236 0.5432 1.20964 
80 2.119 0.857432 0.735576 0.542187 1.16575 
80 2.12 0.856782 0.734468 0.540575 1.18268 
80 2.12 0.85663 0.734222 0.540252 1.22716 
80 2.12 0.85691 0.734699 0.540947 1.22104 
80 2.12 0.856795 0.734516 0.540714 1.26059 
80 2.12 0.857139 0.735094 0.541532 1.22709 
80 2.121 0.856211 0.733509 0.539214 1.24043 
80 2.121 0.856408 0.733831 0.539652 1.19794 
80 2.121 0.856232 0.733546 0.539277 1.24745 
80 2.121 0.856198 0.733477 0.539144 1.21238 
80 2.121 0.856115 0.733319 0.538867 1.16423 
80 2.122 0.855939 0.733035 0.538502 1.21712 
80 2.122 0.855587 0.73244 0.537649 1.23944 
80 2.122 0.855869 0.732927 0.538379 1.25515 
80 2.122 0.855626 0.732519 0.537798 1.27722 
80 2.122 0.855807 0.732813 0.538189 1.23145 
80 2.123 0.855024 0.731487 0.53628 1.26839 
80 2.123 0.855098 0.731608 0.536439 1.25157 
80 2.123 0.855108 0.731628 0.536479 1.26133 
80 2.123 0.855292 0.73194 0.536932 1.25474 
80 2.123 0.854816 0.731122 0.53572 1.24171 
80 2.124 0.854137 0.729979 0.534092 1.29093 
80 2.124 0.854364 0.730375 0.534699 1.31873 
80 2.124 0.854414 0.730435 0.534715 1.23956 
80 2.124 0.854135 0.729982 0.534118 1.31477 
80 2.124 0.854802 0.731098 0.535684 1.23872 
80 2.125 0.853396 0.728724 0.532293 1.32629 
80 2.125 0.85361 0.729096 0.532853 1.3425 
80 2.125 0.853907 0.729583 0.533505 1.28029 
80 2.125 0.853659 0.729152 0.53286 1.25904 
80 2.125 0.853968 0.729684 0.533646 1.27026 
80 2.126 0.852986 0.728008 0.531205 1.2746 
80 2.126 0.853068 0.728162 0.531461 1.31297 
80 2.126 0.852765 0.727638 0.530681 1.29547 
80 2.126 0.853057 0.728147 0.531452 1.32546 
80 2.126 0.853022 0.728076 0.531319 1.29105 
80 2.127 0.852569 0.727312 0.530233 1.32211 
80 2.127 0.852624 0.727407 0.53037 1.32055 
80 2.127 0.852247 0.726764 0.529439 1.32217 
80 2.127 0.852512 0.727205 0.530049 1.28987 
80 2.127 0.852614 0.727391 0.530352 1.32464 
80 2.128 0.851613 0.725685 0.527866 1.32445 
80 2.128 0.851465 0.725442 0.527538 1.35048 
80 2.128 0.851633 0.725721 0.527926 1.33033 
80 2.128 0.851486 0.725477 0.527591 1.34856 
80 2.128 0.851745 0.72591 0.528195 1.32243 
80 2.129 0.85104 0.724724 0.526514 1.36694 
80 2.129 0.851186 0.724961 0.526822 1.33109 
80 2.129 0.851004 0.724653 0.526388 1.33895 
80 2.129 0.850802 0.724327 0.525956 1.38908 
80 2.129 0.851095 0.724815 0.526643 1.36245 
80 2.13 0.85048 0.723784 0.525183 1.40767 
80 2.13 0.85083 0.724369 0.526005 1.3727 
80 2.13 0.850485 0.723779 0.525142 1.36539 
80 2.13 0.850505 0.723812 0.525189 1.36209 
80 2.13 0.850489 0.723782 0.525139 1.3551 
80 2.131 0.849752 0.722531 0.523332 1.35936 
80 2.131 0.849702 0.722453 0.52324 1.38061 
80 2.131 0.849789 0.722599 0.523443 1.37282 
80 2.131 0.849695 0.72246 0.523295 1.43669 
80 2.131 0.849645 0.722346 0.523056 1.34697 
80 2.132 0.849285 0.721749 0.522231 1.39188 
80 2.132 0.849076 0.72139 0.521704 1.38312 
80 2.132 0.849139 0.721494 0.521845 1.37235 
80 2.132 0.849314 0.721784 0.522241 1.34925 
80 2.132 0.848863 0.721031 0.521192 1.38966 
80 2.133 0.848357 0.720178 0.519978 1.40663 
80 2.133 0.84832 0.720118 0.519899 1.41419 
80 2.133 0.848471 0.72038 0.520288 1.43144 
80 2.133 0.848148 0.719831 0.519497 1.42764 
80 2.133 0.848303 0.720113 0.519952 1.48432 
80 2.134 0.847685 0.719049 0.518379 1.43569 
80 2.134 0.847314 0.718427 0.517504 1.45961 
80 2.134 0.847713 0.719106 0.518488 1.46671 
80 2.134 0.847461 0.718696 0.517946 1.51929 
80 2.134 0.847305 0.718417 0.517497 1.47253 
80 2.135 0.847394 0.718537 0.517594 1.38229 
80 2.135 0.846478 0.717011 0.515471 1.45843 
80 2.135 0.846603 0.717221 0.515767 1.45239 
80 2.135 0.846972 0.717846 0.516661 1.44921 
80 2.135 0.847009 0.717914 0.51677 1.46621 
80 2.136 0.846055 0.716301 0.514463 1.47325 
80 2.136 0.846291 0.716705 0.515059 1.49125 
80 2.136 0.846257 0.716639 0.514935 1.45929 
80 2.136 0.846543 0.717121 0.515625 1.45632 
80 2.136 0.846238 0.716604 0.514883 1.45477 
80 2.137 0.845403 0.71521 0.512934 1.50755 
80 2.137 0.845488 0.715349 0.513121 1.49346 
80 2.137 0.84534 0.715084 0.512702 1.44959 
80 2.137 0.845897 0.716008 0.513972 1.39387 
80 2.137 0.845672 0.715663 0.513576 1.50236 
80 2.138 0.844798 0.714185 0.511457 1.49895 
80 2.138 0.845002 0.714549 0.51203 1.56154 
80 2.138 0.844363 0.713474 0.510506 1.57293 
80 2.138 0.844459 0.713626 0.510694 1.54137 
80 2.138 0.844823 0.714213 0.511463 1.45979 
80 2.139 0.844544 0.713766 0.510886 1.53012 
80 2.139 0.844139 0.713078 0.509891 1.51623 
80 2.139 0.843952 0.712783 0.509525 1.58175 
80 2.139 0.84386 0.712635 0.509334 1.60077 
80 2.139 0.84421 0.713206 0.5101 1.54348 
80 2.14 0.843422 0.711886 0.508232 1.57303 
80 2.14 0.843532 0.712065 0.508479 1.553 
80 2.14 0.84377 0.712454 0.508999 1.5131 
80 2.14 0.843441 0.71193 0.508328 1.60514 
80 2.14 0.843064 0.711301 0.507456 1.62768 
80 2.141 0.842438 0.710232 0.505895 1.58491 
80 2.141 0.8425 0.710335 0.506039 1.57846 
80 2.141 0.842462 0.710289 0.506018 1.63238 
80 2.141 0.842761 0.710765 0.506632 1.55343 
80 2.141 0.842381 0.710166 0.505887 1.67448 
80 2.142 0.842026 0.709533 0.504893 1.5684 
80 2.142 0.841991 0.709508 0.504942 1.67054 
80 2.142 0.841975 0.709464 0.504841 1.62149 
80 2.142 0.841869 0.709281 0.504563 1.60507 
80 2.142 0.841558 0.708776 0.5039 1.66198 
80 2.143 0.840726 0.707376 0.50191 1.65847 
80 2.143 0.84149 0.708636 0.503633 1.5845 
80 2.143 0.841165 0.708103 0.502917 1.62838 
80 2.143 0.841096 0.708006 0.502823 1.68071 
80 2.143 0.841224 0.70819 0.503007 1.59095 
80 2.144 0.840808 0.707496 0.502035 1.60465 
80 2.144 0.84045 0.706903 0.501219 1.63084 
80 2.144 0.840237 0.706557 0.500763 1.66747 
80 2.144 0.840131 0.706383 0.500523 1.67784 
80 2.144 0.840747 0.707407 0.501942 1.64771 
80 2.145 0.839256 0.704932 0.498524 1.73443 
80 2.145 0.839579 0.705478 0.499302 1.74661 
80 2.145 0.839946 0.706072 0.500079 1.67943 
80 2.145 0.839719 0.7057 0.499582 1.70762 
80 2.145 0.840075 0.706288 0.500386 1.67717 
80 2.146 0.838852 0.704241 0.497519 1.69599 
80 2.146 0.838541 0.70373 0.496815 1.72584 
80 2.146 0.838806 0.704183 0.497473 1.74994 
80 2.146 0.838681 0.703954 0.497107 1.69546 
80 2.146 0.839186 0.704802 0.498309 1.69952 
80 2.147 0.838034 0.702905 0.495728 1.80361 
80 2.147 0.838128 0.703035 0.495836 1.72108 
80 2.147 0.838106 0.703 0.495792 1.72405 
80 2.147 0.837711 0.702362 0.494954 1.7967 
80 2.147 0.837777 0.702459 0.495057 1.75485 
80 2.148 0.836964 0.701104 0.493169 1.77618 
80 2.148 0.837178 0.701477 0.493718 1.81789 
80 2.148 0.837067 0.701298 0.493488 1.83635 
80 2.148 0.837675 0.702283 0.494796 1.73903 
80 2.148 0.837814 0.702519 0.495134 1.74784 
80 2.149 0.836674 0.700611 0.492455 1.75104 
80 2.149 0.836601 0.700494 0.492303 1.76226 
80 2.149 0.836597 0.700492 0.49232 1.78041 
80 2.149 0.836461 0.700261 0.49199 1.77201 
80 2.149 0.836402 0.700178 0.491902 1.81382 
80 2.15 0.835659 0.69896 0.49027 1.88836 
80 2.15 0.835993 0.699464 0.490831 1.72888 
80 2.15 0.83539 0.698495 0.489569 1.83863 
80 2.15 0.835374 0.69847 0.489542 1.84535 
80 2.15 0.835789 0.699161 0.490497 1.8391 
80 2.151 0.834741 0.697431 0.488136 1.90119 
80 2.151 0.835291 0.698329 0.489337 1.83926 
80 2.151 0.834985 0.697832 0.488683 1.88285 
80 2.151 0.835096 0.698017 0.488931 1.87736 
80 2.151 0.835219 0.698218 0.489205 1.86721 
80 2.152 0.834344 0.696745 0.487121 1.83067 
80 2.152 0.834092 0.696341 0.486595 1.87566 
80 2.152 0.834277 0.69664 0.486992 1.84931 
80 2.152 0.834626 0.697231 0.487832 1.87511 
80 2.152 0.834004 0.696182 0.486346 1.84406 
80 2.153 0.833673 0.695651 0.485652 1.90202 
80 2.153 0.833508 0.695355 0.485201 1.84314 
80 2.153 0.833592 0.695521 0.48549 1.91636 
80 2.153 0.833347 0.695103 0.484884 1.89166 
80 2.153 0.833083 0.694692 0.484377 1.97394 
80 2.154 0.832691 0.69401 0.483365 1.88658 
80 2.154 0.832613 0.693897 0.483246 1.93844 
80 2.154 0.832509 0.693731 0.483029 1.95763 
80 2.154 0.832871 0.694294 0.483722 1.84485 
80 2.154 0.832386 0.693518 0.482718 1.93454 
80 2.155 0.831521 0.692092 0.480772 1.97558 
80 2.155 0.83207 0.692988 0.481973 1.92034 
80 2.155 0.831507 0.692083 0.480795 2.01973 
80 2.155 0.831983 0.692849 0.481795 1.9404 
80 2.155 0.832063 0.692987 0.481996 1.95321 
80 2.156 0.831247 0.691615 0.480057 1.91054 
80 2.156 0.831027 0.691276 0.479651 1.9878 
80 2.156 0.831126 0.691445 0.479899 2.0013 
80 2.156 0.830842 0.690997 0.479332 2.07397 
80 2.156 0.83071 0.690782 0.479056 2.08845 
80 2.157 0.82993 0.68949 0.477269 2.09657 
80 2.157 0.830569 0.690498 0.478538 1.939 
80 2.157 0.82965 0.689038 0.476673 2.13192 
80 2.157 0.830463 0.690347 0.478397 2.01497 
80 2.157 0.829927 0.689482 0.477262 2.08703 
80 2.158 0.829335 0.688483 0.475839 2.03849 
80 2.158 0.8289 0.687778 0.474908 2.0849 
80 2.158 0.829296 0.688427 0.475787 2.05988 
80 2.158 0.828998 0.688005 0.475356 2.27659 
80 2.158 0.829156 0.688208 0.475515 2.10164 
80 2.159 0.82827 0.686737 0.473476 2.09076 
80 2.159 0.828042 0.686371 0.473004 2.12773 
80 2.159 0.828481 0.687091 0.473974 2.10571 
80 2.159 0.828737 0.687519 0.474582 2.11704 
80 2.159 0.828928 0.687845 0.47505 2.14324 
80 2.16 0.827608 0.685667 0.472073 2.17046 
80 2.16 0.827468 0.685402 0.471633 2.06936 
80 2.16 0.827251 0.68505 0.471169 2.08907 
80 2.16 0.827976 0.68625 0.472811 2.08951 
80 2.16 0.82697 0.684629 0.470693 2.21997 
80 2.161 0.826824 0.684367 0.470287 2.16263 
80 2.161 0.826382 0.683661 0.469367 2.23285 
80 2.161 0.826489 0.683809 0.469512 2.14683 
80 2.161 0.826633 0.684055 0.469866 2.17117 
80 2.161 0.826655 0.68409 0.469907 2.16631 
80 2.162 0.825326 0.681939 0.467076 2.29671 
80 2.162 0.825757 0.682623 0.467951 2.21619 
80 2.162 0.825845 0.68276 0.468114 2.19067 
80 2.162 0.825394 0.682068 0.467272 2.34795 
80 2.162 0.825869 0.682806 0.468189 2.20817 
80 2.163 0.824527 0.680595 0.465185 2.22107 
80 2.163 0.824336 0.680294 0.464802 2.26134 
80 2.163 0.824288 0.68023 0.464755 2.30635 
80 2.163 0.824871 0.6812 0.466039 2.33085 
80 2.163 0.825075 0.681483 0.466351 2.17155 
80 2.164 0.823644 0.679175 0.463333 2.3242 
80 2.164 0.824394 0.680375 0.46487 2.21544 
80 2.164 0.824121 0.679951 0.464369 2.296 
80 2.164 0.823828 0.67949 0.463792 2.36033 
80 2.164 0.824018 0.679758 0.464045 2.22455 
80 2.165 0.823419 0.678772 0.462707 2.22515 
80 2.165 0.823347 0.678694 0.462692 2.34334 
80 2.165 0.823135 0.678363 0.462272 2.39941 
80 2.165 0.822915 0.677981 0.461729 2.34053 
80 2.165 0.823026 0.678156 0.461939 2.31916 
80 2.166 0.822683 0.677583 0.461147 2.29092 
80 2.166 0.822201 0.676851 0.460289 2.4718 
80 2.166 0.82206 0.676582 0.459843 2.35995 
80 2.166 0.822278 0.676969 0.460433 2.4454 
80 2.166 0.822505 0.677304 0.460802 2.33475 
80 2.167 0.820823 0.674586 0.457231 2.46562 
80 2.167 0.821214 0.675208 0.458028 2.40832 
80 2.167 0.821073 0.674955 0.457636 2.34879 
80 2.167 0.821415 0.675573 0.458598 2.51293 
80 2.167 0.821689 0.675962 0.458971 2.33156 
80 2.168 0.820279 0.673715 0.456104 2.53015 
80 2.168 0.820028 0.673282 0.455458 2.46609 
80 2.168 0.820444 0.673947 0.456311 2.41506 
80 2.168 0.820279 0.6737 0.456047 2.49038 
80 2.168 0.820345 0.673821 0.456246 2.52638 
80 2.169 0.81969 0.672714 0.454681 2.42618 
80 2.169 0.818794 0.671328 0.452983 2.67044 
80 2.169 0.819472 0.672365 0.454231 2.45169 
80 2.169 0.819657 0.672684 0.454684 2.4966 
80 2.169 0.820003 0.673229 0.455368 2.43032 
80 2.17 0.818618 0.670969 0.452353 2.45761 
80 2.17 0.818738 0.671197 0.452728 2.55235 
80 2.17 0.817943 0.669943 0.451129 2.69211 
80 2.17 0.8178 0.669692 0.450781 2.64103 
80 2.17 0.818399 0.670648 0.452003 2.56996 
80 2.171 0.817959 0.669896 0.450929 2.47503 
80 2.171 0.81738 0.669033 0.449939 2.72052 
80 2.171 0.817248 0.668802 0.449616 2.67489 
80 2.171 0.817682 0.66948 0.450454 2.58244 
80 2.171 0.817988 0.66999 0.451152 2.61068 
80 2.172 0.816504 0.667578 0.447939 2.64715 
80 2.172 0.816629 0.667761 0.44815 2.58509 
80 2.172 0.8165 0.66761 0.448081 2.76107 
80 2.172 0.816877 0.668191 0.448774 2.66108 
80 2.172 0.816878 0.668191 0.44877 2.65359 
80 2.173 0.815213 0.665481 0.445179 2.67799 
80 2.173 0.81582 0.666467 0.446475 2.66665 
80 2.173 0.815007 0.665163 0.444784 2.73022 
80 2.173 0.815747 0.666361 0.446361 2.7008 
80 2.173 0.815566 0.666051 0.445935 2.66024 
80 2.174 0.814384 0.664128 0.443367 2.66721 
80 2.174 0.814456 0.664265 0.443602 2.72779 
80 2.174 0.814663 0.664591 0.444005 2.69387 
80 2.174 0.814944 0.665032 0.444555 2.64345 
80 2.174 0.81489 0.664967 0.44452 2.71272 
80 2.175 0.813555 0.662837 0.441794 2.84004 
80 2.175 0.814316 0.664046 0.443336 2.75359 
80 2.175 0.813428 0.662637 0.441534 2.85806 
80 2.175 0.813573 0.662835 0.441714 2.74521 
80 2.175 0.813857 0.663321 0.442418 2.81927 
80 2.176 0.812329 0.660866 0.439229 2.90539 
80 2.176 0.812307 0.660843 0.439203 2.94008 
80 2.176 0.812903 0.661751 0.440296 2.76369 
80 2.176 0.812665 0.661423 0.439975 2.93912 
80 2.176 0.812426 0.661004 0.439362 2.84709 
80 2.177 0.81188 0.66016 0.438334 2.97157 
80 2.177 0.811675 0.659772 0.437705 2.81141 
80 2.177 0.81138 0.659334 0.437225 2.93177 
80 2.177 0.811112 0.658948 0.436815 3.07151 
80 2.177 0.811828 0.660054 0.438159 2.90656 
80 2.178 0.810687 0.658216 0.435769 2.94512 
80 2.178 0.810237 0.657517 0.434908 3.03415 
80 2.178 0.810493 0.65792 0.435406 3.00033 
80 2.178 0.810576 0.658054 0.435591 3.00026 
80 2.178 0.810433 0.657826 0.435238 3.00856 
80 2.179 0.809105 0.655674 0.432464 3.0042 
80 2.179 0.809213 0.655896 0.432844 3.14307 
80 2.179 0.809374 0.656096 0.432997 2.96886 
80 2.179 0.809068 0.655663 0.432555 3.14658 
80 2.179 0.809575 0.656417 0.433405 2.95328 
80 2.18 0.808198 0.654273 0.430686 3.19415 
80 2.18 0.80876 0.655123 0.43174 3.02356 
80 2.18 0.808843 0.65523 0.431837 2.94383 
80 2.18 0.808487 0.654731 0.431357 3.1695 
80 2.18 0.808449 0.654707 0.431404 3.27875 
80 2.181 0.807189 0.652627 0.428582 3.14649 
80 2.181 0.807844 0.653671 0.429903 3.10885 
80 2.181 0.806493 0.651568 0.427348 3.33658 
80 2.181 0.807336 0.652844 0.428827 3.08749 
80 2.181 0.806861 0.652128 0.427994 3.23526 
80 2.182 0.805758 0.650382 0.42578 3.33295 
80 2.182 0.806927 0.652201 0.428034 3.14006 
80 2.182 0.806485 0.651504 0.427129 3.1837 
80 2.182 0.806325 0.65126 0.426856 3.22565 
80 2.182 0.806417 0.651438 0.427134 3.31658 
80 2.183 0.805083 0.649279 0.424323 3.2858 
80 2.183 0.804974 0.649072 0.423988 3.19291 
80 2.183 0.805225 0.649474 0.424505 3.18438 
80 2.183 0.804812 0.648863 0.423806 3.34645 
80 2.183 0.805294 0.649637 0.424808 3.33695 
80 2.184 0.803845 0.647298 0.421759 3.31495 
80 2.184 0.804268 0.64807 0.42289 3.58247 
80 2.184 0.804328 0.648067 0.422747 3.29235 
80 2.184 0.804478 0.648354 0.423219 3.4267 
80 2.184 0.804218 0.647906 0.422553 3.33753 
80 2.185 0.802631 0.645397 0.419413 3.46056 
80 2.185 0.803226 0.646347 0.420624 3.44396 
80 2.185 0.803292 0.646421 0.420641 3.34641 
80 2.185 0.802636 0.645406 0.4194 3.46082 
80 2.185 0.803307 0.646488 0.4208 3.47156 
80 2.186 0.8016 0.643759 0.417315 3.50412 
80 2.186 0.801578 0.643704 0.417216 3.44573 
80 2.186 0.801267 0.643302 0.416839 3.72663 
80 2.186 0.800884 0.642643 0.415966 3.59485 
80 2.186 0.802309 0.644865 0.418687 3.41093 
80 2.187 0.80103 0.642866 0.416214 3.56076 
80 2.187 0.800609 0.642212 0.415429 3.6238 
80 2.187 0.801426 0.64342 0.416773 3.32588 
80 2.187 0.800929 0.642684 0.415944 3.50187 
80 2.187 0.801443 0.643474 0.416907 3.40614 
80 2.188 0.800097 0.64139 0.414345 3.61295 
80 2.188 0.800017 0.64126 0.414169 3.60448 
80 2.188 0.79984 0.640973 0.413802 3.59532 
80 2.188 0.79902 0.639707 0.412234 3.72728 
80 2.188 0.799261 0.640091 0.412758 3.7256 
80 2.189 0.798688 0.639142 0.41147 3.62395 
80 2.189 0.798384 0.638787 0.411249 4.00334 
80 2.189 0.799052 0.639753 0.412333 3.70772 
80 2.189 0.798912 0.639524 0.411974 3.69295 
80 2.189 0.797947 0.638107 0.41041 4.05613 
80 2.19 0.796831 0.636293 0.408054 3.95568 
80 2.19 0.797997 0.638059 0.410155 3.68211 
80 2.19 0.796703 0.636067 0.407757 3.8909 
80 2.19 0.797276 0.63699 0.408951 3.9198 
80 2.19 0.797413 0.637187 0.40914 3.85302 
80 2.191 0.796078 0.635071 0.406473 3.88584 
80 2.191 0.796366 0.63551 0.406987 3.82963 
80 2.191 0.796071 0.635068 0.406492 3.91223 
80 2.191 0.796083 0.63509 0.406528 3.9209 
80 2.191 0.795949 0.634937 0.406384 4.09773 
80 2.192 0.79547 0.634179 0.405476 4.10623 
80 2.192 0.79488 0.633213 0.404219 4.02437 
80 2.192 0.794546 0.632667 0.4035 3.98359 
80 2.192 0.794923 0.633309 0.404367 4.10749 
80 2.192 0.794647 0.63283 0.403706 3.98884 
80 2.193 0.793658 0.631328 0.401897 4.18772 
80 2.193 0.793857 0.631636 0.402276 4.16399 
80 2.193 0.793017 0.630405 0.400907 4.46146 
80 2.193 0.793672 0.631439 0.402138 4.44507 
80 2.193 0.793849 0.631594 0.402197 4.08057 
80 2.194 0.791725 0.628304 0.398186 4.30321 
80 2.194 0.792192 0.629015 0.399045 4.22074 
80 2.194 0.792679 0.62983 0.400149 4.34521 
80 2.194 0.792154 0.628912 0.398832 4.09641 
80 2.194 0.793128 0.630409 0.400622 3.958 
80 2.195 0.791587 0.628055 0.397833 4.21385 
80 2.195 0.790996 0.627137 0.396684 4.26429 
80 2.195 0.791141 0.627415 0.397137 4.40291 
80 2.195 0.791232 0.62749 0.397099 4.2033 
80 2.195 0.791514 0.627976 0.397788 4.31909 
80 2.196 0.790187 0.625927 0.395264 4.46284 
80 2.196 0.789031 0.624152 0.393172 4.60959 
80 2.196 0.789772 0.625259 0.394473 4.42639 
80 2.196 0.790468 0.626342 0.395807 4.37701 
80 2.196 0.789891 0.625466 0.394748 4.48562 
80 2.197 0.788494 0.623317 0.392125 4.6456 
80 2.197 0.788469 0.623297 0.392172 4.7006 
80 2.197 0.787468 0.621818 0.390432 4.98753 
80 2.197 0.788488 0.623324 0.392141 4.6894 
80 2.197 0.788287 0.622967 0.391691 4.57594 
80 2.198 0.787337 0.621441 0.389716 4.48757 
80 2.198 0.787552 0.621798 0.390226 4.54102 
80 2.198 0.788125 0.6227 0.391291 4.53804 
80 2.198 0.788028 0.622488 0.390965 4.36732 
80 2.198 0.787898 0.622384 0.390979 4.65896 
80 2.199 0.78599 0.619315 0.387061 4.46592 
80 2.199 0.785984 0.619397 0.387379 4.73098 
80 2.199 0.785703 0.619081 0.387151 5.09703 
80 2.199 0.786003 0.619406 0.38733 4.67286 
80 2.199 0.785722 0.618915 0.386622 4.52682 
80 2.2 0.784849 0.617638 0.385236 4.79984 
80 2.2 0.784836 0.617644 0.385277 4.87659 
80 2.2 0.785539 0.618693 0.38648 4.71639 
80 2.2 0.784753 0.61756 0.385223 5.01211 
80 2.2 0.784459 0.617056 0.384529 4.88663 
80 2.201 0.783508 0.615511 0.382563 4.7296 
80 2.201 0.782955 0.614777 0.381885 5.11387 
80 2.201 0.783336 0.615424 0.382721 5.2597 
80 2.201 0.782977 0.614829 0.381983 5.16385 
80 2.201 0.783301 0.615293 0.382466 5.03676 
80 2.202 0.781618 0.612697 0.379361 5.1487 
80 2.202 0.782451 0.613994 0.380924 5.12466 
80 2.202 0.782024 0.613287 0.379993 5.01596 
80 2.202 0.782244 0.613675 0.380529 5.14377 
80 2.202 0.781859 0.61313 0.379955 5.31104 
80 2.203 0.78013 0.610393 0.376604 5.20367 
80 2.203 0.780656 0.611442 0.37815 5.86397 
80 2.203 0.780431 0.611021 0.377488 5.66272 
80 2.203 0.780508 0.611081 0.377497 5.48701 
80 2.203 0.779644 0.609748 0.375985 5.52801 
80 2.204 0.778902 0.608636 0.374666 5.65474 
80 2.204 0.779731 0.609824 0.375969 5.35372 
80 2.204 0.778832 0.608487 0.374401 5.54092 
80 2.204 0.779226 0.609173 0.375395 5.75165 
80 2.204 0.779702 0.609786 0.375882 5.37679 
80 2.205 0.777097 0.605858 0.371338 5.74472 
80 2.205 0.778127 0.607534 0.373451 5.95367 
80 2.205 0.778065 0.607386 0.373191 5.80816 
80 2.205 0.77783 0.606977 0.372669 5.68026 
80 2.205 0.778014 0.607295 0.373019 5.77153 
80 2.206 0.77683 0.605433 0.370826 5.71078 
80 2.206 0.77613 0.604305 0.369404 5.59204 
80 2.206 0.775888 0.603981 0.369089 5.74205 
80 2.206 0.776385 0.604759 0.370067 5.76084 
80 2.206 0.776459 0.604844 0.370129 5.67384 
80 2.207 0.774717 0.602209 0.367041 5.86511 
80 2.207 0.774878 0.602459 0.367338 5.86531 
80 2.207 0.774603 0.602036 0.366847 5.87373 
80 2.207 0.775006 0.602706 0.367748 6.00606 
80 2.207 0.774494 0.601914 0.366753 6.01121 
80 2.208 0.773109 0.599783 0.364211 6.04512 
80 2.208 0.773121 0.600023 0.364707 6.68786 
80 2.208 0.7735 0.60038 0.364865 6.02363 
80 2.208 0.77312 0.600004 0.364683 6.63671 
80 2.208 0.772911 0.599679 0.364361 6.63117 
80 2.209 0.771468 0.597508 0.361877 6.79512 
80 2.209 0.771053 0.596802 0.360938 6.60254 
80 2.209 0.771649 0.597519 0.361502 6.01744 
80 2.209 0.772499 0.599011 0.363512 6.53728 
80 2.209 0.771115 0.596846 0.360861 6.45484 
80 2.21 0.770447 0.595827 0.359734 6.48306 
80 2.21 0.77028 0.595587 0.35941 6.53495 
80 2.21 0.769933 0.594955 0.358567 6.25018 
80 2.21 0.770118 0.595418 0.359346 6.76357 
80 2.21 0.77054 0.595978 0.359864 6.50604 
80 2.211 0.768985 0.593657 0.357248 6.71259 
80 2.211 0.768833 0.593416 0.356954 6.69332 
80 2.211 0.768764 0.593403 0.357071 6.96287 
80 2.211 0.769327 0.594064 0.357598 6.36663 
80 2.211 0.768213 0.592509 0.355995 6.82737 
80 2.212 0.766507 0.589908 0.352974 6.87256 
80 2.212 0.766116 0.589496 0.352558 7.41681 
80 2.212 0.768046 0.592183 0.355378 6.62148 
80 2.212 0.767287 0.591201 0.354571 7.15055 
80 2.212 0.767578 0.591497 0.354668 6.71498 
80 2.213 0.764984 0.587713 0.350554 7.26841 
80 2.213 0.765598 0.588643 0.35154 7.23906 
80 2.213 0.766133 0.589296 0.352137 6.7574 
80 2.213 0.765536 0.588472 0.351214 7.01625 
80 2.213 0.765322 0.588194 0.351091 7.16305 
80 2.214 0.76361 0.585786 0.34848 7.76423 
80 2.214 0.763804 0.585935 0.348532 7.3369 
80 2.214 0.764753 0.587367 0.350124 7.28333 
80 2.214 0.764923 0.587579 0.350355 7.14611 
80 2.214 0.764095 0.586351 0.348981 7.25333 
80 2.215 0.761957 0.583126 0.345182 7.35902 
80 2.215 0.761812 0.583117 0.345528 7.97384 
80 2.215 0.762141 0.583395 0.345545 7.32844 
80 2.215 0.762785 0.584375 0.346681 7.31966 
80 2.215 0.762112 0.583339 0.345461 7.29231 
80 2.216 0.760185 0.580665 0.342615 8.04078 
80 2.216 0.760518 0.581228 0.343373 8.20125 
80 2.216 0.759466 0.579666 0.341636 8.30949 
80 2.216 0.760736 0.581524 0.343672 8.1001 
80 2.216 0.76067 0.581373 0.343431 7.95442 
80 2.217 0.758218 0.577737 0.33948 8.20589 
80 2.217 0.759286 0.579449 0.341399 8.46634 
80 2.217 0.758693 0.578631 0.340618 8.70578 
80 2.217 0.758537 0.578253 0.340017 8.30089 
80 2.217 0.759383 0.579452 0.341191 8.05124 
80 2.218 0.756322 0.575007 0.336484 8.60989 
80 2.218 0.757165 0.576279 0.337901 8.6012 
80 2.218 0.757615 0.576761 0.338248 8.02305 
80 2.218 0.756328 0.57507 0.336515 8.76355 
80 2.218 0.75595 0.57448 0.335935 8.71431 
80 2.219 0.754533 0.572448 0.333742 9.02106 
80 2.219 0.755547 0.573952 0.3354 8.94485 
80 2.219 0.754245 0.571953 0.33311 8.84596 
80 2.219 0.755085 0.573269 0.334633 8.98614 
80 2.219 0.755361 0.573677 0.335148 8.96053 
80 2.22 0.753723 0.571181 0.332172 8.8895 
80 2.22 0.753664 0.571149 0.332232 9.04951 
80 2.22 0.753346 0.570679 0.331603 9.07724 
80 2.22 0.753146 0.570286 0.33115 8.81466 
80 2.22 0.752976 0.570084 0.331031 8.97053 
80 2.221 0.750547 0.566775 0.32763 9.95159 
80 2.221 0.751872 0.568494 0.329299 9.16941 
80 2.221 0.751194 0.567766 0.328878 10.008 
80 2.221 0.751362 0.567815 0.32861 9.42204 
80 2.221 0.75156 0.568138 0.328978 9.49613 
80 2.222 0.749646 0.565324 0.325854 9.6612 
80 2.222 0.750028 0.565965 0.326739 9.85781 
80 2.222 0.748409 0.563733 0.324306 10.4148 
80 2.222 0.750124 0.565893 0.326404 9.23566 
80 2.222 0.749882 0.565708 0.326419 9.74928 
80 2.223 0.747879 0.562802 0.323232 10.0139 
80 2.223 0.747901 0.562808 0.323169 9.93966 
80 2.223 0.747284 0.562038 0.322509 10.3768 
80 2.223 0.748029 0.563066 0.323537 10.1273 
80 2.223 0.74697 0.561476 0.321847 10.1089 
80 2.224 0.745053 0.558997 0.319423 11.2038 
80 2.224 0.745732 0.559959 0.320474 11.0567 
80 2.224 0.745983 0.560038 0.320185 10.2078 
80 2.224 0.745867 0.559864 0.32009 10.2079 
80 2.224 0.745723 0.559772 0.320008 10.5576 
80 2.225 0.744605 0.557966 0.317848 10.1511 
80 2.225 0.743869 0.55718 0.317383 11.0426 
80 2.225 0.744529 0.557904 0.317951 10.302 
80 2.225 0.744656 0.558146 0.318217 10.4524 
80 2.225 0.743539 0.556744 0.316931 11.1988 
80 2.226 0.741254 0.553693 0.313865 12.1755 
80 2.226 0.74182 0.554482 0.314817 12.0324 
80 2.226 0.741218 0.553496 0.313504 11.7655 
80 2.226 0.743179 0.555986 0.315793 10.5551 
80 2.226 0.741765 0.554184 0.31418 11.4116 
80 2.227 0.74034 0.552153 0.312112 11.6366 
80 2.227 0.740063 0.551836 0.311804 11.906 
80 2.227 0.738789 0.550245 0.310367 12.7493 
80 2.227 0.741069 0.552914 0.312719 10.7212 
80 2.227 0.739644 0.551052 0.310737 11.4347 
80 2.228 0.736786 0.547294 0.307142 12.7535 
80 2.228 0.73835 0.549338 0.309202 11.9986 
80 2.228 0.737111 0.547468 0.30702 11.879 
80 2.228 0.736821 0.547535 0.307683 13.2976 
80 2.228 0.737846 0.548571 0.308344 11.9321 
80 2.229 0.736012 0.546224 0.306135 12.9477 
80 2.229 0.734641 0.544361 0.304159 13.3927 
80 2.229 0.735771 0.545635 0.305288 12.2782 
80 2.229 0.735666 0.545644 0.305399 12.7463 
80 2.229 0.736116 0.546173 0.305873 12.3636 
80 2.23 0.732343 0.541008 0.30061 13.4374 
80 2.23 0.733201 0.542164 0.30174 13.1455 
80 2.23 0.733528 0.542565 0.302113 12.9195 
80 2.23 0.732101 0.540982 0.300855 14.3796 
80 2.23 0.733666 0.542606 0.301958 12.4531 
80 2.231 0.730254 0.538177 0.297908 14.0739 
80 2.231 0.731067 0.539376 0.29897 14.1045 
80 2.231 0.730675 0.538694 0.298268 13.7926 
80 2.231 0.730953 0.539138 0.298711 13.9032 
80 2.231 0.73125 0.539596 0.299316 13.9692 
80 2.232 0.728325 0.535426 0.294934 14.2486 
80 2.232 0.727494 0.5346 0.294508 15.3491 
80 2.232 0.728699 0.535892 0.295431 14.0221 
80 2.232 0.729039 0.536285 0.295749 13.7278 
80 2.232 0.726727 0.533679 0.293684 15.9026 
80 2.233 0.725001 0.531008 0.29065 15.422 
80 2.233 0.726605 0.533281 0.293119 15.2662 
80 2.233 0.725511 0.531846 0.291582 15.7053 
80 2.233 0.725671 0.531942 0.29165 15.3155 
80 2.233 0.725446 0.531726 0.291401 15.6327 
80 2.234 0.725225 0.530888 0.290096 14.1416 
80 2.234 0.722828 0.527825 0.287306 15.3119 
80 2.234 0.722562 0.527798 0.287559 16.3344 
80 2.234 0.723579 0.529293 0.289212 16.4073 
80 2.234 0.723005 0.528468 0.288259 16.4209 
80 2.235 0.721249 0.525822 0.285551 16.099 
80 2.235 0.719663 0.524317 0.284606 18.3351 
80 2.235 0.721246 0.52576 0.285167 15.9317 
80 2.235 0.721947 0.526669 0.286228 15.6384 
80 2.235 0.720088 0.524256 0.283775 16.406 
80 2.236 0.718576 0.522535 0.282472 17.699 
80 2.236 0.719473 0.523676 0.283623 17.2721 
80 2.236 0.718668 0.522608 0.282693 17.5274 
80 2.236 0.719269 0.523285 0.283097 16.9919 
80 2.236 0.718225 0.521767 0.28148 16.9436 
80 2.237 0.717258 0.520608 0.280462 17.5904 
80 2.237 0.716493 0.519197 0.278705 16.6908 
80 2.237 0.715599 0.518582 0.278923 18.5976 
80 2.237 0.716661 0.519707 0.279593 17.4638 
80 2.237 0.716003 0.518938 0.279016 17.9601 
80 2.238 0.712836 0.514721 0.274889 18.836 
80 2.238 0.713123 0.515428 0.275829 19.6868 
80 2.238 0.712264 0.514033 0.274453 19.1968 
80 2.238 0.713692 0.515606 0.275476 17.8713 
80 2.238 0.71349 0.515779 0.275899 19.1925 
80 2.239 0.708707 0.50955 0.270316 20.8214 
80 2.239 0.710773 0.511937 0.272251 19.2624 
80 2.239 0.71066 0.512122 0.272675 20.2471 
80 2.239 0.709378 0.509998 0.27035 19.3826 
80 2.239 0.71237 0.513741 0.27371 17.9235 
80 2.24 0.707126 0.507238 0.267831 20.6042 
80 2.24 0.706449 0.50661 0.267604 21.5407 
80 2.24 0.706609 0.50655 0.267206 20.725 
80 2.24 0.705785 0.505752 0.266706 21.7712 
80 2.24 0.708088 0.50821 0.268572 19.4881 
80 2.241 0.703676 0.502918 0.263947 22.1562 
80 2.241 0.70415 0.503648 0.264789 22.3345 
80 2.241 0.704008 0.503158 0.264131 21.506 
80 2.241 0.704837 0.504118 0.264888 20.9122 
80 2.241 0.706176 0.506072 0.266795 21.0978 
80 2.242 0.702388 0.500846 0.261743 21.4007 
80 2.242 0.702274 0.501189 0.262495 22.8355 
80 2.242 0.702989 0.501607 0.262487 21.164 
80 2.242 0.701226 0.499445 0.26067 22.0598 
80 2.242 0.699952 0.498353 0.260172 24.0369 
80 2.243 0.697602 0.495552 0.257807 25.4056 
80 2.243 0.698744 0.496454 0.25807 23.4293 
80 2.243 0.699388 0.497042 0.25831 22.5345 
80 2.243 0.697485 0.494926 0.256579 24.0837 
80 2.243 0.698628 0.496344 0.257993 23.5782 
80 2.244 0.695181 0.491876 0.253791 24.5242 
80 2.244 0.693379 0.489893 0.252373 26.0068 
80 2.244 0.696371 0.493529 0.255602 24.5167 
80 2.244 0.694249 0.490638 0.252841 24.6863 
80 2.244 0.693647 0.490304 0.252679 26.1191 
80 2.245 0.691972 0.48791 0.250323 25.8988 
80 2.245 0.689748 0.485301 0.248323 27.2207 
80 2.245 0.692424 0.488479 0.25095 25.7378 
80 2.245 0.692916 0.489252 0.251815 25.9986 
80 2.245 0.692712 0.488825 0.251171 25.5876 
80 2.246 0.689966 0.48524 0.247921 26.1793 
80 2.246 0.689166 0.484401 0.247247 26.9324 
80 2.246 0.688608 0.483754 0.246757 27.2794 
80 2.246 0.69061 0.486105 0.248876 26.1108 
80 2.246 0.687769 0.483004 0.246239 28.4321 
80 2.247 0.68554 0.479787 0.243368 27.9747 
80 2.247 0.685466 0.479189 0.242333 26.5606 
80 2.247 0.685357 0.47923 0.242435 27.1035 
80 2.247 0.685189 0.479377 0.242837 28.1771 
80 2.247 0.686836 0.481421 0.244793 27.5615 
80 2.248 0.683819 0.477665 0.241283 28.6307 
80 2.248 0.685629 0.479503 0.242517 26.8056 
80 2.248 0.68108 0.474245 0.238253 29.5356 
80 2.248 0.681921 0.47523 0.239161 29.08 
80 2.248 0.684488 0.478316 0.241652 27.8767 
80 2.249 0.678212 0.47133 0.236174 32.3226 
80 2.249 0.677855 0.470784 0.235973 32.1466 
80 2.249 0.678947 0.471498 0.23593 29.9629 
80 2.249 0.678896 0.471808 0.236519 31.0415 
80 2.249 0.680095 0.473462 0.238014 31.1118 
80 2.25 0.675358 0.467592 0.232875 32.6652 
80 2.25 0.675242 0.467109 0.232306 31.7391 
80 2.25 0.674481 0.466225 0.231519 32.1445 
80 2.25 0.674109 0.466307 0.231972 33.8044 
80 2.25 0.676083 0.468003 0.232975 31.0475 
80 2.251 0.669277 0.460617 0.22745 36.0648 
80 2.251 0.672038 0.463235 0.229174 32.9799 
80 2.251 0.670521 0.461533 0.227732 33.9342 
80 2.251 0.670744 0.461688 0.22791 33.5241 
80 2.251 0.671605 0.462683 0.228595 33.0675 
80 2.252 0.666973 0.457765 0.224994 36.6945 
80 2.252 0.667342 0.45793 0.224763 35.7662 
80 2.252 0.668177 0.458591 0.22526 34.4739 
80 2.252 0.667153 0.457464 0.224453 35.1562 
80 2.252 0.666059 0.456884 0.224267 37.6542 
80 2.253 0.6624 0.451919 0.219929 37.3403 
80 2.253 0.66 0.449297 0.217891 38.9095 
80 2.253 0.66521 0.454818 0.221909 34.9777 
80 2.253 0.661979 0.451582 0.219807 37.9671 
80 2.253 0.661648 0.451003 0.219109 37.5676 
80 2.254 0.661173 0.450116 0.218201 36.8167 
80 2.254 0.660798 0.449509 0.217485 36.4996 
80 2.254 0.659012 0.447789 0.21646 38.309 
80 2.254 0.658728 0.447542 0.216294 38.6717 
80 2.254 0.657462 0.446361 0.215426 40.0503 
80 2.255 0.65228 0.440738 0.211499 43.335 
80 2.255 0.65589 0.443635 0.212734 38.1521 
80 2.255 0.653459 0.44115 0.210988 40.1366 
80 2.255 0.655838 0.443583 0.212927 38.1995 
80 2.255 0.653957 0.441901 0.21168 40.4169 
80 2.256 0.652049 0.440149 0.210612 42.5014 
80 2.256 0.652012 0.439468 0.209856 40.7073 
80 2.256 0.651842 0.439613 0.210093 41.7432 
80 2.256 0.651939 0.439231 0.209323 40.3012 
80 2.256 0.651222 0.438375 0.208706 40.5256 
80 2.257 0.647813 0.434923 0.206191 43.2738 
80 2.257 0.647252 0.434323 0.205977 43.633 
80 2.257 0.647747 0.434572 0.20586 42.5232 
80 2.257 0.649224 0.436307 0.206952 42.0128 
80 2.257 0.650344 0.437632 0.208411 41.6395 
80 2.258 0.641692 0.427831 0.200858 45.5256 
80 2.258 0.641034 0.426968 0.200014 45.4729 
80 2.258 0.641161 0.42736 0.200543 46.1218 
80 2.258 0.640987 0.426896 0.199787 45.4389 
80 2.258 0.642796 0.42929 0.201924 45.6418 
80 2.259 0.636053 0.421849 0.196287 48.974 
80 2.259 0.637361 0.4227 0.196597 46.6653 
80 2.259 0.637165 0.422052 0.195999 45.5333 
80 2.259 0.638891 0.424797 0.198455 47.0733 
80 2.259 0.636633 0.422791 0.197269 49.5491 
80 2.26 0.633367 0.418465 0.193585 49.0208 
80 2.26 0.632684 0.417478 0.192841 48.6788 
80 2.26 0.632246 0.417384 0.192735 49.9818 
80 2.26 0.633113 0.418781 0.19418 50.8299 
80 2.26 0.633441 0.417943 0.192852 47.2796 
80 2.261 0.625434 0.410086 0.187744 53.551 
80 2.261 0.628456 0.412897 0.189316 50.7823 
80 2.261 0.626873 0.411522 0.188462 52.5167 
80 2.261 0.628008 0.412296 0.188917 50.6727 
80 2.261 0.627085 0.411914 0.18896 52.8726 
80 2.262 0.622121 0.406238 0.184745 54.3326 
80 2.262 0.621645 0.4055 0.184161 53.9177 
80 2.262 0.622168 0.406417 0.184978 54.6727 
80 2.262 0.621558 0.405361 0.184147 53.8328 
80 2.262 0.618982 0.402583 0.181956 55.0174 
80 2.263 0.617315 0.401158 0.181056 56.7906 
80 2.263 0.619919 0.403414 0.182146 54.0599 
80 2.263 0.61694 0.400512 0.180483 56.2698 
80 2.263 0.619884 0.403221 0.181978 53.6351 
80 2.263 0.61799 0.401611 0.181195 55.7125 
80 2.264 0.613472 0.396991 0.178156 58.3535 
80 2.264 0.611082 0.394215 0.17591 58.7811 
80 2.264 0.61111 0.394272 0.176078 58.845 
80 2.264 0.611747 0.395148 0.176835 59.1214 
80 2.264 0.608969 0.392786 0.175474 62.0301 
80 2.265 0.607425 0.390333 0.173048 60.376 
80 2.265 0.608101 0.391228 0.173854 60.5835 
80 2.265 0.608102 0.390666 0.173206 58.9942 
80 2.265 0.60459 0.387751 0.171919 62.7894 
80 2.265 0.603613 0.386472 0.170971 62.5115 
80 2.266 0.603939 0.386501 0.1704 61.4524 
80 2.266 0.60382 0.385937 0.169588 60.2686 
80 2.266 0.598554 0.381027 0.166683 64.2821 
80 2.266 0.603279 0.385257 0.169023 60.1921 
80 2.266 0.599081 0.382219 0.168144 65.8666 
80 2.267 0.595786 0.377825 0.164445 64.5505 
80 2.267 0.596557 0.37867 0.164963 64.3392 
80 2.267 0.599533 0.381505 0.166726 62.2945 
80 2.267 0.596694 0.379176 0.165495 65.3052 
80 2.267 0.594876 0.376504 0.163178 63.8774 
80 2.268 0.59103 0.37319 0.16131 67.37 
80 2.268 0.591919 0.373353 0.161054 64.8591 
80 2.268 0.590492 0.37218 0.160307 66.3141 
80 2.268 0.592203 0.373521 0.161052 64.3864 
80 2.268 0.595785 0.377165 0.163532 62.66 
80 2.269 0.586049 0.367233 0.156953 67.0742 
80 2.269 0.583176 0.36417 0.154602 67.9069 
80 2.269 0.585875 0.367532 0.157574 68.4908 
80 2.269 0.583595 0.365564 0.156106 70.4597 
80 2.269 0.583088 0.364694 0.155642 69.6784 
80 2.27 0.580681 0.362037 0.153398 70.0531 
80 2.27 0.576009 0.357886 0.151199 73.5859 
80 2.27 0.581069 0.362827 0.154134 71.0079 
80 2.27 0.578621 0.359896 0.152312 70.7492 
80 2.27 0.577143 0.358572 0.151347 71.8333 
80 2.271 0.573026 0.35499 0.149441 75.0512 
80 2.271 0.571389 0.352459 0.147195 73.1981 
80 2.271 0.573961 0.354804 0.148486 71.5024 
80 2.271 0.570579 0.351605 0.146575 73.3976 
80 2.271 0.57429 0.355918 0.149699 73.5798 
80 2.272 0.569913 0.351137 0.146335 74.1853 
80 2.272 0.568765 0.350183 0.146087 75.1824 
80 2.272 0.567589 0.34862 0.144549 74.5431 
80 2.272 0.564959 0.346742 0.143973 77.6417 
80 2.272 0.566299 0.347795 0.144567 76.3388 
80 2.273 0.559938 0.341226 0.140087 77.9803 
80 2.273 0.559861 0.341345 0.140453 78.5599 
80 2.273 0.559105 0.340821 0.140073 79.4651 
80 2.273 0.560731 0.341963 0.140575 77.5528 
80 2.273 0.56022 0.340825 0.139387 75.9637 
80 2.274 0.554201 0.335441 0.136226 79.6548 
80 2.274 0.552947 0.333603 0.134813 78.3897 
80 2.274 0.553859 0.335065 0.13597 79.6634 
80 2.274 0.557209 0.338709 0.138342 79.442 
80 2.274 0.554595 0.33545 0.136118 78.4486 
80 2.275 0.544082 0.325896 0.130644 84.0315 
80 2.275 0.548024 0.32937 0.132375 81.6914 
80 2.275 0.548419 0.330031 0.133023 82.3326 
80 2.275 0.547811 0.329255 0.132337 82.0254 
80 2.275 0.551488 0.332606 0.134549 80.0821 
80 2.276 0.541763 0.32346 0.128985 84.2238 
80 2.276 0.543118 0.324159 0.128886 82.0602 
80 2.276 0.543205 0.324127 0.12874 81.7023 
80 2.276 0.543329 0.324719 0.129537 82.9865 
80 2.276 0.543744 0.325463 0.130112 83.8128 
80 2.277 0.536175 0.317299 0.124957 83.8037 
80 2.277 0.53611 0.31802 0.125547 86.0238 
80 2.277 0.533627 0.315473 0.123916 86.3303 
80 2.277 0.539087 0.320676 0.127024 84.4954 
80 2.277 0.534728 0.316053 0.124086 84.6546 
80 2.278 0.528643 0.310373 0.120799 86.8393 
80 2.278 0.52853 0.311018 0.121591 88.9861 
80 2.278 0.529052 0.310703 0.120749 86.5519 
80 2.278 0.527789 0.310288 0.121376 89.1342 
80 2.278 0.529653 0.312012 0.122066 88.4413 
80 2.279 0.522654 0.304834 0.11754 88.9282 
80 2.279 0.522583 0.304442 0.117082 88.0355 
80 2.279 0.520468 0.303822 0.117451 92.4888 
80 2.279 0.521735 0.30364 0.116719 88.2696 
80 2.279 0.525236 0.307464 0.119191 88.7158 
80 2.28 0.512963 0.295897 0.112497 91.9734 
80 2.28 0.514805 0.297511 0.113171 91.1899 
80 2.28 0.512601 0.29611 0.112925 93.615 
80 2.28 0.516245 0.298579 0.113709 90.0209 
80 2.28 0.517975 0.300523 0.115007 90.4568 
80 2.281 0.509928 0.292579 0.110207 91.3348 
80 2.281 0.510841 0.29375 0.110764 92.0045 
80 2.281 0.508055 0.290912 0.108867 92.0088 
80 2.281 0.509901 0.29285 0.110427 92.1727 
80 2.281 0.508318 0.291147 0.109242 91.9186 
80 2.282 0.499962 0.284412 0.106005 96.6185 
80 2.282 0.506507 0.289817 0.108538 93.2995 
80 2.282 0.496871 0.281526 0.104395 97.1627 
80 2.282 0.502576 0.285885 0.106279 93.3968 
80 2.282 0.500103 0.284253 0.106108 95.7746 
80 2.283 0.496409 0.280238 0.103066 94.8002 
80 2.283 0.49258 0.277423 0.101907 97.5233 
80 2.283 0.493728 0.277784 0.101742 95.361 
80 2.283 0.493331 0.277974 0.101997 96.9912 
80 2.283 0.499774 0.282886 0.104679 92.8223 
80 2.284 0.490334 0.275154 0.100633 97.3083 
80 2.284 0.488454 0.27277 0.0989182 95.7841 
80 2.284 0.487726 0.272565 0.0992596 97.2002 
80 2.284 0.490534 0.27463 0.0998138 95.2903 
80 2.284 0.49145 0.275217 0.100104 94.4162 
80 2.285 0.483196 0.26821 0.0965933 97.2778 
80 2.285 0.480694 0.266213 0.0953752 98.4396 
80 2.285 0.484126 0.268721 0.0965242 96.1921 
80 2.285 0.482688 0.268259 0.0967191 98.7909 
80 2.285 0.483662 0.268777 0.09683 97.6071 
80 2.286 0.478957 0.264004 0.0938766 96.8786 
80 2.286 0.472936 0.258864 0.0914189 98.5353 
80 2.286 0.47901 0.264432 0.0942139 97.9342 
80 2.286 0.472686 0.259022 0.0916539 99.6393 
80 2.286 0.471104 0.257979 0.0910533 100.9 
80 2.287 0.469106 0.256048 0.0902369 100.709 
80 2.287 0.468602 0.255455 0.0894995 100.374 
80 2.287 0.468664 0.255333 0.0894665 99.8668 
80 2.287 0.468689 0.25576 0.089773 100.997 
80 2.287 0.465287 0.253616 0.089294 103.887 
80 2.288 0.45909 0.247191 0.08529 101.894 
80 2.288 0.4614 0.249143 0.0862551 101.407 
80 2.288 0.461657 0.249524 0.0864028 101.809 
80 2.288 0.459856 0.247352 0.0851579 100.374 
80 2.288 0.458661 0.24736 0.0856313 103.468 
80 2.289 0.454644 0.24302 0.0826421 101.545 
80 2.289 0.452403 0.241296 0.0821983 102.412 
80 2.289 0.45537 0.243432 0.0830297 100.851 
80 2.289 0.457113 0.245232 0.0841289 101.436 
80 2.289 0.455899 0.243686 0.0831141 100.214 
80 2.29 0.443994 0.233594 0.0779923 101.906 
80 2.29 0.447739 0.237172 0.0798531 102.575 
80 2.29 0.448102 0.237286 0.0798823 101.984 
80 2.29 0.448214 0.237537 0.0801353 102.405 
80 2.29 0.44592 0.23557 0.079114 102.64 
80 2.291 0.439945 0.230365 0.0765432 102.841 
80 2.291 0.438567 0.229793 0.0763676 104.623 
80 2.291 0.440643 0.231064 0.0766073 103.075 
80 2.291 0.441129 0.230866 0.0764762 101.323 
80 2.291 0.439944 0.230336 0.0765114 102.761 
80 2.292 0.431629 0.223546 0.0730186 103.992 
80 2.292 0.438134 0.228256 0.0750443 101.346 
80 2.292 0.429219 0.221482 0.0719341 104.024 
80 2.292 0.436421 0.227084 0.0745506 102.258 
80 2.292 0.430525 0.221979 0.0720222 102.276 
80 2.293 0.427816 0.220398 0.0715597 104.307 
80 2.293 0.425011 0.217374 0.0697199 102.543 
80 2.293 0.427974 0.219856 0.0708292 102.417 
80 2.293 0.429432 0.22097 0.071454 102.038 
80 2.293 0.426238 0.218643 0.0703616 103.172 
80 2.294 0.421802 0.215215 0.0689225 104.055 
80 2.294 0.420795 0.213626 0.0677118 101.991 
80 2.294 0.418801 0.211775 0.0666491 101.496 
80 2.294 0.419939 0.214073 0.068611 105.245 
80 2.294 0.421007 0.214513 0.0684727 103.967 
80 2.295 0.41209 0.207107 0.0647707 103.988 
80 2.295 0.419027 0.212449 0.0672925 102.807 
80 2.295 0.415903 0.20996 0.0660847 103.139 
80 2.295 0.417424 0.210561 0.0662474 101.278 
80 2.295 0.412414 0.206958 0.0645962 102.826 
80 2.296 0.408041 0.203559 0.0630865 103.307 
80 2.296 0.409218 0.20422 0.0632368 102.469 
80 2.296 0.408385 0.203617 0.062947 102.687 
80 2.296 0.407785 0.203761 0.0633998 104.453 
80 2.296 0.408809 0.204216 0.0634566 103.389 
80 2.297 0.402914 0.199222 0.0608896 102.763 
80 2.297 0.399129 0.196491 0.0597535 103.612 
80 2.297 0.405957 0.201913 0.0622418 103.402 
80 2.297 0.403141 0.19898 0.0605984 101.581 
80 2.297 0.395755 0.194234 0.0590089 104.798 
80 2.298 0.396426 0.194306 0.0589128 103.47 
80 2.298 0.396593 0.193608 0.0582245 101.158 
80 2.298 0.395288 0.192468 0.0576356 100.859 
80 2.298 0.396282 0.194189 0.0586899 103.461 
80 2.298 0.393336 0.191385 0.0573123 102.13 
80 2.299 0.386957 0.186842 0.0556369 103.298 
80 2.299 0.386408 0.186389 0.0551338 103.217 
80 2.299 0.387906 0.186712 0.0548354 100.887 
80 2.299 0.387182 0.186946 0.0554168 103.1 
80 2.299 0.392461 0.190429 0.056659 101.341 
80 2.3 0.380708 0.181688 0.0529774 102.259 
80 2.3 0.379257 0.180758 0.0526954 102.74 
80 2.3 0.381399 0.182332 0.0531677 102.587 
80 2.3 0.375914 0.179265 0.0525583 105.61 
80 2.3 0.379876 0.18116 0.0526776 102.553 
80 2.301 0.376804 0.178571 0.0515121 101.77 
80 2.301 0.382055 0.182643 0.0532427 102.012 
80 2.301 0.376464 0.178243 0.0513553 101.57 
80 2.301 0.375591 0.178095 0.0517423 102.985 
80 2.301 0.376555 0.178003 0.0512063 100.712 
80 2.302 0.369051 0.172784 0.049106 101.715 
80 2.302 0.370054 0.173285 0.0492336 101.045 
80 2.302 0.372401 0.174547 0.0493768 99.7103 
80 2.302 0.37081 0.173932 0.0495266 101.288 
80 2.302 0.3664 0.17083 0.0482731 101.702 
80 2.303 0.369397 0.172429 0.048664 99.974 
80 2.303 0.363098 0.168503 0.0473151 101.884 
80 2.303 0.365119 0.169559 0.0476394 100.731 
80 2.303 0.360982 0.166787 0.046428 101.376 
80 2.303 0.36591 0.169857 0.0475615 99.9504 
80 2.304 0.357964 0.163942 0.0449717 99.4567 
80 2.304 0.358411 0.164239 0.0452301 99.3903 
80 2.304 0.359473 0.165212 0.0457256 99.9752 
80 2.304 0.360761 0.166207 0.0461986 100.163 
80 2.304 0.356914 0.163418 0.0450791 100.085 
80 2.305 0.353519 0.159976 0.043242 97.1808 
80 2.305 0.353371 0.160606 0.0437865 99.2199 
80 2.305 0.351096 0.158882 0.042981 98.8855 
80 2.305 0.353301 0.160409 0.04361 98.8101 
80 2.305 0.354965 0.161485 0.0440869 98.5265 
80 2.306 0.344369 0.153829 0.0408962 97.8011 
80 2.306 0.348638 0.156663 0.0419402 97.456 
80 2.306 0.346481 0.155293 0.0413505 97.8143 
80 2.306 0.34414 0.153361 0.0407121 96.9394 
80 2.306 0.346583 0.155778 0.0418089 98.9662 
80 2.307 0.343181 0.153027 0.0405437 97.7999 
80 2.307 0.342541 0.152155 0.0400384 96.5992 
80 2.307 0.342825 0.152776 0.0405089 97.7823 
80 2.307 0.341756 0.151132 0.0394886 95.2508 
80 2.307 0.338731 0.149194 0.0390343 95.5855 
80 2.308 0.337408 0.148431 0.0385944 95.9083 
80 2.308 0.337937 0.148579 0.0385787 95.327 
80 2.308 0.336078 0.147296 0.0382354 95.2451 
80 2.308 0.340627 0.150829 0.039562 96.506 
80 2.308 0.334805 0.147031 0.0381742 96.8792 
80 2.309 0.331778 0.144249 0.0368747 94.7178 
80 2.309 0.330834 0.144144 0.0371387 96.1621 
80 2.309 0.335387 0.14655 0.0374943 94.4225 
80 2.309 0.329241 0.142608 0.0364583 94.8171 
80 2.309 0.332109 0.14424 0.0367238 94.0857 
80 2.31 0.327135 0.140234 0.034985 92.0307 
80 2.31 0.32539 0.13947 0.0349137 93.0652 
80 2.31 0.323658 0.138686 0.034703 94.0105 
80 2.31 0.327333 0.140644 0.0353448 92.806 
80 2.31 0.32678 0.141053 0.0357116 94.9407 
80 2.311 0.320225 0.135289 0.0332396 90.6833 
80 2.311 0.321653 0.136457 0.0336049 91.3769 
80 2.311 0.318998 0.135221 0.033422 92.6673 
80 2.311 0.320486 0.135834 0.0333963 91.7293 
80 2.311 0.319271 0.135577 0.0334899 93.1702 
80 2.312 0.316528 0.133277 0.032633 91.591 
80 2.312 0.313936 0.130959 0.0313617 89.6982 
80 2.312 0.314218 0.131693 0.0319742 91.2393 
80 2.312 0.313801 0.130827 0.0314254 89.5659 
80 2.312 0.316296 0.133113 0.0326071 91.5436 
80 2.313 0.311876 0.129606 0.0308867 89.4829 
80 2.313 0.311055 0.129416 0.0309522 90.3701 
80 2.313 0.313767 0.13036 0.0310987 88.2955 
80 2.313 0.310182 0.129025 0.0310823 90.7892 
80 2.313 0.311571 0.129626 0.031051 90.064 
80 2.314 0.306063 0.125737 0.029503 88.678 
80 2.314 0.306216 0.126218 0.0300265 89.7491 
80 2.314 0.306703 0.12594 0.0296354 88.155 
80 2.314 0.307767 0.127017 0.0300665 89.3254 
80 2.314 0.305623 0.125428 0.0294886 88.5668 
80 2.315 0.302753 0.123672 0.0290267 88.501 
80 2.315 0.30216 0.123121 0.0287726 87.9699 
80 2.315 0.301089 0.122636 0.0286067 88.4141 
80 2.315 0.299092 0.121474 0.0282358 88.5177 
80 2.315 0.298022 0.120263 0.0276921 86.9346 
80 2.316 0.295687 0.118477 0.0268525 85.7923 
80 2.316 0.29501 0.118733 0.0271464 87.6031 
80 2.316 0.29779 0.119521 0.0271547 85.2301 
80 2.316 0.295267 0.118201 0.0268552 85.7142 
80 2.316 0.296885 0.119698 0.0274218 87.2039 
80 2.317 0.294494 0.117582 0.0265818 85.2281 
80 2.317 0.291465 0.115049 0.0254444 83.133 
80 2.317 0.292979 0.116827 0.0263569 85.6015 
80 2.317 0.293422 0.116764 0.026335 84.7098 
80 2.317 0.294386 0.117225 0.0263215 84.4167 
80 2.318 0.286568 0.11238 0.0247227 83.5443 
80 2.318 0.289579 0.114164 0.0252791 83.6802 
80 2.318 0.289386 0.114386 0.0255177 84.6017 
80 2.318 0.287173 0.112922 0.0249729 84.0842 
80 2.318 0.289191 0.113474 0.024875 82.3946 
80 2.319 0.281974 0.109156 0.0237489 81.821 
80 2.319 0.286553 0.111957 0.0245293 82.3638 
80 2.319 0.281285 0.108611 0.0232714 81.3854 
80 2.319 0.283744 0.109898 0.0235571 81.1016 
80 2.319 0.286038 0.1116 0.0243049 82.1943 
80 2.32 0.278329 0.106454 0.0224878 79.964 
80 2.32 0.278208 0.107032 0.02299 81.7457 
80 2.32 0.278147 0.106986 0.023027 81.7123 
80 2.32 0.279886 0.107749 0.023044 81.1393 
80 2.32 0.280206 0.108132 0.023318 81.7009 
80 2.321 0.278317 0.105968 0.0221751 78.6068 
80 2.321 0.277573 0.105534 0.0221478 78.5519 
80 2.321 0.274603 0.104225 0.0218432 79.4624 
80 2.321 0.274411 0.10417 0.0219633 79.605 
80 2.321 0.273598 0.103613 0.0216906 79.297 
80 2.322 0.267889 0.100296 0.0206164 78.6394 
80 2.322 0.268392 0.100804 0.0209445 79.2972 
80 2.322 0.2748 0.104005 0.0216019 78.5252 
80 2.322 0.272765 0.102263 0.0209252 76.7953 
80 2.322 0.267657 0.0992982 0.0200921 76.2316 
80 2.323 0.267398 0.0995457 0.0203032 77.2631 
80 2.323 0.268633 0.100085 0.0204525 76.9249 
80 2.323 0.266252 0.0986091 0.0199785 76.3676 
80 2.323 0.267582 0.0997969 0.0203763 77.6842 
80 2.323 0.26841 0.0999711 0.0203459 76.9404 
80 2.324 0.261306 0.0955557 0.0189035 75.1115 
80 2.324 0.26309 0.0968409 0.0193697 76.0744 
80 2.324 0.264722 0.0972817 0.0194424 74.9164 
80 2.324 0.261907 0.096058 0.0192007 75.6283 
80 2.324 0.262659 0.0966608 0.0193959 76.2031 
80 2.325 0.259696 0.0948255 0.0188891 75.3785 
80 2.325 0.261088 0.0954652 0.018934 75.1429 
80 2.325 0.260046 0.0948211 0.0186179 74.8647 
80 2.325 0.259398 0.095089 0.0190115 76.5292 
80 2.325 0.261179 0.0953229 0.018863 74.6204 
80 2.326 0.255471 0.0922185 0.018036 74.1619 
80 2.326 0.254046 0.0907185 0.0173082 72.0325 
80 2.326 0.25565 0.0921464 0.0179333 73.7119 
80 2.326 0.255662 0.0918275 0.0176744 72.8173 
80 2.326 0.254292 0.0911844 0.017762 72.9693 
80 2.327 0.253987 0.090877 0.0174778 72.519 
80 2.327 0.250626 0.0893996 0.0173008 73.1204 
80 2.327 0.253522 0.0902843 0.0172498 71.5385 
80 2.327 0.252515 0.0896506 0.0171139 71.1973 
80 2.327 0.255062 0.0913041 0.0174901 72.1892 
80 2.328 0.246057 0.0860696 0.0159636 70.1727 
80 2.328 0.249947 0.0883081 0.0166395 71.0233 
80 2.328 0.247027 0.0867006 0.016338 70.5939 
80 2.328 0.250175 0.0880283 0.0164634 69.9397 
80 2.328 0.248957 0.0871337 0.0161627 69.1529 
80 2.329 0.249096 0.0876672 0.016425 70.3983 
80 2.329 0.247722 0.0863615 0.0158379 68.686 
80 2.329 0.244781 0.0852502 0.0157255 69.6126 
80 2.329 0.24655 0.0857781 0.0156099 68.6748 
80 2.329 0.246579 0.0860506 0.0160048 69.3844 
80 2.33 0.24124 0.0827736 0.0149129 67.5074 
80 2.33 0.242618 0.0834623 0.014943 67.5677 
80 2.33 0.24214 0.0833778 0.0151277 67.9712 
80 2.33 0.241401 0.0828496 0.0148203 67.5021 
80 2.33 0.241545 0.0830421 0.0150307 67.8397 
80 2.331 0.238204 0.0809201 0.0143582 66.3857 
80 2.331 0.240902 0.0826131 0.0148378 67.4847 
80 2.331 0.237715 0.0809219 0.0145564 67.0298 
80 2.331 0.239383 0.0817264 0.0145966 67.054 
80 2.331 0.240581 0.0822046 0.0146491 66.7876 
80 2.332 0.237927 0.0801499 0.0139339 64.6052 
80 2.332 0.237971 0.0811203 0.0144097 67.211 
80 2.332 0.23801 0.0802836 0.0139959 64.864 
80 2.332 0.236762 0.0800409 0.0140475 65.8243 
80 2.332 0.233743 0.0785087 0.0136626 65.5177 
80 2.333 0.231801 0.0773628 0.0133995 64.8257 
80 2.333 0.235996 0.0795279 0.0138623 65.3822 
80 2.333 0.232668 0.0771487 0.0131144 63.1345 
80 2.333 0.233475 0.0779901 0.0134842 64.4101 
80 2.333 0.233262 0.0780257 0.013513 64.7801 
80 2.334 0.229058 0.0751858 0.0126111 62.295 
80 2.334 0.2299 0.0761904 0.0130484 63.9906 
80 2.334 0.232406 0.0774495 0.013356 64.2653 
80 2.334 0.231124 0.0765675 0.0130867 63.4766 
80 2.334 0.230377 0.0760553 0.0129225 63.017 
80 2.335 0.225749 0.0735147 0.0122302 61.8126 
80 2.335 0.225974 0.0735383 0.0121335 61.5991 
80 2.335 0.22558 0.0735184 0.0121841 62.032 
80 2.335 0.226378 0.0732566 0.0119475 60.3256 
80 2.335 0.225987 0.0735601 0.0122127 61.6429 
80 2.336 0.223275 0.0720773 0.011808 60.8927 
80 2.336 0.224183 0.0726471 0.0120212 61.3401 
80 2.336 0.224994 0.0729593 0.0119964 61.1971 
80 2.336 0.226625 0.0737205 0.0122034 61.2649 
80 2.336 0.225215 0.0731634 0.0120851 61.4841 
80 2.337 0.221287 0.0710948 0.0115991 60.5951 
80 2.337 0.22088 0.0711023 0.0115467 61.1092 
80 2.337 0.222571 0.071724 0.0116843 60.7579 
80 2.337 0.221886 0.0709276 0.0113277 59.411 
80 2.337 0.222877 0.0718095 0.0116539 60.6181 
80 2.338 0.220676 0.0701763 0.0111277 58.7941 
80 2.338 0.22072 0.0704357 0.0113322 59.4516 
80 2.338 0.217405 0.0685327 0.010725 58.2184 
80 2.338 0.219297 0.0697299 0.0110672 59.234 
80 2.338 0.218563 0.0689752 0.0108394 58.0475 
80 2.339 0.218617 0.0691425 0.0108747 58.4156 
80 2.339 0.21768 0.0685474 0.010785 57.9061 
80 2.339 0.220017 0.0699646 0.0111056 58.9851 
80 2.339 0.215987 0.0680232 0.010679 58.4805 
80 2.339 0.215023 0.0671858 0.0104536 57.3261 
80 2.34 0.214077 0.0662784 0.0100969 55.9306 
80 2.34 0.214946 0.066999 0.0103222 56.8817 
80 2.34 0.214116 0.0665081 0.0101492 56.5122 
80 2.34 0.214939 0.067348 0.0104742 57.8434 
80 2.34 0.213492 0.0664762 0.0102314 57.1553 
80 2.341 0.213114 0.0663589 0.0102871 57.2513 
80 2.341 0.210981 0.0647899 0.00983955 55.4352 
80 2.341 0.210408 0.0647379 0.00981854 55.9529 
80 2.341 0.212061 0.0651661 0.00971995 55.2138 
80 2.341 0.208953 0.0639311 0.0096024 55.4148 
80 2.342 0.20694 0.0627132 0.00925811 54.3503 
80 2.342 0.209023 0.0639816 0.00968797 55.4495 
80 2.342 0.209897 0.0641406 0.00954482 54.8834 
80 2.342 0.210016 0.064223 0.00962913 54.9719 
80 2.342 0.209772 0.0641391 0.00960133 55.0225 
80 2.343 0.206602 0.0626013 0.00923552 54.4037 
80 2.343 0.207519 0.063088 0.00935399 54.6955 
80 2.343 0.206515 0.062464 0.00920063 54.1266 
80 2.343 0.207579 0.0626815 0.00916495 53.5173 
80 2.343 0.206269 0.0624925 0.00932295 54.4827 
80 2.344 0.203583 0.0608944 0.00884142 53.1017 
80 2.344 0.206168 0.0616827 0.00884562 52.362 
80 2.344 0.203134 0.0607251 0.00879401 53.1381 
80 2.344 0.203901 0.0608945 0.00872566 52.748 
80 2.344 0.201736 0.0601743 0.00867285 53.1793 
80 2.345 0.202252 0.0604425 0.00873944 53.3193 
80 2.345 0.201947 0.0600341 0.00859694 52.5419 
80 2.345 0.199998 0.0588086 0.00827985 51.3352 
80 2.345 0.201213 0.0593623 0.00840342 51.5157 
80 2.345 0.203551 0.060494 0.00853544 52.0217 
80 2.346 0.19859 0.0581254 0.00810819 50.9805 
80 2.346 0.199835 0.058999 0.00830039 52.01 
80 2.346 0.199271 0.0588887 0.00832411 52.323 
80 2.346 0.19793 0.0579736 0.00816304 51.28 
80 2.346 0.201222 0.0596713 0.0084852 52.3262 
80 2.347 0.198091 0.0576969 0.00800921 50.3302 
80 2.347 0.196233 0.056847 0.00780034 50.0103 
80 2.347 0.198505 0.0579536 0.00808338 50.5826 
80 2.347 0.199413 0.0586076 0.00814648 51.3805 
80 2.347 0.19923 0.0584641 0.00827282 51.1874 
80 2.348 0.195798 0.0565673 0.00770792 49.6907 
80 2.348 0.195212 0.0564226 0.00770428 49.9211 
80 2.348 0.194372 0.0555731 0.00746764 48.4975 
80 2.348 0.19575 0.0567065 0.00780756 50.1215 
80 2.348 0.19588 0.0566557 0.00778067 49.8447 
80 2.349 0.190166 0.053985 0.00721029 48.5569 
80 2.349 0.192158 0.0548943 0.00739726 48.9592 
80 2.349 0.192666 0.054986 0.00729907 48.6767 
80 2.349 0.19087 0.0540415 0.00711862 47.9796 
80 2.349 0.194777 0.0562098 0.00768896 49.7822 
80 2.35 0.190469 0.0541552 0.00720673 48.6853 
80 2.35 0.190989 0.0541533 0.00720535 48.1406 
80 2.35 0.192742 0.0546653 0.00722963 47.7029 
80 2.35 0.187925 0.0526071 0.0068821 47.0912 
80 2.35 0.190757 0.0539004 0.00706758 47.6927 
