size temperature m m^2 m^4 mag_sus
48 0.02 1 1 1 0 
48 0.02 1 1 1 0 
48 0.02 1 1 1 0 
48 0.02 1 1 1 0 
48 0.02 1 1 1 0 
48 0.04 1 1 1 0 
48 0.04 1 1 1 0 
48 0.04 1 1 1 0 
48 0.04 1 1 1 0 
48 0.04 1 1 1 0 
48 0.06 1 1 1 0 
48 0.06 1 1 1 0 
48 0.06 1 1 1 0 
48 0.06 1 1 1 0 
48 0.06 1 1 1 0 
48 0.08 1 1 1 0 
48 0.08 1 1 1 0 
48 0.08 1 1 1 0 
48 0.08 1 1 1 0 
48 0.08 1 1 1 0 
48 0.1 1 1 1 0 
48 0.1 1 1 1 0 
48 0.1 1 1 1 0 
48 0.1 1 1 1 0 
48 0.1 1 1 1 0 
48 0.12 1 1 1 0 
48 0.12 1 1 1 0 
48 0.12 1 1 1 0 
48 0.12 1 1 1 0 
48 0.12 1 1 1 0 
48 0.14 1 1 1 0 
48 0.14 1 1 1 0 
48 0.14 1 1 1 0 
48 0.14 1 1 1 0 
48 0.14 1 1 1 0 
48 0.16 1 1 1 0 
48 0.16 1 1 1 0 
48 0.16 1 1 1 0 
48 0.16 1 1 1 0 
48 0.16 1 1 1 0 
48 0.18 1 1 1 0 
48 0.18 1 1 1 0 
48 0.18 1 1 1 0 
48 0.18 1 1 1 0 
48 0.18 1 1 1 0 
48 0.2 1 1 1 0 
48 0.2 1 1 1 0 
48 0.2 1 1 1 0 
48 0.2 1 1 1 0 
48 0.2 1 1 1 0 
48 0.22 1 1 1 0 
48 0.22 1 1 1 0 
48 0.22 1 1 1 0 
48 0.22 1 1 1 0 
48 0.22 1 1 1 0 
48 0.24 1 1 1 0 
48 0.24 1 1 1 0 
48 0.24 1 1 1 0 
48 0.24 1 1 1 0 
48 0.24 1 1 1 0 
48 0.26 1 1 1 0 
48 0.26 1 1 1 0 
48 0.26 1 1 1 0 
48 0.26 1 1 1 0 
48 0.26 1 1 1 0 
48 0.28 1 1 1 0 
48 0.28 1 1 1 0 
48 0.28 1 1 1 0 
48 0.28 1 1 1 0 
48 0.28 1 1 1 0 
48 0.3 1 1 1 0 
48 0.3 1 1 1 0 
48 0.3 1 1 1 0 
48 0.3 1 1 1 0 
48 0.3 1 1 1 0 
48 0.32 1 1 1 0 
48 0.32 1 1 1 0 
48 0.32 1 1 1 0 
48 0.32 1 1 1 0 
48 0.32 1 1 1 0 
48 0.34 1 1 1 0 
48 0.34 1 1 1 0 
48 0.34 1 1 1 0 
48 0.34 1 1 1 0 
48 0.34 1 1 1 0 
48 0.36 1 1 1 0 
48 0.36 1 1 1 0 
48 0.36 1 1 1 0 
48 0.36 1 1 1 0 
48 0.36 1 1 1 0 
48 0.38 1 1 1 0 
48 0.38 1 1 1 0 
48 0.38 1 1 1 0 
48 0.38 1 1 1 0 
48 0.38 1 1 1 0 
48 0.4 1 1 1 0 
48 0.4 1 1 1 0 
48 0.4 1 1 1 0 
48 0.4 1 1 1 0 
48 0.4 1 1 1 0 
48 0.42 1 1 1 0 
48 0.42 1 1 1 4.13318e-07 
48 0.42 1 1 1 0 
48 0.42 1 1 1 0 
48 0.42 1 1 1 0 
48 0.44 1 1 1 0 
48 0.44 1 1 0.999999 7.88981e-07 
48 0.44 1 1 1 0 
48 0.44 1 1 1 3.94531e-07 
48 0.44 1 1 1 0 
48 0.46 1 1 0.999999 7.54681e-07 
48 0.46 1 1 1 0 
48 0.46 1 1 1 0 
48 0.46 1 1 1 3.77377e-07 
48 0.46 1 1 1 3.77378e-07 
48 0.48 1 1 0.999999 7.23236e-07 
48 0.48 1 1 1 3.61654e-07 
48 0.48 1 0.999999 0.999999 1.44618e-06 
48 0.48 1 0.999999 0.999999 1.08474e-06 
48 0.48 1 1 0.999999 7.23235e-07 
48 0.5 1 1 1 3.47187e-07 
48 0.5 1 0.999999 0.999999 1.04136e-06 
48 0.5 1 1 1 0 
48 0.5 1 1 1 3.47187e-07 
48 0.5 1 0.999999 0.999998 1.73524e-06 
48 0.52 0.999999 0.999999 0.999997 2.6688e-06 
48 0.52 1 0.999999 0.999999 1.33494e-06 
48 0.52 0.999999 0.999999 0.999998 2.002e-06 
48 0.52 1 0.999999 0.999999 1.0013e-06 
48 0.52 1 0.999999 0.999998 1.6685e-06 
48 0.54 0.999999 0.999999 0.999997 2.56996e-06 
48 0.54 0.999999 0.999998 0.999995 4.17409e-06 
48 0.54 1 0.999999 0.999998 1.60671e-06 
48 0.54 1 0.999999 0.999999 1.28549e-06 
48 0.54 1 0.999999 0.999998 1.60671e-06 
48 0.56 0.999999 0.999998 0.999995 4.02502e-06 
48 0.56 0.999999 0.999998 0.999996 3.71577e-06 
48 0.56 0.999999 0.999998 0.999996 3.71577e-06 
48 0.56 0.999999 0.999998 0.999996 3.71577e-06 
48 0.56 0.999998 0.999997 0.999993 6.188e-06 
48 0.58 0.999997 0.999994 0.999989 9.54789e-06 
48 0.58 0.999997 0.999995 0.99999 8.95294e-06 
48 0.58 0.999998 0.999997 0.999993 5.97462e-06 
48 0.58 0.999998 0.999996 0.999993 6.27272e-06 
48 0.58 0.999998 0.999995 0.99999 8.35776e-06 
48 0.6 0.999997 0.999993 0.999986 1.15278e-05 
48 0.6 0.999994 0.999989 0.999977 2.04217e-05 
48 0.6 0.999997 0.999994 0.999987 1.06664e-05 
48 0.6 0.999997 0.999994 0.999988 1.00919e-05 
48 0.6 0.999997 0.999993 0.999986 1.15278e-05 
48 0.62 0.999995 0.999991 0.999981 1.50393e-05 
48 0.62 0.999995 0.99999 0.99998 1.587e-05 
48 0.62 0.999995 0.999989 0.999979 1.72535e-05 
48 0.62 0.999994 0.999989 0.999978 1.78064e-05 
48 0.62 0.999994 0.999989 0.999978 1.78064e-05 
48 0.64 0.999992 0.999984 0.999968 2.49932e-05 
48 0.64 0.999993 0.999985 0.999971 2.31376e-05 
48 0.64 0.999993 0.999985 0.999971 2.2595e-05 
48 0.64 0.999993 0.999985 0.999971 2.2595e-05 
48 0.64 0.999994 0.999987 0.999975 2.02005e-05 
48 0.66 0.999989 0.999979 0.999958 3.19697e-05 
48 0.66 0.999989 0.999979 0.999958 3.14436e-05 
48 0.66 0.999989 0.999978 0.999957 3.24699e-05 
48 0.66 0.999989 0.999979 0.999958 3.24958e-05 
48 0.66 0.99999 0.99998 0.999959 3.09425e-05 
48 0.68 0.999987 0.999974 0.999948 3.84804e-05 
48 0.68 0.999981 0.999962 0.999924 5.75081e-05 
48 0.68 0.999984 0.999968 0.999937 4.61314e-05 
48 0.68 0.999985 0.99997 0.99994 4.41616e-05 
48 0.68 0.999984 0.999968 0.999936 4.76446e-05 
48 0.7 0.999979 0.999957 0.999914 6.3219e-05 
48 0.7 0.999978 0.999956 0.999911 6.38508e-05 
48 0.7 0.99998 0.99996 0.999921 5.57543e-05 
48 0.7 0.999978 0.999956 0.999913 6.11855e-05 
48 0.7 0.999976 0.999952 0.999905 6.85745e-05 
48 0.72 0.999971 0.999941 0.999882 8.62046e-05 
48 0.72 0.99997 0.999939 0.999878 8.6005e-05 
48 0.72 0.999965 0.999931 0.999862 9.69713e-05 
48 0.72 0.99997 0.999941 0.999882 8.42428e-05 
48 0.72 0.99997 0.99994 0.99988 8.36944e-05 
48 0.74 0.999959 0.999918 0.999836 0.000112972 
48 0.74 0.999957 0.999915 0.99983 0.000115637 
48 0.74 0.999963 0.999926 0.999853 0.00010251 
48 0.74 0.999961 0.999922 0.999844 0.000107179 
48 0.74 0.999958 0.999916 0.999831 0.000115517 
48 0.76 0.999947 0.999893 0.999786 0.000144841 
48 0.76 0.999945 0.99989 0.99978 0.000149809 
48 0.76 0.999947 0.999894 0.999789 0.000139326 
48 0.76 0.999945 0.999889 0.999779 0.000149494 
48 0.76 0.999946 0.999891 0.999783 0.000146384 
48 0.78 0.999927 0.999855 0.999709 0.000192703 
48 0.78 0.99993 0.999861 0.999722 0.000181107 
48 0.78 0.999927 0.999854 0.999708 0.000189622 
48 0.78 0.999928 0.999856 0.999713 0.000186656 
48 0.78 0.99993 0.999861 0.999722 0.00018263 
48 0.8 0.999901 0.999803 0.999605 0.000256184 
48 0.8 0.999907 0.999815 0.99963 0.000235756 
48 0.8 0.999908 0.999817 0.999634 0.000235611 
48 0.8 0.999911 0.999822 0.999645 0.000222036 
48 0.8 0.999905 0.99981 0.999621 0.000254843 
48 0.82 0.999881 0.999762 0.999525 0.000298746 
48 0.82 0.999883 0.999766 0.999532 0.000299744 
48 0.82 0.999879 0.999759 0.999518 0.000301505 
48 0.82 0.99988 0.999759 0.999519 0.000310668 
48 0.82 0.99988 0.99976 0.99952 0.000303434 
48 0.84 0.99985 0.9997 0.999401 0.000380032 
48 0.84 0.999845 0.999691 0.999382 0.000375556 
48 0.84 0.999849 0.999698 0.999397 0.000375317 
48 0.84 0.999853 0.999706 0.999413 0.000370998 
48 0.84 0.999853 0.999707 0.999414 0.000345236 
48 0.86 0.99981 0.99962 0.999241 0.000463984 
48 0.86 0.999803 0.999607 0.999214 0.000473701 
48 0.86 0.999805 0.999611 0.999222 0.000467114 
48 0.86 0.999813 0.999626 0.999252 0.000442971 
48 0.86 0.999805 0.99961 0.999221 0.000470274 
48 0.88 0.999768 0.999536 0.999072 0.00054291 
48 0.88 0.999768 0.999536 0.999073 0.000559298 
48 0.88 0.999758 0.999516 0.999034 0.000575029 
48 0.88 0.999764 0.999529 0.999059 0.000560571 
48 0.88 0.999764 0.999529 0.999059 0.000559962 
48 0.9 0.999721 0.999442 0.998886 0.000647959 
48 0.9 0.999705 0.999411 0.998824 0.000672083 
48 0.9 0.999709 0.999418 0.998838 0.00068102 
48 0.9 0.999713 0.999426 0.998852 0.000672208 
48 0.9 0.999714 0.999428 0.998858 0.000662673 
48 0.92 0.999644 0.999288 0.998578 0.00082158 
48 0.92 0.999641 0.999283 0.998569 0.000821314 
48 0.92 0.999646 0.999292 0.998585 0.000791046 
48 0.92 0.999654 0.999308 0.998619 0.000773924 
48 0.92 0.999645 0.999291 0.998585 0.000831464 
48 0.94 0.999571 0.999143 0.998288 0.000984719 
48 0.94 0.999581 0.999163 0.998328 0.000918828 
48 0.94 0.999578 0.999157 0.998316 0.000943412 
48 0.94 0.999569 0.999139 0.99828 0.000969614 
48 0.94 0.999577 0.999155 0.998311 0.000965275 
48 0.96 0.999502 0.999005 0.998014 0.00109235 
48 0.96 0.999478 0.998956 0.997915 0.00118565 
48 0.96 0.99949 0.998981 0.997965 0.00116602 
48 0.96 0.999487 0.998976 0.997954 0.00114043 
48 0.96 0.999489 0.998979 0.997961 0.00112841 
48 0.98 0.999387 0.998776 0.997555 0.00137345 
48 0.98 0.999387 0.998776 0.997555 0.00133264 
48 0.98 0.999391 0.998782 0.997569 0.00137266 
48 0.98 0.999382 0.998765 0.997534 0.0013593 
48 0.98 0.999386 0.998773 0.99755 0.00136343 
48 1 0.999277 0.998556 0.997117 0.00156744 
48 1 0.99927 0.998542 0.997089 0.00162012 
48 1 0.999284 0.998569 0.997142 0.00160737 
48 1 0.999281 0.998562 0.997129 0.00154043 
48 1 0.999282 0.998566 0.997137 0.00149988 
48 1.02 0.999144 0.99829 0.996586 0.00182359 
48 1.02 0.999149 0.998301 0.996607 0.00185184 
48 1.02 0.999149 0.9983 0.996605 0.00180404 
48 1.02 0.999139 0.998279 0.996565 0.00183047 
48 1.02 0.999161 0.998323 0.996652 0.0018333 
48 1.04 0.999014 0.99803 0.996068 0.00203419 
48 1.04 0.998997 0.997996 0.996 0.00215253 
48 1.04 0.999019 0.998041 0.996089 0.00210416 
48 1.04 0.998999 0.998001 0.996009 0.00214385 
48 1.04 0.998991 0.997983 0.995975 0.00213279 
48 1.06 0.998839 0.99768 0.99537 0.00243431 
48 1.06 0.998817 0.997636 0.995283 0.00244268 
48 1.06 0.998832 0.997666 0.995341 0.00243692 
48 1.06 0.998836 0.997675 0.995359 0.00252274 
48 1.06 0.998831 0.997664 0.995338 0.00244495 
48 1.08 0.998653 0.997309 0.99463 0.0027847 
48 1.08 0.998662 0.997328 0.994667 0.00273938 
48 1.08 0.998661 0.997324 0.994661 0.00276067 
48 1.08 0.998661 0.997325 0.994662 0.00281312 
48 1.08 0.998648 0.997298 0.994609 0.00283635 
48 1.1 0.998447 0.996899 0.993813 0.00312919 
48 1.1 0.998445 0.996894 0.993805 0.00320054 
48 1.1 0.99845 0.996904 0.993823 0.00309709 
48 1.1 0.998457 0.996919 0.993853 0.00323479 
48 1.1 0.998456 0.996916 0.993848 0.00313043 
48 1.12 0.998216 0.996438 0.992895 0.00370907 
48 1.12 0.998218 0.996442 0.992903 0.00372697 
48 1.12 0.998216 0.996436 0.992892 0.00364693 
48 1.12 0.998224 0.996454 0.992927 0.00363923 
48 1.12 0.99821 0.996425 0.99287 0.00370759 
48 1.14 0.997962 0.995931 0.991887 0.00417867 
48 1.14 0.997958 0.995923 0.99187 0.00394747 
48 1.14 0.997947 0.995901 0.991826 0.00406421 
48 1.14 0.997962 0.995931 0.991886 0.00414069 
48 1.14 0.997922 0.99585 0.991725 0.00412739 
48 1.16 0.997671 0.995349 0.990729 0.00472481 
48 1.16 0.99767 0.995349 0.990728 0.00471362 
48 1.16 0.997673 0.995354 0.990739 0.00462258 
48 1.16 0.997689 0.995386 0.990802 0.00462712 
48 1.16 0.997689 0.995386 0.990802 0.00456706 
48 1.18 0.997365 0.99474 0.989518 0.00525461 
48 1.18 0.997375 0.99476 0.989557 0.00527752 
48 1.18 0.997395 0.994799 0.989636 0.00503222 
48 1.18 0.997379 0.994767 0.989572 0.0052188 
48 1.18 0.997373 0.994755 0.989549 0.00529778 
48 1.2 0.997021 0.994054 0.988156 0.00588617 
48 1.2 0.997023 0.994059 0.988165 0.00574763 
48 1.2 0.997015 0.994042 0.988131 0.00591154 
48 1.2 0.997037 0.994085 0.988217 0.00592735 
48 1.2 0.996996 0.994005 0.988058 0.00600264 
48 1.22 0.996643 0.993301 0.986661 0.00650915 
48 1.22 0.996617 0.993249 0.986558 0.00653146 
48 1.22 0.996689 0.993393 0.986844 0.00667245 
48 1.22 0.996638 0.993292 0.986643 0.00671739 
48 1.22 0.996645 0.993305 0.986669 0.00665044 
48 1.24 0.996239 0.992496 0.985064 0.00739874 
48 1.24 0.996227 0.992472 0.985016 0.00730497 
48 1.24 0.996245 0.992508 0.985089 0.00736837 
48 1.24 0.996235 0.992488 0.985048 0.00738518 
48 1.24 0.996248 0.992514 0.9851 0.00728829 
48 1.26 0.995784 0.99159 0.983268 0.00830772 
48 1.26 0.995786 0.991593 0.983275 0.00821415 
48 1.26 0.995759 0.99154 0.983171 0.00843617 
48 1.26 0.995778 0.991579 0.983247 0.00832784 
48 1.26 0.995796 0.991615 0.983317 0.00820779 
48 1.28 0.9953 0.990627 0.981361 0.00896933 
48 1.28 0.995344 0.990714 0.981533 0.00879928 
48 1.28 0.995323 0.990673 0.981454 0.00909284 
48 1.28 0.995328 0.990683 0.981472 0.00869287 
48 1.28 0.995326 0.990678 0.981463 0.00909176 
48 1.3 0.994759 0.989552 0.979236 0.0102559 
48 1.3 0.994738 0.989509 0.97915 0.0103621 
48 1.3 0.994781 0.989594 0.979319 0.0100384 
48 1.3 0.994753 0.98954 0.979212 0.0102035 
48 1.3 0.994756 0.989545 0.979222 0.0103756 
48 1.32 0.994194 0.988429 0.977018 0.0114181 
48 1.32 0.994179 0.988398 0.976956 0.0116236 
48 1.32 0.99419 0.988421 0.977001 0.0113715 
48 1.32 0.994208 0.988456 0.977071 0.0112599 
48 1.32 0.994199 0.988438 0.977035 0.0112186 
48 1.34 0.993555 0.987159 0.974512 0.0126867 
48 1.34 0.993573 0.987195 0.974582 0.0127161 
48 1.34 0.99362 0.987287 0.974764 0.0124378 
48 1.34 0.993544 0.987138 0.97447 0.0127073 
48 1.34 0.993573 0.987195 0.974583 0.0123889 
48 1.36 0.992869 0.985797 0.971828 0.0141008 
48 1.36 0.992897 0.985853 0.971939 0.0140158 
48 1.36 0.992867 0.985794 0.971821 0.0138044 
48 1.36 0.992928 0.985913 0.972055 0.0132692 
48 1.36 0.992914 0.985885 0.972002 0.0135141 
48 1.38 0.992177 0.984424 0.969127 0.0151606 
48 1.38 0.992176 0.984423 0.969125 0.0153946 
48 1.38 0.992192 0.984454 0.969185 0.0154863 
48 1.38 0.992158 0.984387 0.969054 0.0151381 
48 1.38 0.99217 0.98441 0.9691 0.0152493 
48 1.4 0.991419 0.982922 0.966175 0.0166699 
48 1.4 0.991418 0.982919 0.96617 0.0165453 
48 1.4 0.991422 0.982928 0.966187 0.0168722 
48 1.4 0.991389 0.982863 0.966061 0.0171564 
48 1.4 0.991395 0.982874 0.966083 0.0175892 
48 1.42 0.990536 0.981174 0.962747 0.0190318 
48 1.42 0.990557 0.981214 0.962826 0.0184757 
48 1.42 0.99048 0.981063 0.962529 0.0187248 
48 1.42 0.990567 0.981234 0.962865 0.0184504 
48 1.42 0.990499 0.981099 0.9626 0.0186801 
48 1.44 0.989642 0.979405 0.959284 0.0204786 
48 1.44 0.989663 0.979446 0.959362 0.0197788 
48 1.44 0.989629 0.979377 0.959229 0.0199428 
48 1.44 0.98966 0.97944 0.959355 0.0210987 
48 1.44 0.989658 0.979435 0.959344 0.0205432 
48 1.46 0.98875 0.977642 0.955839 0.0227081 
48 1.46 0.988692 0.977526 0.955612 0.0221938 
48 1.46 0.988677 0.977496 0.955553 0.0222117 
48 1.46 0.988623 0.97739 0.955347 0.0228946 
48 1.46 0.988637 0.977416 0.955398 0.0223258 
48 1.48 0.987607 0.975383 0.951434 0.0250138 
48 1.48 0.987643 0.975455 0.951575 0.0247332 
48 1.48 0.987661 0.97549 0.951641 0.0245651 
48 1.48 0.987582 0.975333 0.951335 0.0242433 
48 1.48 0.987555 0.97528 0.951233 0.024727 
48 1.5 0.986475 0.97315 0.947087 0.0263281 
48 1.5 0.986491 0.973183 0.947155 0.0275014 
48 1.5 0.986472 0.973145 0.94708 0.0274036 
48 1.5 0.986535 0.973268 0.947319 0.026814 
48 1.5 0.986534 0.973266 0.947316 0.0273185 
48 1.51 0.98589 0.971998 0.944855 0.0292543 
48 1.51 0.985953 0.972122 0.945094 0.0282671 
48 1.51 0.985943 0.972101 0.945053 0.0283008 
48 1.51 0.985857 0.971933 0.944726 0.0284853 
48 1.51 0.985887 0.971991 0.94484 0.0286662 
48 1.52 0.985288 0.970811 0.94255 0.0297029 
48 1.52 0.985308 0.970851 0.942627 0.0295397 
48 1.52 0.985321 0.970878 0.942684 0.0308393 
48 1.52 0.98523 0.970699 0.942335 0.0309092 
48 1.52 0.985286 0.970808 0.942547 0.0305617 
48 1.53 0.984702 0.969659 0.940317 0.0308905 
48 1.53 0.984656 0.969569 0.940147 0.0321285 
48 1.53 0.984656 0.969568 0.940142 0.0313311 
48 1.53 0.984762 0.969776 0.940543 0.0304419 
48 1.53 0.98462 0.969497 0.940004 0.0307678 
48 1.54 0.984066 0.968408 0.937897 0.0322739 
48 1.54 0.984105 0.968483 0.938044 0.0322931 
48 1.54 0.98409 0.968456 0.937992 0.0331379 
48 1.54 0.98405 0.968377 0.937837 0.0325933 
48 1.54 0.983955 0.96819 0.937477 0.0326469 
48 1.55 0.98333 0.96696 0.935098 0.0336985 
48 1.55 0.983341 0.966983 0.935145 0.0344119 
48 1.55 0.983372 0.967043 0.93526 0.0340117 
48 1.55 0.98327 0.966842 0.934874 0.0346092 
48 1.55 0.983354 0.967009 0.935196 0.0346844 
48 1.56 0.982699 0.965721 0.932712 0.0362162 
48 1.56 0.982657 0.965638 0.932551 0.0356853 
48 1.56 0.98268 0.965685 0.932642 0.035969 
48 1.56 0.982622 0.965569 0.932415 0.0350199 
48 1.56 0.982631 0.965588 0.932453 0.0358562 
48 1.57 0.981842 0.96404 0.929471 0.0375 
48 1.57 0.981954 0.964259 0.929894 0.0376251 
48 1.57 0.982028 0.964405 0.930172 0.0366665 
48 1.57 0.98193 0.964211 0.929799 0.0369745 
48 1.57 0.981838 0.964031 0.929455 0.0378861 
48 1.58 0.981227 0.962834 0.927155 0.0400442 
48 1.58 0.981171 0.962723 0.926939 0.0389959 
48 1.58 0.981163 0.962707 0.92691 0.0396554 
48 1.58 0.981089 0.962563 0.926631 0.0393919 
48 1.58 0.981164 0.962711 0.926917 0.0398937 
48 1.59 0.980386 0.961186 0.923988 0.0412576 
48 1.59 0.980336 0.961087 0.923797 0.0409629 
48 1.59 0.980399 0.961211 0.924038 0.0419538 
48 1.59 0.980422 0.961257 0.924124 0.0414244 
48 1.59 0.980462 0.961334 0.924271 0.0407745 
48 1.6 0.97973 0.959901 0.921524 0.0432522 
48 1.6 0.979624 0.959694 0.921129 0.0437872 
48 1.6 0.979693 0.959827 0.921383 0.0431072 
48 1.6 0.97962 0.959685 0.921113 0.0441091 
48 1.6 0.979586 0.959619 0.920983 0.0431742 
48 1.61 0.978811 0.958102 0.918081 0.0451815 
48 1.61 0.978707 0.957897 0.917686 0.0443494 
48 1.61 0.978798 0.958077 0.918033 0.0450987 
48 1.61 0.978838 0.958155 0.918178 0.0437748 
48 1.61 0.978803 0.958087 0.918054 0.0458325 
48 1.62 0.977853 0.95623 0.914505 0.0477414 
48 1.62 0.977917 0.956354 0.91474 0.0472044 
48 1.62 0.977942 0.956405 0.914838 0.0478423 
48 1.62 0.977984 0.956486 0.914993 0.0475276 
48 1.62 0.977967 0.956454 0.914934 0.0483858 
48 1.63 0.977182 0.95492 0.912005 0.04951 
48 1.63 0.977077 0.954714 0.911611 0.0494341 
48 1.63 0.977051 0.954664 0.911517 0.049658 
48 1.63 0.977041 0.954644 0.911479 0.0496281 
48 1.63 0.977071 0.954703 0.911591 0.049425 
48 1.64 0.976097 0.952802 0.907976 0.05312 
48 1.64 0.976217 0.953036 0.90842 0.0523756 
48 1.64 0.976197 0.952997 0.908343 0.0515542 
48 1.64 0.97621 0.953024 0.908395 0.0518806 
48 1.64 0.976245 0.953091 0.908522 0.0515002 
48 1.65 0.975339 0.951325 0.905165 0.0534871 
48 1.65 0.975164 0.950985 0.904523 0.0553173 
48 1.65 0.975196 0.951045 0.904635 0.0544411 
48 1.65 0.975249 0.951151 0.904836 0.054746 
48 1.65 0.975322 0.951292 0.905103 0.0539789 
48 1.66 0.974233 0.949171 0.901079 0.0565319 
48 1.66 0.974185 0.949077 0.900906 0.0580096 
48 1.66 0.974315 0.949331 0.901385 0.0573492 
48 1.66 0.97426 0.949222 0.901171 0.0546199 
48 1.66 0.974172 0.949052 0.900856 0.0572537 
48 1.67 0.973325 0.947404 0.897731 0.0574017 
48 1.67 0.973449 0.947644 0.898186 0.0571813 
48 1.67 0.973244 0.947248 0.897446 0.0609875 
48 1.67 0.973234 0.947227 0.897401 0.0594561 
48 1.67 0.973317 0.94739 0.897711 0.0597669 
48 1.68 0.972336 0.945482 0.894109 0.0626096 
48 1.68 0.972165 0.94515 0.89348 0.0625434 
48 1.68 0.972161 0.945142 0.893468 0.0633255 
48 1.68 0.972235 0.945286 0.893737 0.0623107 
48 1.68 0.972287 0.945389 0.893937 0.0640846 
48 1.69 0.971068 0.943023 0.889476 0.0667201 
48 1.69 0.97112 0.943121 0.889659 0.0654947 
48 1.69 0.971327 0.943525 0.890425 0.0672358 
48 1.69 0.971153 0.943185 0.889778 0.065222 
48 1.69 0.971065 0.943015 0.889458 0.0655457 
48 1.7 0.969947 0.940849 0.885388 0.0693096 
48 1.7 0.970179 0.941297 0.886227 0.0674678 
48 1.7 0.970194 0.941327 0.886285 0.0681314 
48 1.7 0.97007 0.941088 0.88584 0.0698376 
48 1.7 0.970126 0.941196 0.886042 0.0695089 
48 1.71 0.968999 0.939012 0.881943 0.0716898 
48 1.71 0.968999 0.939015 0.881955 0.0740327 
48 1.71 0.968944 0.938908 0.881753 0.0737727 
48 1.71 0.968957 0.93893 0.881788 0.0714525 
48 1.71 0.968934 0.938886 0.881706 0.0720214 
48 1.72 0.967871 0.936829 0.877852 0.0728503 
48 1.72 0.967651 0.936408 0.877081 0.0795218 
48 1.72 0.967837 0.936765 0.877742 0.0762325 
48 1.72 0.967833 0.936756 0.87772 0.0745672 
48 1.72 0.967857 0.936804 0.877817 0.076959 
48 1.73 0.966592 0.934362 0.873262 0.0818226 
48 1.73 0.96639 0.933971 0.872529 0.08137 
48 1.73 0.966532 0.934244 0.873035 0.0799574 
48 1.73 0.966595 0.934364 0.873253 0.077576 
48 1.73 0.966602 0.93438 0.873292 0.081077 
48 1.74 0.965333 0.931932 0.868733 0.0840457 
48 1.74 0.965348 0.931959 0.868777 0.0821964 
48 1.74 0.965378 0.932018 0.868891 0.0832921 
48 1.74 0.965369 0.932 0.868859 0.0836936 
48 1.74 0.965265 0.931799 0.86848 0.082251 
48 1.75 0.963905 0.929181 0.863625 0.0882899 
48 1.75 0.963858 0.929089 0.863451 0.0870912 
48 1.75 0.963871 0.929117 0.863516 0.0919524 
48 1.75 0.963957 0.929281 0.863813 0.0889081 
48 1.75 0.964137 0.929627 0.864453 0.0877163 
48 1.76 0.962636 0.92674 0.859114 0.0946305 
48 1.76 0.962531 0.926537 0.858731 0.0924701 
48 1.76 0.96257 0.926614 0.858881 0.0949788 
48 1.76 0.962558 0.926588 0.858826 0.0925731 
48 1.76 0.962653 0.926771 0.859166 0.0927847 
48 1.77 0.961187 0.923957 0.853978 0.0999414 
48 1.77 0.961265 0.924109 0.854262 0.100968 
48 1.77 0.961187 0.923954 0.853961 0.0954605 
48 1.77 0.961341 0.924249 0.854508 0.095869 
48 1.77 0.961109 0.923808 0.85371 0.101958 
48 1.78 0.959936 0.921557 0.849556 0.102278 
48 1.78 0.959727 0.921155 0.848812 0.101145 
48 1.78 0.95968 0.921064 0.84865 0.102697 
48 1.78 0.959734 0.92117 0.848852 0.105136 
48 1.78 0.95991 0.921506 0.849463 0.102349 
48 1.79 0.958269 0.918364 0.843702 0.108909 
48 1.79 0.958398 0.918611 0.844155 0.108626 
48 1.79 0.958384 0.918583 0.844098 0.106965 
48 1.79 0.958425 0.918664 0.844258 0.110429 
48 1.79 0.958442 0.918694 0.844304 0.107609 
48 1.8 0.956904 0.915753 0.838926 0.11312 
48 1.8 0.956871 0.915691 0.838817 0.114725 
48 1.8 0.956742 0.915446 0.838373 0.116385 
48 1.8 0.956819 0.915591 0.838628 0.113074 
48 1.8 0.956631 0.915234 0.837982 0.115698 
48 1.81 0.955315 0.91272 0.833397 0.11898 
48 1.81 0.955463 0.913002 0.833914 0.119312 
48 1.81 0.955424 0.91293 0.833782 0.119489 
48 1.81 0.955211 0.912523 0.833042 0.120713 
48 1.81 0.955239 0.912576 0.833139 0.12047 
48 1.82 0.953617 0.909485 0.827523 0.125716 
48 1.82 0.953618 0.909491 0.827546 0.13017 
48 1.82 0.953521 0.909303 0.827201 0.128922 
48 1.82 0.953505 0.909274 0.827147 0.128551 
48 1.82 0.95354 0.909336 0.827248 0.12432 
48 1.83 0.951883 0.906189 0.821566 0.135036 
48 1.83 0.951968 0.906349 0.821848 0.132598 
48 1.83 0.951799 0.906031 0.821287 0.137545 
48 1.83 0.951982 0.906374 0.821891 0.131613 
48 1.83 0.951898 0.906219 0.821625 0.136883 
48 1.84 0.950277 0.903141 0.816074 0.143293 
48 1.84 0.950043 0.902692 0.815253 0.139299 
48 1.84 0.950107 0.902816 0.81548 0.140841 
48 1.84 0.950096 0.902798 0.81546 0.145143 
48 1.84 0.950157 0.902911 0.815655 0.141916 
48 1.85 0.948664 0.900082 0.810575 0.148569 
48 1.85 0.948244 0.899291 0.809167 0.15461 
48 1.85 0.948255 0.899311 0.8092 0.153243 
48 1.85 0.94847 0.899715 0.809911 0.147948 
48 1.85 0.948497 0.899768 0.810016 0.151083 
48 1.86 0.946493 0.895976 0.803227 0.157969 
48 1.86 0.946665 0.896302 0.803808 0.156895 
48 1.86 0.946624 0.896224 0.803669 0.156865 
48 1.86 0.946369 0.89574 0.802797 0.155562 
48 1.86 0.946482 0.895955 0.803185 0.156846 
48 1.87 0.944602 0.89241 0.79688 0.168688 
48 1.87 0.944557 0.892322 0.796711 0.164559 
48 1.87 0.944351 0.891935 0.796033 0.168459 
48 1.87 0.944598 0.892402 0.796866 0.168335 
48 1.87 0.944541 0.892292 0.796662 0.165954 
48 1.88 0.94239 0.888246 0.789497 0.179319 
48 1.88 0.942537 0.88852 0.789977 0.176933 
48 1.88 0.942801 0.889015 0.790847 0.173076 
48 1.88 0.942776 0.888969 0.790772 0.175633 
48 1.88 0.942372 0.888211 0.789435 0.17953 
48 1.89 0.940599 0.884878 0.78354 0.18434 
48 1.89 0.940389 0.884486 0.782859 0.189047 
48 1.89 0.94034 0.884395 0.782702 0.189906 
48 1.89 0.940565 0.884813 0.783419 0.182565 
48 1.89 0.940564 0.884813 0.78343 0.185645 
48 1.9 0.938486 0.880922 0.776604 0.201659 
48 1.9 0.938221 0.880424 0.775721 0.199439 
48 1.9 0.938279 0.880535 0.775925 0.202419 
48 1.9 0.938314 0.880589 0.775985 0.189846 
48 1.9 0.93847 0.880884 0.776513 0.192898 
48 1.91 0.936005 0.876281 0.768479 0.211798 
48 1.91 0.936025 0.876315 0.768527 0.208119 
48 1.91 0.935895 0.876077 0.768125 0.213424 
48 1.91 0.936115 0.876486 0.768837 0.211543 
48 1.91 0.936245 0.876727 0.769245 0.206402 
48 1.92 0.933699 0.871979 0.76099 0.223139 
48 1.92 0.933852 0.872267 0.761494 0.223769 
48 1.92 0.933869 0.872294 0.761529 0.219288 
48 1.92 0.933588 0.871773 0.760631 0.223228 
48 1.92 0.933825 0.872215 0.761399 0.222047 
48 1.93 0.931241 0.867414 0.75311 0.244377 
48 1.93 0.931247 0.867421 0.753108 0.239364 
48 1.93 0.931362 0.867634 0.753473 0.237825 
48 1.93 0.93143 0.867761 0.75369 0.236799 
48 1.93 0.93138 0.867666 0.753522 0.235544 
48 1.94 0.928609 0.862524 0.744662 0.24841 
48 1.94 0.928607 0.862527 0.74469 0.256317 
48 1.94 0.92872 0.862743 0.745082 0.263245 
48 1.94 0.928827 0.862936 0.745395 0.256323 
48 1.94 0.929026 0.863308 0.746049 0.260194 
48 1.95 0.926103 0.857899 0.73678 0.274886 
48 1.95 0.926163 0.858011 0.736969 0.273832 
48 1.95 0.92618 0.858044 0.737034 0.276401 
48 1.95 0.926102 0.857899 0.736785 0.276501 
48 1.95 0.925888 0.857504 0.736112 0.278734 
48 1.96 0.923424 0.852958 0.728365 0.288741 
48 1.96 0.923393 0.852904 0.728289 0.294185 
48 1.96 0.923347 0.852814 0.728114 0.287241 
48 1.96 0.923562 0.853213 0.728803 0.290049 
48 1.96 0.923333 0.852794 0.728103 0.294842 
48 1.97 0.920678 0.84791 0.719829 0.306389 
48 1.97 0.9205 0.847587 0.719295 0.311253 
48 1.97 0.920653 0.847869 0.719776 0.311908 
48 1.97 0.920778 0.848094 0.720142 0.306501 
48 1.97 0.92079 0.848119 0.720195 0.310192 
48 1.98 0.917725 0.842511 0.710795 0.340152 
48 1.98 0.917475 0.842054 0.710026 0.340564 
48 1.98 0.917833 0.842704 0.711104 0.333806 
48 1.98 0.917724 0.842504 0.710766 0.333596 
48 1.98 0.91768 0.842424 0.710635 0.335196 
48 1.99 0.91436 0.836364 0.700529 0.359624 
48 1.99 0.914686 0.836958 0.70151 0.355033 
48 1.99 0.914422 0.836474 0.700696 0.353522 
48 1.99 0.91441 0.836459 0.700699 0.363554 
48 1.99 0.914707 0.83699 0.701546 0.348347 
48 2.5 0.13322 0.0273411 0.00204581 8.84129 
48 2.5 0.132211 0.026998 0.00205956 8.77214 
48 2.5 0.131947 0.0266005 0.00193777 8.47001 
48 2.5 0.131426 0.0265994 0.00197062 8.59535 
48 2.5 0.130709 0.026596 0.00201015 8.76547 
48 2.51 0.127147 0.0250703 0.00176875 8.17328 
48 2.51 0.128607 0.025431 0.0017995 8.16147 
48 2.51 0.127636 0.0251171 0.00176093 8.10185 
48 2.51 0.127932 0.025334 0.00178469 8.23139 
48 2.51 0.128441 0.0255374 0.00184293 8.29823 
48 2.52 0.124353 0.0241166 0.0016749 7.91123 
48 2.52 0.125198 0.0241083 0.00160487 7.71097 
48 2.52 0.125228 0.0240908 0.00160392 7.68795 
48 2.52 0.125159 0.0242676 0.00165404 7.86559 
48 2.52 0.123209 0.0236322 0.00158468 7.72736 
48 2.53 0.119277 0.0220048 0.00136935 7.08303 
48 2.53 0.120933 0.0227046 0.0014715 7.35806 
48 2.53 0.12042 0.0223229 0.00139521 7.12325 
48 2.53 0.120795 0.0224607 0.00141405 7.16632 
48 2.53 0.120043 0.022305 0.00140103 7.1896 
48 2.54 0.116904 0.0211194 0.0012443 6.76033 
48 2.54 0.116372 0.0210826 0.00126983 6.83953 
48 2.54 0.116443 0.0210156 0.00124247 6.76378 
48 2.54 0.117056 0.0211389 0.00123899 6.74587 
48 2.54 0.117643 0.0214919 0.00129475 6.94097 
48 2.55 0.114084 0.0201468 0.00113639 6.44366 
48 2.55 0.113356 0.0200008 0.00115031 6.4613 
48 2.55 0.113189 0.0199766 0.00116616 6.47366 
48 2.55 0.114028 0.0201422 0.00114893 6.45107 
48 2.55 0.113581 0.0199469 0.00111671 6.3664 
48 2.56 0.110966 0.0190609 0.00103078 6.07261 
48 2.56 0.11147 0.0192504 0.00104911 6.14237 
48 2.56 0.109722 0.0186425 0.000989758 5.94331 
48 2.56 0.109875 0.0187666 0.00101361 6.02467 
48 2.56 0.109266 0.0187313 0.00102052 6.11302 
48 2.57 0.108466 0.0182129 0.000946758 5.7805 
48 2.57 0.106599 0.0176937 0.000895543 5.6752 
48 2.57 0.106647 0.0176647 0.000889778 5.63999 
48 2.57 0.107705 0.0179263 0.000915832 5.67124 
48 2.57 0.107626 0.017987 0.000932928 5.74083 
48 2.58 0.104506 0.0169338 0.000824145 5.36915 
48 2.58 0.104383 0.0170329 0.000833477 5.48049 
48 2.58 0.106761 0.0174967 0.000849495 5.44634 
48 2.58 0.104529 0.0170257 0.000843609 5.44691 
48 2.58 0.10503 0.0172675 0.000875832 5.56902 
48 2.59 0.102277 0.0163031 0.000761286 5.19748 
48 2.59 0.102247 0.0162138 0.000753836 5.12338 
48 2.59 0.102131 0.0162851 0.000757494 5.20799 
48 2.59 0.102679 0.0163992 0.000771621 5.20961 
48 2.59 0.103831 0.0166545 0.000780539 5.22507 
48 2.6 0.10019 0.015629 0.000708098 4.95448 
48 2.6 0.0991711 0.0153412 0.000676004 4.87946 
48 2.6 0.10045 0.0157408 0.000720125 5.0072 
48 2.6 0.101549 0.0160169 0.000732606 5.05533 
48 2.6 0.100134 0.0155121 0.000676952 4.86085 
48 2.61 0.0978675 0.0149753 0.000654271 4.76445 
48 2.61 0.0972505 0.0147527 0.000623478 4.67425 
48 2.61 0.0977189 0.0148348 0.000636495 4.66607 
48 2.61 0.0971497 0.0146345 0.000609641 4.58724 
48 2.61 0.0979109 0.014943 0.000636298 4.72846 
48 2.62 0.0964444 0.0143624 0.000585524 4.45052 
48 2.62 0.0955122 0.0142221 0.000578685 4.48444 
48 2.62 0.0955097 0.0140435 0.000554567 4.32779 
48 2.62 0.0951153 0.0141513 0.000598125 4.4887 
48 2.62 0.0964383 0.0142861 0.000575531 4.38446 
48 2.63 0.0927089 0.013338 0.000516858 4.15511 
48 2.63 0.094947 0.0140159 0.000568001 4.38108 
48 2.63 0.0926112 0.013357 0.000522273 4.18766 
48 2.63 0.0941046 0.0137968 0.000549689 4.32866 
48 2.63 0.0931368 0.0135125 0.000528448 4.2383 
48 2.64 0.0913835 0.0129556 0.00047817 4.0186 
48 2.64 0.0913703 0.0130302 0.000492194 4.08583 
48 2.64 0.0910522 0.0129294 0.000490066 4.04854 
48 2.64 0.0922645 0.013241 0.000500539 4.1265 
48 2.64 0.0914804 0.0130954 0.000497887 4.12514 
48 2.65 0.088401 0.0123367 0.000451584 3.93158 
48 2.65 0.0897472 0.0125997 0.0004658 3.9517 
48 2.65 0.0905644 0.0126321 0.000449017 3.85173 
48 2.65 0.0892915 0.0124463 0.000451594 3.88925 
48 2.65 0.0896119 0.0125446 0.000460559 3.92487 
48 2.66 0.0873685 0.0119379 0.000418246 3.7285 
48 2.66 0.0885922 0.012166 0.000422779 3.73962 
48 2.66 0.0883097 0.0121627 0.000428462 3.78 
48 2.66 0.0872983 0.0118293 0.000404879 3.6451 
48 2.66 0.0884139 0.0121096 0.000420585 3.71806 
48 2.67 0.0852072 0.0112155 0.000357028 3.41302 
48 2.67 0.0870344 0.0117825 0.000400248 3.63079 
48 2.67 0.0861965 0.0116468 0.000399639 3.63888 
48 2.67 0.0863801 0.0116693 0.000388483 3.63095 
48 2.67 0.0863835 0.011808 0.000419784 3.75013 
48 2.68 0.0847495 0.0112834 0.000379511 3.52561 
48 2.68 0.0842639 0.0110902 0.000363361 3.43003 
48 2.68 0.0837309 0.0109923 0.000358542 3.42286 
48 2.68 0.0855147 0.0114101 0.000386649 3.52248 
48 2.68 0.083951 0.011014 0.000353828 3.40975 
48 2.69 0.0830078 0.0107318 0.000333986 3.29028 
48 2.69 0.0837638 0.01092 0.000348147 3.34352 
48 2.69 0.0832806 0.010853 0.000345958 3.35525 
48 2.69 0.083385 0.010835 0.000340243 3.32487 
48 2.69 0.0834985 0.0108064 0.000329635 3.28415 
48 2.7 0.081744 0.0105261 0.000328776 3.28019 
48 2.7 0.0812444 0.0103514 0.000313572 3.20067 
48 2.7 0.0829581 0.0106307 0.000322571 3.19889 
48 2.7 0.0821906 0.0105466 0.000325444 3.23522 
48 2.7 0.0823347 0.0105841 0.00032612 3.24703 
48 2.71 0.0801634 0.0101029 0.000304076 3.12593 
48 2.71 0.0804578 0.0100695 0.000293659 3.05732 
48 2.71 0.0804481 0.0100482 0.000291023 3.04052 
48 2.71 0.0809134 0.0102181 0.000303745 3.12115 
48 2.71 0.0790711 0.00986848 0.000293474 3.07447 
48 2.72 0.0794578 0.00984356 0.000287908 2.99013 
48 2.72 0.0796717 0.00993622 0.000290708 3.03979 
48 2.72 0.0788353 0.00981347 0.000292498 3.04811 
48 2.72 0.0794743 0.00984573 0.000279108 2.98975 
48 2.72 0.0786674 0.00966089 0.00027325 2.94127 
48 2.73 0.0786683 0.00962766 0.000272445 2.90233 
48 2.73 0.0769235 0.00931672 0.000260999 2.86902 
48 2.73 0.0786139 0.00961654 0.000267541 2.90017 
48 2.73 0.0772903 0.00931958 0.000251905 2.82371 
48 2.73 0.0779768 0.00956172 0.000269727 2.9381 
48 2.74 0.0754229 0.0088516 0.000228531 2.65967 
48 2.74 0.0774246 0.00939188 0.000261678 2.85672 
48 2.74 0.0768991 0.00929823 0.000259137 2.84616 
48 2.74 0.0770301 0.00927764 0.000249896 2.81189 
48 2.74 0.0770496 0.00932745 0.000259503 2.85126 
48 2.75 0.0755125 0.00884452 0.000226561 2.63275 
48 2.75 0.0747668 0.00881295 0.000239323 2.70019 
48 2.75 0.0760181 0.00906027 0.000241869 2.74932 
48 2.75 0.0748274 0.00883884 0.000236365 2.71427 
48 2.75 0.0764336 0.00901765 0.000234874 2.66053 
48 2.76 0.0748056 0.00875683 0.00022924 2.63871 
48 2.76 0.075001 0.00876098 0.000225753 2.61773 
48 2.76 0.0740498 0.00859214 0.000216866 2.59514 
48 2.76 0.0740672 0.00857896 0.000213854 2.58199 
48 2.76 0.0747693 0.00868169 0.000216925 2.58052 
48 2.77 0.0731325 0.00840437 0.000214762 2.5419 
48 2.77 0.0737882 0.00857524 0.000220158 2.60389 
48 2.77 0.073693 0.008502 0.000213911 2.55465 
48 2.77 0.0741703 0.0086785 0.000225832 2.64275 
48 2.77 0.0733563 0.00839311 0.000204823 2.50525 
48 2.78 0.0726621 0.00825771 0.000201664 2.46804 
48 2.78 0.0728477 0.00826348 0.000205571 2.45045 
48 2.78 0.0726401 0.00827684 0.000204023 2.48655 
48 2.78 0.0725115 0.00825251 0.000201739 2.48184 
48 2.78 0.0720536 0.00813977 0.000193049 2.44327 
48 2.79 0.0716891 0.00810767 0.000196734 2.45127 
48 2.79 0.0715303 0.00798532 0.000188762 2.36902 
48 2.79 0.0701098 0.00771025 0.000176361 2.30802 
48 2.79 0.0724265 0.0081455 0.000192972 2.39476 
48 2.79 0.0708227 0.00792432 0.000189968 2.40182 
48 2.8 0.0700862 0.00770655 0.000179588 2.29945 
48 2.8 0.0710165 0.00791142 0.000186488 2.36002 
48 2.8 0.0708443 0.00777597 0.000174404 2.26867 
48 2.8 0.0714433 0.00800439 0.000189917 2.38648 
48 2.8 0.0710924 0.00785668 0.000178244 2.30611 
48 2.81 0.069606 0.00758234 0.000169609 2.24443 
48 2.81 0.0705585 0.00777771 0.000179025 2.29515 
48 2.81 0.0690852 0.00753859 0.000174305 2.26777 
48 2.81 0.0699474 0.00770672 0.000176155 2.30735 
48 2.81 0.0690331 0.00743399 0.000164971 2.18792 
48 2.82 0.0697207 0.00758427 0.000168247 2.225 
48 2.82 0.0685015 0.00735473 0.000157354 2.17513 
48 2.82 0.0687813 0.00739166 0.000165326 2.17392 
48 2.82 0.0690115 0.00744402 0.000163281 2.19078 
48 2.82 0.0687099 0.0073589 0.000160668 2.15518 
48 2.83 0.0667986 0.00699255 0.000143915 2.06017 
48 2.83 0.0674287 0.007063 0.000143759 2.04866 
48 2.83 0.0681088 0.0072432 0.000155898 2.12033 
48 2.83 0.067197 0.00712159 0.000150745 2.12176 
48 2.83 0.0677323 0.00717845 0.000151265 2.10925 
48 2.84 0.0667964 0.00698837 0.000143902 2.04976 
48 2.84 0.0667526 0.00708514 0.000152717 2.13301 
48 2.84 0.0672641 0.00704653 0.000143439 2.04607 
48 2.84 0.0673181 0.00707988 0.000146425 2.06724 
48 2.84 0.0673156 0.00703749 0.000142748 2.03311 
48 2.85 0.0658841 0.00684786 0.000141042 2.02683 
48 2.85 0.0663175 0.00690649 0.000141131 2.0279 
48 2.85 0.0662557 0.00691566 0.000144553 2.04194 
48 2.85 0.0655204 0.00675358 0.000136949 1.98924 
48 2.85 0.0657429 0.00680387 0.00013985 2.00629 
48 2.86 0.0654848 0.0067365 0.000136666 1.97229 
48 2.86 0.0650039 0.0066166 0.000128084 1.92625 
48 2.86 0.0649282 0.00660942 0.000129489 1.92839 
48 2.86 0.064501 0.006536 0.0001275 1.91378 
48 2.86 0.0652711 0.00668229 0.000134032 1.95113 
48 2.87 0.0639905 0.00644002 0.000124084 1.88272 
48 2.87 0.0646605 0.00655518 0.000129936 1.90598 
48 2.87 0.0648903 0.00660668 0.000130591 1.92342 
48 2.87 0.0643843 0.00650308 0.000125948 1.89277 
48 2.87 0.0643714 0.0064877 0.000125627 1.88176 
48 2.88 0.0639071 0.00641802 0.000122673 1.86712 
48 2.88 0.0642602 0.00647617 0.000124837 1.87743 
48 2.88 0.0645032 0.0064791 0.00012483 1.85475 
48 2.88 0.0632865 0.00632507 0.000123851 1.85592 
48 2.88 0.0637602 0.0063877 0.000122916 1.85787 
48 2.89 0.063259 0.00621911 0.000114021 1.76779 
48 2.89 0.0629046 0.00622572 0.000115933 1.80871 
48 2.89 0.0628976 0.00620872 0.000115545 1.79586 
48 2.89 0.0625227 0.00614659 0.000113361 1.78381 
48 2.89 0.0628001 0.00618782 0.000113938 1.78896 
48 2.9 0.0628332 0.00618252 0.000113941 1.77529 
48 2.9 0.0622805 0.00602513 0.000106684 1.70518 
48 2.9 0.0636266 0.00630384 0.000118722 1.79196 
48 2.9 0.0620439 0.00603031 0.000106195 1.73266 
48 2.9 0.0631576 0.0062039 0.00011126 1.7598 
48 2.91 0.0616944 0.00597621 0.000106142 1.71811 
48 2.91 0.062106 0.00602553 0.000107214 1.71682 
48 2.91 0.0605937 0.00576527 0.000100187 1.65767 
48 2.91 0.061425 0.00589251 0.000103287 1.6781 
48 2.91 0.0619268 0.00604084 0.000109524 1.74653 
48 2.92 0.0613306 0.00589519 0.00010267 1.68362 
48 2.92 0.0607451 0.00580117 0.000100613 1.66582 
48 2.92 0.0611981 0.00584204 9.95422e-05 1.65449 
48 2.92 0.0613018 0.0059366 0.00010829 1.71907 
48 2.92 0.0608318 0.00576869 9.66845e-05 1.63189 
48 2.93 0.0600575 0.00562618 9.36153e-05 1.58786 
48 2.93 0.0602567 0.00566547 9.44233e-05 1.59991 
48 2.93 0.0603114 0.0057033 9.61886e-05 1.62447 
48 2.93 0.0598335 0.00563726 9.50957e-05 1.61769 
48 2.93 0.0613089 0.00591214 0.000105236 1.69329 
48 2.94 0.0599167 0.00559734 9.28214e-05 1.5731 
48 2.94 0.0597638 0.00560501 9.36593e-05 1.59344 
48 2.94 0.0604628 0.00569564 9.4158e-05 1.5986 
48 2.94 0.0602422 0.0056978 9.79428e-05 1.62117 
48 2.94 0.060392 0.00571338 9.79205e-05 1.61921 
48 2.95 0.0601663 0.00565747 9.5119e-05 1.59131 
48 2.95 0.0592569 0.00546392 8.87396e-05 1.52497 
48 2.95 0.058974 0.00546707 8.9718e-05 1.55356 
48 2.95 0.0592135 0.00548045 8.83741e-05 1.54189 
48 2.95 0.0590726 0.00545318 8.75162e-05 1.53361 
48 2.96 0.059558 0.00549004 8.64252e-05 1.5123 
48 2.96 0.058412 0.00531992 8.5246e-05 1.48511 
48 2.96 0.058827 0.0054766 9.16191e-05 1.5692 
48 2.96 0.0591344 0.00545508 8.67755e-05 1.52423 
48 2.96 0.0587635 0.0053735 8.3529e-05 1.49476 
48 2.97 0.0580944 0.00526119 8.15202e-05 1.46326 
48 2.97 0.0583977 0.00533637 8.46955e-05 1.49417 
48 2.97 0.0581407 0.00531178 8.28422e-05 1.49833 
48 2.97 0.0585617 0.005343 8.31208e-05 1.48443 
48 2.97 0.0581184 0.00530251 8.4853e-05 1.49315 
48 2.98 0.0570965 0.00512704 7.82417e-05 1.4435 
48 2.98 0.0580757 0.00527858 8.21432e-05 1.47347 
48 2.98 0.0581321 0.00529402 8.10154e-05 1.48034 
48 2.98 0.0575195 0.00520144 8.04534e-05 1.46353 
48 2.98 0.0572185 0.00513552 7.90576e-05 1.43927 
48 2.99 0.0576735 0.00514932 7.60934e-05 1.40482 
48 2.99 0.0566925 0.00503343 7.41961e-05 1.40196 
48 2.99 0.0572841 0.00514938 8.0664e-05 1.43935 
48 2.99 0.0578891 0.00527869 8.3859e-05 1.48531 
48 2.99 0.0581124 0.00527863 8.23148e-05 1.4653 
48 3 0.0567313 0.00503481 7.4433e-05 1.39497 
48 3 0.0569436 0.00508978 7.80527e-05 1.41866 
48 3 0.0561336 0.0049612 7.51176e-05 1.39025 
48 3 0.0573139 0.00509648 7.60412e-05 1.39131 
48 3 0.0564863 0.00502656 7.57888e-05 1.40994 
48 3.02 0.0556029 0.00488077 7.14579e-05 1.36493 
48 3.02 0.0563049 0.00490915 7.03924e-05 1.32664 
48 3.02 0.0557863 0.0048996 7.26091e-05 1.3637 
48 3.02 0.0560617 0.0049556 7.42489e-05 1.38292 
48 3.02 0.0552461 0.00477389 6.58562e-05 1.31356 
48 3.04 0.0548902 0.0047052 6.56642e-05 1.28256 
48 3.04 0.0546417 0.00469316 6.39285e-05 1.29407 
48 3.04 0.0556787 0.00484784 7.04081e-05 1.32459 
48 3.04 0.0547071 0.00473094 6.73757e-05 1.31727 
48 3.04 0.055065 0.00475827 6.64479e-05 1.30821 
48 3.06 0.0537578 0.00453889 6.12405e-05 1.24159 
48 3.06 0.0543885 0.00458731 6.06405e-05 1.2267 
48 3.06 0.0540334 0.00453941 6.03354e-05 1.21961 
48 3.06 0.0541552 0.00456548 6.12177e-05 1.22932 
48 3.06 0.0535595 0.00450772 6.03092e-05 1.23415 
48 3.08 0.0532596 0.00442911 5.78807e-05 1.19129 
48 3.08 0.0537025 0.00447876 5.97757e-05 1.19299 
48 3.08 0.0522431 0.00430762 5.69804e-05 1.18064 
48 3.08 0.0532831 0.00444168 5.91417e-05 1.19882 
48 3.08 0.0529572 0.00439961 5.79092e-05 1.19325 
48 3.1 0.0520099 0.004293 5.64861e-05 1.18022 
48 3.1 0.0525669 0.00436192 5.72817e-05 1.18815 
48 3.1 0.0522006 0.00424092 5.2871e-05 1.12674 
48 3.1 0.0517312 0.00417269 5.1161e-05 1.11229 
48 3.1 0.0520065 0.00425971 5.51936e-05 1.15574 
48 3.12 0.0510247 0.00409408 4.93785e-05 1.10072 
48 3.12 0.0507148 0.00407074 5.08512e-05 1.10677 
48 3.12 0.0517446 0.00418067 5.15071e-05 1.11003 
48 3.12 0.0515115 0.00414039 5.09121e-05 1.09806 
48 3.12 0.0514286 0.0041362 5.12022e-05 1.10127 
48 3.14 0.0510878 0.00406448 4.78321e-05 1.06727 
48 3.14 0.0507716 0.00401594 4.78137e-05 1.05528 
48 3.14 0.0505966 0.00403696 4.9187e-05 1.08372 
48 3.14 0.0502977 0.00394469 4.63366e-05 1.03815 
48 3.14 0.0502705 0.00396088 4.71484e-05 1.05203 
48 3.16 0.0496548 0.00386573 4.41737e-05 1.02086 
48 3.16 0.0504735 0.00396243 4.58691e-05 1.03159 
48 3.16 0.0503832 0.00394575 4.54068e-05 1.02607 
48 3.16 0.0504007 0.00397784 4.76293e-05 1.04818 
48 3.16 0.0492839 0.00382612 4.41008e-05 1.01874 
48 3.18 0.0483953 0.00371008 4.1885e-05 0.991134 
48 3.18 0.0492543 0.00381716 4.37129e-05 1.00794 
48 3.18 0.04969 0.00385499 4.38692e-05 1.00412 
48 3.18 0.0495929 0.00386022 4.47655e-05 1.0149 
48 3.18 0.0486891 0.00373012 4.11857e-05 0.98499 
48 3.2 0.048553 0.00371072 4.21351e-05 0.974398 
48 3.2 0.0485014 0.00370216 4.1255e-05 0.971838 
48 3.2 0.0480548 0.00360681 3.86331e-05 0.934236 
48 3.2 0.0483761 0.00367604 4.06771e-05 0.961769 
48 3.2 0.0488825 0.00374698 4.19721e-05 0.977387 
48 3.22 0.0482487 0.00360454 3.76888e-05 0.913447 
48 3.22 0.0476575 0.00354685 3.66839e-05 0.912738 
48 3.22 0.0475635 0.00355319 3.73205e-05 0.923679 
48 3.22 0.0479347 0.00359479 3.83661e-05 0.92808 
48 3.22 0.0482159 0.00363014 3.84169e-05 0.93403 
48 3.24 0.0476205 0.00355942 3.74649e-05 0.91855 
48 3.24 0.0474891 0.00352455 3.6885e-05 0.902634 
48 3.24 0.0470232 0.00347344 3.65669e-05 0.897609 
48 3.24 0.0469385 0.0034258 3.44426e-05 0.869385 
48 3.24 0.0465631 0.00342696 3.56418e-05 0.895169 
48 3.26 0.0467558 0.00343966 3.59136e-05 0.885951 
48 3.26 0.0463387 0.0033424 3.2354e-05 0.844653 
48 3.26 0.0472911 0.00347063 3.52647e-05 0.872254 
48 3.26 0.0470642 0.00347369 3.61952e-05 0.889546 
48 3.26 0.0471076 0.00349917 3.68519e-05 0.904672 
48 3.28 0.0470114 0.00344884 3.55647e-05 0.870161 
48 3.28 0.0463141 0.00334963 3.24938e-05 0.846185 
48 3.28 0.0457551 0.00328124 3.16073e-05 0.834292 
48 3.28 0.0460211 0.00331125 3.30872e-05 0.838228 
48 3.28 0.0463227 0.00336689 3.34751e-05 0.857743 
48 3.3 0.0451935 0.00319787 3.03216e-05 0.80669 
48 3.3 0.0457003 0.00329388 3.31812e-05 0.841561 
48 3.3 0.0458203 0.00327322 3.14859e-05 0.819468 
48 3.3 0.0459659 0.00332928 3.33557e-05 0.849282 
48 3.3 0.045548 0.0032698 3.16934e-05 0.834455 
48 3.32 0.0448874 0.00317307 3.04003e-05 0.803755 
48 3.32 0.0450661 0.00318397 3.0114e-05 0.800162 
48 3.32 0.0448689 0.00315976 2.93449e-05 0.79567 
48 3.32 0.0453605 0.00323366 3.11139e-05 0.816178 
48 3.32 0.0452484 0.00320182 3.00124e-05 0.801125 
48 3.34 0.0442651 0.00309139 2.90121e-05 0.780869 
48 3.34 0.044614 0.00312727 2.92924e-05 0.784229 
48 3.34 0.0446029 0.00310915 2.82228e-05 0.772417 
48 3.34 0.0455825 0.00322955 3.03208e-05 0.794526 
48 3.34 0.0441237 0.00306964 2.82743e-05 0.77449 
48 3.36 0.0438589 0.0030226 2.68714e-05 0.753598 
48 3.36 0.0447449 0.00313251 2.90907e-05 0.775137 
48 3.36 0.0439352 0.00303162 2.76118e-05 0.755185 
48 3.36 0.0438069 0.00303035 2.78924e-05 0.76204 
48 3.36 0.0440036 0.00306359 2.82647e-05 0.772987 
48 3.38 0.0433891 0.00297016 2.65589e-05 0.741333 
48 3.38 0.0430799 0.00291172 2.53918e-05 0.71972 
48 3.38 0.0434582 0.00299467 2.7081e-05 0.75395 
48 3.38 0.0433172 0.00295676 2.61752e-05 0.73645 
48 3.38 0.0439064 0.00302627 2.74699e-05 0.748799 
48 3.4 0.0433819 0.00294871 2.56232e-05 0.722865 
48 3.4 0.0436466 0.00301376 2.75704e-05 0.75133 
48 3.4 0.0434923 0.00294302 2.55836e-05 0.712508 
48 3.4 0.0430344 0.00290811 2.55537e-05 0.7157 
48 3.4 0.043274 0.00294866 2.57987e-05 0.729164 
48 3.42 0.0429232 0.00290244 2.55541e-05 0.714135 
48 3.42 0.0425562 0.0028605 2.48107e-05 0.707008 
48 3.42 0.0427287 0.00286512 2.40458e-05 0.70021 
48 3.42 0.0424286 0.00282097 2.37244e-05 0.687685 
48 3.42 0.0436763 0.00296316 2.52521e-05 0.711102 
48 3.44 0.0420635 0.00277217 2.36772e-05 0.671662 
48 3.44 0.0423274 0.00281942 2.34919e-05 0.688394 
48 3.44 0.0424432 0.00283215 2.4114e-05 0.690344 
48 3.44 0.0422858 0.00279172 2.28557e-05 0.672201 
48 3.44 0.0428023 0.00284406 2.37657e-05 0.677815 
48 3.46 0.0423007 0.00278862 2.26983e-05 0.665411 
48 3.46 0.0421379 0.00278509 2.32818e-05 0.672213 
48 3.46 0.0417872 0.00272543 2.18222e-05 0.652088 
48 3.46 0.0423768 0.00281347 2.34633e-05 0.677664 
48 3.46 0.0417615 0.00275139 2.2712e-05 0.6708 
48 3.48 0.0416794 0.0027323 2.27528e-05 0.658844 
48 3.48 0.0418299 0.0027531 2.28596e-05 0.664296 
48 3.48 0.0415236 0.00268968 2.1168e-05 0.63921 
48 3.48 0.0415395 0.00270939 2.20954e-05 0.651386 
48 3.48 0.0412201 0.00266444 2.09782e-05 0.639125 
48 3.5 0.0415593 0.00270836 2.21172e-05 0.6459 
48 3.5 0.0409999 0.00265345 2.12751e-05 0.640156 
48 3.5 0.0414699 0.002708 2.2067e-05 0.65055 
48 3.5 0.0411076 0.0026447 2.10431e-05 0.628571 
48 3.5 0.0409292 0.00264782 2.14608e-05 0.640262 
48 3.52 0.0408548 0.00261488 2.01021e-05 0.61905 
48 3.52 0.0410382 0.00264307 2.09466e-05 0.627668 
48 3.52 0.0405766 0.00260823 2.06673e-05 0.629525 
48 3.52 0.0407242 0.00259602 1.99712e-05 0.613677 
48 3.52 0.0407129 0.00260449 2.03528e-05 0.619818 
48 3.54 0.0408402 0.00258904 1.95677e-05 0.599505 
48 3.54 0.0402624 0.00255327 1.92348e-05 0.606726 
48 3.54 0.0401236 0.00255825 2.0195e-05 0.617226 
48 3.54 0.0401554 0.00255045 1.98964e-05 0.610493 
48 3.54 0.0402646 0.00255125 1.9373e-05 0.605295 
48 3.56 0.0398153 0.00248249 1.87772e-05 0.580682 
48 3.56 0.0399373 0.00249681 1.84409e-05 0.583648 
48 3.56 0.0403952 0.00253951 1.90979e-05 0.58748 
48 3.56 0.040394 0.0025759 2.02435e-05 0.611092 
48 3.56 0.0399622 0.00250677 1.86503e-05 0.58881 
48 3.58 0.0399345 0.00251002 1.90159e-05 0.589037 
48 3.58 0.0400595 0.00250259 1.84777e-05 0.57782 
48 3.58 0.0397815 0.00248862 1.84211e-05 0.583113 
48 3.58 0.0393264 0.00243827 1.78993e-05 0.573881 
48 3.58 0.0401678 0.00252657 1.88823e-05 0.587658 
48 3.6 0.0393375 0.00245852 1.85729e-05 0.58309 
48 3.6 0.0390235 0.00240907 1.77415e-05 0.567188 
48 3.6 0.0393401 0.00241912 1.72667e-05 0.557743 
48 3.6 0.0395689 0.00243951 1.76513e-05 0.559238 
48 3.6 0.0396103 0.00245393 1.78883e-05 0.566371 
48 3.62 0.0389144 0.00238061 1.72142e-05 0.551357 
48 3.62 0.0392983 0.00241501 1.7228e-05 0.554145 
48 3.62 0.0394047 0.00243477 1.76736e-05 0.561388 
48 3.62 0.0389813 0.0023757 1.6556e-05 0.544909 
48 3.62 0.0392295 0.0024154 1.75751e-05 0.557823 
48 3.64 0.0383543 0.00232313 1.61188e-05 0.539337 
48 3.64 0.0388701 0.00238085 1.69516e-05 0.550656 
48 3.64 0.0385365 0.00234245 1.65328e-05 0.542699 
48 3.64 0.0388853 0.00235862 1.63722e-05 0.535839 
48 3.64 0.0383402 0.0023156 1.67001e-05 0.535259 
48 3.66 0.0381056 0.00228834 1.57212e-05 0.526455 
48 3.66 0.0385892 0.00233514 1.62037e-05 0.53257 
48 3.66 0.0379333 0.00226001 1.51816e-05 0.516872 
48 3.66 0.0387589 0.00234996 1.62752e-05 0.533637 
48 3.66 0.0385533 0.00234376 1.64121e-05 0.539742 
48 3.68 0.0380031 0.00226777 1.58857e-05 0.515606 
48 3.68 0.0383049 0.00229144 1.53376e-05 0.51601 
48 3.68 0.0378819 0.00226926 1.56295e-05 0.5223 
48 3.68 0.0374841 0.00221569 1.53772e-05 0.507528 
48 3.68 0.0386247 0.00234029 1.63635e-05 0.531191 
48 3.7 0.0374786 0.00222099 1.49708e-05 0.508335 
48 3.7 0.037926 0.00225305 1.52997e-05 0.507297 
48 3.7 0.0379247 0.00225013 1.49202e-05 0.505535 
48 3.7 0.0385222 0.0023378 1.68496e-05 0.531688 
48 3.7 0.0379287 0.00225198 1.52162e-05 0.506502 
48 3.72 0.037163 0.0022031 1.50097e-05 0.509116 
48 3.72 0.0372768 0.00217968 1.4448e-05 0.489365 
48 3.72 0.0378937 0.00225557 1.50558e-05 0.507642 
48 3.72 0.0378057 0.002244 1.52186e-05 0.504603 
48 3.72 0.0376806 0.0022342 1.5288e-05 0.504387 
48 3.74 0.0369357 0.00217061 1.44872e-05 0.496755 
48 3.74 0.0371567 0.00218841 1.45869e-05 0.497636 
48 3.74 0.0374716 0.00220875 1.47091e-05 0.495684 
48 3.74 0.0376998 0.00223686 1.53158e-05 0.502434 
48 3.74 0.0371074 0.00216424 1.4092e-05 0.484999 
48 3.76 0.037152 0.00217606 1.44698e-05 0.48763 
48 3.76 0.0368111 0.00212678 1.35808e-05 0.472884 
48 3.76 0.0370946 0.00217199 1.42931e-05 0.487747 
48 3.76 0.0373043 0.00218122 1.42738e-05 0.48385 
48 3.76 0.0373412 0.00218281 1.41952e-05 0.483132 
48 3.78 0.036726 0.0021135 1.31165e-05 0.466102 
48 3.78 0.0367251 0.00211757 1.34598e-05 0.468623 
48 3.78 0.0370001 0.00215374 1.38153e-05 0.478313 
48 3.78 0.0370564 0.00214864 1.34216e-05 0.47266 
48 3.78 0.0369548 0.00214462 1.37343e-05 0.4748 
48 3.8 0.0364054 0.00208564 1.31976e-05 0.460972 
48 3.8 0.0367869 0.00212457 1.34625e-05 0.467647 
48 3.8 0.0363667 0.00208444 1.31507e-05 0.461954 
48 3.8 0.0365049 0.00209979 1.33648e-05 0.465151 
48 3.8 0.0364132 0.00210313 1.3738e-05 0.471232 
48 3.82 0.0364192 0.00206664 1.24606e-05 0.446494 
48 3.82 0.0363683 0.0020731 1.26335e-05 0.452625 
48 3.82 0.0367523 0.00210095 1.29534e-05 0.452489 
48 3.82 0.0365276 0.00209097 1.27405e-05 0.456401 
48 3.82 0.0365485 0.00209479 1.31946e-05 0.45778 
48 3.84 0.036189 0.00204424 1.25292e-05 0.440758 
48 3.84 0.0367122 0.00211871 1.35996e-05 0.462551 
48 3.84 0.0361037 0.00204651 1.25086e-05 0.445818 
48 3.84 0.036274 0.00206237 1.26117e-05 0.44794 
48 3.84 0.0358448 0.00201869 1.2181e-05 0.440303 
48 3.86 0.0359029 0.00202041 1.2302e-05 0.436561 
48 3.86 0.035721 0.00199062 1.16739e-05 0.426558 
48 3.86 0.0360395 0.00203542 1.2286e-05 0.439653 
48 3.86 0.0358 0.00201934 1.24007e-05 0.44033 
48 3.86 0.035905 0.00202386 1.21202e-05 0.438529 
48 3.88 0.0351555 0.00192981 1.10873e-05 0.412048 
48 3.88 0.0357493 0.00199528 1.16958e-05 0.425922 
48 3.88 0.0357135 0.00200721 1.20947e-05 0.434525 
48 3.88 0.0356785 0.00198687 1.19685e-05 0.423937 
48 3.88 0.0354964 0.00196256 1.14168e-05 0.417197 
48 3.9 0.0354674 0.00198692 1.2061e-05 0.430665 
48 3.9 0.0353632 0.00195302 1.13009e-05 0.414994 
48 3.9 0.0352888 0.00196078 1.16825e-05 0.422683 
48 3.9 0.0353405 0.00196618 1.16338e-05 0.423719 
48 3.9 0.0357924 0.00199778 1.16646e-05 0.423392 
48 3.92 0.0351287 0.00193329 1.11807e-05 0.410998 
48 3.92 0.0353805 0.00198299 1.21597e-05 0.429775 
48 3.92 0.0357735 0.0019991 1.17104e-05 0.422807 
48 3.92 0.0349911 0.00192015 1.10227e-05 0.408939 
48 3.92 0.0353034 0.00197788 1.22391e-05 0.429972 
48 3.94 0.0354742 0.00196201 1.14556e-05 0.411438 
48 3.94 0.0350023 0.00192765 1.11114e-05 0.410791 
48 3.94 0.0352118 0.0019421 1.10369e-05 0.410646 
48 3.94 0.0350264 0.00194495 1.17233e-05 0.419926 
48 3.94 0.0347747 0.00191306 1.12353e-05 0.41155 
48 3.96 0.0348499 0.00190975 1.09624e-05 0.404497 
48 3.96 0.0348484 0.00189393 1.06411e-05 0.395361 
48 3.96 0.0351851 0.00194823 1.13747e-05 0.41323 
48 3.96 0.0343763 0.00186062 1.04702e-05 0.394988 
48 3.96 0.0349525 0.00191636 1.09779e-05 0.404178 
48 3.98 0.0348593 0.00191423 1.10794e-05 0.40468 
48 3.98 0.0345506 0.00187546 1.05914e-05 0.394639 
48 3.98 0.0345849 0.00188706 1.07056e-05 0.399987 
48 3.98 0.0345353 0.00187404 1.05472e-05 0.394432 
48 3.98 0.034332 0.00184989 1.02295e-05 0.388557 
48 4 0.0344825 0.00187116 1.05673e-05 0.392901 
48 4 0.0345641 0.00187465 1.05002e-05 0.39166 
48 4 0.0346407 0.00189338 1.08112e-05 0.399401 
48 4 0.0348927 0.00189847 1.05722e-05 0.392239 
48 4 0.0347253 0.00189076 1.07861e-05 0.394513 
48 4.02 0.033675 0.00178326 9.65765e-06 0.372108 
48 4.02 0.0344971 0.0018811 1.06355e-05 0.396062 
48 4.02 0.0338484 0.00181781 1.00267e-05 0.385201 
48 4.02 0.0344128 0.0018566 1.01545e-05 0.38535 
48 4.02 0.0343673 0.00185353 1.02161e-05 0.385386 
48 4.04 0.0337687 0.00180954 1.00542e-05 0.381647 
48 4.04 0.0336944 0.00178989 9.85137e-06 0.373304 
48 4.04 0.0336693 0.00178238 9.45708e-06 0.369986 
48 4.04 0.0339627 0.00179986 9.60666e-06 0.368638 
48 4.04 0.0340559 0.00183489 1.02278e-05 0.385 
48 4.06 0.0341995 0.00184033 1.02029e-05 0.380626 
48 4.06 0.0338827 0.00180792 9.78546e-06 0.374473 
48 4.06 0.033536 0.00177464 9.50579e-06 0.36885 
48 4.06 0.0335253 0.00177687 9.54258e-06 0.370523 
48 4.06 0.033728 0.00177491 9.12773e-06 0.361675 
48 4.08 0.0339095 0.00180305 9.76088e-06 0.368868 
48 4.08 0.0338979 0.00181265 9.87258e-06 0.374727 
48 4.08 0.0340142 0.00181301 9.81362e-06 0.370469 
48 4.08 0.0334468 0.00174323 8.90735e-06 0.352683 
48 4.08 0.0336839 0.00178091 9.40327e-06 0.364974 
48 4.1 0.0336497 0.0017823 9.59616e-06 0.365267 
48 4.1 0.0333666 0.00175534 9.30764e-06 0.360781 
48 4.1 0.0333769 0.00176731 9.58212e-06 0.367117 
48 4.1 0.0331909 0.00171703 8.6816e-06 0.345823 
48 4.1 0.0335018 0.00175979 9.36125e-06 0.3582 
48 4.12 0.0331813 0.00173021 8.90149e-06 0.35187 
48 4.12 0.033097 0.00171459 8.63139e-06 0.346259 
48 4.12 0.0333537 0.00174341 9.03875e-06 0.352834 
48 4.12 0.0333532 0.00174289 8.9802e-06 0.352562 
48 4.12 0.0330339 0.00170849 8.82936e-06 0.345177 
48 4.14 0.0328642 0.00170132 8.69851e-06 0.345748 
48 4.14 0.0335258 0.00175344 8.9114e-06 0.350307 
48 4.14 0.0330506 0.00171107 8.75767e-06 0.344334 
48 4.14 0.0331227 0.00171766 8.82586e-06 0.345344 
48 4.14 0.0333725 0.00175503 9.41007e-06 0.356899 
48 4.16 0.0326599 0.00166888 8.36832e-06 0.333533 
48 4.16 0.0328156 0.00167354 8.20418e-06 0.330466 
48 4.16 0.0331723 0.0017308 9.05872e-06 0.349146 
48 4.16 0.0328664 0.00169429 8.57941e-06 0.34011 
48 4.16 0.0327842 0.00167992 8.34298e-06 0.335141 
48 4.18 0.0326825 0.00166446 8.09374e-06 0.328688 
48 4.18 0.032864 0.00168654 8.43352e-06 0.334301 
48 4.18 0.0328126 0.00169429 8.74154e-06 0.340433 
48 4.18 0.0328163 0.00170211 8.83644e-06 0.34461 
48 4.18 0.0325987 0.00167587 8.5303e-06 0.337989 
48 4.2 0.0330345 0.00169976 8.39977e-06 0.333794 
48 4.2 0.0326638 0.00167636 8.40236e-06 0.334317 
48 4.2 0.0325191 0.00166381 8.28454e-06 0.332611 
48 4.2 0.0326551 0.00166878 8.20115e-06 0.330473 
48 4.2 0.0326812 0.00167035 8.21238e-06 0.330397 
48 4.22 0.0320571 0.00164027 8.24455e-06 0.334466 
48 4.22 0.0322389 0.0016416 8.13044e-06 0.328813 
48 4.22 0.0323675 0.00164316 7.97306e-06 0.325127 
48 4.22 0.0324641 0.00165078 8.05464e-06 0.325873 
48 4.22 0.0324147 0.00163757 8.08593e-06 0.32041 
48 4.24 0.032474 0.00165611 8.15468e-06 0.32688 
48 4.24 0.0322851 0.00164058 8.03446e-06 0.325089 
48 4.24 0.0322273 0.00161961 7.62674e-06 0.315716 
48 4.24 0.0323974 0.00163324 7.75693e-06 0.317154 
48 4.24 0.0319974 0.00161478 7.89984e-06 0.321119 
48 4.26 0.0327062 0.00167938 8.42321e-06 0.329744 
48 4.26 0.0320212 0.00161534 7.7539e-06 0.319093 
48 4.26 0.0323378 0.00163257 7.93361e-06 0.317385 
48 4.26 0.0322991 0.00162424 7.67486e-06 0.314232 
48 4.26 0.0321348 0.00162785 8.04561e-06 0.321913 
48 4.28 0.0321761 0.00161844 7.69817e-06 0.313913 
48 4.28 0.0316144 0.00156472 7.37447e-06 0.304284 
48 4.28 0.0319563 0.00159509 7.52574e-06 0.308929 
48 4.28 0.031738 0.00157412 7.22773e-06 0.305128 
48 4.28 0.0325004 0.00166003 8.283e-06 0.325009 
48 4.3 0.0319867 0.00159879 7.61987e-06 0.308438 
48 4.3 0.0318931 0.00160115 7.58182e-06 0.312902 
48 4.3 0.0318211 0.00160223 7.93587e-06 0.315942 
48 4.3 0.0319153 0.00159189 7.40189e-06 0.307184 
48 4.3 0.0315274 0.00156828 7.47739e-06 0.307717 
48 4.32 0.0317468 0.00157845 7.37724e-06 0.304314 
48 4.32 0.0320138 0.001605 7.68962e-06 0.309397 
48 4.32 0.0313593 0.00153335 6.87594e-06 0.293302 
48 4.32 0.032106 0.00160759 7.55314e-06 0.307624 
48 4.32 0.0317944 0.00158861 7.66601e-06 0.308121 
48 4.34 0.0312334 0.00153731 7.22165e-06 0.298236 
48 4.34 0.0320825 0.00162197 8.01991e-06 0.314642 
48 4.34 0.0315189 0.00155603 7.13932e-06 0.298666 
48 4.34 0.0309268 0.00151959 7.27027e-06 0.298946 
48 4.34 0.0316147 0.00157111 7.48541e-06 0.303462 
48 4.36 0.0313747 0.001556 7.46008e-06 0.302069 
48 4.36 0.0311968 0.00153064 7.04443e-06 0.294551 
48 4.36 0.0310327 0.00151685 7.02133e-06 0.292661 
48 4.36 0.0314943 0.00155123 7.14732e-06 0.295578 
48 4.36 0.0314799 0.00155683 7.25465e-06 0.299013 
48 4.38 0.0310865 0.00152488 7.12146e-06 0.293787 
48 4.38 0.031658 0.00156162 7.19051e-06 0.294255 
48 4.38 0.031424 0.00155577 7.3785e-06 0.298939 
48 4.38 0.0310916 0.00152467 7.12164e-06 0.293517 
48 4.38 0.0309899 0.00150204 6.66674e-06 0.284932 
48 4.4 0.0312543 0.00151224 6.566e-06 0.280356 
48 4.4 0.0311263 0.00150848 6.62036e-06 0.28257 
48 4.4 0.0311578 0.00151533 6.7833e-06 0.285133 
48 4.4 0.031326 0.00154104 7.13469e-06 0.293094 
48 4.4 0.0309571 0.00150824 6.88794e-06 0.287948 
48 4.42 0.0306483 0.00147078 6.40378e-06 0.277032 
48 4.42 0.0309743 0.00150367 6.71615e-06 0.283708 
48 4.42 0.0308917 0.00149525 6.5702e-06 0.281984 
48 4.42 0.0303418 0.00145179 6.37226e-06 0.276882 
48 4.42 0.0309069 0.00150373 6.92489e-06 0.28591 
48 4.44 0.0317577 0.00157685 7.27203e-06 0.294901 
48 4.44 0.0308271 0.00150468 6.95095e-06 0.287676 
48 4.44 0.0310805 0.00151984 6.9595e-06 0.287399 
48 4.44 0.0306727 0.00148 6.4954e-06 0.279795 
48 4.44 0.0314218 0.00154693 6.96759e-06 0.290388 
48 4.46 0.0308868 0.00151172 6.85479e-06 0.288116 
48 4.46 0.0307243 0.00147865 6.39554e-06 0.276204 
48 4.46 0.030857 0.00150593 6.9099e-06 0.286073 
48 4.46 0.0309229 0.00149467 6.61221e-06 0.278153 
48 4.46 0.0306032 0.00147368 6.62691e-06 0.277473 
48 4.48 0.0304194 0.00145546 6.38383e-06 0.272634 
48 4.48 0.0305701 0.00147295 6.75677e-06 0.276902 
48 4.48 0.0304951 0.00146185 6.44126e-06 0.273551 
48 4.48 0.030725 0.00148433 6.57012e-06 0.277872 
48 4.48 0.0306835 0.00149013 6.72029e-06 0.282162 
48 4.5 0.0304668 0.00145875 6.31075e-06 0.271629 
48 4.5 0.030554 0.0014619 6.25824e-06 0.270519 
48 4.5 0.0304431 0.0014459 6.20524e-06 0.265788 
48 4.5 0.0306048 0.00147771 6.61566e-06 0.277021 
48 4.5 0.0303511 0.0014609 6.58798e-06 0.276331 
