J: 3.35657 1.11451 0 0 
sizes nth step2 temp ene 
10 1 4096 2.5 -166.066 
10 1 4096 2.5 -164.345 
10 1 4096 2.5 -165.058 
10 1 4096 2.5 -165.221 
10 1 4096 2.5 -164.329 
10 1 4096 2.5 -165.702 
10 1 4096 2.5 -164.756 
10 1 4096 2.5 -163.974 
10 1 4096 2.5 -164.423 
10 1 4096 2.5 -164.56 
10 1 4096 2.5 -164.79 
10 1 4096 2.5 -165.271 
10 1 4096 2.5 -164.859 
10 1 4096 2.5 -166.195 
10 1 4096 2.5 -164.265 
10 1 4096 2.5 -164.45 
10 1 4096 2.5 -164.344 
10 1 4096 2.5 -164.188 
10 1 4096 2.5 -164.582 
10 1 4096 2.5 -164.545 
10 1 4096 2.5 -164.984 
10 1 4096 2.5 -164.629 
10 1 4096 2.5 -165.487 
10 1 4096 2.5 -164.923 
10 1 4096 2.5 -164.577 
10 1 4096 2.505 -164.139 
10 1 4096 2.505 -164.274 
10 1 4096 2.505 -164.482 
10 1 4096 2.505 -163.891 
10 1 4096 2.505 -164.432 
10 1 4096 2.505 -163.516 
10 1 4096 2.505 -164.292 
10 1 4096 2.505 -163.922 
10 1 4096 2.505 -163.84 
10 1 4096 2.505 -164.423 
10 1 4096 2.505 -163.928 
10 1 4096 2.505 -164.4 
10 1 4096 2.505 -165.105 
10 1 4096 2.505 -164.024 
10 1 4096 2.505 -164.584 
10 1 4096 2.505 -165.074 
10 1 4096 2.505 -164.194 
10 1 4096 2.505 -163.708 
10 1 4096 2.505 -165.132 
10 1 4096 2.505 -164.497 
10 1 4096 2.505 -164.784 
10 1 4096 2.505 -165.356 
10 1 4096 2.505 -163.377 
10 1 4096 2.505 -163.591 
10 1 4096 2.505 -164.529 
10 1 4096 2.51 -163.258 
10 1 4096 2.51 -163.255 
10 1 4096 2.51 -163.66 
10 1 4096 2.51 -164.282 
10 1 4096 2.51 -163.641 
10 1 4096 2.51 -162.481 
10 1 4096 2.51 -163.368 
10 1 4096 2.51 -163.712 
10 1 4096 2.51 -163.686 
10 1 4096 2.51 -163.401 
10 1 4096 2.51 -162.648 
10 1 4096 2.51 -164.637 
10 1 4096 2.51 -162.957 
10 1 4096 2.51 -163.637 
10 1 4096 2.51 -163.446 
10 1 4096 2.51 -163.998 
10 1 4096 2.51 -164.048 
10 1 4096 2.51 -163.415 
10 1 4096 2.51 -163.347 
10 1 4096 2.51 -162.755 
10 1 4096 2.51 -163.624 
10 1 4096 2.51 -163.778 
10 1 4096 2.51 -164.222 
10 1 4096 2.51 -164.816 
10 1 4096 2.51 -163.288 
10 1 4096 2.515 -162.475 
10 1 4096 2.515 -163.498 
10 1 4096 2.515 -162.032 
10 1 4096 2.515 -164.051 
10 1 4096 2.515 -162.946 
10 1 4096 2.515 -162.952 
10 1 4096 2.515 -162.6 
10 1 4096 2.515 -162.931 
10 1 4096 2.515 -163.135 
10 1 4096 2.515 -163.232 
10 1 4096 2.515 -163.259 
10 1 4096 2.515 -162.332 
10 1 4096 2.515 -163.022 
10 1 4096 2.515 -164.199 
10 1 4096 2.515 -163.131 
10 1 4096 2.515 -161.856 
10 1 4096 2.515 -163.61 
10 1 4096 2.515 -164.207 
10 1 4096 2.515 -162.551 
10 1 4096 2.515 -162.806 
10 1 4096 2.515 -163.038 
10 1 4096 2.515 -164.26 
10 1 4096 2.515 -162.181 
10 1 4096 2.515 -162.489 
10 1 4096 2.515 -163.478 
10 1 4096 2.52 -162.647 
10 1 4096 2.52 -161.614 
10 1 4096 2.52 -161.959 
10 1 4096 2.52 -161.928 
10 1 4096 2.52 -162.232 
10 1 4096 2.52 -161.569 
10 1 4096 2.52 -161.513 
10 1 4096 2.52 -162.688 
10 1 4096 2.52 -163.12 
10 1 4096 2.52 -163.009 
10 1 4096 2.52 -163.314 
10 1 4096 2.52 -162.247 
10 1 4096 2.52 -162.934 
10 1 4096 2.52 -162.371 
10 1 4096 2.52 -162.544 
10 1 4096 2.52 -163.11 
10 1 4096 2.52 -162.394 
10 1 4096 2.52 -161.843 
10 1 4096 2.52 -163.332 
10 1 4096 2.52 -162.929 
10 1 4096 2.52 -161.661 
10 1 4096 2.52 -162.646 
10 1 4096 2.52 -163.015 
10 1 4096 2.52 -162.815 
10 1 4096 2.52 -163.061 
10 1 4096 2.525 -162.615 
10 1 4096 2.525 -162.384 
10 1 4096 2.525 -160.422 
10 1 4096 2.525 -161.661 
10 1 4096 2.525 -161.396 
10 1 4096 2.525 -162.252 
10 1 4096 2.525 -162.282 
10 1 4096 2.525 -162.339 
10 1 4096 2.525 -161.18 
10 1 4096 2.525 -161.144 
10 1 4096 2.525 -161.404 
10 1 4096 2.525 -161.906 
10 1 4096 2.525 -162.79 
10 1 4096 2.525 -161.586 
10 1 4096 2.525 -161.227 
10 1 4096 2.525 -162.46 
10 1 4096 2.525 -161.553 
10 1 4096 2.525 -162.427 
10 1 4096 2.525 -160.619 
10 1 4096 2.525 -161.861 
10 1 4096 2.525 -162.009 
10 1 4096 2.525 -162.011 
10 1 4096 2.525 -162.162 
10 1 4096 2.525 -161.873 
10 1 4096 2.525 -161.648 
10 1 4096 2.53 -161.814 
10 1 4096 2.53 -160.986 
10 1 4096 2.53 -161.946 
10 1 4096 2.53 -160.786 
10 1 4096 2.53 -161.227 
10 1 4096 2.53 -161.447 
10 1 4096 2.53 -162.35 
10 1 4096 2.53 -162.025 
10 1 4096 2.53 -160.713 
10 1 4096 2.53 -161.022 
10 1 4096 2.53 -160.622 
10 1 4096 2.53 -161.646 
10 1 4096 2.53 -161.835 
10 1 4096 2.53 -160.824 
10 1 4096 2.53 -160.004 
10 1 4096 2.53 -160.617 
10 1 4096 2.53 -161.205 
10 1 4096 2.53 -161.992 
10 1 4096 2.53 -161.764 
10 1 4096 2.53 -160.403 
10 1 4096 2.53 -161.055 
10 1 4096 2.53 -160.922 
10 1 4096 2.53 -161.151 
10 1 4096 2.53 -160.424 
10 1 4096 2.53 -160.445 
10 1 4096 2.535 -159.548 
10 1 4096 2.535 -159.688 
10 1 4096 2.535 -160.967 
10 1 4096 2.535 -161.262 
10 1 4096 2.535 -160.205 
10 1 4096 2.535 -160.36 
10 1 4096 2.535 -159.72 
10 1 4096 2.535 -160.256 
10 1 4096 2.535 -160.514 
10 1 4096 2.535 -161.47 
10 1 4096 2.535 -160.038 
10 1 4096 2.535 -160.847 
10 1 4096 2.535 -160.199 
10 1 4096 2.535 -160.752 
10 1 4096 2.535 -160.239 
10 1 4096 2.535 -161.516 
10 1 4096 2.535 -160.865 
10 1 4096 2.535 -159.769 
10 1 4096 2.535 -160.127 
10 1 4096 2.535 -159.057 
10 1 4096 2.535 -160.009 
10 1 4096 2.535 -159.834 
10 1 4096 2.535 -160.93 
10 1 4096 2.535 -160.543 
10 1 4096 2.535 -160.299 
10 1 4096 2.54 -161.136 
10 1 4096 2.54 -159.21 
10 1 4096 2.54 -160.648 
10 1 4096 2.54 -159.685 
10 1 4096 2.54 -160.382 
10 1 4096 2.54 -160.464 
10 1 4096 2.54 -159.994 
10 1 4096 2.54 -159.607 
10 1 4096 2.54 -160.187 
10 1 4096 2.54 -160.223 
10 1 4096 2.54 -159.756 
10 1 4096 2.54 -159.155 
10 1 4096 2.54 -160.317 
10 1 4096 2.54 -159.742 
10 1 4096 2.54 -158.867 
10 1 4096 2.54 -161.083 
10 1 4096 2.54 -159.921 
10 1 4096 2.54 -160.164 
10 1 4096 2.54 -159.472 
10 1 4096 2.54 -160.013 
10 1 4096 2.54 -161.465 
10 1 4096 2.54 -158.905 
10 1 4096 2.54 -160.794 
10 1 4096 2.54 -159.649 
10 1 4096 2.54 -159.398 
10 1 4096 2.545 -158.723 
10 1 4096 2.545 -157.598 
10 1 4096 2.545 -158.433 
10 1 4096 2.545 -159.038 
10 1 4096 2.545 -159.428 
10 1 4096 2.545 -158.65 
10 1 4096 2.545 -159.007 
10 1 4096 2.545 -160.21 
10 1 4096 2.545 -158.51 
10 1 4096 2.545 -159.317 
10 1 4096 2.545 -158.775 
10 1 4096 2.545 -158.556 
10 1 4096 2.545 -158.667 
10 1 4096 2.545 -159.155 
10 1 4096 2.545 -158.641 
10 1 4096 2.545 -159.554 
10 1 4096 2.545 -158.662 
10 1 4096 2.545 -159.285 
10 1 4096 2.545 -158.464 
10 1 4096 2.545 -157.915 
10 1 4096 2.545 -159.247 
10 1 4096 2.545 -160.084 
10 1 4096 2.545 -159.808 
10 1 4096 2.545 -157.399 
10 1 4096 2.545 -158.817 
10 1 4096 2.55 -158.237 
10 1 4096 2.55 -159.733 
10 1 4096 2.55 -158.165 
10 1 4096 2.55 -158.798 
10 1 4096 2.55 -158.362 
10 1 4096 2.55 -158.89 
10 1 4096 2.55 -159.187 
10 1 4096 2.55 -159.217 
10 1 4096 2.55 -158.587 
10 1 4096 2.55 -158.121 
10 1 4096 2.55 -158.081 
10 1 4096 2.55 -159.074 
10 1 4096 2.55 -158.922 
10 1 4096 2.55 -158.248 
10 1 4096 2.55 -158.823 
10 1 4096 2.55 -159.021 
10 1 4096 2.55 -158.428 
10 1 4096 2.55 -159.613 
10 1 4096 2.55 -158.09 
10 1 4096 2.55 -159.022 
10 1 4096 2.55 -158.627 
10 1 4096 2.55 -158.272 
10 1 4096 2.55 -158.825 
10 1 4096 2.55 -159.543 
10 1 4096 2.55 -159.476 
10 1 4096 2.555 -159.442 
10 1 4096 2.555 -157.863 
10 1 4096 2.555 -158.026 
10 1 4096 2.555 -158.445 
10 1 4096 2.555 -158.716 
10 1 4096 2.555 -157.227 
10 1 4096 2.555 -158.61 
10 1 4096 2.555 -157.497 
10 1 4096 2.555 -158.089 
10 1 4096 2.555 -157.549 
10 1 4096 2.555 -158.607 
10 1 4096 2.555 -158.798 
10 1 4096 2.555 -157.574 
10 1 4096 2.555 -158.405 
10 1 4096 2.555 -158.874 
10 1 4096 2.555 -158 
10 1 4096 2.555 -156.932 
10 1 4096 2.555 -158.13 
10 1 4096 2.555 -157.95 
10 1 4096 2.555 -158.296 
10 1 4096 2.555 -158.607 
10 1 4096 2.555 -157.795 
10 1 4096 2.555 -157.522 
10 1 4096 2.555 -158.666 
10 1 4096 2.555 -157.962 
10 1 4096 2.56 -158.474 
10 1 4096 2.56 -157.827 
10 1 4096 2.56 -156.871 
10 1 4096 2.56 -157.299 
10 1 4096 2.56 -156.962 
10 1 4096 2.56 -156.765 
10 1 4096 2.56 -157.243 
10 1 4096 2.56 -156.766 
10 1 4096 2.56 -156.868 
10 1 4096 2.56 -158.051 
10 1 4096 2.56 -157.584 
10 1 4096 2.56 -157.562 
10 1 4096 2.56 -157.4 
10 1 4096 2.56 -157.525 
10 1 4096 2.56 -157.366 
10 1 4096 2.56 -157.152 
10 1 4096 2.56 -157.268 
10 1 4096 2.56 -157.942 
10 1 4096 2.56 -157.361 
10 1 4096 2.56 -156.388 
10 1 4096 2.56 -157.017 
10 1 4096 2.56 -157.715 
10 1 4096 2.56 -157.391 
10 1 4096 2.56 -157.015 
10 1 4096 2.56 -157.161 
10 1 4096 2.565 -156.733 
10 1 4096 2.565 -156.089 
10 1 4096 2.565 -156.457 
10 1 4096 2.565 -157.259 
10 1 4096 2.565 -157.256 
10 1 4096 2.565 -155.283 
10 1 4096 2.565 -157.285 
10 1 4096 2.565 -158.886 
10 1 4096 2.565 -157.54 
10 1 4096 2.565 -156.168 
10 1 4096 2.565 -157.552 
10 1 4096 2.565 -156.777 
10 1 4096 2.565 -156.378 
10 1 4096 2.565 -157.303 
10 1 4096 2.565 -156.193 
10 1 4096 2.565 -156.248 
10 1 4096 2.565 -156.667 
10 1 4096 2.565 -156.508 
10 1 4096 2.565 -157.147 
10 1 4096 2.565 -156.723 
10 1 4096 2.565 -155.98 
10 1 4096 2.565 -155.58 
10 1 4096 2.565 -156.668 
10 1 4096 2.565 -155.648 
10 1 4096 2.565 -157.711 
10 1 4096 2.57 -154.829 
10 1 4096 2.57 -154.904 
10 1 4096 2.57 -156.397 
10 1 4096 2.57 -156.76 
10 1 4096 2.57 -155.973 
10 1 4096 2.57 -155.585 
10 1 4096 2.57 -155.432 
10 1 4096 2.57 -155.644 
10 1 4096 2.57 -156.184 
10 1 4096 2.57 -155.627 
10 1 4096 2.57 -155.674 
10 1 4096 2.57 -156.849 
10 1 4096 2.57 -156.524 
10 1 4096 2.57 -156.653 
10 1 4096 2.57 -156.632 
10 1 4096 2.57 -154.817 
10 1 4096 2.57 -156.128 
10 1 4096 2.57 -155.991 
10 1 4096 2.57 -156.117 
10 1 4096 2.57 -156.778 
10 1 4096 2.57 -155.405 
10 1 4096 2.57 -156.397 
10 1 4096 2.57 -155.815 
10 1 4096 2.57 -155.324 
10 1 4096 2.57 -156.653 
10 1 4096 2.575 -153.286 
10 1 4096 2.575 -155.158 
10 1 4096 2.575 -155.673 
10 1 4096 2.575 -154.751 
10 1 4096 2.575 -155.105 
10 1 4096 2.575 -154.807 
10 1 4096 2.575 -155.681 
10 1 4096 2.575 -154.874 
10 1 4096 2.575 -153.879 
10 1 4096 2.575 -155.124 
10 1 4096 2.575 -154.735 
10 1 4096 2.575 -155.154 
10 1 4096 2.575 -155.787 
10 1 4096 2.575 -156.198 
10 1 4096 2.575 -154.754 
10 1 4096 2.575 -155.264 
10 1 4096 2.575 -155.995 
10 1 4096 2.575 -155 
10 1 4096 2.575 -156.894 
10 1 4096 2.575 -155.007 
10 1 4096 2.575 -154.708 
10 1 4096 2.575 -155.387 
10 1 4096 2.575 -155.368 
10 1 4096 2.575 -156.16 
10 1 4096 2.575 -154.838 
10 1 4096 2.58 -155.702 
10 1 4096 2.58 -154.512 
10 1 4096 2.58 -154.792 
10 1 4096 2.58 -154.584 
10 1 4096 2.58 -154.044 
10 1 4096 2.58 -154.503 
10 1 4096 2.58 -155.048 
10 1 4096 2.58 -154.546 
10 1 4096 2.58 -154.553 
10 1 4096 2.58 -154.426 
10 1 4096 2.58 -154.167 
10 1 4096 2.58 -155.185 
10 1 4096 2.58 -154.628 
10 1 4096 2.58 -154.347 
10 1 4096 2.58 -154.807 
10 1 4096 2.58 -154.636 
10 1 4096 2.58 -154.076 
10 1 4096 2.58 -154.45 
10 1 4096 2.58 -154.441 
10 1 4096 2.58 -154.378 
10 1 4096 2.58 -154.135 
10 1 4096 2.58 -154.847 
10 1 4096 2.58 -153.919 
10 1 4096 2.58 -153.356 
10 1 4096 2.58 -153.826 
10 1 4096 2.585 -153.973 
10 1 4096 2.585 -154.63 
10 1 4096 2.585 -154.366 
10 1 4096 2.585 -154.019 
10 1 4096 2.585 -154.218 
10 1 4096 2.585 -153.792 
10 1 4096 2.585 -153.906 
10 1 4096 2.585 -155.066 
10 1 4096 2.585 -153.405 
10 1 4096 2.585 -154.063 
10 1 4096 2.585 -154.723 
10 1 4096 2.585 -155.481 
10 1 4096 2.585 -153.995 
10 1 4096 2.585 -153.765 
10 1 4096 2.585 -153.524 
10 1 4096 2.585 -154.523 
10 1 4096 2.585 -153.974 
10 1 4096 2.585 -154.378 
10 1 4096 2.585 -153.781 
10 1 4096 2.585 -153.878 
10 1 4096 2.585 -153.963 
10 1 4096 2.585 -153.939 
10 1 4096 2.585 -154.459 
10 1 4096 2.585 -154.692 
10 1 4096 2.585 -154.069 
10 1 4096 2.59 -153.885 
10 1 4096 2.59 -153.48 
10 1 4096 2.59 -152.809 
10 1 4096 2.59 -153.523 
10 1 4096 2.59 -152.615 
10 1 4096 2.59 -152.942 
10 1 4096 2.59 -153.185 
10 1 4096 2.59 -153.041 
10 1 4096 2.59 -153.123 
10 1 4096 2.59 -153.064 
10 1 4096 2.59 -153.285 
10 1 4096 2.59 -153.409 
10 1 4096 2.59 -153.131 
10 1 4096 2.59 -153.98 
10 1 4096 2.59 -154.223 
10 1 4096 2.59 -153.053 
10 1 4096 2.59 -153.415 
10 1 4096 2.59 -153.832 
10 1 4096 2.59 -153.743 
10 1 4096 2.59 -153.598 
10 1 4096 2.59 -152.411 
10 1 4096 2.59 -153.36 
10 1 4096 2.59 -153.316 
10 1 4096 2.59 -153.351 
10 1 4096 2.59 -153.421 
10 1 4096 2.595 -152.605 
10 1 4096 2.595 -152.967 
10 1 4096 2.595 -153.837 
10 1 4096 2.595 -152.782 
10 1 4096 2.595 -153.68 
10 1 4096 2.595 -153.19 
10 1 4096 2.595 -153.074 
10 1 4096 2.595 -152.338 
10 1 4096 2.595 -152.578 
10 1 4096 2.595 -153.618 
10 1 4096 2.595 -151.78 
10 1 4096 2.595 -152.86 
10 1 4096 2.595 -152.481 
10 1 4096 2.595 -153.566 
10 1 4096 2.595 -153.668 
10 1 4096 2.595 -152.399 
10 1 4096 2.595 -152.709 
10 1 4096 2.595 -153.189 
10 1 4096 2.595 -152.274 
10 1 4096 2.595 -152.728 
10 1 4096 2.595 -152.066 
10 1 4096 2.595 -152.748 
10 1 4096 2.595 -152.065 
10 1 4096 2.595 -153.21 
10 1 4096 2.595 -152.577 
10 1 4096 2.6 -151.673 
10 1 4096 2.6 -151.758 
10 1 4096 2.6 -151.855 
10 1 4096 2.6 -151.309 
10 1 4096 2.6 -152.159 
10 1 4096 2.6 -152.02 
10 1 4096 2.6 -152.733 
10 1 4096 2.6 -152.176 
10 1 4096 2.6 -151.774 
10 1 4096 2.6 -152.302 
10 1 4096 2.6 -152.432 
10 1 4096 2.6 -151.394 
10 1 4096 2.6 -151.918 
10 1 4096 2.6 -152.622 
10 1 4096 2.6 -152.331 
10 1 4096 2.6 -152.801 
10 1 4096 2.6 -151.727 
10 1 4096 2.6 -152.164 
10 1 4096 2.6 -152.365 
10 1 4096 2.6 -151.987 
10 1 4096 2.6 -152.188 
10 1 4096 2.6 -152.002 
10 1 4096 2.6 -151.667 
10 1 4096 2.6 -150.588 
10 1 4096 2.6 -152.848 
10 1 4096 2.605 -151.378 
10 1 4096 2.605 -150.765 
10 1 4096 2.605 -151.685 
10 1 4096 2.605 -150.382 
10 1 4096 2.605 -150.618 
10 1 4096 2.605 -151.62 
10 1 4096 2.605 -151.626 
10 1 4096 2.605 -151.448 
10 1 4096 2.605 -151.602 
10 1 4096 2.605 -152.916 
10 1 4096 2.605 -151.323 
10 1 4096 2.605 -152.025 
10 1 4096 2.605 -150.653 
10 1 4096 2.605 -151.166 
10 1 4096 2.605 -151.675 
10 1 4096 2.605 -150.512 
10 1 4096 2.605 -151.768 
10 1 4096 2.605 -151.717 
10 1 4096 2.605 -150.874 
10 1 4096 2.605 -151.238 
10 1 4096 2.605 -151.005 
10 1 4096 2.605 -151.924 
10 1 4096 2.605 -151.994 
10 1 4096 2.605 -150.501 
10 1 4096 2.605 -151.979 
10 1 4096 2.61 -151.103 
10 1 4096 2.61 -151.504 
10 1 4096 2.61 -150.818 
10 1 4096 2.61 -151.015 
10 1 4096 2.61 -150.105 
10 1 4096 2.61 -150.989 
10 1 4096 2.61 -150.578 
10 1 4096 2.61 -150.897 
10 1 4096 2.61 -150.34 
10 1 4096 2.61 -149.572 
10 1 4096 2.61 -149.452 
10 1 4096 2.61 -149.997 
10 1 4096 2.61 -150.568 
10 1 4096 2.61 -151.369 
10 1 4096 2.61 -150.96 
10 1 4096 2.61 -150.798 
10 1 4096 2.61 -149.93 
10 1 4096 2.61 -151.762 
10 1 4096 2.61 -150.111 
10 1 4096 2.61 -150.828 
10 1 4096 2.61 -151.519 
10 1 4096 2.61 -150.339 
10 1 4096 2.61 -152.114 
10 1 4096 2.61 -151.279 
10 1 4096 2.61 -150.769 
10 1 4096 2.615 -150.476 
10 1 4096 2.615 -150.286 
10 1 4096 2.615 -150.543 
10 1 4096 2.615 -150.79 
