J: 3.35657 1.11451 0 0 
sizes nth step2 temp ene 
10 1 4096 1.5 -216.792 
10 1 4096 1.5 -216.869 
10 1 4096 1.5 -216.821 
10 1 4096 1.5 -216.852 
10 1 4096 1.5 -216.848 
10 1 4096 1.5 -216.786 
10 1 4096 1.5 -216.797 
10 1 4096 1.5 -216.857 
10 1 4096 1.5 -216.949 
10 1 4096 1.5 -216.71 
10 1 4096 1.5 -216.72 
10 1 4096 1.5 -216.764 
10 1 4096 1.5 -216.837 
10 1 4096 1.5 -216.902 
10 1 4096 1.5 -216.81 
10 1 4096 1.5 -216.847 
10 1 4096 1.5 -216.701 
10 1 4096 1.5 -216.811 
10 1 4096 1.5 -216.837 
10 1 4096 1.5 -216.805 
10 1 4096 1.5 -216.791 
10 1 4096 1.5 -216.914 
10 1 4096 1.5 -216.877 
10 1 4096 1.5 -216.795 
10 1 4096 1.5 -216.812 
10 1 4096 1.505 -216.819 
10 1 4096 1.505 -216.774 
10 1 4096 1.505 -216.691 
10 1 4096 1.505 -216.754 
10 1 4096 1.505 -216.812 
10 1 4096 1.505 -216.67 
10 1 4096 1.505 -216.733 
10 1 4096 1.505 -216.672 
10 1 4096 1.505 -216.8 
10 1 4096 1.505 -216.799 
10 1 4096 1.505 -216.778 
10 1 4096 1.505 -216.819 
10 1 4096 1.505 -216.715 
10 1 4096 1.505 -216.843 
10 1 4096 1.505 -216.799 
10 1 4096 1.505 -216.824 
10 1 4096 1.505 -216.666 
10 1 4096 1.505 -216.691 
10 1 4096 1.505 -216.826 
10 1 4096 1.505 -216.756 
10 1 4096 1.505 -216.702 
10 1 4096 1.505 -216.757 
10 1 4096 1.505 -216.713 
10 1 4096 1.505 -216.774 
10 1 4096 1.505 -216.876 
10 1 4096 1.51 -216.728 
10 1 4096 1.51 -216.687 
10 1 4096 1.51 -216.701 
10 1 4096 1.51 -216.72 
10 1 4096 1.51 -216.788 
10 1 4096 1.51 -216.612 
10 1 4096 1.51 -216.765 
10 1 4096 1.51 -216.779 
10 1 4096 1.51 -216.682 
10 1 4096 1.51 -216.717 
10 1 4096 1.51 -216.744 
10 1 4096 1.51 -216.636 
10 1 4096 1.51 -216.666 
10 1 4096 1.51 -216.726 
10 1 4096 1.51 -216.818 
10 1 4096 1.51 -216.741 
10 1 4096 1.51 -216.655 
10 1 4096 1.51 -216.562 
10 1 4096 1.51 -216.677 
10 1 4096 1.51 -216.735 
10 1 4096 1.51 -216.588 
10 1 4096 1.51 -216.723 
10 1 4096 1.51 -216.852 
10 1 4096 1.51 -216.712 
10 1 4096 1.51 -216.654 
10 1 4096 1.515 -216.644 
10 1 4096 1.515 -216.7 
10 1 4096 1.515 -216.438 
10 1 4096 1.515 -216.718 
10 1 4096 1.515 -216.594 
10 1 4096 1.515 -216.554 
10 1 4096 1.515 -216.577 
10 1 4096 1.515 -216.539 
10 1 4096 1.515 -216.536 
10 1 4096 1.515 -216.61 
10 1 4096 1.515 -216.632 
10 1 4096 1.515 -216.776 
10 1 4096 1.515 -216.717 
10 1 4096 1.515 -216.536 
10 1 4096 1.515 -216.634 
10 1 4096 1.515 -216.724 
10 1 4096 1.515 -216.585 
10 1 4096 1.515 -216.572 
10 1 4096 1.515 -216.638 
10 1 4096 1.515 -216.713 
10 1 4096 1.515 -216.786 
10 1 4096 1.515 -216.55 
10 1 4096 1.515 -216.757 
10 1 4096 1.515 -216.682 
10 1 4096 1.515 -216.696 
10 1 4096 1.52 -216.758 
10 1 4096 1.52 -216.483 
10 1 4096 1.52 -216.529 
10 1 4096 1.52 -216.55 
10 1 4096 1.52 -216.435 
10 1 4096 1.52 -216.467 
10 1 4096 1.52 -216.537 
10 1 4096 1.52 -216.636 
10 1 4096 1.52 -216.772 
10 1 4096 1.52 -216.629 
10 1 4096 1.52 -216.672 
10 1 4096 1.52 -216.598 
10 1 4096 1.52 -216.576 
10 1 4096 1.52 -216.654 
10 1 4096 1.52 -216.678 
10 1 4096 1.52 -216.536 
10 1 4096 1.52 -216.553 
10 1 4096 1.52 -216.568 
10 1 4096 1.52 -216.466 
10 1 4096 1.52 -216.488 
10 1 4096 1.52 -216.632 
10 1 4096 1.52 -216.675 
10 1 4096 1.52 -216.542 
10 1 4096 1.52 -216.277 
10 1 4096 1.52 -216.618 
10 1 4096 1.525 -216.517 
10 1 4096 1.525 -216.602 
10 1 4096 1.525 -216.524 
10 1 4096 1.525 -216.463 
10 1 4096 1.525 -216.534 
10 1 4096 1.525 -216.594 
10 1 4096 1.525 -216.425 
10 1 4096 1.525 -216.514 
10 1 4096 1.525 -216.642 
10 1 4096 1.525 -216.63 
10 1 4096 1.525 -216.474 
10 1 4096 1.525 -216.537 
10 1 4096 1.525 -216.553 
10 1 4096 1.525 -216.575 
10 1 4096 1.525 -216.481 
10 1 4096 1.525 -216.635 
10 1 4096 1.525 -216.621 
10 1 4096 1.525 -216.523 
10 1 4096 1.525 -216.668 
10 1 4096 1.525 -216.561 
10 1 4096 1.525 -216.453 
10 1 4096 1.525 -216.556 
10 1 4096 1.525 -216.525 
10 1 4096 1.525 -216.598 
10 1 4096 1.525 -216.558 
10 1 4096 1.53 -216.433 
10 1 4096 1.53 -216.345 
10 1 4096 1.53 -216.42 
10 1 4096 1.53 -216.418 
10 1 4096 1.53 -216.484 
10 1 4096 1.53 -216.464 
10 1 4096 1.53 -216.377 
10 1 4096 1.53 -216.459 
10 1 4096 1.53 -216.417 
10 1 4096 1.53 -216.563 
10 1 4096 1.53 -216.566 
10 1 4096 1.53 -216.323 
10 1 4096 1.53 -216.528 
10 1 4096 1.53 -216.298 
10 1 4096 1.53 -216.451 
10 1 4096 1.53 -216.524 
10 1 4096 1.53 -216.458 
10 1 4096 1.53 -216.587 
10 1 4096 1.53 -216.468 
10 1 4096 1.53 -216.408 
10 1 4096 1.53 -216.462 
10 1 4096 1.53 -216.541 
10 1 4096 1.53 -216.232 
10 1 4096 1.53 -216.469 
10 1 4096 1.53 -216.521 
10 1 4096 1.535 -216.266 
10 1 4096 1.535 -216.347 
10 1 4096 1.535 -216.542 
10 1 4096 1.535 -216.298 
10 1 4096 1.535 -216.407 
10 1 4096 1.535 -216.39 
10 1 4096 1.535 -216.33 
10 1 4096 1.535 -216.374 
10 1 4096 1.535 -216.335 
10 1 4096 1.535 -216.488 
10 1 4096 1.535 -216.396 
10 1 4096 1.535 -216.539 
10 1 4096 1.535 -216.242 
10 1 4096 1.535 -216.275 
10 1 4096 1.535 -216.428 
10 1 4096 1.535 -216.212 
10 1 4096 1.535 -216.358 
10 1 4096 1.535 -216.304 
10 1 4096 1.535 -216.442 
10 1 4096 1.535 -216.419 
10 1 4096 1.535 -216.294 
10 1 4096 1.535 -216.451 
10 1 4096 1.535 -216.357 
10 1 4096 1.535 -216.367 
10 1 4096 1.535 -216.471 
10 1 4096 1.54 -216.172 
10 1 4096 1.54 -216.272 
10 1 4096 1.54 -216.268 
10 1 4096 1.54 -216.238 
