J2 temperature m m2 m4 ms e sp_h 
0.2  1.5 0.996192 0.992482 0.985343 0.00555061 -238.214 0.0780123 
0.2  1.5 0.996356 0.992807 0.985982 0.00544542 -238.293 0.0764163 
0.2  1.5 0.996352 0.992796 0.985951 0.00526747 -238.289 0.0741722 
0.2  1.505 0.996282 0.992659 0.985688 0.00540973 -238.257 0.0754196 
0.2  1.505 0.99633 0.992754 0.985872 0.00534825 -238.277 0.0751767 
0.2  1.505 0.996088 0.992278 0.98495 0.00573929 -238.166 0.0808164 
0.2  1.51 0.996164 0.992429 0.985247 0.00568511 -238.21 0.0781803 
0.2  1.51 0.99617 0.99244 0.985265 0.00563252 -238.206 0.0775 
0.2  1.51 0.996212 0.992522 0.985424 0.0055451 -238.228 0.0771173 
0.2  1.515 0.995996 0.992097 0.984602 0.00588568 -238.129 0.0808356 
0.2  1.515 0.996154 0.992409 0.985211 0.00571672 -238.199 0.0791757 
0.2  1.515 0.996052 0.992211 0.984834 0.00602068 -238.158 0.0821619 
0.2  1.52 0.995796 0.991708 0.983865 0.00648463 -238.041 0.087402 
0.2  1.52 0.996002 0.992112 0.98464 0.00603526 -238.138 0.081569 
0.2  1.52 0.99606 0.992224 0.984848 0.00578924 -238.155 0.0800122 
0.2  1.525 0.995812 0.991736 0.983905 0.00619414 -238.04 0.0852247 
0.2  1.525 0.995952 0.992012 0.984443 0.00601795 -238.112 0.0811289 
0.2  1.525 0.995902 0.991913 0.984249 0.00605157 -238.083 0.0832187 
0.2  1.53 0.99577 0.991654 0.98375 0.00628935 -238.028 0.0846054 
0.2  1.53 0.99575 0.991616 0.98368 0.00640376 -238.012 0.0865428 
0.2  1.53 0.99562 0.991358 0.983175 0.00648991 -237.957 0.0875378 
0.2  1.535 0.995784 0.991685 0.983822 0.0064668 -238.032 0.0869546 
0.2  1.535 0.995682 0.99148 0.983409 0.00633973 -237.983 0.0861265 
0.2  1.535 0.995684 0.991485 0.983422 0.00640079 -237.986 0.0863203 
0.2  1.54 0.995538 0.991199 0.982874 0.00669939 -237.918 0.0899108 
0.2  1.54 0.995642 0.9914 0.98325 0.0063122 -237.963 0.0854331 
0.2  1.54 0.995504 0.991129 0.982728 0.00656273 -237.9 0.0887209 
0.2  1.545 0.995458 0.991042 0.982568 0.0067916 -237.884 0.0910308 
0.2  1.545 0.995358 0.990847 0.9822 0.00708944 -237.846 0.092828 
0.2  1.545 0.995496 0.991112 0.982687 0.00643327 -237.89 0.0876613 
0.2  1.55 0.995402 0.990929 0.982343 0.00671603 -237.858 0.089141 
0.2  1.55 0.99536 0.990844 0.982168 0.00660583 -237.834 0.0884558 
0.2  1.55 0.995376 0.99088 0.982252 0.00685281 -237.842 0.0911043 
0.2  1.555 0.995396 0.99092 0.982335 0.00687352 -237.855 0.0909382 
0.2  1.555 0.995148 0.990433 0.981394 0.00728862 -237.745 0.0951579 
0.2  1.555 0.99526 0.99065 0.981803 0.00692041 -237.786 0.0929675 
0.2  1.56 0.99515 0.990434 0.981387 0.00710497 -237.736 0.0936227 
0.2  1.56 0.995164 0.99046 0.98143 0.00695212 -237.74 0.0933243 
0.2  1.56 0.995034 0.990206 0.980943 0.00723711 -237.682 0.0963844 
0.2  1.565 0.994948 0.990036 0.98061 0.00728928 -237.644 0.0955632 
0.2  1.565 0.994888 0.989918 0.980387 0.00743434 -237.618 0.0981731 
0.2  1.565 0.995076 0.990286 0.981092 0.0070335 -237.701 0.0935643 
0.2  1.57 0.994952 0.990049 0.980657 0.00761514 -237.656 0.0987149 
0.2  1.57 0.99488 0.989905 0.98037 0.00756851 -237.62 0.0981766 
0.2  1.57 0.994924 0.989993 0.980547 0.00761747 -237.65 0.0972498 
0.2  1.575 0.994908 0.989962 0.980484 0.00760327 -237.639 0.0966065 
0.2  1.575 0.994786 0.989719 0.980008 0.00763773 -237.584 0.0974568 
0.2  1.575 0.994904 0.989953 0.980465 0.00755497 -237.621 0.0989145 
0.2  1.58 0.994756 0.989663 0.979911 0.00783927 -237.563 0.101609 
0.2  1.58 0.99461 0.989377 0.979356 0.00806759 -237.498 0.103406 
0.2  1.58 0.994944 0.990029 0.9806 0.00727828 -237.647 0.094919 
0.2  1.585 0.99462 0.989395 0.979386 0.00793032 -237.497 0.10306 
0.2  1.585 0.99471 0.989571 0.979726 0.00778144 -237.546 0.0985247 
0.2  1.585 0.99457 0.9893 0.979215 0.00823187 -237.487 0.103113 
0.2  1.59 0.994714 0.989579 0.979743 0.00776467 -237.546 0.0996058 
0.2  1.59 0.9946 0.989363 0.97935 0.00839497 -237.502 0.104813 
0.2  1.59 0.994452 0.989067 0.978762 0.00832828 -237.43 0.104988 
0.2  1.595 0.99451 0.989178 0.978963 0.00799372 -237.451 0.10225 
0.2  1.595 0.994356 0.988872 0.978359 0.00800911 -237.374 0.102671 
0.2  1.595 0.994552 0.989263 0.97914 0.00812033 -237.472 0.103464 
0.2  1.6 0.994414 0.988993 0.97862 0.00834729 -237.411 0.104698 
0.2  1.6 0.994392 0.988947 0.978522 0.0082244 -237.396 0.104111 
0.2  1.6 0.994178 0.988531 0.977736 0.00883902 -237.312 0.108603 
0.2  1.605 0.994302 0.988772 0.978191 0.00843693 -237.359 0.106463 
0.2  1.605 0.99419 0.988548 0.977746 0.00839152 -237.305 0.105366 
0.2  1.605 0.994268 0.988701 0.978039 0.00824076 -237.334 0.104477 
0.2  1.61 0.994162 0.988496 0.977654 0.00855887 -237.285 0.108841 
0.2  1.61 0.994018 0.988208 0.977082 0.00848793 -237.224 0.106029 
0.2  1.61 0.993906 0.987993 0.976681 0.00891572 -237.168 0.112475 
0.2  1.615 0.994114 0.9884 0.977464 0.00851238 -237.28 0.105821 
0.2  1.615 0.994054 0.988283 0.977237 0.00862199 -237.241 0.108012 
0.2  1.615 0.994126 0.988423 0.977505 0.00845673 -237.274 0.105062 
0.2  1.62 0.99392 0.988019 0.976729 0.00877985 -237.182 0.109541 
0.2  1.62 0.993856 0.987896 0.976497 0.0090081 -237.154 0.110723 
0.2  1.62 0.993764 0.987719 0.976171 0.00938224 -237.118 0.114517 
0.2  1.625 0.993656 0.987504 0.975746 0.00933376 -237.065 0.115155 
0.2  1.625 0.993776 0.987737 0.976186 0.00899827 -237.123 0.110215 
0.2  1.625 0.993906 0.987994 0.976686 0.0088925 -237.182 0.109357 
0.2  1.63 0.993804 0.987787 0.976263 0.00860918 -237.123 0.107813 
0.2  1.63 0.993574 0.987341 0.975421 0.0092777 -237.013 0.115399 
0.2  1.63 0.993724 0.987638 0.976005 0.00923017 -237.094 0.11401 
0.2  1.635 0.993516 0.987224 0.975189 0.00918641 -236.986 0.114606 
0.2  1.635 0.993516 0.987227 0.975205 0.00937234 -237.004 0.113683 
0.2  1.635 0.993742 0.987668 0.976047 0.00888058 -237.096 0.110275 
0.2  1.64 0.993406 0.98701 0.974782 0.00941946 -236.94 0.116775 
0.2  1.64 0.993208 0.986621 0.974028 0.00967004 -236.851 0.118251 
0.2  1.64 0.993164 0.986543 0.973909 0.0102481 -236.844 0.122537 
0.2  1.645 0.993228 0.986658 0.974094 0.00949666 -236.854 0.117208 
0.2  1.645 0.992994 0.986202 0.973227 0.0100229 -236.77 0.12045 
0.2  1.645 0.993034 0.986285 0.973403 0.0102465 -236.783 0.123296 
0.2  1.65 0.993166 0.986533 0.973839 0.00933191 -236.834 0.113877 
0.2  1.65 0.993328 0.986861 0.974512 0.00974815 -236.912 0.118567 
0.2  1.65 0.993226 0.986654 0.974084 0.00943957 -236.864 0.115533 
0.2  1.655 0.992998 0.986213 0.973257 0.0101204 -236.772 0.120893 
0.2  1.655 0.993072 0.986358 0.97354 0.0100449 -236.807 0.119477 
0.2  1.655 0.992936 0.986089 0.973014 0.0101184 -236.745 0.120906 
0.2  1.66 0.992664 0.985568 0.972051 0.0111869 -236.629 0.129804 
0.2  1.66 0.992834 0.985893 0.97265 0.0104559 -236.7 0.124459 
0.2  1.66 0.992536 0.985305 0.971507 0.0107065 -236.565 0.125913 
0.2  1.665 0.992592 0.985424 0.971769 0.0111376 -236.594 0.130288 
0.2  1.665 0.992672 0.985574 0.972031 0.0105886 -236.621 0.125721 
0.2  1.665 0.992618 0.985467 0.971822 0.0106298 -236.601 0.124282 
0.2  1.67 0.99238 0.985001 0.970927 0.0109566 -236.484 0.129872 
0.2  1.67 0.992568 0.985373 0.971657 0.0109105 -236.58 0.12785 
0.2  1.67 0.992548 0.985332 0.971569 0.0108064 -236.557 0.128872 
0.2  1.675 0.99267 0.985569 0.972019 0.0104783 -236.614 0.124931 
0.2  1.675 0.992294 0.984838 0.970634 0.0113969 -236.457 0.132765 
0.2  1.675 0.992274 0.984793 0.970524 0.0110393 -236.428 0.132505 
0.2  1.68 0.99206 0.98438 0.969757 0.0117474 -236.351 0.135097 
0.2  1.68 0.992062 0.984385 0.969769 0.0118041 -236.364 0.134359 
0.2  1.68 0.992192 0.984639 0.97025 0.0115235 -236.408 0.132553 
0.2  1.685 0.992212 0.984674 0.970305 0.0112372 -236.408 0.130619 
0.2  1.685 0.991832 0.983928 0.968867 0.011713 -236.243 0.134449 
0.2  1.685 0.99239 0.985027 0.971 0.0112456 -236.502 0.128278 
0.2  1.69 0.99201 0.984278 0.969546 0.0115006 -236.332 0.13173 
0.2  1.69 0.991992 0.984243 0.969478 0.0115285 -236.312 0.133918 
0.2  1.69 0.992126 0.984504 0.969974 0.0112402 -236.376 0.130029 
0.2  1.695 0.99181 0.983889 0.968809 0.0119365 -236.234 0.13672 
0.2  1.695 0.991836 0.98394 0.968905 0.0118696 -236.252 0.136036 
0.2  1.695 0.99193 0.984121 0.969245 0.0115844 -236.295 0.132603 
0.2  1.7 0.991638 0.983549 0.968145 0.0119598 -236.149 0.138385 
0.2  1.7 0.991562 0.983401 0.967863 0.0121153 -236.12 0.139107 
0.2  1.7 0.991704 0.983678 0.968393 0.0118621 -236.177 0.137693 
0.2  1.705 0.991512 0.983304 0.967679 0.0122061 -236.101 0.138706 
0.2  1.705 0.991954 0.984163 0.969303 0.0111403 -236.285 0.129745 
0.2  1.705 0.99135 0.982998 0.967132 0.0130919 -236.043 0.145811 
0.2  1.71 0.99134 0.982964 0.967018 0.0122505 -236.024 0.138745 
0.2  1.71 0.991044 0.982391 0.965941 0.0130357 -235.892 0.147289 
0.2  1.71 0.991342 0.982974 0.967057 0.0125684 -236.028 0.143231 
0.2  1.715 0.991236 0.982767 0.966661 0.0127063 -235.972 0.144789 
0.2  1.715 0.991134 0.982567 0.966276 0.0128323 -235.949 0.142466 
0.2  1.715 0.991322 0.982928 0.966942 0.012157 -236.014 0.137478 
0.2  1.72 0.991216 0.982731 0.966605 0.0129094 -235.985 0.143097 
0.2  1.72 0.990852 0.982014 0.965211 0.0131392 -235.798 0.148472 
0.2  1.72 0.990982 0.982262 0.965663 0.0125811 -235.855 0.142752 
0.2  1.725 0.990782 0.981877 0.964949 0.013233 -235.77 0.14583 
0.2  1.725 0.991126 0.982546 0.966219 0.0125039 -235.928 0.139817 
0.2  1.725 0.990938 0.982189 0.965565 0.0133565 -235.858 0.144508 
0.2  1.73 0.990632 0.981597 0.96446 0.0141919 -235.735 0.151501 
0.2  1.73 0.990678 0.981674 0.964563 0.0133607 -235.726 0.149193 
0.2  1.73 0.990758 0.981825 0.964831 0.012924 -235.749 0.144954 
0.2  1.735 0.99058 0.981481 0.96419 0.0133939 -235.672 0.15051 
0.2  1.735 0.990466 0.98126 0.96377 0.0136636 -235.629 0.15094 
0.2  1.735 0.990402 0.981132 0.963517 0.0136068 -235.584 0.15263 
0.2  1.74 0.990352 0.981034 0.963328 0.0136067 -235.577 0.150793 
0.2  1.74 0.990556 0.981431 0.964083 0.0132098 -235.668 0.147847 
0.2  1.74 0.990446 0.98123 0.963748 0.0141863 -235.627 0.155931 
0.2  1.745 0.990106 0.980557 0.962427 0.0141335 -235.473 0.154689 
0.2  1.745 0.990156 0.98065 0.962592 0.0138255 -235.48 0.153868 
0.2  1.745 0.990122 0.980594 0.962521 0.0144542 -235.487 0.157804 
0.2  1.75 0.989688 0.979748 0.960914 0.0151899 -235.299 0.163869 
0.2  1.75 0.990304 0.980936 0.963126 0.0133707 -235.545 0.147171 
0.2  1.75 0.990158 0.980663 0.962648 0.0143163 -235.502 0.154066 
0.2  1.755 0.989554 0.979477 0.960358 0.0147852 -235.223 0.160129 
0.2  1.755 0.989534 0.979439 0.960292 0.0148754 -235.229 0.160693 
0.2  1.755 0.989828 0.98002 0.961422 0.0148314 -235.354 0.158325 
0.2  1.76 0.989324 0.979031 0.959518 0.0152922 -235.121 0.163494 
0.2  1.76 0.989674 0.979719 0.960849 0.0150121 -235.266 0.164329 
0.2  1.76 0.989672 0.97971 0.960813 0.0147075 -235.281 0.158347 
0.2  1.765 0.989136 0.978667 0.958838 0.0156948 -235.061 0.166905 
0.2  1.765 0.989264 0.978912 0.959286 0.015226 -235.088 0.164394 
0.2  1.765 0.989654 0.979673 0.960738 0.0146425 -235.268 0.156315 
0.2  1.77 0.9891 0.978601 0.958722 0.0159271 -235.042 0.166061 
0.2  1.77 0.989286 0.978961 0.959402 0.0154876 -235.115 0.164225 
0.2  1.77 0.98934 0.979053 0.959529 0.0146601 -235.118 0.158523 
0.2  1.775 0.9889 0.978207 0.957961 0.0159814 -234.936 0.169932 
0.2  1.775 0.988726 0.977874 0.957351 0.0166252 -234.863 0.175666 
0.2  1.775 0.988922 0.978252 0.958051 0.0160517 -234.959 0.166854 
0.2  1.78 0.988782 0.977991 0.957592 0.0169054 -234.908 0.171954 
0.2  1.78 0.988958 0.978322 0.95819 0.015975 -234.971 0.168752 
0.2  1.78 0.988814 0.978048 0.957689 0.0165547 -234.917 0.172228 
0.2  1.785 0.988638 0.977699 0.957002 0.0164518 -234.826 0.170491 
0.2  1.785 0.988812 0.978028 0.957598 0.0156475 -234.884 0.167441 
0.2  1.785 0.988914 0.978231 0.957996 0.0156829 -234.939 0.166477 
0.2  1.79 0.988476 0.977382 0.956401 0.01663 -234.767 0.172983 
0.2  1.79 0.98817 0.976787 0.95527 0.0171582 -234.62 0.178783 
0.2  1.79 0.988628 0.977678 0.956961 0.0163641 -234.824 0.171481 
0.2  1.795 0.98809 0.97663 0.954966 0.0171739 -234.588 0.175218 
0.2  1.795 0.98835 0.977133 0.955914 0.0165748 -234.705 0.17176 
0.2  1.795 0.988352 0.977137 0.955921 0.0165707 -234.695 0.173931 
0.2  1.8 0.988062 0.976588 0.954927 0.0178758 -234.586 0.179299 
0.2  1.8 0.988022 0.976493 0.954694 0.0169826 -234.549 0.176257 
0.2  1.8 0.987804 0.976071 0.953901 0.0174699 -234.457 0.180039 
0.2  1.805 0.987874 0.976211 0.954176 0.0174826 -234.485 0.180089 
0.2  1.805 0.987712 0.975904 0.953628 0.018254 -234.452 0.182288 
0.2  1.805 0.98747 0.97542 0.952662 0.0179013 -234.316 0.183131 
0.2  1.81 0.987644 0.975752 0.953268 0.017174 -234.393 0.178681 
0.2  1.81 0.987962 0.976381 0.9545 0.0172689 -234.536 0.177365 
0.2  1.81 0.987772 0.976017 0.953823 0.0178517 -234.437 0.183304 
0.2  1.815 0.98765 0.97577 0.953325 0.0174941 -234.389 0.179653 
0.2  1.815 0.987208 0.974915 0.95172 0.0185016 -234.206 0.185249 
0.2  1.815 0.98743 0.975345 0.952528 0.0180207 -234.3 0.18208 
0.2  1.82 0.986848 0.974207 0.950349 0.0185574 -234.052 0.185835 
0.2  1.82 0.987304 0.975105 0.952087 0.018427 -234.23 0.185246 
0.2  1.82 0.987368 0.975233 0.952348 0.0185424 -234.267 0.188542 
0.2  1.825 0.986866 0.974249 0.950455 0.0188503 -234.063 0.189509 
0.2  1.825 0.986654 0.973834 0.949661 0.0190731 -233.972 0.188991 
0.2  1.825 0.98716 0.97482 0.95153 0.0183416 -234.191 0.182219 
0.2  1.83 0.986976 0.974474 0.950912 0.0192686 -234.113 0.18583 
0.2  1.83 0.986514 0.97358 0.949246 0.0202496 -233.903 0.201117 
0.2  1.83 0.986838 0.974193 0.950341 0.0187629 -234.017 0.189796 
0.2  1.835 0.987 0.974511 0.950955 0.0186136 -234.106 0.187828 
0.2  1.835 0.986572 0.973683 0.949402 0.0195275 -233.935 0.192785 
0.2  1.835 0.986642 0.973819 0.949659 0.0194051 -233.946 0.194535 
0.2  1.84 0.986288 0.973134 0.948377 0.0201077 -233.81 0.197261 
0.2  1.84 0.986376 0.973304 0.948687 0.0199167 -233.843 0.192377 
0.2  1.84 0.986336 0.973225 0.948542 0.0199182 -233.835 0.196368 
0.2  1.845 0.986178 0.972901 0.947867 0.0191627 -233.724 0.194364 
0.2  1.845 0.986338 0.973228 0.948544 0.0198173 -233.836 0.192847 
0.2  1.845 0.986374 0.973292 0.948643 0.0194153 -233.838 0.192257 
0.2  1.85 0.98598 0.972527 0.947196 0.0200216 -233.675 0.195391 
0.2  1.85 0.985744 0.972077 0.946376 0.0208631 -233.573 0.201646 
0.2  1.85 0.985358 0.971331 0.944982 0.021672 -233.416 0.208857 
0.2  1.855 0.985418 0.971449 0.945211 0.0216046 -233.439 0.207408 
0.2  1.855 0.985698 0.971981 0.946171 0.0204837 -233.529 0.202811 
0.2  1.855 0.985808 0.972193 0.946571 0.020271 -233.605 0.196908 
0.2  1.86 0.985542 0.971701 0.945724 0.0219552 -233.514 0.206728 
0.2  1.86 0.985252 0.971116 0.94454 0.0211923 -233.348 0.204924 
0.2  1.86 0.98555 0.971697 0.945645 0.0208536 -233.49 0.200664 
0.2  1.865 0.984936 0.970494 0.94334 0.0211966 -233.195 0.206573 
0.2  1.865 0.984926 0.970498 0.943418 0.0224308 -233.24 0.207837 
0.2  1.865 0.985254 0.971115 0.944523 0.0208705 -233.336 0.20416 
0.2  1.87 0.98494 0.970513 0.943413 0.0217367 -233.234 0.204914 
0.2  1.87 0.985134 0.970894 0.944148 0.0216771 -233.315 0.204941 
0.2  1.87 0.98502 0.970666 0.943695 0.0214759 -233.237 0.208113 
0.2  1.875 0.984754 0.970149 0.942719 0.0218026 -233.132 0.209084 
0.2  1.875 0.984962 0.970551 0.943467 0.0213877 -233.23 0.20302 
0.2  1.875 0.984516 0.969695 0.941884 0.0225795 -233.036 0.211772 
0.2  1.88 0.984172 0.969026 0.940618 0.0229337 -232.885 0.216873 
0.2  1.88 0.983868 0.968431 0.939478 0.0231148 -232.761 0.217221 
0.2  1.88 0.984424 0.969523 0.941578 0.022993 -233.008 0.212673 
0.2  1.885 0.984312 0.969305 0.941168 0.0230858 -232.97 0.211173 
0.2  1.885 0.984232 0.969161 0.940931 0.0237629 -232.948 0.215984 
0.2  1.885 0.984246 0.969165 0.940865 0.0225449 -232.902 0.213142 
0.2  1.89 0.984044 0.968801 0.940267 0.0242479 -232.884 0.214678 
0.2  1.89 0.984094 0.96886 0.940251 0.0221841 -232.851 0.206738 
0.2  1.89 0.98406 0.968813 0.940233 0.023221 -232.84 0.217897 
0.2  1.895 0.983848 0.968404 0.939466 0.0235775 -232.758 0.21844 
0.2  1.895 0.983532 0.967807 0.93839 0.0248952 -232.645 0.222829 
0.2  1.895 0.98376 0.968244 0.939201 0.0242925 -232.719 0.222176 
0.2  1.9 0.983144 0.967034 0.936874 0.024305 -232.429 0.22883 
0.2  1.9 0.983406 0.967559 0.937913 0.0248105 -232.581 0.223886 
0.2  1.9 0.983662 0.968044 0.93879 0.0238353 -232.679 0.219161 
0.2  1.905 0.983136 0.967017 0.936829 0.0241725 -232.43 0.220735 
0.2  1.905 0.983314 0.967378 0.937561 0.0247484 -232.505 0.227205 
0.2  1.905 0.983006 0.966788 0.936483 0.0255813 -232.427 0.229444 
0.2  1.91 0.982772 0.966338 0.935646 0.0260396 -232.316 0.232803 
0.2  1.91 0.982662 0.966106 0.935144 0.025206 -232.248 0.227847 
0.2  1.91 0.982598 0.966005 0.935036 0.0264843 -232.238 0.237395 
0.2  1.915 0.98258 0.965964 0.934932 0.0261464 -232.241 0.229282 
0.2  1.915 0.982486 0.965766 0.934514 0.0254548 -232.156 0.233888 
0.2  1.915 0.98274 0.966277 0.935533 0.0260435 -232.332 0.228611 
0.2  1.92 0.982528 0.965845 0.93465 0.0251755 -232.203 0.228427 
0.2  1.92 0.9818 0.964471 0.932179 0.0281063 -231.906 0.242526 
0.2  1.92 0.98242 0.965664 0.934397 0.0268075 -232.179 0.231567 
0.2  1.925 0.981972 0.964779 0.932682 0.0264827 -231.997 0.231967 
0.2  1.925 0.98201 0.964857 0.932843 0.0266805 -231.981 0.234555 
0.2  1.925 0.982012 0.96486 0.93285 0.0266365 -231.971 0.23907 
0.2  1.93 0.981812 0.964469 0.932097 0.0266444 -231.882 0.235952 
0.2  1.93 0.981598 0.964062 0.931357 0.0273102 -231.79 0.242338 
0.2  1.93 0.981958 0.964752 0.932637 0.0264604 -231.936 0.238228 
0.2  1.935 0.981304 0.963492 0.930293 0.0276331 -231.685 0.24375 
0.2  1.935 0.98159 0.964045 0.931319 0.0271913 -231.776 0.239707 
0.2  1.935 0.9816 0.964068 0.931378 0.0273778 -231.799 0.239753 
0.2  1.94 0.980574 0.962108 0.927765 0.0300552 -231.402 0.247023 
0.2  1.94 0.981526 0.963915 0.931057 0.0268882 -231.765 0.236489 
0.2  1.94 0.981596 0.964063 0.931372 0.0274563 -231.816 0.236052 
0.2  1.945 0.980876 0.962675 0.928786 0.0286577 -231.496 0.24499 
0.2  1.945 0.980756 0.962444 0.928366 0.028857 -231.448 0.252927 
0.2  1.945 0.981078 0.963047 0.929425 0.0273973 -231.549 0.24149 
0.2  1.95 0.980874 0.962661 0.928729 0.0280572 -231.499 0.241881 
0.2  1.95 0.980428 0.961795 0.92709 0.028487 -231.301 0.243375 
0.2  1.95 0.98095 0.962793 0.928928 0.0272009 -231.501 0.237784 
0.2  1.955 0.979824 0.960634 0.924944 0.0296005 -231.022 0.257192 
0.2  1.955 0.98018 0.96131 0.926177 0.028516 -231.217 0.245951 
0.2  1.955 0.980588 0.962112 0.927724 0.0286268 -231.374 0.250797 
0.2  1.96 0.98028 0.961508 0.926558 0.0285266 -231.217 0.248028 
0.2  1.96 0.98037 0.961699 0.926962 0.0292563 -231.285 0.247555 
0.2  1.96 0.980242 0.961449 0.926499 0.0292929 -231.21 0.254999 
0.2  1.965 0.97975 0.960494 0.924697 0.0297312 -231.026 0.253341 
0.2  1.965 0.97974 0.960484 0.924692 0.030193 -231.041 0.249912 
0.2  1.965 0.97985 0.96069 0.925076 0.0297251 -231.072 0.254512 
0.2  1.97 0.979216 0.959505 0.922982 0.0325576 -230.818 0.267357 
0.2  1.97 0.979546 0.960099 0.923952 0.029884 -230.934 0.254709 
0.2  1.97 0.979424 0.959881 0.9236 0.0309354 -230.906 0.256948 
0.2  1.975 0.97899 0.959054 0.922074 0.0320192 -230.726 0.26049 
0.2  1.975 0.97894 0.958941 0.921827 0.0312586 -230.69 0.261019 
0.2  1.975 0.979228 0.959497 0.922868 0.0308478 -230.807 0.26019 
0.2  1.98 0.978466 0.958076 0.920338 0.0343761 -230.533 0.267283 
0.2  1.98 0.978718 0.958507 0.921005 0.0312241 -230.58 0.26278 
0.2  1.98 0.979084 0.959223 0.922375 0.0312021 -230.755 0.26293 
0.2  1.985 0.978908 0.958879 0.921707 0.0311581 -230.669 0.257018 
0.2  1.985 0.978376 0.957869 0.919886 0.0327135 -230.472 0.268961 
0.2  1.985 0.97863 0.958371 0.920858 0.0329432 -230.617 0.264899 
0.2  1.99 0.978418 0.95796 0.920084 0.0330783 -230.495 0.267863 
0.2  1.99 0.978066 0.957265 0.918728 0.0327347 -230.324 0.266699 
0.2  1.99 0.977728 0.956597 0.917438 0.0323999 -230.165 0.269577 
0.2  1.995 0.97754 0.956267 0.916931 0.034235 -230.09 0.279056 
0.2  1.995 0.9781 0.957332 0.91886 0.0327213 -230.333 0.265276 
0.2  1.995 0.978188 0.957471 0.919024 0.0310174 -230.35 0.260758 
0.2  2 0.977022 0.955306 0.915238 0.0366866 -229.926 0.282701 
0.2  2 0.977694 0.956592 0.917635 0.0353321 -230.228 0.281004 
0.2  2 0.97717 0.955568 0.915668 0.0353336 -229.964 0.280306 
0.2  2.005 0.976772 0.954791 0.914187 0.0352828 -229.811 0.277154 
0.2  2.005 0.977498 0.956169 0.916686 0.0332419 -230.081 0.269417 
0.2  2.005 0.977392 0.956004 0.916519 0.0353595 -230.095 0.280567 
0.2  2.01 0.97672 0.954674 0.913923 0.034414 -229.753 0.278775 
0.2  2.01 0.976472 0.954215 0.913126 0.0357111 -229.689 0.280759 
0.2  2.01 0.976606 0.954451 0.913496 0.0343941 -229.719 0.276986 
0.2  2.015 0.976736 0.954711 0.914007 0.0346197 -229.777 0.275158 
0.2  2.015 0.976786 0.954814 0.914225 0.0348918 -229.815 0.276203 
0.2  2.015 0.976886 0.955005 0.914572 0.0346533 -229.838 0.275592 
0.2  2.02 0.975774 0.952897 0.910765 0.0377159 -229.375 0.296089 
0.2  2.02 0.976344 0.953981 0.912734 0.0363205 -229.627 0.283473 
0.2  2.02 0.97595 0.953216 0.911293 0.0365246 -229.437 0.288847 
0.2  2.025 0.97575 0.952825 0.910544 0.0363959 -229.324 0.288488 
0.2  2.025 0.975418 0.95222 0.909517 0.0385188 -229.291 0.288368 
0.2  2.025 0.975926 0.953187 0.911295 0.0372861 -229.46 0.291576 
0.2  2.03 0.975446 0.952272 0.909631 0.0382789 -229.246 0.298391 
0.2  2.03 0.9754 0.952176 0.909429 0.0379882 -229.234 0.300193 
0.2  2.03 0.97576 0.952809 0.910401 0.0345509 -229.314 0.278076 
0.2  2.035 0.975244 0.951878 0.908863 0.038173 -229.184 0.28829 
0.2  2.035 0.975476 0.952331 0.909726 0.0382277 -229.299 0.286304 
0.2  2.035 0.975392 0.952175 0.909433 0.038591 -229.227 0.290155 
0.2  2.04 0.974878 0.951177 0.907585 0.0387159 -229.006 0.297001 
0.2  2.04 0.975238 0.95187 0.908859 0.0382943 -229.171 0.291084 
0.2  2.04 0.974974 0.951372 0.907975 0.0391166 -229.081 0.293946 
0.2  2.045 0.974902 0.951226 0.907691 0.0387115 -229.043 0.299688 
0.2  2.045 0.97458 0.950616 0.906552 0.0396002 -228.878 0.298398 
0.2  2.045 0.974484 0.950451 0.906306 0.0406598 -228.878 0.298435 
0.2  2.05 0.974126 0.949746 0.904986 0.0402388 -228.728 0.303791 
0.2  2.05 0.973774 0.949065 0.903706 0.0404603 -228.574 0.304968 
0.2  2.05 0.974306 0.950079 0.905556 0.0393687 -228.776 0.298376 
0.2  2.055 0.97339 0.948326 0.902332 0.0407605 -228.397 0.307402 
0.2  2.055 0.973752 0.949034 0.903677 0.0409266 -228.57 0.308168 
0.2  2.055 0.973708 0.948907 0.903296 0.0389027 -228.488 0.297208 
0.2  2.06 0.972842 0.947297 0.900502 0.0425167 -228.242 0.309093 
0.2  2.06 0.973302 0.94816 0.902033 0.0409115 -228.378 0.305104 
0.2  2.06 0.97344 0.948432 0.902551 0.0411188 -228.431 0.30352 
0.2  2.065 0.972742 0.947098 0.900083 0.0421734 -228.153 0.308206 
0.2  2.065 0.973026 0.947652 0.90115 0.0422374 -228.24 0.310347 
0.2  2.065 0.972472 0.946589 0.89921 0.0429583 -228.022 0.319593 
0.2  2.07 0.971874 0.94546 0.897185 0.0444796 -227.818 0.324373 
0.2  2.07 0.972308 0.94629 0.898692 0.043847 -228.02 0.314269 
0.2  2.07 0.972438 0.946504 0.898982 0.0419505 -228.022 0.310192 
0.2  2.075 0.972442 0.946484 0.89885 0.0405068 -227.98 0.305192 
0.2  2.075 0.972204 0.946061 0.898189 0.0424493 -227.918 0.314171 
0.2  2.075 0.972454 0.946556 0.899149 0.0428481 -228.077 0.312193 
0.2  2.08 0.972332 0.946323 0.89872 0.0429578 -228.013 0.311169 
0.2  2.08 0.970718 0.943214 0.892956 0.0442714 -227.314 0.327787 
0.2  2.08 0.971962 0.945623 0.897446 0.0438649 -227.828 0.316655 
0.2  2.085 0.971474 0.944694 0.89577 0.0447303 -227.618 0.327684 
0.2  2.085 0.971202 0.944186 0.89484 0.0456861 -227.532 0.323496 
0.2  2.085 0.97098 0.943823 0.894212 0.0489477 -227.448 0.325977 
0.2  2.09 0.970784 0.943386 0.893401 0.0461333 -227.372 0.327818 
0.2  2.09 0.971098 0.943975 0.894438 0.0451289 -227.483 0.321571 
0.2  2.09 0.971078 0.943965 0.894526 0.0465128 -227.485 0.335113 
0.2  2.095 0.970594 0.943023 0.892742 0.0463335 -227.291 0.32817 
0.2  2.095 0.970272 0.942378 0.89147 0.0453807 -227.139 0.327532 
0.2  2.095 0.970826 0.943445 0.893439 0.0449584 -227.38 0.320388 
0.2  2.1 0.970068 0.942052 0.89108 0.0485598 -227.09 0.342803 
0.2  2.1 0.969884 0.941647 0.890145 0.0462698 -226.963 0.330635 
0.2  2.1 0.97041 0.942677 0.892125 0.0467501 -227.22 0.330698 
0.2  2.105 0.969792 0.941516 0.890055 0.0484312 -226.948 0.337003 
0.2  2.105 0.96935 0.940666 0.888467 0.0487476 -226.776 0.343241 
0.2  2.105 0.969196 0.9404 0.888074 0.0503066 -226.806 0.339468 
0.2  2.11 0.969572 0.941136 0.889453 0.0505316 -226.907 0.33882 
0.2  2.11 0.969214 0.940497 0.888296 0.0531195 -226.729 0.346251 
0.2  2.11 0.969522 0.940953 0.888862 0.0464271 -226.824 0.328355 
0.2  2.115 0.969048 0.940088 0.887425 0.048865 -226.666 0.340399 
0.2  2.115 0.968748 0.939516 0.886374 0.0493254 -226.565 0.339139 
0.2  2.115 0.968622 0.939374 0.886262 0.0541514 -226.578 0.342833 
0.2  2.12 0.96869 0.939403 0.886176 0.0491719 -226.516 0.346705 
0.2  2.12 0.968508 0.939056 0.885533 0.0494384 -226.44 0.344395 
0.2  2.12 0.968568 0.939193 0.885837 0.0504203 -226.484 0.343395 
0.2  2.125 0.96744 0.937078 0.882071 0.0535645 -226.059 0.347384 
0.2  2.125 0.967912 0.93793 0.883506 0.0506635 -226.194 0.349377 
0.2  2.125 0.967714 0.937552 0.882799 0.0509051 -226.117 0.346118 
0.2  2.13 0.967766 0.937708 0.883215 0.0533995 -226.171 0.347908 
0.2  2.13 0.967884 0.937884 0.883453 0.0509034 -226.213 0.349291 
0.2  2.13 0.967618 0.937383 0.882537 0.0515684 -226.076 0.353092 
0.2  2.135 0.966936 0.936121 0.880367 0.0541401 -225.889 0.356986 
0.2  2.135 0.966988 0.936162 0.880267 0.0513634 -225.789 0.354055 
0.2  2.135 0.967662 0.937459 0.882666 0.0509964 -226.124 0.347515 
0.2  2.14 0.967252 0.936719 0.881432 0.0534041 -226.025 0.345118 
0.2  2.14 0.966728 0.935718 0.8796 0.0539932 -225.737 0.36091 
0.2  2.14 0.966236 0.934805 0.878032 0.0557641 -225.592 0.365864 
0.2  2.145 0.96631 0.934939 0.878258 0.0552198 -225.645 0.360595 
0.2  2.145 0.965786 0.933945 0.876464 0.0560635 -225.391 0.369307 
0.2  2.145 0.966532 0.935298 0.878694 0.0519074 -225.623 0.350844 
0.2  2.15 0.96558 0.9336 0.875797 0.0584067 -225.32 0.361732 
0.2  2.15 0.965516 0.933429 0.875514 0.0561737 -225.245 0.37562 
0.2  2.15 0.96531 0.933065 0.874944 0.0577267 -225.252 0.374931 
0.2  2.155 0.965522 0.933448 0.875561 0.0563799 -225.322 0.364374 
0.2  2.155 0.965122 0.932651 0.874019 0.0552411 -225.108 0.367379 
0.2  2.155 0.964756 0.932022 0.873062 0.0588483 -225.005 0.375511 
0.2  2.16 0.964922 0.932315 0.873524 0.0574506 -225.036 0.369002 
0.2  2.16 0.964978 0.932417 0.873686 0.0571546 -225.109 0.361249 
0.2  2.16 0.964554 0.931557 0.871958 0.0552269 -224.844 0.362636 
0.2  2.165 0.964406 0.931388 0.872 0.0604558 -224.885 0.378785 
0.2  2.165 0.963976 0.930518 0.870278 0.0585954 -224.687 0.376958 
0.2  2.165 0.964086 0.930764 0.870835 0.0601674 -224.766 0.379688 
0.2  2.17 0.963594 0.929811 0.869025 0.0597937 -224.519 0.373031 
0.2  2.17 0.964172 0.930896 0.87098 0.0584458 -224.78 0.371753 
0.2  2.17 0.963952 0.930477 0.870229 0.0587051 -224.702 0.379164 
0.2  2.175 0.9633 0.929271 0.868105 0.0608621 -224.413 0.385945 
0.2  2.175 0.962738 0.928345 0.866637 0.0680526 -224.287 0.391231 
0.2  2.175 0.963348 0.929337 0.868179 0.059641 -224.441 0.38116 
0.2  2.18 0.962816 0.928314 0.866268 0.0595995 -224.16 0.382039 
0.2  2.18 0.962958 0.92868 0.867171 0.063861 -224.348 0.381954 
0.2  2.18 0.96256 0.927895 0.865725 0.0630021 -224.196 0.383745 
0.2  2.185 0.962572 0.927933 0.865812 0.0635142 -224.238 0.378855 
0.2  2.185 0.96212 0.927097 0.864324 0.0650721 -224.01 0.383925 
0.2  2.185 0.96258 0.92797 0.865944 0.0645192 -224.225 0.383163 
0.2  2.19 0.961598 0.926072 0.862441 0.0639765 -223.787 0.395223 
0.2  2.19 0.962238 0.927249 0.864432 0.061501 -224.001 0.383847 
0.2  2.19 0.962666 0.928076 0.865978 0.0616645 -224.168 0.384301 
0.2  2.195 0.961538 0.925981 0.862311 0.0649729 -223.76 0.394706 
0.2  2.195 0.961732 0.926354 0.863033 0.0649458 -223.892 0.394642 
0.2  2.195 0.96154 0.926015 0.862451 0.0663193 -223.709 0.401473 
0.2  2.2 0.96068 0.924417 0.859686 0.068659 -223.428 0.410458 
0.2  2.2 0.960074 0.923259 0.857568 0.0689725 -223.185 0.413431 
0.2  2.2 0.960662 0.924371 0.859558 0.0681674 -223.435 0.406652 
0.2  2.205 0.95984 0.9228 0.856705 0.0683635 -223.087 0.40929 
0.2  2.205 0.959298 0.921817 0.855062 0.0709527 -222.924 0.413491 
0.2  2.205 0.959938 0.922944 0.856825 0.0663599 -223.111 0.396993 
0.2  2.21 0.959574 0.922324 0.85593 0.0697601 -223.014 0.415222 
0.2  2.21 0.95912 0.921522 0.854635 0.0729098 -222.869 0.42062 
0.2  2.21 0.960042 0.923246 0.857637 0.070847 -223.245 0.409749 
0.2  2.215 0.959448 0.922092 0.855517 0.070054 -222.966 0.406412 
0.2  2.215 0.959294 0.921744 0.854763 0.0676705 -222.836 0.412832 
0.2  2.215 0.959546 0.922273 0.855856 0.0697063 -223.007 0.412904 
0.2  2.22 0.958204 0.919758 0.85142 0.0722187 -222.537 0.421563 
0.2  2.22 0.958372 0.920022 0.851724 0.0695923 -222.521 0.416205 
0.2  2.22 0.958 0.919419 0.850809 0.0745441 -222.473 0.415021 
0.2  2.225 0.957832 0.919157 0.850492 0.077067 -222.423 0.421109 
0.2  2.225 0.957688 0.918834 0.84985 0.074967 -222.345 0.421991 
0.2  2.225 0.95792 0.919201 0.850322 0.0714676 -222.37 0.413942 
0.2  2.23 0.957716 0.918801 0.849605 0.0709051 -222.243 0.424183 
0.2  2.23 0.95749 0.918431 0.849093 0.0736995 -222.217 0.427138 
0.2  2.23 0.957936 0.919273 0.850567 0.0731686 -222.33 0.425584 
0.2  2.235 0.956382 0.916416 0.84568 0.07826 -221.862 0.435197 
0.2  2.235 0.956388 0.916436 0.845752 0.078661 -221.865 0.43766 
0.2  2.235 0.956996 0.917465 0.847238 0.0726629 -221.998 0.420642 
0.2  2.24 0.95627 0.916128 0.844961 0.0748164 -221.751 0.431448 
0.2  2.24 0.95624 0.916151 0.845208 0.0784153 -221.758 0.437465 
0.2  2.24 0.955774 0.915256 0.843575 0.0782366 -221.597 0.438084 
0.2  2.245 0.95588 0.915411 0.84373 0.0759299 -221.608 0.427267 
0.2  2.245 0.95555 0.914836 0.842839 0.0783892 -221.482 0.441275 
0.2  2.245 0.956664 0.916854 0.846143 0.073425 -221.857 0.411713 
0.2  2.25 0.954446 0.912909 0.839693 0.0863215 -221.184 0.448584 
0.2  2.25 0.954854 0.913574 0.840702 0.0812355 -221.315 0.437684 
0.2  2.25 0.95485 0.913541 0.840591 0.080103 -221.255 0.442493 
0.2  2.255 0.953828 0.911704 0.837531 0.0849519 -220.983 0.450516 
0.2  2.255 0.954062 0.912226 0.838527 0.0883432 -221 0.44761 
0.2  2.255 0.95389 0.911805 0.837548 0.0842035 -220.896 0.443083 
0.2  2.26 0.9539 0.911802 0.837638 0.0830509 -220.955 0.444167 
0.2  2.26 0.954116 0.912222 0.838372 0.0833884 -221.03 0.438506 
0.2  2.26 0.953404 0.910781 0.835593 0.0797174 -220.676 0.441149 
0.2  2.265 0.953204 0.910488 0.835294 0.0834602 -220.698 0.445933 
0.2  2.265 0.952826 0.909797 0.833978 0.0847441 -220.433 0.450893 
0.2  2.265 0.952798 0.909737 0.833895 0.0844614 -220.523 0.443031 
0.2  2.27 0.952268 0.90877 0.83236 0.0861523 -220.259 0.468323 
0.2  2.27 0.952904 0.910015 0.834609 0.0876038 -220.514 0.456624 
0.2  2.27 0.952892 0.909885 0.834167 0.0828915 -220.467 0.450358 
0.2  2.275 0.95122 0.907019 0.829712 0.0966625 -220.025 0.474434 
0.2  2.275 0.9521 0.908533 0.831931 0.0896136 -220.218 0.452375 
0.2  2.275 0.951752 0.907954 0.831106 0.0932734 -220.182 0.458294 
0.2  2.28 0.951914 0.90817 0.831396 0.0890428 -220.143 0.46204 
0.2  2.28 0.951052 0.906476 0.828251 0.0866848 -219.809 0.460682 
0.2  2.28 0.952012 0.90823 0.831223 0.0834751 -220.135 0.446689 
0.2  2.285 0.9512 0.906801 0.828941 0.0883886 -219.888 0.461752 
0.2  2.285 0.950888 0.906246 0.828051 0.0900556 -219.805 0.459801 
0.2  2.285 0.951276 0.906966 0.82927 0.0892592 -219.943 0.460207 
0.2  2.29 0.950184 0.904976 0.825947 0.0928649 -219.586 0.474329 
0.2  2.29 0.950204 0.904945 0.825713 0.0898322 -219.526 0.468587 
0.2  2.29 0.950244 0.905126 0.826042 0.0944184 -219.484 0.473148 
0.2  2.295 0.94973 0.904229 0.824842 0.0976735 -219.415 0.479059 
0.2  2.295 0.949652 0.903956 0.82409 0.0922649 -219.294 0.477818 
0.2  2.295 0.949672 0.90405 0.824353 0.0946881 -219.378 0.470658 
0.2  2.3 0.949516 0.90368 0.82352 0.0912559 -219.265 0.470514 
0.2  2.3 0.94879 0.902458 0.821666 0.0980859 -219.056 0.485526 
0.2  2.3 0.949248 0.903208 0.822683 0.0928763 -219.179 0.465008 
0.2  2.305 0.948334 0.901516 0.819859 0.0945017 -218.863 0.480891 
0.2  2.305 0.949298 0.903315 0.823039 0.0931951 -219.216 0.477974 
0.2  2.305 0.947942 0.900863 0.818901 0.0984366 -218.72 0.487535 
0.2  2.31 0.947474 0.899987 0.817364 0.0986987 -218.546 0.483546 
0.2  2.31 0.946942 0.899057 0.815766 0.102054 -218.397 0.486197 
0.2  2.31 0.947854 0.900709 0.818557 0.0987894 -218.654 0.484829 
0.2  2.315 0.947726 0.900533 0.818453 0.101444 -218.664 0.490845 
0.2  2.315 0.946504 0.89843 0.814964 0.110612 -218.237 0.500771 
0.2  2.315 0.946344 0.898138 0.814586 0.111042 -218.321 0.496019 
0.2  2.32 0.9461 0.897613 0.81356 0.108103 -218.127 0.502149 
0.2  2.32 0.94622 0.897683 0.813457 0.101332 -218.122 0.494059 
0.2  2.32 0.9454 0.896289 0.811139 0.108081 -217.893 0.495398 
0.2  2.325 0.945162 0.8957 0.809856 0.101882 -217.653 0.496242 
0.2  2.325 0.94529 0.895957 0.810428 0.102519 -217.812 0.490267 
0.2  2.325 0.944516 0.894842 0.809112 0.117488 -217.636 0.515835 
0.2  2.33 0.945126 0.89576 0.810201 0.107149 -217.726 0.49666 
0.2  2.33 0.944146 0.89411 0.807795 0.115827 -217.447 0.526707 
0.2  2.33 0.944564 0.894694 0.808466 0.107006 -217.562 0.507746 
0.2  2.335 0.943724 0.893186 0.805974 0.11009 -217.292 0.513119 
0.2  2.335 0.943042 0.891882 0.803664 0.109378 -217.044 0.515209 
0.2  2.335 0.942726 0.891526 0.803496 0.119629 -217.016 0.525348 
0.2  2.34 0.943436 0.89273 0.80533 0.113591 -217.187 0.512985 
0.2  2.34 0.943134 0.892314 0.804823 0.120173 -217.186 0.517759 
0.2  2.34 0.942538 0.891104 0.802675 0.116485 -216.937 0.530042 
0.2  2.345 0.942476 0.890907 0.802093 0.112817 -216.802 0.514071 
0.2  2.345 0.942258 0.890494 0.801285 0.11275 -216.721 0.516108 
0.2  2.345 0.942588 0.891225 0.802812 0.117377 -216.908 0.512257 
0.2  2.35 0.941228 0.888719 0.798481 0.119531 -216.416 0.51712 
0.2  2.35 0.942292 0.890598 0.801563 0.114221 -216.735 0.511043 
0.2  2.35 0.941208 0.888767 0.798836 0.123182 -216.468 0.5346 
0.2  2.355 0.941326 0.888849 0.798734 0.116961 -216.41 0.526985 
0.2  2.355 0.941008 0.888328 0.797868 0.120259 -216.31 0.528326 
0.2  2.355 0.940418 0.887345 0.796467 0.125664 -216.13 0.537007 
0.2  2.36 0.940564 0.887518 0.796393 0.121068 -216.075 0.526647 
0.2  2.36 0.940002 0.886692 0.795368 0.130866 -216.071 0.531856 
0.2  2.36 0.940166 0.886799 0.795224 0.122336 -216.009 0.528551 
0.2  2.365 0.939112 0.884931 0.792344 0.126854 -215.685 0.541546 
0.2  2.365 0.939698 0.885991 0.794011 0.125102 -215.844 0.533942 
0.2  2.365 0.938678 0.88422 0.791278 0.13125 -215.649 0.545675 
0.2  2.37 0.938678 0.884152 0.791098 0.12808 -215.618 0.541725 
0.2  2.37 0.938414 0.88355 0.789762 0.123585 -215.339 0.540819 
0.2  2.37 0.937848 0.882736 0.788845 0.134053 -215.274 0.557604 
0.2  2.375 0.937138 0.881391 0.786334 0.133211 -214.993 0.549794 
0.2  2.375 0.93646 0.880279 0.784669 0.139851 -214.875 0.549138 
0.2  2.375 0.93825 0.883536 0.790303 0.135704 -215.448 0.553097 
0.2  2.38 0.936964 0.881186 0.786446 0.137982 -215.08 0.559388 
0.2  2.38 0.937588 0.882424 0.788528 0.140892 -215.271 0.544384 
0.2  2.38 0.938228 0.883361 0.789588 0.129818 -215.315 0.538403 
0.2  2.385 0.936352 0.879921 0.783967 0.132742 -214.691 0.552106 
0.2  2.385 0.935124 0.877584 0.779753 0.131105 -214.251 0.554496 
0.2  2.385 0.936022 0.879522 0.783777 0.141933 -214.685 0.57643 
0.2  2.39 0.93479 0.877277 0.779806 0.144125 -214.166 0.576651 
0.2  2.39 0.935594 0.87885 0.782653 0.147009 -214.446 0.57979 
0.2  2.39 0.934722 0.877087 0.779307 0.141487 -214.239 0.556815 
0.2  2.395 0.934192 0.876368 0.778711 0.152546 -214.145 0.581721 
0.2  2.395 0.93415 0.876014 0.777524 0.141036 -213.932 0.563097 
0.2  2.395 0.934866 0.877303 0.779767 0.138986 -214.227 0.575157 
0.2  2.4 0.934062 0.875876 0.777453 0.141836 -213.956 0.56932 
0.2  2.4 0.934162 0.876128 0.777902 0.144545 -214.025 0.561147 
0.2  2.4 0.933142 0.874388 0.775232 0.151432 -213.679 0.584782 
0.2  2.405 0.932604 0.873388 0.773395 0.151259 -213.542 0.575995 
0.2  2.405 0.93368 0.875216 0.776287 0.14376 -213.849 0.566668 
0.2  2.405 0.933804 0.875424 0.776567 0.142806 -213.856 0.561014 
0.2  2.41 0.931018 0.870464 0.768814 0.152246 -213.01 0.603149 
0.2  2.41 0.931284 0.871271 0.770347 0.16521 -213.128 0.589952 
0.2  2.41 0.931438 0.871288 0.77016 0.153979 -213.183 0.591032 
0.2  2.415 0.93061 0.869989 0.768267 0.163711 -212.935 0.593805 
0.2  2.415 0.930796 0.870055 0.767871 0.15212 -212.893 0.575177 
0.2  2.415 0.930782 0.870155 0.768377 0.157354 -212.869 0.607054 
0.2  2.42 0.931104 0.870451 0.768327 0.144472 -212.926 0.575444 
0.2  2.42 0.928832 0.867007 0.763672 0.176767 -212.478 0.605114 
0.2  2.42 0.929816 0.868121 0.76446 0.147255 -212.443 0.585078 
0.2  2.425 0.930208 0.869105 0.766454 0.157435 -212.6 0.588536 
0.2  2.425 0.928736 0.866453 0.762065 0.160907 -212.106 0.602107 
0.2  2.425 0.929072 0.86712 0.763326 0.162699 -212.326 0.596183 
0.2  2.43 0.929048 0.866875 0.762652 0.154089 -212.251 0.594455 
0.2  2.43 0.928368 0.865773 0.760908 0.160717 -212.112 0.58331 
0.2  2.43 0.92858 0.866287 0.762028 0.165675 -212.19 0.598149 
0.2  2.435 0.926736 0.863262 0.757524 0.181601 -211.73 0.610154 
0.2  2.435 0.927774 0.864907 0.759921 0.170109 -211.959 0.6052 
0.2  2.435 0.927712 0.864592 0.759134 0.161901 -211.769 0.61783 
0.2  2.44 0.926062 0.861796 0.754768 0.172332 -211.462 0.605586 
0.2  2.44 0.92468 0.859731 0.752087 0.192555 -211.06 0.639199 
0.2  2.44 0.925866 0.861568 0.754649 0.17786 -211.336 0.626411 
0.2  2.445 0.926016 0.8618 0.754938 0.175626 -211.323 0.620071 
0.2  2.445 0.923836 0.858127 0.74949 0.190345 -210.71 0.644877 
0.2  2.445 0.925372 0.860463 0.752373 0.169735 -211.062 0.614775 
0.2  2.45 0.924894 0.859625 0.751338 0.171285 -210.981 0.628353 
0.2  2.45 0.92487 0.859694 0.751388 0.175879 -210.98 0.615028 
0.2  2.45 0.922636 0.855934 0.745574 0.19089 -210.287 0.626178 
0.2  2.455 0.922784 0.856261 0.74633 0.192698 -210.358 0.642657 
0.2  2.455 0.922566 0.855875 0.745746 0.193356 -210.275 0.65451 
0.2  2.455 0.924266 0.858416 0.749172 0.168961 -210.793 0.616559 
0.2  2.46 0.923138 0.856802 0.746935 0.187738 -210.377 0.629484 
0.2  2.46 0.922346 0.855423 0.74486 0.191105 -210.21 0.636505 
0.2  2.46 0.922186 0.855271 0.744758 0.196897 -210.162 0.638511 
0.2  2.465 0.9204 0.852093 0.739848 0.201097 -209.624 0.656694 
0.2  2.465 0.921148 0.853265 0.741186 0.192758 -209.698 0.641218 
0.2  2.465 0.921736 0.854303 0.742834 0.190894 -209.946 0.627019 
0.2  2.47 0.9205 0.852312 0.740027 0.202082 -209.579 0.654625 
0.2  2.47 0.91971 0.850644 0.737098 0.193436 -209.282 0.648752 
0.2  2.47 0.920308 0.851966 0.739578 0.202416 -209.556 0.658186 
0.2  2.475 0.919238 0.850158 0.736636 0.208447 -209.273 0.646509 
0.2  2.475 0.91978 0.850757 0.737044 0.192392 -209.27 0.636515 
0.2  2.475 0.918498 0.849064 0.735556 0.219201 -209.309 0.663646 
0.2  2.48 0.91892 0.849372 0.735301 0.199908 -209.056 0.653238 
0.2  2.48 0.917626 0.847283 0.732217 0.211526 -208.824 0.662495 
0.2  2.48 0.918338 0.848351 0.733643 0.201848 -208.885 0.664733 
0.2  2.485 0.916596 0.845695 0.730037 0.223199 -208.506 0.668912 
0.2  2.485 0.917218 0.846403 0.730487 0.205807 -208.538 0.654739 
0.2  2.485 0.918458 0.848812 0.734529 0.211128 -208.899 0.661566 
0.2  2.49 0.915582 0.843756 0.726623 0.219484 -208.06 0.673528 
0.2  2.49 0.918064 0.847569 0.73192 0.189874 -208.593 0.656817 
0.2  2.49 0.916516 0.845284 0.728918 0.212162 -208.244 0.673059 
0.2  2.495 0.914378 0.841734 0.723595 0.22631 -207.637 0.690201 
0.2  2.495 0.915296 0.843657 0.727183 0.23608 -208.221 0.687775 
0.2  2.495 0.914836 0.842438 0.724598 0.220972 -207.793 0.688581 
0.2  2.5 0.915076 0.843148 0.725992 0.231357 -207.966 0.677004 
0.2  2.5 0.913314 0.84015 0.721329 0.240309 -207.363 0.695949 
0.2  2.5 0.913328 0.84023 0.72188 0.242498 -207.507 0.698623 
0.2  2.505 0.912182 0.837875 0.717478 0.231487 -206.892 0.70277 
0.2  2.505 0.913354 0.839883 0.720754 0.226262 -207.427 0.686688 
0.2  2.505 0.912748 0.839005 0.719631 0.235365 -207.257 0.691901 
0.2  2.51 0.91176 0.837527 0.717468 0.247851 -206.911 0.707811 
0.2  2.51 0.911714 0.837457 0.717647 0.248371 -207.061 0.708328 
0.2  2.51 0.911022 0.835959 0.714707 0.23897 -206.833 0.685448 
0.2  2.515 0.910312 0.835453 0.714886 0.269766 -206.651 0.724462 
0.2  2.515 0.909888 0.834277 0.712289 0.253697 -206.457 0.698778 
0.2  2.515 0.911166 0.836082 0.714674 0.232929 -206.659 0.695135 
0.2  2.52 0.908544 0.83201 0.708901 0.26023 -205.968 0.707685 
0.2  2.52 0.908562 0.831838 0.708499 0.252108 -206.024 0.708416 
0.2  2.52 0.908184 0.831544 0.708407 0.267695 -206.011 0.717205 
0.2  2.525 0.907648 0.830274 0.706241 0.25541 -205.745 0.71438 
0.2  2.525 0.908942 0.832565 0.709714 0.25306 -206.091 0.721578 
0.2  2.525 0.90829 0.831663 0.708605 0.264233 -205.907 0.725343 
0.2  2.53 0.9064 0.828065 0.70271 0.257072 -205.361 0.722819 
0.2  2.53 0.90669 0.828659 0.703445 0.259776 -205.437 0.70746 
0.2  2.53 0.905766 0.827673 0.702912 0.287007 -205.271 0.739562 
0.2  2.535 0.905818 0.827348 0.702026 0.26989 -205.176 0.732586 
0.2  2.535 0.905136 0.826185 0.700245 0.272727 -204.909 0.736985 
0.2  2.535 0.90471 0.825698 0.699783 0.28393 -204.996 0.746528 
0.2  2.54 0.90421 0.82442 0.696986 0.268674 -204.631 0.722791 
0.2  2.54 0.904482 0.825063 0.698464 0.274634 -204.767 0.747222 
0.2  2.54 0.903948 0.823974 0.696569 0.269758 -204.5 0.738369 
0.2  2.545 0.903436 0.823286 0.695751 0.278571 -204.441 0.741027 
0.2  2.545 0.90186 0.821247 0.693233 0.310245 -204.181 0.757259 
0.2  2.545 0.903952 0.82383 0.696022 0.263305 -204.547 0.708886 
0.2  2.55 0.901006 0.819118 0.68954 0.286528 -203.67 0.757892 
0.2  2.55 0.90277 0.821811 0.693024 0.267327 -204.175 0.733083 
0.2  2.55 0.903114 0.823064 0.69594 0.292126 -204.477 0.754136 
0.2  2.555 0.900642 0.818519 0.688678 0.288164 -203.642 0.765238 
0.2  2.555 0.899944 0.817771 0.687689 0.308105 -203.432 0.75307 
0.2  2.555 0.898818 0.815589 0.684359 0.301965 -203.358 0.76417 
0.2  2.56 0.89832 0.814893 0.68347 0.309146 -202.977 0.767121 
0.2  2.56 0.89929 0.816684 0.686061 0.311004 -203.312 0.755542 
0.2  2.56 0.899498 0.816796 0.686318 0.300767 -203.357 0.761045 
0.2  2.565 0.897264 0.813009 0.680255 0.30902 -202.653 0.769264 
0.2  2.565 0.895582 0.810671 0.677671 0.33544 -202.486 0.794151 
0.2  2.565 0.898904 0.81556 0.684035 0.293611 -203.066 0.759294 
0.2  2.57 0.896282 0.81166 0.678993 0.324463 -202.512 0.786593 
0.2  2.57 0.895358 0.81002 0.676599 0.325046 -202.387 0.781539 
0.2  2.57 0.895074 0.809737 0.676134 0.333828 -202.329 0.787472 
0.2  2.575 0.895066 0.809431 0.675441 0.321858 -202.101 0.785428 
0.2  2.575 0.893686 0.807486 0.672846 0.342192 -201.769 0.786523 
0.2  2.575 0.894452 0.808938 0.675411 0.345368 -202.125 0.795132 
0.2  2.58 0.893542 0.806905 0.671773 0.328968 -201.65 0.786261 
0.2  2.58 0.892726 0.805557 0.669703 0.333216 -201.472 0.791182 
0.2  2.58 0.89451 0.808689 0.674525 0.331029 -202.013 0.786246 
0.2  2.585 0.892118 0.805124 0.669755 0.357821 -201.408 0.798993 
0.2  2.585 0.891624 0.804368 0.66862 0.362649 -201.286 0.807899 
0.2  2.585 0.892116 0.804238 0.66685 0.323658 -201.092 0.768409 
0.2  2.59 0.890614 0.802722 0.666341 0.367887 -200.932 0.821608 
0.2  2.59 0.890074 0.801569 0.664362 0.360525 -200.704 0.820947 
0.2  2.59 0.891624 0.804418 0.668994 0.363886 -201.214 0.815612 
0.2  2.595 0.889114 0.799883 0.661651 0.36066 -200.545 0.800784 
0.2  2.595 0.88734 0.797384 0.658898 0.38579 -200.163 0.828403 
0.2  2.595 0.887286 0.796924 0.657798 0.371776 -200.023 0.834271 
0.2  2.6 0.888008 0.797708 0.657808 0.351909 -200.108 0.778889 
0.2  2.6 0.886986 0.796492 0.657039 0.374906 -199.884 0.835187 
0.2  2.6 0.885874 0.794618 0.65411 0.378665 -199.661 0.826154 
0.2  2.605 0.88669 0.796105 0.656569 0.379513 -199.86 0.824061 
0.2  2.605 0.88612 0.794683 0.654086 0.363685 -199.621 0.822467 
0.2  2.605 0.884678 0.793236 0.653043 0.40617 -199.35 0.863926 
0.2  2.61 0.883424 0.790763 0.648999 0.395603 -198.96 0.850692 
0.2  2.61 0.884224 0.792709 0.65268 0.415966 -199.41 0.853465 
0.2  2.61 0.884742 0.792688 0.651272 0.38006 -199.305 0.822244 
0.2  2.615 0.882626 0.78993 0.648402 0.416864 -198.923 0.856535 
0.2  2.615 0.883836 0.791212 0.649675 0.384159 -199.036 0.851181 
0.2  2.615 0.884136 0.792067 0.650916 0.396568 -199.032 0.851076 
0.2  2.62 0.87967 0.7848 0.640205 0.419115 -197.848 0.856944 
0.2  2.62 0.879844 0.785763 0.642521 0.444198 -198.236 0.858847 
0.2  2.62 0.881104 0.787147 0.644068 0.412314 -198.411 0.854724 
0.2  2.625 0.88019 0.785328 0.641091 0.403569 -198.005 0.858661 
0.2  2.625 0.879072 0.783828 0.639377 0.421334 -197.751 0.875075 
0.2  2.625 0.87961 0.784717 0.640598 0.419162 -197.803 0.872962 
0.2  2.63 0.875906 0.779559 0.634324 0.469487 -197.15 0.900382 
0.2  2.63 0.878216 0.782395 0.637017 0.423265 -197.624 0.851466 
0.2  2.63 0.87654 0.77985 0.63398 0.438322 -197.307 0.877895 
0.2  2.635 0.875488 0.777926 0.630609 0.434397 -196.752 0.869208 
0.2  2.635 0.875268 0.778524 0.632791 0.471724 -196.957 0.904263 
0.2  2.635 0.875774 0.77886 0.632454 0.450867 -196.967 0.875602 
0.2  2.64 0.87234 0.773751 0.626144 0.483847 -196.325 0.902086 
0.2  2.64 0.874168 0.775974 0.628116 0.447118 -196.511 0.876591 
0.2  2.64 0.873642 0.775153 0.627038 0.450864 -196.411 0.889034 
0.2  2.645 0.871792 0.772583 0.624256 0.474912 -195.939 0.919903 
0.2  2.645 0.87048 0.771089 0.622548 0.504871 -195.792 0.916846 
0.2  2.645 0.874106 0.776023 0.62855 0.452238 -196.423 0.888631 
0.2  2.65 0.87158 0.77198 0.622811 0.465228 -195.906 0.888329 
0.2  2.65 0.871526 0.772453 0.62429 0.486614 -196.113 0.89704 
0.2  2.65 0.869978 0.769964 0.620629 0.494418 -195.613 0.910023 
0.2  2.655 0.867834 0.766697 0.616641 0.510775 -195.109 0.937827 
0.2  2.655 0.870214 0.769814 0.619776 0.472378 -195.419 0.905633 
0.2  2.655 0.868176 0.766715 0.615782 0.489098 -194.998 0.908795 
0.2  2.66 0.866076 0.764389 0.613916 0.53765 -194.828 0.936454 
0.2  2.66 0.867698 0.766175 0.615489 0.499085 -194.94 0.928765 
0.2  2.66 0.866856 0.764967 0.613812 0.508576 -194.763 0.919589 
0.2  2.665 0.866142 0.763264 0.610833 0.490149 -194.365 0.926457 
0.2  2.665 0.864484 0.761472 0.609035 0.530548 -194.207 0.923201 
0.2  2.665 0.86379 0.760392 0.60763 0.53503 -194.107 0.919052 
0.2  2.67 0.861522 0.756239 0.601308 0.52505 -193.221 0.942516 
0.2  2.67 0.86468 0.761273 0.60815 0.50943 -194.099 0.913513 
0.2  2.67 0.863262 0.759547 0.606445 0.536562 -193.857 0.933605 
0.2  2.675 0.86002 0.754847 0.600621 0.568694 -193.151 0.952404 
0.2  2.675 0.862188 0.757597 0.603628 0.531909 -193.55 0.93857 
0.2  2.675 0.861696 0.756741 0.602525 0.531643 -193.427 0.947449 
0.2  2.68 0.85722 0.750291 0.594392 0.577046 -192.416 0.973693 
0.2  2.68 0.859636 0.753871 0.599057 0.555852 -193.09 0.951168 
0.2  2.68 0.85875 0.752426 0.597435 0.558734 -192.837 0.96854 
0.2  2.685 0.857246 0.750284 0.594601 0.574062 -192.448 0.975681 
0.2  2.685 0.854046 0.746078 0.58978 0.621364 -191.989 0.990462 
0.2  2.685 0.85809 0.751084 0.594397 0.549941 -192.378 0.933808 
0.2  2.69 0.857092 0.749896 0.593445 0.568373 -192.389 0.931253 
0.2  2.69 0.857562 0.750981 0.595251 0.578755 -192.456 0.959761 
0.2  2.69 0.856082 0.748731 0.592653 0.589406 -192.287 0.963212 
0.2  2.695 0.852734 0.744058 0.586662 0.627196 -191.544 0.975367 
0.2  2.695 0.854926 0.747212 0.590674 0.60531 -191.835 0.98182 
0.2  2.695 0.852078 0.742039 0.58286 0.593784 -190.979 0.976574 
0.2  2.7 0.85156 0.741457 0.58223 0.603794 -190.793 0.975646 
0.2  2.7 0.852622 0.743696 0.586228 0.619689 -191.324 0.998129 
0.2  2.7 0.851808 0.74208 0.583299 0.611221 -191.113 0.961809 
0.2  2.705 0.848472 0.73733 0.577826 0.644205 -190.14 1.02506 
0.2  2.705 0.846108 0.734219 0.574317 0.677287 -190.079 1.0097 
0.2  2.705 0.848752 0.737887 0.578661 0.647209 -190.451 1.01412 
0.2  2.71 0.84598 0.733369 0.5721 0.652635 -189.541 1.00251 
0.2  2.71 0.848066 0.736169 0.575522 0.625583 -190.074 0.997662 
0.2  2.71 0.847572 0.735826 0.575872 0.643836 -190.11 1.01287 
0.2  2.715 0.844318 0.730816 0.568956 0.660893 -189.196 1.01721 
0.2  2.715 0.847374 0.735499 0.575164 0.642958 -189.86 1.01483 
0.2  2.715 0.84475 0.731511 0.56997 0.659617 -189.39 1.01751 
0.2  2.72 0.840296 0.724676 0.561296 0.683029 -188.461 1.03775 
0.2  2.72 0.843856 0.729637 0.566751 0.644986 -188.993 1.01306 
0.2  2.72 0.842996 0.728605 0.565883 0.660382 -188.742 1.0125 
0.2  2.725 0.839612 0.724648 0.562388 0.722916 -188.505 1.04427 
0.2  2.725 0.842284 0.72741 0.564211 0.659355 -188.81 1.00218 
0.2  2.725 0.839534 0.724709 0.562491 0.729952 -188.499 1.04528 
0.2  2.73 0.838252 0.72175 0.557464 0.699041 -188.013 1.01737 
0.2  2.73 0.841802 0.726742 0.563615 0.663434 -188.594 1.02911 
0.2  2.73 0.839012 0.723419 0.560394 0.713473 -188.276 1.04841 
0.2  2.735 0.838212 0.722196 0.55835 0.716525 -187.976 1.03306 
0.2  2.735 0.83505 0.717399 0.552257 0.734588 -187.253 1.04085 
0.2  2.735 0.834688 0.717499 0.553282 0.760331 -187.388 1.06045 
0.2  2.74 0.835264 0.718105 0.553598 0.745938 -187.416 1.04632 
0.2  2.74 0.831324 0.711808 0.545611 0.755787 -186.304 1.07656 
0.2  2.74 0.834348 0.715831 0.549751 0.718776 -186.92 1.04328 
0.2  2.745 0.827322 0.70679 0.539771 0.813416 -185.669 1.08918 
0.2  2.745 0.832074 0.71331 0.547753 0.763661 -186.64 1.07403 
0.2  2.745 0.829892 0.709197 0.541331 0.745952 -186.042 1.05771 
0.2  2.75 0.831126 0.71155 0.544993 0.755628 -186.29 1.05579 
0.2  2.75 0.82805 0.707771 0.541263 0.803774 -185.924 1.08337 
0.2  2.75 0.829204 0.708443 0.54063 0.758697 -185.686 1.06955 
0.2  2.755 0.827632 0.705575 0.536474 0.747731 -185.251 1.05357 
0.2  2.755 0.825308 0.704623 0.537977 0.852614 -185.449 1.10276 
0.2  2.755 0.82664 0.706035 0.538838 0.82402 -185.512 1.07353 
0.2  2.76 0.822872 0.699432 0.529933 0.808452 -184.371 1.09346 
0.2  2.76 0.82293 0.699698 0.530449 0.814656 -184.572 1.08744 
0.2  2.76 0.824328 0.702042 0.533323 0.816127 -184.676 1.10739 
0.2  2.765 0.82206 0.69901 0.53031 0.840043 -184.496 1.09995 
0.2  2.765 0.821148 0.697845 0.52925 0.852107 -184.257 1.12228 
0.2  2.765 0.82187 0.698232 0.52845 0.823201 -184.052 1.10162 
0.2  2.77 0.818386 0.693404 0.522773 0.853718 -183.441 1.10722 
0.2  2.77 0.818766 0.69456 0.525087 0.873001 -183.704 1.12216 
0.2  2.77 0.818542 0.693461 0.523067 0.846567 -183.532 1.113 
0.2  2.775 0.815396 0.688902 0.51702 0.865978 -182.751 1.10533 
0.2  2.775 0.817774 0.691397 0.519884 0.81597 -183.035 1.1245 
0.2  2.775 0.818112 0.693169 0.522915 0.85987 -183.434 1.11018 
0.2  2.78 0.81498 0.688002 0.515794 0.856449 -182.584 1.1179 
0.2  2.78 0.81229 0.684496 0.511936 0.887791 -182.452 1.09638 
0.2  2.78 0.812344 0.685032 0.513271 0.903946 -182.154 1.15022 
0.2  2.785 0.810918 0.683027 0.510528 0.913415 -181.96 1.13151 
0.2  2.785 0.81127 0.683333 0.510713 0.903899 -181.954 1.12969 
0.2  2.785 0.811106 0.68309 0.510436 0.904737 -181.995 1.13129 
0.2  2.79 0.807712 0.678384 0.505027 0.931368 -181.275 1.14389 
0.2  2.79 0.806674 0.677118 0.503811 0.946047 -181.079 1.15906 
0.2  2.79 0.807742 0.678721 0.505668 0.941724 -181.334 1.15675 
0.2  2.795 0.803998 0.673153 0.499018 0.956725 -180.54 1.15754 
0.2  2.795 0.80727 0.677273 0.503577 0.915489 -181.026 1.15049 
0.2  2.795 0.808226 0.677806 0.503053 0.879326 -181.271 1.10619 
0.2  2.8 0.804424 0.674114 0.500483 0.964841 -180.721 1.14594 
0.2  2.8 0.804904 0.673451 0.498645 0.913578 -180.384 1.1423 
0.2  2.8 0.802066 0.670755 0.496333 0.980172 -180.058 1.18566 
0.2  2.805 0.800864 0.668189 0.492423 0.955644 -179.652 1.14277 
0.2  2.805 0.801004 0.669201 0.493927 0.983716 -179.754 1.15347 
0.2  2.805 0.801174 0.668751 0.493002 0.957987 -179.634 1.14392 
0.2  2.81 0.799246 0.666515 0.49078 0.986518 -179.312 1.16151 
0.2  2.81 0.798132 0.665257 0.489479 1.00508 -179.205 1.16271 
0.2  2.81 0.796452 0.663084 0.487348 1.02306 -178.84 1.18203 
0.2  2.815 0.797726 0.664385 0.488222 0.995316 -179.001 1.17236 
0.2  2.815 0.794828 0.660084 0.483591 1.00649 -178.609 1.17037 
0.2  2.815 0.794142 0.659654 0.482855 1.02994 -178.382 1.16029 
0.2  2.82 0.791618 0.656722 0.480368 1.06608 -178.087 1.17655 
0.2  2.82 0.793442 0.658811 0.482207 1.03761 -178.158 1.18774 
0.2  2.82 0.791006 0.655585 0.478905 1.0601 -177.835 1.18308 
0.2  2.825 0.788938 0.653679 0.477202 1.1064 -177.517 1.19926 
0.2  2.825 0.786868 0.649734 0.472182 1.08223 -177.062 1.1853 
0.2  2.825 0.78787 0.651279 0.473614 1.08105 -177.133 1.18153 
0.2  2.83 0.783296 0.645739 0.468126 1.13734 -176.507 1.20993 
0.2  2.83 0.783902 0.645398 0.466562 1.09171 -176.612 1.18211 
0.2  2.83 0.78736 0.649815 0.471225 1.05579 -176.705 1.19095 
0.2  2.835 0.780842 0.641989 0.463985 1.13845 -176.004 1.21061 
0.2  2.835 0.785194 0.646656 0.467765 1.06266 -176.248 1.20976 
0.2  2.835 0.781292 0.641882 0.462724 1.10985 -175.801 1.19972 
0.2  2.84 0.777498 0.637564 0.458476 1.1641 -175.122 1.22566 
0.2  2.84 0.779554 0.640478 0.462338 1.15399 -175.741 1.22984 
0.2  2.84 0.779652 0.64021 0.461537 1.13918 -175.676 1.19895 
0.2  2.845 0.77558 0.635021 0.456088 1.17739 -174.962 1.23349 
0.2  2.845 0.776688 0.636387 0.457835 1.16494 -174.868 1.23906 
0.2  2.845 0.777674 0.636933 0.456673 1.13025 -174.729 1.20352 
0.2  2.85 0.771982 0.629591 0.448998 1.18018 -173.898 1.21224 
0.2  2.85 0.774504 0.63305 0.453403 1.16467 -174.115 1.25407 
0.2  2.85 0.776076 0.634738 0.454503 1.13838 -174.432 1.2188 
0.2  2.855 0.775684 0.633895 0.453295 1.12818 -174.39 1.20504 
0.2  2.855 0.77039 0.627109 0.445842 1.17717 -173.479 1.22719 
0.2  2.855 0.772358 0.629182 0.447322 1.14342 -173.772 1.20103 
0.2  2.86 0.766502 0.622226 0.440983 1.2133 -172.93 1.2234 
0.2  2.86 0.766858 0.622198 0.440156 1.19324 -172.814 1.20974 
0.2  2.86 0.76721 0.623396 0.442752 1.21626 -173.328 1.21968 
0.2  2.865 0.76539 0.621742 0.441999 1.25376 -172.953 1.25824 
0.2  2.865 0.768226 0.624099 0.442433 1.18421 -172.805 1.23922 
0.2  2.865 0.768304 0.624301 0.442894 1.18707 -173.02 1.21628 
0.2  2.87 0.762718 0.618203 0.437366 1.27052 -172.208 1.25274 
0.2  2.87 0.762024 0.615585 0.433017 1.21619 -171.772 1.22725 
0.2  2.87 0.760414 0.614115 0.431636 1.25036 -171.576 1.24865 
0.2  2.875 0.760072 0.614167 0.432061 1.26807 -171.577 1.23269 
0.2  2.875 0.763784 0.617908 0.435499 1.20147 -171.976 1.22761 
0.2  2.875 0.758806 0.612022 0.429917 1.26036 -171.517 1.23834 
0.2  2.88 0.754356 0.607353 0.425883 1.32985 -170.755 1.26433 
0.2  2.88 0.75406 0.604672 0.420506 1.25229 -169.816 1.25325 
0.2  2.88 0.75328 0.605164 0.422803 1.31019 -170.582 1.2421 
0.2  2.885 0.751214 0.602376 0.42008 1.319 -170.162 1.25354 
0.2  2.885 0.752008 0.602383 0.418841 1.27788 -169.917 1.24644 
0.2  2.885 0.752446 0.603725 0.42068 1.30156 -170.097 1.25005 
0.2  2.89 0.749228 0.59966 0.416406 1.32587 -169.713 1.24109 
0.2  2.89 0.747068 0.5967 0.413327 1.33528 -169.184 1.26938 
0.2  2.89 0.744132 0.592923 0.40976 1.35608 -168.732 1.276 
0.2  2.895 0.744758 0.593626 0.410064 1.34581 -168.581 1.26959 
0.2  2.895 0.742264 0.590733 0.407263 1.37401 -168.247 1.26779 
0.2  2.895 0.74416 0.594206 0.412037 1.39661 -168.714 1.30116 
0.2  2.9 0.74169 0.589926 0.4062 1.37316 -168.026 1.28069 
0.2  2.9 0.738758 0.586179 0.402485 1.39363 -167.646 1.2806 
0.2  2.9 0.742314 0.589988 0.405015 1.34339 -167.805 1.25835 
0.2  2.905 0.738866 0.585394 0.400716 1.35872 -167.456 1.25838 
0.2  2.905 0.740172 0.587397 0.4034 1.36117 -167.736 1.26576 
0.2  2.905 0.740334 0.588336 0.40444 1.38524 -167.664 1.27305 
0.2  2.91 0.735554 0.581635 0.397543 1.39504 -166.803 1.27716 
0.2  2.91 0.733598 0.580066 0.395816 1.43987 -166.466 1.26842 
0.2  2.91 0.732446 0.579137 0.396197 1.46599 -166.407 1.31041 
0.2  2.915 0.73277 0.578814 0.395296 1.43611 -166.355 1.30284 
0.2  2.915 0.73551 0.580936 0.395696 1.37087 -166.657 1.26321 
0.2  2.915 0.732036 0.57762 0.393505 1.43201 -166.357 1.27636 
0.2  2.92 0.72732 0.571716 0.387076 1.46308 -165.414 1.27304 
0.2  2.92 0.729364 0.573982 0.389308 1.43872 -165.616 1.30406 
0.2  2.92 0.728812 0.573252 0.388559 1.44127 -165.665 1.28875 
0.2  2.925 0.726374 0.570442 0.386356 1.46404 -165.162 1.29029 
0.2  2.925 0.722748 0.566831 0.382871 1.52021 -164.651 1.28991 
0.2  2.925 0.727548 0.571566 0.386832 1.44411 -165.231 1.27492 
0.2  2.93 0.722244 0.566268 0.383053 1.52327 -164.688 1.32315 
0.2  2.93 0.720612 0.562886 0.377897 1.48821 -164.101 1.29097 
0.2  2.93 0.72277 0.56599 0.38162 1.48783 -164.825 1.28803 
0.2  2.935 0.717698 0.560045 0.37588 1.53168 -163.506 1.31443 
0.2  2.935 0.715154 0.557032 0.373579 1.55321 -163.441 1.32505 
0.2  2.935 0.71684 0.558391 0.373838 1.51727 -163.396 1.30863 
0.2  2.94 0.714526 0.555531 0.370827 1.53004 -163.101 1.30101 
0.2  2.94 0.712898 0.554484 0.370656 1.57348 -162.994 1.30036 
0.2  2.94 0.716206 0.557424 0.372775 1.51268 -163.382 1.30022 
0.2  2.945 0.711752 0.550961 0.365211 1.50663 -162.155 1.30246 
0.2  2.945 0.710212 0.550149 0.365251 1.5534 -162.025 1.29936 
0.2  2.945 0.711578 0.551331 0.365941 1.52759 -162.39 1.28597 
0.2  2.95 0.706692 0.54628 0.361693 1.58871 -161.774 1.27623 
0.2  2.95 0.70199 0.540136 0.355411 1.60494 -160.884 1.30253 
0.2  2.95 0.706826 0.545457 0.360408 1.55436 -161.615 1.2951 
0.2  2.955 0.701282 0.539111 0.354623 1.60118 -160.668 1.31466 
0.2  2.955 0.707006 0.545782 0.360872 1.55414 -161.583 1.30661 
0.2  2.955 0.703516 0.542046 0.35734 1.59429 -160.819 1.31999 
0.2  2.96 0.702116 0.540139 0.355133 1.59367 -160.919 1.29524 
0.2  2.96 0.699592 0.536874 0.351413 1.60286 -160.002 1.31073 
0.2  2.96 0.701626 0.539493 0.354722 1.59506 -160.638 1.29977 
0.2  2.965 0.693718 0.530686 0.346429 1.6675 -159.499 1.30274 
0.2  2.965 0.693098 0.52923 0.344106 1.64739 -159.218 1.30162 
0.2  2.965 0.694096 0.530837 0.346522 1.65489 -159.535 1.30999 
0.2  2.97 0.69228 0.526715 0.340719 1.59808 -158.57 1.29916 
0.2  2.97 0.69183 0.527479 0.343256 1.64481 -159.04 1.31635 
0.2  2.97 0.688734 0.524104 0.339904 1.67507 -158.584 1.32478 
0.2  2.975 0.686188 0.519569 0.334261 1.63748 -157.614 1.30151 
0.2  2.975 0.688546 0.52367 0.339013 1.66637 -158.202 1.32598 
0.2  2.975 0.68488 0.51948 0.335535 1.69476 -157.898 1.32852 
0.2  2.98 0.688466 0.522934 0.338304 1.64256 -158.198 1.31359 
0.2  2.98 0.68064 0.514694 0.331056 1.72563 -157.313 1.31661 
0.2  2.98 0.685938 0.520239 0.336161 1.66871 -157.682 1.32818 
0.2  2.985 0.67927 0.512819 0.328989 1.72232 -156.999 1.30802 
0.2  2.985 0.682526 0.516013 0.331515 1.68076 -157.083 1.3137 
0.2  2.985 0.678754 0.511643 0.327369 1.70639 -156.856 1.29951 
0.2  2.99 0.677688 0.509299 0.324126 1.67352 -156.158 1.2999 
0.2  2.99 0.676086 0.508178 0.323895 1.70856 -156.178 1.30309 
0.2  2.99 0.673292 0.504542 0.320383 1.71302 -155.252 1.33861 
0.2  2.995 0.675922 0.507908 0.323711 1.70407 -156.172 1.3059 
0.2  2.995 0.675292 0.507735 0.323787 1.72675 -155.755 1.32943 
0.2  2.995 0.674108 0.50628 0.322251 1.73149 -155.918 1.3096 
0.2  3 0.66907 0.500598 0.317356 1.76477 -155.028 1.32178 
0.2  3 0.67067 0.501533 0.317029 1.72451 -155.099 1.29196 
0.2  3 0.668458 0.500256 0.317008 1.78068 -154.79 1.32101 
0.2  3.005 0.666566 0.496161 0.311448 1.72548 -154.086 1.30408 
0.2  3.005 0.667022 0.497951 0.314604 1.76482 -154.62 1.30567 
0.2  3.005 0.66671 0.497768 0.314733 1.77258 -154.497 1.34066 
0.2  3.01 0.663968 0.494024 0.310695 1.76647 -154.068 1.3088 
0.2  3.01 0.663304 0.493381 0.309968 1.77439 -153.863 1.32418 
0.2  3.01 0.663102 0.493024 0.310068 1.77142 -153.79 1.31264 
0.2  3.015 0.662188 0.492287 0.309209 1.78421 -153.619 1.31615 
0.2  3.015 0.66273 0.491086 0.306958 1.72056 -153.429 1.31153 
0.2  3.015 0.657968 0.487138 0.304435 1.79822 -153.124 1.31779 
0.2  3.02 0.653102 0.480707 0.297645 1.79353 -152.206 1.28018 
0.2  3.02 0.655284 0.483336 0.300622 1.78606 -152.576 1.32579 
0.2  3.02 0.654596 0.482406 0.299196 1.78509 -152.529 1.27812 
0.2  3.025 0.655024 0.482285 0.298421 1.75962 -152.039 1.28837 
0.2  3.025 0.650204 0.477059 0.294247 1.79484 -151.48 1.30771 
0.2  3.025 0.65207 0.479161 0.296178 1.78399 -151.736 1.30257 
0.2  3.03 0.64748 0.475324 0.293835 1.85127 -151.543 1.30588 
0.2  3.03 0.64787 0.475231 0.292817 1.83154 -151.267 1.29305 
0.2  3.03 0.644188 0.470555 0.289333 1.83421 -150.673 1.31686 
0.2  3.035 0.640888 0.467781 0.287109 1.87953 -150.24 1.29208 
0.2  3.035 0.643956 0.470168 0.287956 1.82829 -150.671 1.29661 
0.2  3.035 0.645584 0.471956 0.290123 1.81803 -150.778 1.2977 
0.2  3.04 0.641138 0.467166 0.28576 1.84565 -150.007 1.28795 
0.2  3.04 0.636294 0.462222 0.282082 1.88657 -149.427 1.3156 
0.2  3.04 0.642058 0.467643 0.285428 1.82252 -150.021 1.29325 
0.2  3.045 0.641362 0.466637 0.284167 1.81583 -149.537 1.29069 
0.2  3.045 0.629154 0.454362 0.274973 1.92209 -148.527 1.29559 
0.2  3.045 0.635314 0.460816 0.281028 1.87822 -149.265 1.33191 
0.2  3.05 0.632954 0.457671 0.277187 1.87018 -148.538 1.31565 
0.2  3.05 0.631478 0.454155 0.271892 1.8161 -148.04 1.25502 
0.2  3.05 0.631042 0.454909 0.274339 1.85885 -148.51 1.29698 
0.2  3.055 0.624158 0.44741 0.268099 1.8932 -147.456 1.29853 
0.2  3.055 0.632322 0.456591 0.275493 1.85794 -148.269 1.29407 
0.2  3.055 0.629656 0.453665 0.273507 1.87228 -148.121 1.28554 
0.2  3.06 0.628616 0.450431 0.26863 1.80632 -147.493 1.25838 
0.2  3.06 0.623938 0.447924 0.268654 1.91586 -147.249 1.26861 
0.2  3.06 0.62488 0.447068 0.266474 1.84944 -146.995 1.28178 
0.2  3.065 0.615146 0.437972 0.259939 1.94348 -145.901 1.3011 
0.2  3.065 0.623518 0.446432 0.266016 1.88116 -147.004 1.26255 
0.2  3.065 0.620918 0.443785 0.264563 1.90036 -146.581 1.30319 
0.2  3.07 0.620876 0.442713 0.262704 1.86405 -146.45 1.26912 
0.2  3.07 0.614412 0.437149 0.259039 1.94288 -145.789 1.28755 
0.2  3.07 0.609608 0.430537 0.252932 1.91905 -144.872 1.26911 
0.2  3.075 0.611536 0.432955 0.25524 1.91802 -145.139 1.27837 
0.2  3.075 0.612432 0.43479 0.257248 1.94202 -145.473 1.27183 
0.2  3.075 0.61172 0.431383 0.251988 1.85956 -144.703 1.26536 
0.2  3.08 0.61123 0.431839 0.253303 1.8908 -144.92 1.26285 
0.2  3.08 0.606122 0.427737 0.250654 1.95951 -144.09 1.28204 
0.2  3.08 0.612006 0.433687 0.255992 1.91998 -144.91 1.29807 
0.2  3.085 0.604108 0.424971 0.247647 1.9457 -143.72 1.24629 
0.2  3.085 0.603422 0.423607 0.246472 1.92832 -143.734 1.25555 
0.2  3.085 0.607692 0.428879 0.250876 1.93158 -144.171 1.25906 
0.2  3.09 0.597512 0.4179 0.242502 1.9702 -143.186 1.26011 
0.2  3.09 0.598778 0.418878 0.242336 1.95284 -143.051 1.23571 
0.2  3.09 0.602162 0.422446 0.245222 1.93678 -143.422 1.24335 
0.2  3.095 0.593302 0.412733 0.237412 1.96207 -142.249 1.24058 
0.2  3.095 0.604514 0.424117 0.245908 1.89597 -143.315 1.23205 
0.2  3.095 0.595604 0.41387 0.236717 1.91038 -142.274 1.21647 
0.2  3.1 0.592228 0.411544 0.236421 1.96163 -141.912 1.26111 
0.2  3.1 0.593456 0.411907 0.235872 1.92634 -141.767 1.24615 
0.2  3.1 0.594274 0.414517 0.239661 1.97919 -142.323 1.25635 
0.2  3.105 0.589326 0.408196 0.23328 1.96106 -141.555 1.21895 
0.2  3.105 0.588738 0.408434 0.234298 1.99102 -141.537 1.2628 
0.2  3.105 0.587614 0.406755 0.232608 1.97955 -141.451 1.23585 
0.2  3.11 0.587106 0.404767 0.229592 1.93161 -140.749 1.2253 
0.2  3.11 0.58952 0.408781 0.233912 1.96937 -141.312 1.2438 
0.2  3.11 0.585114 0.40381 0.229755 1.97593 -140.402 1.24833 
0.2  3.115 0.583138 0.401447 0.228301 1.97101 -140.775 1.23796 
0.2  3.115 0.581944 0.399011 0.224566 1.93747 -140.018 1.20594 
0.2  3.115 0.57758 0.395402 0.22261 1.98405 -139.655 1.21908 
0.2  3.12 0.578598 0.397752 0.225945 2.01848 -140.061 1.25665 
0.2  3.12 0.577466 0.394642 0.221949 1.96074 -139.581 1.20841 
0.2  3.12 0.578538 0.396189 0.223542 1.97059 -139.714 1.24305 
0.2  3.125 0.573622 0.391203 0.219052 1.98913 -138.974 1.20231 
0.2  3.125 0.573422 0.390607 0.218583 1.97742 -138.792 1.22619 
0.2  3.125 0.577226 0.394483 0.221646 1.96138 -139.134 1.2181 
0.2  3.13 0.572496 0.388269 0.214728 1.93345 -138.134 1.1973 
0.2  3.13 0.571794 0.38917 0.217055 1.98792 -138.325 1.22002 
0.2  3.13 0.570652 0.387433 0.215361 1.9741 -138.19 1.20866 
0.2  3.135 0.571 0.386916 0.214525 1.94179 -137.819 1.21157 
0.2  3.135 0.569344 0.385834 0.214592 1.96752 -138.166 1.19817 
0.2  3.135 0.57006 0.387358 0.215746 1.9901 -138.222 1.22267 
0.2  3.14 0.564632 0.381193 0.210761 1.98676 -137.193 1.20539 
0.2  3.14 0.564786 0.380341 0.208989 1.95407 -137.016 1.18953 
0.2  3.14 0.569808 0.387544 0.216084 2.00201 -138.059 1.21034 
0.2  3.145 0.561818 0.378717 0.209304 2.00566 -136.967 1.21498 
0.2  3.145 0.560996 0.377183 0.207654 1.98621 -136.719 1.20444 
0.2  3.145 0.559432 0.37646 0.207168 2.01895 -136.431 1.22481 
0.2  3.15 0.553366 0.367887 0.198948 1.95788 -135.556 1.17598 
0.2  3.15 0.555308 0.370126 0.201085 1.96059 -135.786 1.17856 
0.2  3.15 0.557686 0.373398 0.20406 1.98046 -136.159 1.1805 
0.2  3.155 0.551176 0.366801 0.199142 1.99701 -135.458 1.16037 
0.2  3.155 0.554322 0.368661 0.198922 1.94573 -135.554 1.14472 
0.2  3.155 0.550548 0.366456 0.198941 2.00803 -135.03 1.17804 
0.2  3.16 0.548114 0.363523 0.196443 1.99663 -134.781 1.18167 
0.2  3.16 0.552268 0.367158 0.198228 1.96703 -135.151 1.15452 
0.2  3.16 0.552078 0.366474 0.197428 1.95202 -135.066 1.14294 
0.2  3.165 0.53918 0.354094 0.188649 2.00248 -133.568 1.14739 
0.2  3.165 0.545642 0.361341 0.195003 2.00998 -134.133 1.16933 
0.2  3.165 0.543234 0.35864 0.192396 2.00749 -133.848 1.17848 
0.2  3.17 0.547034 0.361503 0.19421 1.96395 -134.082 1.17095 
0.2  3.17 0.543694 0.358475 0.191853 1.98334 -133.753 1.14548 
0.2  3.17 0.542402 0.356403 0.189899 1.96224 -133.349 1.15924 
0.2  3.175 0.540472 0.354218 0.18759 1.95617 -133.218 1.13569 
0.2  3.175 0.541236 0.354465 0.188136 1.93789 -133.194 1.14181 
0.2  3.175 0.537768 0.352354 0.187692 1.98927 -133.027 1.15027 
0.2  3.18 0.53583 0.350103 0.18552 1.98078 -132.589 1.15347 
0.2  3.18 0.536136 0.349403 0.183727 1.94846 -132.469 1.13027 
0.2  3.18 0.532706 0.347256 0.183501 1.99624 -132.176 1.14759 
0.2  3.185 0.53147 0.345253 0.181326 1.97152 -131.832 1.12778 
0.2  3.185 0.534374 0.347837 0.183066 1.95547 -132.092 1.12954 
0.2  3.185 0.532636 0.346751 0.182836 1.97959 -132.131 1.13546 
0.2  3.19 0.526552 0.33991 0.176303 1.96405 -130.858 1.0984 
0.2  3.19 0.530408 0.344594 0.180992 1.98311 -131.849 1.12166 
0.2  3.19 0.527812 0.340048 0.176194 1.92671 -130.735 1.1156 
0.2  3.195 0.523408 0.337153 0.175205 1.97799 -130.708 1.1216 
0.2  3.195 0.528772 0.342593 0.179578 1.97162 -131.075 1.13748 
0.2  3.195 0.52885 0.34213 0.178395 1.95454 -131.39 1.10989 
0.2  3.2 0.525296 0.339029 0.176859 1.97165 -130.683 1.12943 
0.2  3.2 0.52258 0.335827 0.173704 1.96054 -130.333 1.122 
0.2  3.2 0.522844 0.336468 0.174086 1.97194 -130.552 1.10102 
0.2  3.205 0.516374 0.329756 0.169956 1.96924 -129.284 1.13261 
0.2  3.205 0.519576 0.332873 0.171556 1.963 -129.756 1.11424 
0.2  3.205 0.517548 0.330909 0.170045 1.96734 -129.462 1.09695 
0.2  3.21 0.517602 0.32968 0.167605 1.92426 -129.082 1.07834 
0.2  3.21 0.51443 0.32706 0.166799 1.94462 -128.904 1.07869 
0.2  3.21 0.516638 0.329481 0.16825 1.94909 -129.328 1.1033 
0.2  3.215 0.51105 0.324601 0.165441 1.97292 -128.604 1.09463 
0.2  3.215 0.513686 0.326979 0.167042 1.96286 -129.04 1.08085 
0.2  3.215 0.51163 0.324276 0.164985 1.94435 -128.494 1.08692 
0.2  3.22 0.508526 0.321508 0.162867 1.95369 -128.053 1.07424 
0.2  3.22 0.508836 0.322267 0.163882 1.96747 -128.317 1.10246 
0.2  3.22 0.506552 0.320239 0.161921 1.97653 -128.098 1.07059 
0.2  3.225 0.502866 0.316002 0.159073 1.95745 -127.351 1.08423 
0.2  3.225 0.503446 0.317352 0.160168 1.9812 -127.377 1.07309 
0.2  3.225 0.507888 0.321424 0.162648 1.96817 -127.933 1.07544 
0.2  3.23 0.503574 0.315859 0.157958 1.92794 -127.173 1.05215 
0.2  3.23 0.503904 0.31676 0.159456 1.94553 -127.302 1.07575 
0.2  3.23 0.501624 0.314856 0.158257 1.95756 -127.048 1.08848 
0.2  3.235 0.502916 0.315596 0.158039 1.93729 -127.117 1.05864 
0.2  3.235 0.500618 0.313618 0.157016 1.94744 -126.701 1.07177 
0.2  3.235 0.49617 0.309659 0.154278 1.9621 -126.175 1.05031 
0.2  3.24 0.494058 0.307148 0.151941 1.94613 -125.777 1.05578 
0.2  3.24 0.495336 0.308364 0.153097 1.94464 -126.183 1.04874 
0.2  3.24 0.495074 0.307697 0.152385 1.93204 -125.838 1.05257 
0.2  3.245 0.488966 0.301701 0.147701 1.92952 -124.908 1.02443 
0.2  3.245 0.489304 0.302192 0.148569 1.93446 -125.171 1.03511 
0.2  3.245 0.495902 0.307943 0.152473 1.91136 -125.844 1.05164 
0.2  3.25 0.492642 0.304581 0.149579 1.90414 -125.672 1.01906 
0.2  3.25 0.489742 0.302613 0.148826 1.93126 -125.377 1.03703 
0.2  3.25 0.493426 0.305357 0.150131 1.90423 -125.333 1.0368 
0.2  3.255 0.488192 0.302117 0.149031 1.95961 -124.601 1.05111 
0.2  3.255 0.486072 0.29774 0.144317 1.88859 -124.22 1.00435 
0.2  3.255 0.489142 0.301092 0.146702 1.89961 -124.895 1.02966 
0.2  3.26 0.484066 0.295891 0.142574 1.88869 -123.78 1.00289 
0.2  3.26 0.484928 0.29659 0.142992 1.88452 -123.939 1.00432 
0.2  3.26 0.483706 0.296268 0.143725 1.91094 -123.938 1.01376 
0.2  3.265 0.474026 0.287803 0.138484 1.9327 -123.05 0.99913 
0.2  3.265 0.480326 0.293021 0.141128 1.90836 -123.561 0.99668 
0.2  3.265 0.472576 0.286402 0.137484 1.93181 -122.854 0.998798 
0.2  3.27 0.47542 0.289065 0.139488 1.92786 -122.787 1.01714 
0.2  3.27 0.4774 0.289883 0.138373 1.89519 -123.077 0.993905 
0.2  3.27 0.478878 0.290807 0.139204 1.8802 -123.247 0.992998 
0.2  3.275 0.468272 0.282047 0.134491 1.91658 -121.783 1.00517 
0.2  3.275 0.470632 0.283223 0.133867 1.88485 -122.172 0.959264 
0.2  3.275 0.475472 0.287622 0.137058 1.87933 -122.679 0.990483 
0.2  3.28 0.468874 0.279989 0.130459 1.83372 -121.484 0.950892 
0.2  3.28 0.473968 0.287291 0.137736 1.90991 -122.161 1.00451 
0.2  3.28 0.475824 0.287578 0.137143 1.86491 -122.485 0.987902 
0.2  3.285 0.467564 0.280336 0.132469 1.87883 -121.4 0.985304 
0.2  3.285 0.466336 0.27803 0.129498 1.84357 -121.323 0.945875 
0.2  3.285 0.46869 0.280674 0.132091 1.85704 -121.592 0.971688 
0.2  3.29 0.458254 0.271233 0.125584 1.86128 -120.128 0.948637 
0.2  3.29 0.46236 0.276163 0.130179 1.89623 -121.078 0.974029 
0.2  3.29 0.467984 0.280756 0.133032 1.87681 -121.538 0.977255 
0.2  3.295 0.46421 0.276038 0.12876 1.83754 -121.035 0.953559 
0.2  3.295 0.459788 0.272245 0.12623 1.84644 -120.432 0.948943 
0.2  3.295 0.459652 0.272503 0.126324 1.85805 -120.278 0.947557 
0.2  3.3 0.45653 0.26855 0.122956 1.82213 -119.717 0.933759 
0.2  3.3 0.461452 0.274233 0.127782 1.85743 -120.644 0.953713 
0.2  3.3 0.457274 0.269264 0.123515 1.82318 -119.823 0.932965 
0.2  3.305 0.457436 0.26939 0.12391 1.81973 -119.598 0.927682 
0.2  3.305 0.453106 0.265655 0.121176 1.82602 -119.239 0.934012 
0.2  3.305 0.45705 0.26938 0.123926 1.83011 -119.453 0.95062 
0.2  3.31 0.453706 0.266336 0.122169 1.82739 -119.103 0.935159 
0.2  3.31 0.452562 0.264461 0.119779 1.80208 -118.642 0.912446 
0.2  3.31 0.455496 0.266842 0.121513 1.79351 -119.34 0.934062 
0.2  3.315 0.455064 0.267218 0.121936 1.81403 -118.817 0.92966 
0.2  3.315 0.451602 0.264861 0.121446 1.83759 -118.956 0.930982 
0.2  3.315 0.454784 0.267564 0.123053 1.83214 -118.984 0.942606 
0.2  3.32 0.442836 0.255959 0.115098 1.80287 -117.573 0.914171 
0.2  3.32 0.447858 0.261328 0.118918 1.82985 -117.972 0.940986 
0.2  3.32 0.450316 0.262425 0.118676 1.7964 -118.194 0.924413 
0.2  3.325 0.444876 0.257464 0.115529 1.79095 -117.633 0.906891 
0.2  3.325 0.4391 0.252486 0.112289 1.79482 -117.402 0.872784 
0.2  3.325 0.445228 0.258293 0.116709 1.80648 -117.721 0.910576 
0.2  3.33 0.442418 0.255547 0.114213 1.79621 -117.297 0.888627 
0.2  3.33 0.446506 0.259089 0.11659 1.79344 -117.892 0.909481 
0.2  3.33 0.439634 0.253156 0.113236 1.79815 -116.836 0.903324 
0.2  3.335 0.438368 0.251306 0.110997 1.7733 -116.544 0.878958 
0.2  3.335 0.439464 0.251706 0.111124 1.75643 -116.735 0.872067 
0.2  3.335 0.439654 0.253108 0.112945 1.79348 -117.138 0.890281 
0.2  3.34 0.43786 0.251552 0.111754 1.79132 -116.664 0.897137 
0.2  3.34 0.438502 0.251493 0.111261 1.77273 -116.554 0.885978 
0.2  3.34 0.434538 0.246671 0.107783 1.73196 -116.332 0.859228 
0.2  3.345 0.430958 0.245947 0.109347 1.80036 -115.895 0.904032 
0.2  3.345 0.430144 0.243854 0.106329 1.75876 -115.345 0.864782 
0.2  3.345 0.431344 0.245662 0.107815 1.7819 -115.762 0.868037 
0.2  3.35 0.432916 0.246359 0.108111 1.75949 -115.727 0.874345 
0.2  3.35 0.435642 0.249199 0.110049 1.77359 -116.054 0.887915 
0.2  3.35 0.432274 0.245256 0.106778 1.74315 -115.413 0.865496 
0.2  3.355 0.427864 0.24128 0.104365 1.7351 -114.866 0.846994 
0.2  3.355 0.422782 0.236896 0.101903 1.73327 -114.063 0.862812 
0.2  3.355 0.429852 0.243038 0.105349 1.73668 -114.893 0.859175 
0.2  3.36 0.426076 0.23877 0.10173 1.70325 -114.62 0.837079 
0.2  3.36 0.426552 0.239394 0.102621 1.70974 -114.578 0.841153 
0.2  3.36 0.427672 0.240498 0.103875 1.71411 -114.692 0.856258 
0.2  3.365 0.4203 0.234351 0.0995885 1.71467 -113.924 0.838013 
0.2  3.365 0.425352 0.238186 0.101885 1.7017 -114.471 0.834752 
0.2  3.365 0.425572 0.239623 0.103684 1.73884 -114.612 0.851168 
0.2  3.37 0.4222 0.235242 0.10007 1.69106 -113.761 0.842972 
0.2  3.37 0.421656 0.235096 0.100057 1.70036 -113.892 0.835964 
0.2  3.37 0.420478 0.234528 0.0994666 1.71294 -113.7 0.821767 
0.2  3.375 0.420722 0.234938 0.100538 1.71647 -113.723 0.841988 
0.2  3.375 0.417864 0.230948 0.0970057 1.66926 -113.023 0.817405 
0.2  3.375 0.416546 0.230895 0.097326 1.70028 -113.342 0.812439 
0.2  3.38 0.420808 0.233937 0.0990112 1.68218 -113.339 0.828837 
0.2  3.38 0.41484 0.228964 0.0961664 1.68258 -112.528 0.819199 
0.2  3.38 0.411198 0.225509 0.0940325 1.66937 -112.524 0.816332 
0.2  3.385 0.413306 0.227272 0.0950272 1.66765 -112.815 0.819681 
0.2  3.385 0.41373 0.228206 0.0954903 1.6849 -112.427 0.808739 
0.2  3.385 0.40839 0.223858 0.0934239 1.68615 -111.962 0.810194 
0.2  3.39 0.410356 0.224841 0.0935427 1.66516 -111.938 0.813787 
0.2  3.39 0.40925 0.223519 0.0925514 1.65292 -111.831 0.799297 
0.2  3.39 0.408136 0.223083 0.0922626 1.6669 -111.539 0.801274 
0.2  3.395 0.409324 0.224151 0.093401 1.66731 -111.692 0.80863 
0.2  3.395 0.40736 0.222067 0.0913061 1.65316 -111.443 0.795921 
0.2  3.395 0.413252 0.227216 0.0946805 1.66239 -112.472 0.808125 
0.2  3.4 0.404572 0.219829 0.0900918 1.6515 -110.978 0.78774 
0.2  3.4 0.404142 0.218903 0.0894046 1.63449 -111.1 0.791142 
0.2  3.4 0.40495 0.219894 0.0903425 1.6444 -110.966 0.79303 
0.2  3.405 0.403268 0.218131 0.0889199 1.63012 -110.993 0.789003 
0.2  3.405 0.405084 0.21993 0.0903509 1.63985 -111.267 0.790526 
0.2  3.405 0.404828 0.220419 0.0910063 1.66029 -111.163 0.787093 
0.2  3.41 0.405644 0.21966 0.0896465 1.61622 -110.92 0.782262 
0.2  3.41 0.40218 0.217472 0.0889424 1.63411 -110.923 0.782702 
0.2  3.41 0.404324 0.218512 0.0890155 1.61389 -110.695 0.776316 
0.2  3.415 0.398494 0.214394 0.0871727 1.628 -110.345 0.777264 
0.2  3.415 0.40034 0.216172 0.0882731 1.6369 -110.377 0.793338 
0.2  3.415 0.403104 0.218241 0.0889104 1.63244 -110.854 0.777236 
0.2  3.42 0.397956 0.213121 0.0861147 1.60094 -109.81 0.772948 
0.2  3.42 0.39759 0.213068 0.085905 1.6079 -109.649 0.771433 
0.2  3.42 0.397684 0.21302 0.085752 1.60433 -109.643 0.766623 
0.2  3.425 0.395088 0.210759 0.0846697 1.59605 -109.44 0.77835 
0.2  3.425 0.392626 0.20906 0.0835185 1.60307 -109.068 0.76017 
0.2  3.425 0.392344 0.208236 0.0829124 1.58545 -109.132 0.757699 
0.2  3.43 0.390412 0.207061 0.0823665 1.59298 -108.73 0.759786 
0.2  3.43 0.394402 0.210034 0.0841234 1.58838 -109.043 0.77038 
0.2  3.43 0.391676 0.207898 0.0831207 1.58857 -108.833 0.75577 
0.2  3.435 0.39645 0.211533 0.0844262 1.58254 -108.857 0.775376 
0.2  3.435 0.3915 0.20811 0.0831892 1.59643 -108.55 0.765904 
0.2  3.435 0.386558 0.202331 0.0787094 1.54015 -108.264 0.73667 
0.2  3.44 0.386838 0.202967 0.0794683 1.55011 -108.251 0.746494 
0.2  3.44 0.385454 0.202521 0.0797318 1.56819 -108.207 0.744688 
0.2  3.44 0.385374 0.202244 0.0793187 1.56193 -107.824 0.732138 
0.2  3.445 0.384902 0.201864 0.079162 1.55921 -107.781 0.747837 
0.2  3.445 0.383462 0.200051 0.0776516 1.53868 -107.293 0.730596 
0.2  3.445 0.38273 0.200262 0.0784661 1.5611 -107.478 0.731628 
0.2  3.45 0.385252 0.201257 0.0779318 1.53153 -107.578 0.718074 
0.2  3.45 0.383982 0.199963 0.0771369 1.52233 -107.051 0.725105 
0.2  3.45 0.384146 0.201214 0.0785462 1.55496 -107.88 0.735654 
0.2  3.455 0.379822 0.198397 0.0775974 1.56677 -107.575 0.735737 
0.2  3.455 0.380604 0.198426 0.0773386 1.5504 -106.877 0.73942 
0.2  3.455 0.38117 0.19885 0.0772811 1.5502 -107.136 0.727285 
0.2  3.46 0.379188 0.196239 0.07533 1.51606 -106.901 0.708036 
0.2  3.46 0.379594 0.196578 0.0756904 1.51694 -106.79 0.718533 
0.2  3.46 0.379944 0.197713 0.0766824 1.54206 -107.359 0.733012 
0.2  3.465 0.376402 0.194116 0.0741498 1.51334 -106.234 0.717566 
0.2  3.465 0.377448 0.195186 0.0749149 1.52148 -106.51 0.714185 
0.2  3.465 0.376932 0.194008 0.0735302 1.4987 -106.435 0.691115 
0.2  3.47 0.375628 0.19243 0.0728412 1.47935 -105.809 0.707348 
0.2  3.47 0.374878 0.192541 0.0728432 1.49877 -105.816 0.709726 
0.2  3.47 0.37689 0.193306 0.0724964 1.47724 -106.087 0.699568 
0.2  3.475 0.373186 0.190103 0.0709145 1.46289 -105.473 0.686964 
0.2  3.475 0.37431 0.192381 0.073567 1.50425 -105.849 0.703076 
0.2  3.475 0.370362 0.189449 0.0720212 1.5045 -105.559 0.703573 
0.2  3.48 0.368766 0.186627 0.0691699 1.45514 -105.181 0.68237 
0.2  3.48 0.37064 0.1887 0.0706694 1.47489 -105.035 0.702862 
0.2  3.48 0.371206 0.188971 0.0707455 1.4706 -105.247 0.685436 
0.2  3.485 0.368934 0.187437 0.0702763 1.47274 -105.22 0.681222 
0.2  3.485 0.3699 0.188155 0.0700821 1.47287 -105.236 0.673844 
0.2  3.485 0.362362 0.183062 0.0680811 1.48511 -104.574 0.680325 
0.2  3.49 0.369792 0.187967 0.0699462 1.46764 -104.682 0.689743 
0.2  3.49 0.368438 0.186454 0.0693396 1.45295 -104.744 0.686279 
0.2  3.49 0.364984 0.184176 0.0680843 1.46024 -104.222 0.67468 
0.2  3.495 0.366736 0.185347 0.0683975 1.45497 -104.369 0.678593 
0.2  3.495 0.363848 0.183857 0.0685304 1.47271 -104.14 0.691319 
0.2  3.495 0.365572 0.184337 0.0679752 1.45048 -104.111 0.67359 
