J2 temperature m m2 m4 ms e sp_h 
0.2 1.5 0.996392 0.992879 0.986128 0.00549482 -238.312 0.0767877 
0.2 1.5 0.996252 0.9926 0.985574 0.0054795 -238.24 0.0779841 
0.2 1.5 0.996342 0.992783 0.985949 0.00570794 -238.292 0.078329 
0.2 1.505 0.996248 0.992594 0.985566 0.00555498 -238.244 0.0776159 
0.2 1.505 0.996152 0.992405 0.985202 0.00573508 -238.202 0.0793619 
0.2 1.505 0.996162 0.992428 0.985257 0.00591294 -238.207 0.082397 
0.2 1.51 0.996372 0.992839 0.986045 0.00540646 -238.295 0.0762254 
0.2 1.51 0.996092 0.992286 0.984969 0.00576474 -238.162 0.081463 
0.2 1.51 0.996084 0.992271 0.984939 0.00578708 -238.166 0.0801488 
0.2 1.515 0.995892 0.991891 0.984198 0.00596728 -238.076 0.082799 
0.2 1.515 0.996156 0.992416 0.985231 0.00586295 -238.199 0.080336 
0.2 1.515 0.996212 0.992519 0.985407 0.00532086 -238.221 0.0746789 
0.2 1.52 0.99585 0.991811 0.984052 0.00617484 -238.054 0.0861953 
0.2 1.52 0.995966 0.992039 0.984489 0.00593729 -238.111 0.0817646 
0.2 1.52 0.996046 0.992198 0.984804 0.00591618 -238.146 0.081984 
0.2 1.525 0.995812 0.991737 0.983908 0.00624135 -238.041 0.0842184 
0.2 1.525 0.995852 0.991818 0.984079 0.00637863 -238.062 0.0866859 
0.2 1.525 0.995728 0.991572 0.98359 0.00638361 -238.005 0.0869141 
0.2 1.53 0.995696 0.99151 0.983476 0.00649644 -237.996 0.0872115 
0.2 1.53 0.99593 0.991972 0.984375 0.00623497 -238.096 0.0841461 
0.2 1.53 0.995772 0.991659 0.983763 0.00635059 -238.029 0.0859291 
0.2 1.535 0.995652 0.991425 0.983316 0.0066381 -237.976 0.0883879 
0.2 1.535 0.995556 0.991232 0.982929 0.00654142 -237.918 0.0900027 
0.2 1.535 0.995652 0.991422 0.983299 0.00643485 -237.969 0.0875654 
0.2 1.54 0.995578 0.991278 0.983027 0.00664454 -237.938 0.088891 
0.2 1.54 0.995472 0.991071 0.982632 0.0069232 -237.894 0.0910559 
0.2 1.54 0.995562 0.991246 0.982965 0.00666131 -237.933 0.088628 
0.2 1.545 0.995582 0.991284 0.983032 0.00650105 -237.943 0.0863475 
0.2 1.545 0.99544 0.991003 0.982482 0.00661789 -237.868 0.0892328 
0.2 1.545 0.99564 0.991399 0.983256 0.00644857 -237.968 0.0865623 
0.2 1.55 0.995406 0.990938 0.982365 0.00679582 -237.853 0.0914718 
0.2 1.55 0.995448 0.991021 0.982525 0.00672512 -237.878 0.0891329 
0.2 1.55 0.99535 0.990827 0.982146 0.00680887 -237.84 0.0894231 
0.2 1.555 0.995396 0.990919 0.982328 0.0067912 -237.852 0.0907925 
0.2 1.555 0.99522 0.990571 0.981648 0.00695766 -237.776 0.091508 
0.2 1.555 0.995258 0.990648 0.981806 0.00704009 -237.793 0.0936176 
0.2 1.56 0.995182 0.990496 0.9815 0.00694531 -237.747 0.093311 
0.2 1.56 0.995122 0.990381 0.981292 0.00727212 -237.727 0.0959251 
0.2 1.56 0.99512 0.990378 0.981289 0.00732985 -237.732 0.095754 
0.2 1.565 0.995294 0.990718 0.98194 0.0069146 -237.814 0.0896637 
0.2 1.565 0.99513 0.990396 0.981319 0.00719764 -237.728 0.0949829 
0.2 1.565 0.995184 0.990501 0.981515 0.00700359 -237.759 0.0920664 
0.2 1.57 0.995184 0.990506 0.981545 0.00733288 -237.756 0.0953319 
0.2 1.57 0.994922 0.989988 0.980531 0.007527 -237.643 0.0971596 
0.2 1.57 0.994982 0.990104 0.980751 0.00734138 -237.663 0.0959782 
0.2 1.575 0.994912 0.989968 0.980493 0.00751443 -237.632 0.0979307 
0.2 1.575 0.994652 0.989453 0.979481 0.00763676 -237.507 0.0999707 
0.2 1.575 0.99485 0.989846 0.980255 0.00758333 -237.604 0.098072 
0.2 1.58 0.994758 0.989664 0.979896 0.00760009 -237.561 0.0979764 
0.2 1.58 0.994766 0.989682 0.979941 0.0077421 -237.567 0.0997217 
0.2 1.58 0.994612 0.989382 0.979374 0.00818794 -237.494 0.10564 
0.2 1.585 0.994684 0.989522 0.979637 0.00792304 -237.533 0.101434 
0.2 1.585 0.994608 0.989374 0.979355 0.00814425 -237.488 0.103702 
0.2 1.585 0.99442 0.988999 0.978612 0.00807468 -237.397 0.105268 
0.2 1.59 0.994532 0.989219 0.979037 0.0078705 -237.452 0.102456 
0.2 1.59 0.994404 0.988971 0.97857 0.00828961 -237.398 0.105875 
0.2 1.59 0.99465 0.989458 0.979521 0.00811431 -237.525 0.101239 
0.2 1.595 0.994556 0.989268 0.979138 0.00793247 -237.467 0.101251 
0.2 1.595 0.994524 0.989204 0.979009 0.0078905 -237.456 0.100719 
0.2 1.595 0.99429 0.988749 0.978149 0.00857153 -237.359 0.106104 
0.2 1.6 0.994212 0.988593 0.977839 0.00848619 -237.316 0.107064 
0.2 1.6 0.994414 0.988991 0.978611 0.00825229 -237.408 0.104569 
0.2 1.6 0.994238 0.988647 0.97795 0.00858746 -237.326 0.108831 
0.2 1.605 0.994026 0.988225 0.977116 0.00854525 -237.227 0.108335 
0.2 1.605 0.99427 0.988704 0.978043 0.00819483 -237.328 0.105904 
0.2 1.605 0.994188 0.988544 0.977738 0.00839256 -237.303 0.106097 
0.2 1.61 0.994104 0.988387 0.97746 0.00894641 -237.272 0.110979 
0.2 1.61 0.994234 0.988638 0.977929 0.00848157 -237.33 0.104906 
0.2 1.61 0.993984 0.988147 0.976981 0.00884272 -237.209 0.111163 
0.2 1.615 0.994134 0.988437 0.977525 0.0083288 -237.273 0.105201 
0.2 1.615 0.993888 0.987954 0.976595 0.00871353 -237.167 0.109304 
0.2 1.615 0.994174 0.988517 0.977688 0.00838748 -237.294 0.105722 
0.2 1.62 0.993612 0.987415 0.975567 0.00928848 -237.044 0.114986 
0.2 1.62 0.994104 0.98838 0.977421 0.00845662 -237.262 0.106241 
0.2 1.62 0.993806 0.987793 0.976285 0.00881941 -237.123 0.110154 
0.2 1.625 0.99372 0.987631 0.975997 0.00933425 -237.097 0.114938 
0.2 1.625 0.993842 0.987866 0.976431 0.00885902 -237.142 0.109814 
0.2 1.625 0.99359 0.98737 0.975474 0.00919089 -237.03 0.114063 
0.2 1.63 0.993622 0.98743 0.975578 0.00893258 -237.03 0.112041 
0.2 1.63 0.993772 0.987729 0.976171 0.00899706 -237.108 0.109794 
0.2 1.63 0.99373 0.987647 0.976013 0.00905074 -237.09 0.112798 
0.2 1.635 0.993464 0.987129 0.97503 0.00968322 -236.979 0.11754 
0.2 1.635 0.993364 0.986929 0.974633 0.00962223 -236.935 0.117597 
0.2 1.635 0.993396 0.986992 0.974755 0.00958454 -236.939 0.118299 
0.2 1.64 0.99318 0.986565 0.97392 0.00968583 -236.834 0.118643 
0.2 1.64 0.993292 0.986785 0.974345 0.00952944 -236.893 0.115994 
0.2 1.64 0.993554 0.987303 0.975357 0.00938104 -237.02 0.113013 
0.2 1.645 0.993182 0.986575 0.973961 0.0100058 -236.848 0.122317 
0.2 1.645 0.993188 0.986585 0.973973 0.00988673 -236.854 0.118891 
0.2 1.645 0.9932 0.986606 0.974003 0.00971185 -236.847 0.118686 
0.2 1.65 0.99313 0.986477 0.973785 0.0102717 -236.825 0.123805 
0.2 1.65 0.993098 0.986403 0.973603 0.00965348 -236.802 0.118794 
0.2 1.65 0.993156 0.986522 0.973852 0.00990786 -236.832 0.119897 
0.2 1.655 0.992774 0.985772 0.972401 0.0103532 -236.654 0.124919 
0.2 1.655 0.992926 0.986068 0.972968 0.0100398 -236.73 0.121291 
0.2 1.655 0.992844 0.985908 0.972662 0.0102037 -236.692 0.12332 
0.2 1.66 0.992896 0.986012 0.972867 0.0102321 -236.715 0.121195 
0.2 1.66 0.99277 0.985768 0.972408 0.0105595 -236.661 0.125406 
0.2 1.66 0.992792 0.985813 0.9725 0.0106533 -236.682 0.123104 
0.2 1.665 0.992506 0.985238 0.971346 0.010203 -236.53 0.123828 
0.2 1.665 0.992762 0.985747 0.972349 0.0102373 -236.655 0.121912 
0.2 1.665 0.992648 0.985531 0.971961 0.0108509 -236.624 0.125986 
0.2 1.67 0.99251 0.985257 0.971424 0.0108467 -236.548 0.12804 
0.2 1.67 0.992654 0.98554 0.971969 0.0106537 -236.618 0.125088 
0.2 1.67 0.992534 0.985302 0.971502 0.0106718 -236.555 0.126614 
0.2 1.675 0.992484 0.985202 0.971302 0.0106024 -236.527 0.125437 
0.2 1.675 0.992412 0.985066 0.971061 0.0110198 -236.524 0.126707 
0.2 1.675 0.992462 0.98516 0.971227 0.0107139 -236.512 0.128084 
0.2 1.68 0.991958 0.984185 0.969399 0.0121813 -236.31 0.138851 
0.2 1.68 0.992312 0.984866 0.970662 0.0108913 -236.448 0.12937 
0.2 1.68 0.992158 0.98457 0.970114 0.0114657 -236.392 0.133273 
0.2 1.685 0.992054 0.984359 0.969679 0.0111205 -236.327 0.131454 
0.2 1.685 0.991858 0.98398 0.968971 0.01175 -236.252 0.135297 
0.2 1.685 0.992072 0.9844 0.969784 0.0114865 -236.345 0.135139 
0.2 1.69 0.991894 0.984053 0.969121 0.0117925 -236.279 0.135057 
0.2 1.69 0.99194 0.984146 0.969311 0.0119193 -236.29 0.137557 
0.2 1.69 0.992014 0.984284 0.969551 0.0113908 -236.316 0.133384 
0.2 1.695 0.991816 0.983903 0.968844 0.0120438 -236.239 0.13867 
0.2 1.695 0.991712 0.983702 0.968467 0.0123769 -236.201 0.13829 
0.2 1.695 0.991832 0.983937 0.968918 0.0121914 -236.245 0.138091 
0.2 1.7 0.99158 0.983433 0.967914 0.0119002 -236.12 0.137938 
0.2 1.7 0.991546 0.983378 0.967848 0.0126406 -236.119 0.142967 
0.2 1.7 0.991638 0.983558 0.968192 0.0124775 -236.162 0.141701 
0.2 1.705 0.991656 0.983584 0.968209 0.0118603 -236.172 0.134935 
0.2 1.705 0.991388 0.983064 0.967229 0.0125322 -236.052 0.14277 
0.2 1.705 0.991418 0.983118 0.967316 0.0122176 -236.06 0.140276 
0.2 1.71 0.991444 0.983167 0.967402 0.0120371 -236.049 0.139382 
0.2 1.71 0.991438 0.983169 0.967454 0.0128288 -236.074 0.143949 
0.2 1.71 0.991304 0.982904 0.966939 0.0129158 -236.007 0.144464 
0.2 1.715 0.990924 0.982148 0.965443 0.0126802 -235.824 0.144188 
0.2 1.715 0.991022 0.982347 0.96585 0.012977 -235.888 0.143546 
0.2 1.715 0.99123 0.982754 0.966633 0.0126745 -235.981 0.141931 
0.2 1.72 0.99102 0.98234 0.96583 0.0127767 -235.875 0.144995 
0.2 1.72 0.990766 0.981847 0.964896 0.013338 -235.766 0.149074 
0.2 1.72 0.990896 0.982104 0.965394 0.0132929 -235.832 0.146505 
0.2 1.725 0.991006 0.982316 0.965791 0.0129083 -235.872 0.144573 
0.2 1.725 0.990748 0.981815 0.964847 0.0135096 -235.761 0.152094 
0.2 1.725 0.991078 0.98246 0.966082 0.0130109 -235.92 0.144512 
0.2 1.73 0.990568 0.981459 0.96415 0.013512 -235.68 0.148886 
0.2 1.73 0.990574 0.981467 0.964154 0.0133174 -235.678 0.147528 
0.2 1.73 0.990584 0.981493 0.964224 0.0136358 -235.682 0.151827 
0.2 1.735 0.99072 0.981753 0.964702 0.0130698 -235.732 0.146952 
0.2 1.735 0.990388 0.981117 0.963535 0.0143544 -235.614 0.155989 
0.2 1.735 0.990476 0.981273 0.963775 0.0132895 -235.617 0.150477 
0.2 1.74 0.990234 0.980808 0.962914 0.0140566 -235.531 0.154887 
0.2 1.74 0.990044 0.980437 0.962204 0.0143769 -235.466 0.152818 
0.2 1.74 0.990186 0.980711 0.962714 0.0139244 -235.498 0.155254 
0.2 1.745 0.99004 0.98044 0.962248 0.0149317 -235.467 0.159484 
0.2 1.745 0.989822 0.980007 0.961394 0.0148704 -235.35 0.160759 
0.2 1.745 0.990444 0.98122 0.963708 0.0138019 -235.627 0.151408 
0.2 1.75 0.990158 0.98066 0.96263 0.0141151 -235.501 0.152403 
0.2 1.75 0.989944 0.980258 0.961919 0.0153415 -235.42 0.163271 
0.2 1.75 0.990224 0.980807 0.962972 0.0150417 -235.535 0.159211 
0.2 1.755 0.98942 0.979239 0.959988 0.0163546 -235.197 0.170211 
0.2 1.755 0.98974 0.979843 0.961072 0.0146924 -235.308 0.160979 
0.2 1.755 0.989896 0.980145 0.961637 0.0142763 -235.384 0.156611 
0.2 1.76 0.9894 0.979188 0.959845 0.0156386 -235.166 0.16423 
0.2 1.76 0.989364 0.979108 0.959666 0.0151816 -235.15 0.16368 
0.2 1.76 0.98976 0.979886 0.961164 0.0148285 -235.33 0.157806 
0.2 1.765 0.989062 0.978521 0.958552 0.0156963 -235.003 0.169554 
0.2 1.765 0.989344 0.979071 0.9596 0.0152549 -235.13 0.165735 
0.2 1.765 0.989314 0.979014 0.959497 0.0153841 -235.135 0.164022 
0.2 1.77 0.989058 0.97852 0.958573 0.0160493 -235.043 0.164841 
0.2 1.77 0.98901 0.978415 0.958338 0.0155107 -234.975 0.168518 
0.2 1.77 0.98907 0.978549 0.958651 0.0163624 -235.029 0.171278 
0.2 1.775 0.989046 0.978498 0.958538 0.016129 -235.028 0.165628 
0.2 1.775 0.988826 0.978066 0.957704 0.0162829 -234.91 0.170823 
0.2 1.775 0.988688 0.977796 0.957186 0.0164439 -234.845 0.172656 
0.2 1.78 0.988986 0.978381 0.958318 0.0161894 -234.998 0.167564 
0.2 1.78 0.988878 0.978159 0.957854 0.0156821 -234.934 0.166997 
0.2 1.78 0.98863 0.977688 0.956991 0.0167889 -234.83 0.169544 
0.2 1.785 0.988586 0.977598 0.956813 0.0165603 -234.799 0.173988 
0.2 1.785 0.988512 0.977459 0.956561 0.0169561 -234.789 0.171111 
0.2 1.785 0.988486 0.977405 0.956456 0.0168486 -234.752 0.176919 
0.2 1.79 0.988452 0.977334 0.956299 0.0165589 -234.744 0.172438 
0.2 1.79 0.98844 0.977315 0.956278 0.016816 -234.749 0.173115 
0.2 1.79 0.988722 0.977863 0.957319 0.0163244 -234.871 0.168756 
0.2 1.795 0.988282 0.977006 0.955689 0.0169587 -234.675 0.175524 
0.2 1.795 0.988076 0.976603 0.954921 0.017211 -234.593 0.177928 
0.2 1.795 0.988126 0.976705 0.955128 0.0173999 -234.615 0.176151 
0.2 1.8 0.987914 0.976299 0.954382 0.0180783 -234.526 0.182753 
0.2 1.8 0.98787 0.976209 0.954197 0.017908 -234.504 0.181458 
0.2 1.8 0.988274 0.976989 0.955652 0.0168389 -234.675 0.174002 
0.2 1.805 0.98776 0.975984 0.953732 0.017424 -234.443 0.179148 
0.2 1.805 0.987788 0.976043 0.953857 0.0176081 -234.458 0.179574 
0.2 1.805 0.987956 0.976366 0.954457 0.0171381 -234.522 0.176463 
0.2 1.81 0.987684 0.975844 0.953493 0.0179313 -234.407 0.182914 
0.2 1.81 0.987342 0.975177 0.952223 0.018403 -234.269 0.185602 
0.2 1.81 0.987678 0.975827 0.953441 0.0176424 -234.415 0.177519 
0.2 1.815 0.987424 0.975333 0.952503 0.0179881 -234.292 0.183806 
0.2 1.815 0.987264 0.975018 0.951894 0.0180647 -234.211 0.183481 
0.2 1.815 0.987224 0.974946 0.951774 0.0184581 -234.221 0.181967 
0.2 1.82 0.987288 0.975079 0.952058 0.0187695 -234.249 0.18519 
0.2 1.82 0.987434 0.975347 0.95251 0.0176514 -234.286 0.179567 
0.2 1.82 0.987334 0.975156 0.952159 0.0179743 -234.237 0.184833 
0.2 1.825 0.98683 0.97418 0.950326 0.018965 -234.026 0.190011 
0.2 1.825 0.987124 0.974739 0.951347 0.0178438 -234.14 0.185599 
0.2 1.825 0.986758 0.974041 0.950068 0.0191808 -234.018 0.189138 
0.2 1.83 0.98676 0.97404 0.950053 0.0188624 -234.007 0.188591 
0.2 1.83 0.986796 0.974108 0.950169 0.0186871 -234.033 0.183795 
0.2 1.83 0.98684 0.974202 0.950377 0.0190434 -234.025 0.192 
0.2 1.835 0.986512 0.973573 0.949212 0.020028 -233.895 0.193881 
0.2 1.835 0.986818 0.974157 0.950288 0.018949 -234.031 0.188728 
0.2 1.835 0.98629 0.973144 0.948416 0.0205164 -233.81 0.200601 
0.2 1.84 0.986422 0.97339 0.948842 0.0196303 -233.856 0.195663 
0.2 1.84 0.986654 0.973846 0.949724 0.0195394 -233.97 0.193481 
0.2 1.84 0.986386 0.973311 0.94866 0.0192206 -233.841 0.187745 
0.2 1.845 0.98653 0.973599 0.94924 0.0194016 -233.914 0.190891 
0.2 1.845 0.986362 0.97328 0.948658 0.0200393 -233.831 0.197256 
0.2 1.845 0.986558 0.973644 0.949288 0.018818 -233.894 0.189488 
0.2 1.85 0.986026 0.972628 0.94743 0.0206036 -233.695 0.199201 
0.2 1.85 0.985792 0.972156 0.94648 0.0200331 -233.576 0.198017 
0.2 1.85 0.98533 0.971275 0.944872 0.0216363 -233.397 0.207829 
0.2 1.855 0.9859 0.97238 0.946949 0.0205709 -233.651 0.196367 
0.2 1.855 0.9856 0.971801 0.945863 0.0212183 -233.503 0.203254 
0.2 1.855 0.985878 0.972336 0.946861 0.020518 -233.618 0.200607 
0.2 1.86 0.985128 0.970898 0.94421 0.0226378 -233.306 0.216704 
0.2 1.86 0.985428 0.971452 0.945158 0.020631 -233.436 0.200253 
0.2 1.86 0.985572 0.97175 0.945778 0.0213975 -233.515 0.200084 
0.2 1.865 0.985044 0.970729 0.943868 0.0223784 -233.258 0.212247 
0.2 1.865 0.98542 0.971437 0.945127 0.0205889 -233.413 0.199713 
0.2 1.865 0.985402 0.971394 0.945021 0.0202069 -233.412 0.196356 
0.2 1.87 0.984808 0.970254 0.942915 0.021767 -233.16 0.209002 
0.2 1.87 0.98511 0.970853 0.944088 0.0220068 -233.314 0.205244 
0.2 1.87 0.984914 0.97047 0.943352 0.0221718 -233.222 0.20643 
0.2 1.875 0.98506 0.970738 0.94381 0.0210601 -233.269 0.201578 
0.2 1.875 0.984696 0.970054 0.942601 0.0228409 -233.128 0.215431 
0.2 1.875 0.984978 0.970588 0.943561 0.0216906 -233.232 0.206179 
0.2 1.88 0.98438 0.96942 0.941329 0.0221327 -232.968 0.211055 
0.2 1.88 0.984708 0.970052 0.942508 0.0214167 -233.1 0.205109 
0.2 1.88 0.984446 0.969546 0.941563 0.0219422 -232.999 0.209905 
0.2 1.885 0.983846 0.96839 0.939402 0.0232004 -232.73 0.216581 
0.2 1.885 0.98415 0.968996 0.940607 0.0235723 -232.915 0.217089 
0.2 1.885 0.983946 0.968585 0.939779 0.0230827 -232.802 0.21611 
0.2 1.89 0.983692 0.968106 0.938921 0.0241127 -232.704 0.221534 
0.2 1.89 0.983718 0.968166 0.939065 0.0245913 -232.703 0.22521 
0.2 1.89 0.983782 0.968263 0.93916 0.0230802 -232.718 0.217583 
0.2 1.895 0.983906 0.968505 0.939623 0.0229268 -232.775 0.214208 
0.2 1.895 0.98366 0.968039 0.938784 0.0238673 -232.674 0.221907 
0.2 1.895 0.983762 0.968235 0.939141 0.0235972 -232.712 0.218523 
0.2 1.9 0.983816 0.968325 0.939263 0.0226904 -232.734 0.212073 
0.2 1.9 0.983138 0.967039 0.936936 0.0251933 -232.453 0.228334 
0.2 1.9 0.983482 0.967717 0.938245 0.0252714 -232.635 0.22356 
0.2 1.905 0.983254 0.967262 0.937346 0.0248573 -232.478 0.230112 
0.2 1.905 0.982836 0.966437 0.935747 0.0246697 -232.291 0.230687 
0.2 1.905 0.98348 0.967679 0.938063 0.0234021 -232.561 0.218406 
0.2 1.91 0.983238 0.967209 0.937176 0.02365 -232.477 0.220227 
0.2 1.91 0.983078 0.966901 0.936595 0.0239961 -232.406 0.218943 
0.2 1.91 0.983034 0.966811 0.936419 0.0238552 -232.372 0.221558 
0.2 1.915 0.982822 0.966415 0.935726 0.024852 -232.304 0.228732 
0.2 1.915 0.98262 0.966017 0.934954 0.0248071 -232.237 0.225634 
0.2 1.915 0.982718 0.966211 0.935333 0.0248863 -232.262 0.225412 
0.2 1.92 0.982288 0.965411 0.933939 0.0271732 -232.132 0.236796 
0.2 1.92 0.982726 0.966227 0.935359 0.0247984 -232.272 0.222763 
0.2 1.92 0.982216 0.965245 0.933531 0.0258651 -232.044 0.232582 
0.2 1.925 0.981832 0.964489 0.932078 0.0257207 -231.89 0.232019 
0.2 1.925 0.981894 0.964634 0.932431 0.0269118 -231.94 0.236439 
0.2 1.925 0.98189 0.964646 0.932516 0.0279474 -231.969 0.239011 
0.2 1.93 0.981906 0.964636 0.932362 0.0257454 -231.924 0.228954 
0.2 1.93 0.981622 0.964106 0.931441 0.027186 -231.793 0.242449 
0.2 1.93 0.98184 0.964521 0.932196 0.0265023 -231.884 0.23986 
0.2 1.935 0.98116 0.963246 0.92991 0.0295077 -231.644 0.248172 
0.2 1.935 0.982084 0.964981 0.933013 0.0254458 -231.99 0.22801 
0.2 1.935 0.981476 0.963813 0.93085 0.0267443 -231.756 0.23552 
0.2 1.94 0.981212 0.963335 0.930055 0.0287614 -231.666 0.242973 
0.2 1.94 0.980786 0.962477 0.928335 0.027595 -231.436 0.242439 
0.2 1.94 0.981264 0.963415 0.930144 0.0276331 -231.637 0.243911 
0.2 1.945 0.980726 0.962375 0.928194 0.0283595 -231.419 0.246024 
0.2 1.945 0.980914 0.962752 0.928945 0.0288002 -231.543 0.242663 
0.2 1.945 0.980994 0.962901 0.929198 0.0283934 -231.581 0.23835 
0.2 1.95 0.980584 0.962089 0.92762 0.0279169 -231.341 0.244299 
0.2 1.95 0.980644 0.962204 0.927835 0.0277531 -231.383 0.243895 
0.2 1.95 0.980834 0.962587 0.928604 0.028311 -231.472 0.244746 
0.2 1.955 0.980232 0.961413 0.926372 0.0285435 -231.208 0.248754 
0.2 1.955 0.980484 0.961886 0.927212 0.0274786 -231.29 0.245014 
0.2 1.955 0.980006 0.960987 0.925604 0.0294159 -231.112 0.25226 
0.2 1.96 0.980474 0.961895 0.927316 0.0288681 -231.308 0.249738 
0.2 1.96 0.979974 0.960941 0.925578 0.0301979 -231.112 0.257751 
0.2 1.96 0.980176 0.961309 0.926194 0.0287984 -231.19 0.248982 
0.2 1.965 0.97997 0.960942 0.925606 0.0305933 -231.116 0.255849 
0.2 1.965 0.979708 0.960429 0.924618 0.0305789 -231.014 0.254843 
0.2 1.965 0.979468 0.959977 0.923808 0.0315133 -230.926 0.259578 
0.2 1.97 0.979258 0.959575 0.923066 0.0319335 -230.861 0.256849 
0.2 1.97 0.979274 0.959585 0.923036 0.0308382 -230.797 0.265998 
0.2 1.97 0.979134 0.959317 0.922529 0.0311315 -230.788 0.257143 
0.2 1.975 0.979282 0.959607 0.923096 0.0310767 -230.861 0.258577 
0.2 1.975 0.979592 0.960228 0.924314 0.0317526 -230.995 0.258063 
0.2 1.975 0.979326 0.959686 0.923215 0.030699 -230.854 0.254352 
0.2 1.98 0.97908 0.959207 0.92231 0.0307936 -230.724 0.258734 
0.2 1.98 0.978474 0.958041 0.920142 0.0317753 -230.478 0.263416 
0.2 1.98 0.97913 0.959318 0.922567 0.0314305 -230.778 0.261083 
0.2 1.985 0.97866 0.958394 0.920788 0.0311881 -230.545 0.26148 
0.2 1.985 0.978304 0.95774 0.919676 0.0333342 -230.443 0.270529 
0.2 1.985 0.978522 0.958153 0.920396 0.0326053 -230.532 0.261356 
0.2 1.99 0.978478 0.958061 0.920226 0.0322514 -230.465 0.270461 
0.2 1.99 0.977904 0.956956 0.91817 0.03313 -230.287 0.270352 
0.2 1.99 0.978204 0.957533 0.919246 0.0326741 -230.377 0.271318 
0.2 1.995 0.977914 0.956974 0.9182 0.0329709 -230.246 0.270723 
0.2 1.995 0.978262 0.957635 0.919395 0.0319869 -230.396 0.262343 
0.2 1.995 0.977928 0.957009 0.918294 0.0333527 -230.288 0.273725 
0.2 2 0.977212 0.95564 0.915776 0.0348234 -229.991 0.277564 
0.2 2 0.977176 0.955561 0.915599 0.0343813 -229.951 0.278084 
0.2 2 0.977526 0.956233 0.916849 0.033788 -230.138 0.273817 
0.2 2.005 0.977434 0.956055 0.916509 0.0337923 -230.064 0.273205 
0.2 2.005 0.977104 0.955425 0.915361 0.0345463 -229.901 0.282013 
0.2 2.005 0.97747 0.956096 0.916493 0.0323251 -230.055 0.267321 
0.2 2.01 0.976894 0.95501 0.914551 0.0342404 -229.787 0.282741 
0.2 2.01 0.976414 0.954092 0.912853 0.035207 -229.638 0.278634 
0.2 2.01 0.977222 0.955656 0.915794 0.0344718 -229.974 0.275624 
0.2 2.015 0.976208 0.9537 0.912147 0.0356219 -229.572 0.278666 
0.2 2.015 0.976394 0.954092 0.912986 0.037046 -229.649 0.288445 
0.2 2.015 0.977064 0.955348 0.915212 0.0344625 -229.908 0.274569 
0.2 2.02 0.975824 0.952976 0.910866 0.0368238 -229.421 0.291175 
0.2 2.02 0.975974 0.953273 0.911424 0.0370174 -229.486 0.284167 
0.2 2.02 0.975998 0.953305 0.911444 0.0362586 -229.483 0.285257 
0.2 2.025 0.97568 0.952704 0.91036 0.0371624 -229.364 0.287433 
0.2 2.025 0.97572 0.952787 0.910544 0.0374164 -229.412 0.288053 
0.2 2.025 0.975742 0.952828 0.910613 0.0372973 -229.354 0.292833 
0.2 2.03 0.975698 0.952751 0.910463 0.0376794 -229.356 0.287575 
0.2 2.03 0.97499 0.951404 0.908038 0.039333 -229.101 0.297441 
0.2 2.03 0.975438 0.952246 0.909535 0.0377905 -229.238 0.291127 
0.2 2.035 0.974952 0.951294 0.907718 0.0374702 -229.019 0.293209 
0.2 2.035 0.975114 0.951621 0.908374 0.0380112 -229.105 0.294798 
0.2 2.035 0.974834 0.951061 0.907261 0.0373068 -228.939 0.295467 
0.2 2.04 0.974616 0.950714 0.906837 0.0410692 -228.951 0.300852 
0.2 2.04 0.974684 0.950794 0.90684 0.0385049 -228.944 0.294722 
0.2 2.04 0.975018 0.951412 0.907909 0.0368363 -229.039 0.28947 
0.2 2.045 0.97428 0.950033 0.905483 0.039691 -228.792 0.299943 
0.2 2.045 0.974106 0.949719 0.904976 0.0409282 -228.753 0.306846 
0.2 2.045 0.974312 0.950072 0.905484 0.0385509 -228.784 0.29726 
0.2 2.05 0.974172 0.94982 0.905078 0.0394788 -228.737 0.303371 
0.2 2.05 0.974064 0.94961 0.904661 0.0394636 -228.67 0.29896 
0.2 2.05 0.974042 0.949589 0.904694 0.0405338 -228.681 0.303175 
0.2 2.055 0.973582 0.948708 0.903068 0.0411625 -228.495 0.304856 
0.2 2.055 0.974122 0.949719 0.904861 0.0391771 -228.707 0.296005 
0.2 2.055 0.9739 0.949276 0.903999 0.0386798 -228.609 0.295752 
0.2 2.06 0.972534 0.946706 0.899407 0.0428766 -228.11 0.308572 
0.2 2.06 0.973172 0.947916 0.901605 0.0413757 -228.342 0.308156 
0.2 2.06 0.97369 0.948885 0.90331 0.0394555 -228.497 0.300172 
0.2 2.065 0.973248 0.948034 0.901726 0.0398068 -228.344 0.299251 
0.2 2.065 0.972664 0.946954 0.899819 0.0425425 -228.095 0.306802 
0.2 2.065 0.973058 0.947709 0.901262 0.0419956 -228.313 0.307272 
0.2 2.07 0.972462 0.946572 0.899158 0.0429613 -228.053 0.308698 
0.2 2.07 0.97235 0.946392 0.898867 0.0447844 -228.023 0.311048 
0.2 2.07 0.97223 0.946101 0.898219 0.0420052 -227.949 0.306975 
0.2 2.075 0.97199 0.945633 0.897328 0.0418525 -227.837 0.306049 
0.2 2.075 0.97198 0.945661 0.897535 0.0441407 -227.852 0.319112 
0.2 2.075 0.97141 0.944565 0.895524 0.0447158 -227.656 0.322295 
0.2 2.08 0.971702 0.945141 0.896595 0.0449915 -227.725 0.32163 
0.2 2.08 0.97167 0.945076 0.896486 0.0448659 -227.762 0.319828 
0.2 2.08 0.971164 0.944112 0.894708 0.0457849 -227.509 0.323581 
0.2 2.085 0.971432 0.944604 0.89558 0.044318 -227.618 0.324395 
0.2 2.085 0.971764 0.945239 0.89674 0.043845 -227.724 0.319931 
0.2 2.085 0.971174 0.944123 0.894726 0.0452672 -227.51 0.327346 
0.2 2.09 0.970606 0.943063 0.892833 0.047236 -227.291 0.327745 
0.2 2.09 0.971048 0.943903 0.894364 0.0463398 -227.464 0.32467 
0.2 2.09 0.971142 0.944019 0.894411 0.0431912 -227.502 0.31552 
0.2 2.095 0.970664 0.943166 0.893013 0.0466501 -227.324 0.328888 
0.2 2.095 0.970396 0.942634 0.891999 0.0460985 -227.183 0.332534 
0.2 2.095 0.970094 0.942063 0.890966 0.0467929 -227.089 0.332039 
0.2 2.1 0.969752 0.941454 0.889963 0.0492885 -226.953 0.341193 
0.2 2.1 0.969906 0.941698 0.89025 0.0466662 -226.993 0.326563 
0.2 2.1 0.970198 0.942296 0.89145 0.0482038 -227.157 0.330091 
0.2 2.105 0.969428 0.940802 0.888696 0.0480339 -226.835 0.336863 
0.2 2.105 0.96936 0.940701 0.888585 0.0495083 -226.82 0.340246 
0.2 2.105 0.969702 0.941349 0.889765 0.0488015 -226.957 0.337882 
0.2 2.11 0.969556 0.941051 0.889162 0.0479641 -226.88 0.332861 
0.2 2.11 0.969838 0.941598 0.890175 0.0479722 -226.995 0.328508 
0.2 2.11 0.968616 0.939328 0.886209 0.0526448 -226.557 0.350651 
0.2 2.115 0.96886 0.939736 0.886804 0.0494629 -226.603 0.342444 
0.2 2.115 0.969224 0.940403 0.887921 0.0476727 -226.708 0.334193 
0.2 2.115 0.968394 0.938937 0.885577 0.0543575 -226.51 0.349227 
0.2 2.12 0.968828 0.939679 0.886703 0.0495692 -226.631 0.334057 
0.2 2.12 0.968092 0.938287 0.884167 0.051183 -226.284 0.343742 
0.2 2.12 0.9684 0.938854 0.885168 0.0497849 -226.432 0.341666 
0.2 2.125 0.967864 0.937849 0.883402 0.0512074 -226.214 0.34897 
0.2 2.125 0.967666 0.937487 0.882776 0.0521973 -226.155 0.348129 
0.2 2.125 0.96816 0.938426 0.884485 0.0513833 -226.371 0.344503 
0.2 2.13 0.967376 0.936951 0.881856 0.0532767 -226.066 0.351872 
0.2 2.13 0.967354 0.936871 0.881596 0.0514985 -225.954 0.354496 
0.2 2.13 0.96717 0.936562 0.881156 0.0537123 -225.938 0.360352 
0.2 2.135 0.967484 0.937139 0.882148 0.0521475 -226.032 0.355937 
0.2 2.135 0.96689 0.936046 0.880256 0.0547938 -225.855 0.3588 
0.2 2.135 0.966812 0.935883 0.879923 0.0541975 -225.802 0.359391 
0.2 2.14 0.966754 0.935715 0.879448 0.0515002 -225.711 0.352773 
0.2 2.14 0.967086 0.936397 0.880845 0.053349 -225.873 0.360058 
0.2 2.14 0.966872 0.935983 0.880044 0.0533409 -225.762 0.353817 
0.2 2.145 0.965976 0.934306 0.877064 0.0557934 -225.488 0.355619 
0.2 2.145 0.965502 0.933457 0.875654 0.0588647 -225.281 0.372897 
0.2 2.145 0.96598 0.934335 0.877203 0.0567534 -225.513 0.363224 
0.2 2.15 0.965624 0.933612 0.875777 0.0549791 -225.305 0.363934 
0.2 2.15 0.96622 0.934757 0.877882 0.0546843 -225.561 0.358872 
0.2 2.15 0.965758 0.933854 0.876159 0.054203 -225.318 0.362484 
0.2 2.155 0.965552 0.933535 0.875797 0.0577362 -225.302 0.370972 
0.2 2.155 0.96504 0.932578 0.874084 0.0591832 -225.181 0.364789 
0.2 2.155 0.965552 0.933475 0.875519 0.0549408 -225.314 0.361253 
0.2 2.16 0.96493 0.932294 0.873395 0.0557618 -225.01 0.370471 
0.2 2.16 0.96452 0.931549 0.872065 0.0578616 -224.889 0.365687 
0.2 2.16 0.96439 0.93134 0.871881 0.0598133 -224.864 0.385699 
0.2 2.165 0.964568 0.93159 0.872023 0.0553392 -224.845 0.364677 
0.2 2.165 0.964098 0.930749 0.870686 0.0583855 -224.688 0.376812 
0.2 2.165 0.964446 0.93146 0.872113 0.0602066 -224.915 0.378279 
0.2 2.17 0.96359 0.929903 0.869426 0.0643812 -224.619 0.382587 
0.2 2.17 0.96374 0.930084 0.869507 0.0593923 -224.61 0.373039 
0.2 2.17 0.96457 0.931611 0.872161 0.0560348 -224.917 0.364956 
0.2 2.175 0.962652 0.928089 0.866107 0.0638973 -224.213 0.393685 
0.2 2.175 0.964056 0.930642 0.870421 0.0569172 -224.646 0.376217 
0.2 2.175 0.963342 0.929328 0.868162 0.0597587 -224.426 0.38109 
0.2 2.18 0.962262 0.927392 0.86496 0.0662515 -224.109 0.390577 
0.2 2.18 0.962596 0.927927 0.865665 0.0612945 -224.122 0.387004 
0.2 2.18 0.962766 0.928301 0.866462 0.0634013 -224.298 0.384771 
0.2 2.185 0.962398 0.927536 0.864912 0.0606814 -224.051 0.382814 
0.2 2.185 0.962232 0.92726 0.864512 0.0626956 -224.042 0.381963 
0.2 2.185 0.962276 0.927374 0.864824 0.0640448 -224.093 0.384407 
0.2 2.19 0.96117 0.925313 0.861226 0.0668836 -223.646 0.403808 
0.2 2.19 0.96197 0.926732 0.863497 0.0614575 -223.862 0.387662 
0.2 2.19 0.961356 0.925669 0.861807 0.0668165 -223.709 0.396363 
0.2 2.195 0.96142 0.925763 0.861974 0.0653587 -223.734 0.400758 
0.2 2.195 0.961852 0.926561 0.863344 0.063862 -223.893 0.391261 
0.2 2.195 0.961028 0.925017 0.86062 0.0657122 -223.578 0.404168 
0.2 2.2 0.96046 0.923966 0.858753 0.0673867 -223.283 0.411641 
0.2 2.2 0.960432 0.923912 0.858658 0.0673624 -223.384 0.396381 
0.2 2.2 0.960318 0.923716 0.858367 0.0684081 -223.335 0.401211 
0.2 2.205 0.960416 0.923908 0.858752 0.0684257 -223.329 0.414956 
0.2 2.205 0.959984 0.923048 0.857081 0.0670476 -223.153 0.402672 
0.2 2.205 0.960342 0.923708 0.858162 0.0658106 -223.238 0.392379 
0.2 2.21 0.959496 0.922235 0.855893 0.0725134 -223.054 0.415547 
0.2 2.21 0.959388 0.922022 0.855429 0.0722437 -222.984 0.410735 
0.2 2.21 0.959832 0.922827 0.856853 0.0701019 -223.099 0.412785 
0.2 2.215 0.95844 0.920214 0.852249 0.0725402 -222.545 0.430289 
0.2 2.215 0.958732 0.920784 0.853329 0.0730109 -222.741 0.421761 
0.2 2.215 0.958654 0.920655 0.853114 0.0739137 -222.718 0.423771 
0.2 2.22 0.958672 0.920612 0.852827 0.0702557 -222.686 0.409619 
0.2 2.22 0.958798 0.921001 0.853846 0.0769169 -222.799 0.425557 
0.2 2.22 0.957876 0.91921 0.85054 0.0758184 -222.383 0.420019 
0.2 2.225 0.95853 0.920335 0.852326 0.0698948 -222.636 0.407801 
0.2 2.225 0.9578 0.919059 0.850303 0.0754067 -222.382 0.428299 
0.2 2.225 0.95824 0.919857 0.851615 0.0733817 -222.514 0.417906 
0.2 2.23 0.956784 0.917232 0.847279 0.080573 -222.108 0.435681 
0.2 2.23 0.957276 0.918133 0.848728 0.0787309 -222.227 0.428724 
0.2 2.23 0.957586 0.918608 0.849355 0.073423 -222.219 0.426134 
0.2 2.235 0.957844 0.919104 0.850283 0.0733204 -222.36 0.420745 
0.2 2.235 0.95595 0.915557 0.843967 0.0768196 -221.653 0.427248 
0.2 2.235 0.957364 0.918134 0.848389 0.0710555 -222.138 0.416467 
0.2 2.24 0.95724 0.917968 0.848158 0.0741099 -222.079 0.414826 
0.2 2.24 0.956684 0.916923 0.846382 0.0749627 -221.938 0.41792 
0.2 2.24 0.957126 0.917747 0.847821 0.0739866 -222.021 0.425894 
0.2 2.245 0.955382 0.914562 0.842477 0.0804879 -221.43 0.450206 
0.2 2.245 0.956008 0.915695 0.844321 0.077683 -221.667 0.430495 
0.2 2.245 0.955458 0.914773 0.842914 0.0834232 -221.518 0.445273 
0.2 2.25 0.95493 0.91367 0.840703 0.0790656 -221.277 0.43012 
0.2 2.25 0.955164 0.914188 0.841837 0.0822246 -221.334 0.443017 
0.2 2.25 0.95543 0.91471 0.842798 0.082814 -221.494 0.439039 
0.2 2.255 0.954426 0.912843 0.839608 0.084875 -221.152 0.451776 
0.2 2.255 0.95499 0.913787 0.840978 0.0789667 -221.271 0.433828 
0.2 2.255 0.954258 0.912465 0.838792 0.0823428 -221.077 0.442071 
0.2 2.26 0.953914 0.911904 0.838015 0.0863947 -221.019 0.456087 
0.2 2.26 0.953984 0.91208 0.838323 0.0882747 -220.998 0.449843 
0.2 2.26 0.95373 0.911437 0.836746 0.0812357 -220.767 0.438129 
0.2 2.265 0.95373 0.911433 0.836827 0.0808868 -220.842 0.436382 
0.2 2.265 0.952948 0.910146 0.834923 0.0898874 -220.614 0.458438 
0.2 2.265 0.953676 0.911379 0.836709 0.0830343 -220.758 0.438456 
0.2 2.27 0.952254 0.908879 0.832781 0.0921251 -220.325 0.46335 
0.2 2.27 0.952876 0.909986 0.834695 0.0886788 -220.628 0.454178 
0.2 2.27 0.952326 0.908969 0.832791 0.0900383 -220.324 0.460713 
0.2 2.275 0.952244 0.908767 0.832325 0.0878279 -220.278 0.450368 
0.2 2.275 0.951578 0.907477 0.830034 0.0868919 -220.038 0.453505 
0.2 2.275 0.95187 0.908067 0.831192 0.0883562 -220.135 0.461615 
0.2 2.28 0.950572 0.905701 0.827201 0.0927014 -219.746 0.471932 
0.2 2.28 0.95159 0.907495 0.83 0.0864505 -220.011 0.459567 
0.2 2.28 0.95129 0.906963 0.829203 0.0881937 -219.999 0.458123 
0.2 2.285 0.950774 0.905968 0.827384 0.0874066 -219.705 0.463477 
0.2 2.285 0.95133 0.906935 0.828887 0.0834272 -219.896 0.445796 
0.2 2.285 0.951282 0.906875 0.828878 0.0847771 -219.906 0.44794 
0.2 2.29 0.95052 0.905674 0.827356 0.0954432 -219.726 0.481989 
0.2 2.29 0.950018 0.904759 0.825546 0.0971563 -219.531 0.454202 
0.2 2.29 0.950942 0.906306 0.828032 0.0879892 -219.813 0.458607 
0.2 2.295 0.949958 0.904502 0.824907 0.0907014 -219.486 0.457672 
0.2 2.295 0.948318 0.901646 0.820456 0.101928 -218.945 0.495237 
0.2 2.295 0.949822 0.904372 0.824969 0.0962949 -219.446 0.473918 
0.2 2.3 0.948608 0.902096 0.821069 0.0973558 -219.038 0.488255 
0.2 2.3 0.948848 0.90239 0.821173 0.090318 -219.003 0.46734 
0.2 2.3 0.94833 0.901501 0.819853 0.0943796 -218.796 0.494142 
0.2 2.305 0.948008 0.901049 0.819237 0.101076 -218.816 0.476818 
0.2 2.305 0.947894 0.900883 0.819138 0.103273 -218.8 0.495467 
0.2 2.305 0.94808 0.901224 0.819758 0.102761 -218.815 0.49355 
0.2 2.31 0.94746 0.89979 0.816597 0.0913328 -218.491 0.463918 
0.2 2.31 0.947868 0.900767 0.818809 0.10016 -218.744 0.486598 
0.2 2.31 0.947488 0.900097 0.817676 0.102297 -218.585 0.482875 
0.2 2.315 0.946624 0.898433 0.814711 0.100919 -218.27 0.492618 
0.2 2.315 0.946646 0.8986 0.815119 0.106327 -218.312 0.489745 
0.2 2.315 0.946404 0.898121 0.814325 0.105439 -218.284 0.491949 
0.2 2.32 0.945674 0.896817 0.812296 0.108507 -218.017 0.506164 
0.2 2.32 0.946386 0.898111 0.8144 0.106227 -218.23 0.500064 
0.2 2.32 0.945768 0.896985 0.812436 0.108097 -218.013 0.506139 
0.2 2.325 0.945252 0.895956 0.810461 0.105584 -217.756 0.490814 
0.2 2.325 0.94463 0.894773 0.808481 0.105241 -217.528 0.501384 
0.2 2.325 0.944688 0.89497 0.808955 0.109011 -217.634 0.498783 
0.2 2.33 0.944376 0.894367 0.807993 0.108212 -217.556 0.507323 
0.2 2.33 0.944962 0.895644 0.810441 0.115505 -217.801 0.51589 
0.2 2.33 0.944536 0.894658 0.80847 0.107721 -217.594 0.510201 
0.2 2.335 0.944402 0.894501 0.808169 0.111593 -217.49 0.49992 
0.2 2.335 0.943264 0.892512 0.805197 0.118427 -217.19 0.521269 
0.2 2.335 0.94374 0.893289 0.806222 0.11322 -217.228 0.508275 
0.2 2.34 0.942198 0.890491 0.801584 0.117676 -216.761 0.523801 
0.2 2.34 0.942836 0.891798 0.803934 0.122159 -217.033 0.519283 
0.2 2.34 0.9439 0.893532 0.806624 0.110444 -217.359 0.50814 
0.2 2.345 0.94325 0.892297 0.804382 0.109863 -217.059 0.510497 
0.2 2.345 0.94275 0.891348 0.802604 0.109605 -216.866 0.506121 
0.2 2.345 0.942 0.890188 0.801041 0.120416 -216.661 0.524327 
0.2 2.35 0.941512 0.88929 0.7995 0.121077 -216.537 0.519338 
0.2 2.35 0.94162 0.889406 0.799546 0.117359 -216.596 0.513196 
0.2 2.35 0.940818 0.888032 0.797365 0.123115 -216.236 0.533166 
0.2 2.355 0.941024 0.888216 0.797375 0.114214 -216.249 0.515921 
0.2 2.355 0.940768 0.887973 0.797539 0.124344 -216.238 0.542617 
0.2 2.355 0.940552 0.887766 0.797461 0.132814 -216.329 0.54309 
0.2 2.36 0.94018 0.886835 0.795346 0.122721 -216.009 0.535782 
0.2 2.36 0.940778 0.887939 0.797326 0.121868 -216.217 0.533749 
0.2 2.36 0.94022 0.886827 0.795223 0.119191 -216.018 0.533466 
0.2 2.365 0.938456 0.883759 0.790375 0.12935 -215.494 0.537978 
0.2 2.365 0.93928 0.885226 0.792699 0.125965 -215.677 0.538157 
0.2 2.365 0.939018 0.885001 0.792953 0.137256 -215.775 0.556462 
0.2 2.37 0.939178 0.884991 0.79224 0.123885 -215.606 0.536244 
0.2 2.37 0.938644 0.884096 0.790976 0.128395 -215.531 0.540974 
0.2 2.37 0.937654 0.8824 0.788404 0.13525 -215.223 0.563949 
0.2 2.375 0.938364 0.883512 0.789942 0.125678 -215.449 0.543489 
0.2 2.375 0.937338 0.881691 0.786878 0.130058 -215.016 0.549681 
0.2 2.375 0.937326 0.881712 0.787035 0.131891 -215.057 0.548947 
0.2 2.38 0.937278 0.881809 0.787365 0.139465 -215.073 0.551403 
0.2 2.38 0.938228 0.88316 0.788992 0.121337 -215.266 0.537166 
0.2 2.38 0.936946 0.880925 0.78541 0.128447 -214.92 0.549181 
0.2 2.385 0.936458 0.880191 0.784527 0.135727 -214.788 0.559103 
0.2 2.385 0.936128 0.879528 0.783223 0.133869 -214.514 0.566164 
0.2 2.385 0.934954 0.877469 0.7799 0.139607 -214.207 0.567019 
0.2 2.39 0.935342 0.878065 0.780841 0.133926 -214.368 0.558943 
0.2 2.39 0.934704 0.877209 0.779951 0.147998 -214.266 0.570392 
0.2 2.39 0.934986 0.877469 0.779739 0.136844 -214.268 0.553453 
0.2 2.395 0.933936 0.87561 0.776905 0.140851 -213.963 0.562809 
0.2 2.395 0.933922 0.875482 0.776513 0.136587 -213.9 0.565886 
0.2 2.395 0.93491 0.877453 0.780053 0.141818 -214.373 0.551705 
0.2 2.4 0.934198 0.876274 0.778257 0.147832 -214.012 0.572241 
0.2 2.4 0.933546 0.875135 0.77644 0.151113 -213.892 0.570963 
0.2 2.4 0.934196 0.876197 0.777867 0.144776 -213.977 0.56269 
0.2 2.405 0.933278 0.874545 0.77541 0.147063 -213.744 0.575546 
0.2 2.405 0.933054 0.87411 0.774554 0.146386 -213.649 0.579826 
0.2 2.405 0.931906 0.872073 0.771303 0.150701 -213.215 0.591291 
0.2 2.41 0.932312 0.872717 0.772105 0.145713 -213.342 0.569429 
0.2 2.41 0.933116 0.874021 0.773962 0.137582 -213.537 0.563365 
0.2 2.41 0.931446 0.871151 0.769735 0.147671 -213.072 0.595136 
0.2 2.415 0.930812 0.870203 0.76841 0.157001 -212.963 0.585755 
0.2 2.415 0.930442 0.869721 0.767762 0.165594 -212.835 0.597095 
0.2 2.415 0.93163 0.871694 0.770915 0.15569 -213.205 0.589401 
0.2 2.42 0.928606 0.86653 0.762708 0.174425 -212.308 0.609007 
0.2 2.42 0.931168 0.871124 0.770118 0.167365 -213.079 0.585925 
0.2 2.42 0.929292 0.867269 0.76308 0.15229 -212.369 0.58493 
0.2 2.425 0.928948 0.8669 0.763013 0.163135 -212.293 0.596715 
0.2 2.425 0.928946 0.867099 0.763595 0.171464 -212.364 0.601281 
0.2 2.425 0.928984 0.86699 0.763211 0.164068 -212.322 0.603057 
0.2 2.43 0.92752 0.864352 0.759026 0.167009 -211.85 0.613819 
0.2 2.43 0.929546 0.867931 0.764654 0.159465 -212.521 0.600361 
0.2 2.43 0.927916 0.864911 0.759633 0.159795 -211.967 0.604658 
0.2 2.435 0.926642 0.863108 0.757468 0.18244 -211.687 0.634751 
0.2 2.435 0.92789 0.864913 0.759687 0.161539 -211.876 0.60568 
0.2 2.435 0.926502 0.862741 0.756531 0.178037 -211.491 0.619502 
0.2 2.44 0.92659 0.862542 0.755691 0.162809 -211.444 0.609965 
0.2 2.44 0.926008 0.861665 0.75455 0.171081 -211.365 0.602821 
0.2 2.44 0.928162 0.865433 0.760475 0.161799 -211.994 0.597689 
0.2 2.445 0.925626 0.860989 0.753609 0.172008 -211.171 0.625399 
0.2 2.445 0.92552 0.861207 0.754423 0.188938 -211.289 0.631923 
0.2 2.445 0.926344 0.862447 0.756085 0.17725 -211.592 0.607125 
0.2 2.45 0.92453 0.859044 0.750094 0.17502 -210.797 0.610053 
0.2 2.45 0.925068 0.859857 0.751482 0.167592 -210.951 0.620026 
0.2 2.45 0.924488 0.859091 0.750701 0.180128 -210.946 0.629418 
0.2 2.455 0.923002 0.85687 0.747553 0.201094 -210.569 0.636996 
0.2 2.455 0.922266 0.855305 0.744854 0.192695 -210.165 0.662624 
0.2 2.455 0.92348 0.857527 0.748427 0.191917 -210.528 0.641395 
0.2 2.46 0.921058 0.853118 0.741318 0.193901 -209.851 0.655126 
0.2 2.46 0.92295 0.856593 0.746854 0.193336 -210.525 0.629205 
0.2 2.46 0.923746 0.857785 0.748441 0.182026 -210.573 0.628948 
0.2 2.465 0.92022 0.851738 0.739017 0.200131 -209.528 0.650584 
0.2 2.465 0.921248 0.85337 0.741391 0.189548 -209.821 0.645687 
0.2 2.465 0.92191 0.854615 0.743585 0.190539 -210.002 0.644197 
0.2 2.47 0.920214 0.851756 0.739136 0.200887 -209.525 0.651066 
0.2 2.47 0.920012 0.85168 0.739385 0.212891 -209.553 0.649378 
0.2 2.47 0.919818 0.850899 0.737474 0.195693 -209.358 0.646806 
0.2 2.475 0.919276 0.850096 0.736553 0.203121 -209.217 0.664066 
0.2 2.475 0.919634 0.850766 0.737374 0.203597 -209.326 0.640549 
0.2 2.475 0.91885 0.849089 0.734612 0.194101 -209.036 0.65091 
0.2 2.48 0.917306 0.846644 0.730977 0.209432 -208.562 0.668445 
0.2 2.48 0.918186 0.847877 0.73234 0.194011 -208.676 0.653721 
0.2 2.48 0.91707 0.846424 0.731118 0.217991 -208.58 0.688472 
0.2 2.485 0.917826 0.847756 0.733069 0.215361 -208.852 0.669161 
0.2 2.485 0.917888 0.847532 0.732367 0.201742 -208.872 0.650509 
0.2 2.485 0.916674 0.845642 0.729809 0.215325 -208.531 0.683722 
0.2 2.49 0.915576 0.844188 0.727765 0.237273 -208.262 0.669632 
0.2 2.49 0.917186 0.846441 0.730532 0.209251 -208.47 0.66366 
0.2 2.49 0.914126 0.841875 0.724616 0.250934 -207.908 0.701904 
0.2 2.495 0.914688 0.842164 0.724263 0.220823 -207.869 0.679623 
0.2 2.495 0.913244 0.839911 0.721207 0.236311 -207.578 0.70263 
0.2 2.495 0.913612 0.840912 0.723015 0.249504 -207.743 0.692005 
0.2 2.5 0.913586 0.840388 0.721446 0.22995 -207.55 0.68127 
0.2 2.5 0.914062 0.841214 0.722928 0.228172 -207.793 0.67148 
0.2 2.5 0.913366 0.84034 0.721732 0.244113 -207.556 0.685773 
0.2 2.505 0.912496 0.838622 0.719143 0.238432 -207.247 0.702141 
0.2 2.505 0.912042 0.83766 0.716967 0.233101 -206.94 0.68331 
0.2 2.505 0.91216 0.837893 0.717531 0.233829 -207.083 0.68694 
0.2 2.51 0.911954 0.837784 0.717416 0.243972 -207.05 0.680346 
0.2 2.51 0.911334 0.836761 0.716489 0.248257 -206.951 0.711897 
0.2 2.51 0.911858 0.837457 0.717177 0.237947 -207.063 0.694639 
0.2 2.515 0.909436 0.833608 0.711369 0.259804 -206.304 0.702276 
0.2 2.515 0.911572 0.836853 0.716071 0.234163 -206.822 0.698179 
0.2 2.515 0.91131 0.836342 0.715163 0.232864 -206.754 0.690384 
0.2 2.52 0.90924 0.832942 0.71017 0.247006 -206.176 0.699373 
0.2 2.52 0.907906 0.830917 0.707558 0.262864 -205.98 0.716001 
0.2 2.52 0.908336 0.831524 0.708265 0.255935 -206.009 0.71928 
0.2 2.525 0.905632 0.827363 0.702468 0.284893 -205.272 0.748577 
0.2 2.525 0.907648 0.830336 0.706576 0.257859 -205.791 0.731031 
0.2 2.525 0.910076 0.834335 0.71233 0.24147 -206.51 0.68698 
0.2 2.53 0.906714 0.829176 0.705171 0.278476 -205.654 0.731979 
0.2 2.53 0.90758 0.830157 0.705756 0.255177 -205.666 0.712127 
0.2 2.53 0.906632 0.828792 0.704318 0.269177 -205.416 0.73963 
0.2 2.535 0.905556 0.827039 0.701656 0.276419 -205.247 0.734577 
0.2 2.535 0.905272 0.826362 0.700044 0.270007 -205.084 0.704348 
0.2 2.535 0.904636 0.825603 0.699756 0.285486 -204.991 0.748814 
0.2 2.54 0.902836 0.822519 0.694945 0.291564 -204.461 0.739658 
0.2 2.54 0.90399 0.824039 0.696808 0.269334 -204.695 0.732508 
0.2 2.54 0.904326 0.825425 0.699955 0.299986 -204.941 0.760501 
0.2 2.545 0.90379 0.823642 0.695879 0.267407 -204.435 0.727646 
0.2 2.545 0.902992 0.822757 0.695481 0.289305 -204.415 0.752083 
0.2 2.545 0.90203 0.820952 0.692098 0.286614 -204.13 0.733993 
0.2 2.55 0.901742 0.820174 0.690787 0.275886 -203.939 0.740814 
0.2 2.55 0.901734 0.820599 0.691993 0.293135 -204.093 0.749022 
0.2 2.55 0.900438 0.818445 0.688679 0.300254 -203.634 0.760043 
0.2 2.555 0.898128 0.814701 0.683459 0.315739 -203.162 0.7662 
0.2 2.555 0.899512 0.816999 0.68668 0.308302 -203.478 0.751251 
0.2 2.555 0.901592 0.820218 0.69147 0.287647 -203.936 0.764747 
0.2 2.56 0.900232 0.818319 0.689011 0.308635 -203.612 0.774225 
0.2 2.56 0.899246 0.816353 0.685538 0.301173 -203.266 0.768272 
0.2 2.56 0.897482 0.813921 0.682853 0.329957 -202.834 0.801402 
0.2 2.565 0.897666 0.813688 0.681567 0.307354 -202.827 0.76944 
0.2 2.565 0.897648 0.81375 0.681555 0.31102 -202.713 0.769921 
0.2 2.565 0.89867 0.815217 0.683601 0.296656 -203.089 0.757642 
0.2 2.57 0.895588 0.810877 0.678118 0.342368 -202.42 0.781755 
0.2 2.57 0.896266 0.811467 0.678457 0.318077 -202.464 0.77183 
0.2 2.57 0.896084 0.8118 0.6798 0.343696 -202.651 0.788548 
0.2 2.575 0.895858 0.810397 0.676297 0.304277 -202.259 0.767361 
0.2 2.575 0.896016 0.810848 0.677192 0.310824 -202.272 0.767597 
0.2 2.575 0.894338 0.808347 0.674055 0.330357 -201.985 0.780895 
0.2 2.58 0.893092 0.806495 0.671238 0.344253 -201.537 0.789211 
0.2 2.58 0.89306 0.806502 0.671703 0.346753 -201.68 0.791235 
0.2 2.58 0.892828 0.806394 0.671779 0.358614 -201.589 0.815601 
0.2 2.585 0.89074 0.802453 0.665461 0.349518 -201.038 0.79304 
0.2 2.585 0.890164 0.801241 0.663521 0.342328 -200.755 0.824454 
0.2 2.585 0.891654 0.803813 0.667195 0.339116 -201.098 0.798518 
0.2 2.59 0.891942 0.803752 0.666534 0.316284 -201.018 0.80379 
0.2 2.59 0.890384 0.80229 0.665529 0.367031 -200.862 0.797661 
0.2 2.59 0.890984 0.80295 0.666365 0.351265 -200.958 0.807988 
0.2 2.595 0.888314 0.799316 0.662235 0.393614 -200.551 0.836439 
0.2 2.595 0.889918 0.801099 0.663369 0.352404 -200.6 0.814006 
0.2 2.595 0.889864 0.801573 0.664988 0.37439 -200.903 0.815743 
0.2 2.6 0.886982 0.797303 0.659256 0.406367 -200.28 0.827544 
0.2 2.6 0.888094 0.797985 0.658942 0.356691 -200.218 0.81926 
0.2 2.6 0.885776 0.794738 0.654818 0.389948 -199.642 0.849214 
0.2 2.605 0.88547 0.794359 0.654578 0.395463 -199.687 0.83241 
0.2 2.605 0.88544 0.79444 0.654601 0.400633 -199.72 0.837486 
0.2 2.605 0.885764 0.794487 0.6545 0.380397 -199.67 0.84473 
0.2 2.61 0.884804 0.793075 0.65244 0.390693 -199.25 0.851384 
0.2 2.61 0.88252 0.78925 0.646642 0.398791 -198.622 0.862204 
0.2 2.61 0.884502 0.792194 0.650475 0.377398 -199.083 0.831834 
0.2 2.615 0.88328 0.790391 0.64822 0.390356 -198.868 0.841357 
0.2 2.615 0.88094 0.787453 0.645225 0.435848 -198.699 0.849035 
0.2 2.615 0.8812 0.7871 0.643838 0.404824 -198.407 0.85955 
0.2 2.62 0.880048 0.785381 0.641284 0.415893 -198.275 0.846099 
0.2 2.62 0.880544 0.785988 0.642173 0.405717 -198.204 0.861745 
0.2 2.62 0.882462 0.789274 0.646701 0.402088 -198.607 0.839319 
0.2 2.625 0.877532 0.782085 0.637374 0.45802 -197.57 0.878956 
0.2 2.625 0.880566 0.786697 0.643672 0.430487 -198.26 0.862406 
0.2 2.625 0.87841 0.783314 0.639337 0.446086 -197.74 0.89682 
0.2 2.63 0.877594 0.781658 0.636306 0.436752 -197.555 0.860869 
0.2 2.63 0.879228 0.783934 0.639524 0.41414 -197.782 0.875097 
0.2 2.63 0.876816 0.780249 0.634556 0.435073 -197.305 0.8885 
0.2 2.635 0.87517 0.777648 0.630775 0.444997 -196.779 0.898082 
0.2 2.635 0.87534 0.778127 0.631883 0.451879 -196.952 0.904703 
0.2 2.635 0.877802 0.781724 0.636182 0.424583 -197.415 0.852752 
0.2 2.64 0.873732 0.775229 0.626865 0.447794 -196.34 0.881504 
0.2 2.64 0.875972 0.778962 0.632865 0.440731 -197.1 0.885252 
0.2 2.64 0.872092 0.773143 0.62497 0.47721 -196.166 0.900752 
0.2 2.645 0.873426 0.774999 0.62738 0.458463 -196.34 0.897664 
0.2 2.645 0.872986 0.774221 0.626267 0.458089 -196.273 0.901701 
0.2 2.645 0.873276 0.774503 0.626211 0.449606 -196.178 0.884036 
0.2 2.65 0.871164 0.771729 0.623077 0.483116 -195.888 0.9015 
0.2 2.65 0.868926 0.768298 0.618855 0.500603 -195.477 0.926317 
0.2 2.65 0.871222 0.771642 0.622697 0.475992 -195.881 0.902562 
0.2 2.655 0.86933 0.768519 0.617975 0.481532 -195.278 0.895667 
0.2 2.655 0.86701 0.765312 0.61433 0.512465 -194.926 0.917008 
0.2 2.655 0.868296 0.76701 0.616244 0.492356 -194.947 0.92245 
0.2 2.66 0.86727 0.765332 0.613483 0.495281 -194.836 0.894529 
0.2 2.66 0.866968 0.764961 0.61329 0.501023 -194.64 0.915997 
0.2 2.66 0.867416 0.765669 0.614648 0.49845 -194.683 0.939018 
0.2 2.665 0.864362 0.76078 0.607917 0.512506 -194.097 0.922432 
0.2 2.665 0.864898 0.762277 0.61048 0.533898 -194.432 0.922448 
0.2 2.665 0.864918 0.761387 0.608405 0.499222 -194.162 0.914915 
0.2 2.67 0.861266 0.756691 0.602972 0.558479 -193.503 0.941978 
0.2 2.67 0.861482 0.75707 0.603708 0.558739 -193.472 0.96754 
0.2 2.67 0.864854 0.761455 0.608486 0.504947 -194.134 0.922956 
0.2 2.675 0.861158 0.756777 0.603636 0.567634 -193.597 0.952904 
0.2 2.675 0.860238 0.755196 0.601037 0.567733 -193.376 0.946644 
0.2 2.675 0.862128 0.757585 0.603785 0.535343 -193.402 0.94294 
0.2 2.68 0.860362 0.754421 0.59915 0.5298 -193.061 0.941079 
0.2 2.68 0.861418 0.756612 0.60251 0.543709 -193.32 0.949911 
0.2 2.68 0.860572 0.755817 0.602016 0.568379 -193.294 0.941364 
0.2 2.685 0.856402 0.748832 0.592175 0.573848 -192.234 0.966757 
0.2 2.685 0.856836 0.749253 0.592571 0.561826 -192.321 0.956806 
0.2 2.685 0.856114 0.748735 0.592241 0.588614 -192.274 0.959395 
0.2 2.69 0.856178 0.748069 0.590447 0.558685 -191.834 0.964704 
0.2 2.69 0.854514 0.746953 0.590892 0.623022 -191.86 0.996107 
0.2 2.69 0.85713 0.749954 0.593667 0.568109 -192.311 0.960498 
0.2 2.695 0.853816 0.744704 0.586829 0.582658 -191.57 0.98245 
0.2 2.695 0.852494 0.743066 0.584718 0.60557 -191.25 0.982191 
0.2 2.695 0.852442 0.743176 0.585005 0.612923 -191.322 0.954745 
0.2 2.7 0.849964 0.739985 0.58182 0.649852 -190.938 1.01042 
0.2 2.7 0.851618 0.741813 0.583613 0.61331 -191.02 0.998146 
0.2 2.7 0.850538 0.740018 0.580617 0.614923 -190.637 1.00233 
0.2 2.705 0.851066 0.740291 0.58053 0.590671 -190.751 0.981983 
0.2 2.705 0.850022 0.738502 0.578063 0.590187 -190.497 0.974077 
0.2 2.705 0.847746 0.735751 0.575201 0.631321 -190.056 1.00453 
0.2 2.71 0.84826 0.736069 0.574642 0.609742 -189.978 0.993338 
0.2 2.71 0.846186 0.733371 0.57191 0.639871 -189.66 0.997434 
0.2 2.71 0.847324 0.7353 0.574867 0.639945 -189.881 1.01804 
0.2 2.715 0.845078 0.732052 0.570839 0.659112 -189.465 1.02991 
0.2 2.715 0.84357 0.729753 0.567964 0.668241 -189.215 1.0385 
0.2 2.715 0.843384 0.730081 0.569044 0.691886 -189.14 1.05155 
0.2 2.72 0.84164 0.727134 0.564761 0.690307 -188.767 1.03098 
0.2 2.72 0.843976 0.729455 0.566558 0.630875 -189.063 1.00161 
0.2 2.72 0.841674 0.727032 0.564248 0.684437 -188.674 1.03607 
0.2 2.725 0.841532 0.72624 0.562618 0.662913 -188.528 1.00675 
0.2 2.725 0.839268 0.723134 0.558916 0.688562 -188.063 1.00782 
0.2 2.725 0.840944 0.724757 0.56002 0.644791 -188.24 1.01327 
0.2 2.73 0.837888 0.721242 0.556535 0.702767 -187.763 1.02275 
0.2 2.73 0.8383 0.722179 0.558327 0.711812 -187.912 1.04207 
0.2 2.73 0.839222 0.723073 0.558878 0.6879 -188.144 1.02794 
0.2 2.735 0.834474 0.716749 0.551907 0.745968 -187.185 1.07255 
0.2 2.735 0.835082 0.717704 0.552661 0.743752 -187.358 1.03258 
0.2 2.735 0.836236 0.718732 0.55335 0.710844 -187.366 1.03798 
0.2 2.74 0.833528 0.715294 0.549649 0.749084 -187.002 1.05166 
0.2 2.74 0.834558 0.716295 0.550283 0.722932 -186.986 1.05052 
0.2 2.74 0.832908 0.714417 0.548727 0.754789 -186.805 1.06373 
0.2 2.745 0.829084 0.709288 0.542855 0.79809 -186.087 1.07537 
0.2 2.745 0.8319 0.712267 0.545112 0.736215 -186.446 1.02715 
0.2 2.745 0.830138 0.709784 0.542236 0.752471 -185.944 1.05403 
0.2 2.75 0.829428 0.70959 0.542975 0.786897 -185.903 1.08445 
0.2 2.75 0.828942 0.708019 0.540256 0.75906 -185.75 1.06942 
0.2 2.75 0.830196 0.710257 0.54324 0.764787 -186.141 1.06611 
0.2 2.755 0.827214 0.705991 0.538272 0.787958 -185.48 1.07889 
0.2 2.755 0.82747 0.705583 0.536977 0.757752 -185.25 1.06171 
0.2 2.755 0.823758 0.700915 0.531912 0.81082 -184.713 1.09804 
0.2 2.76 0.82276 0.700154 0.531461 0.841312 -184.635 1.08897 
0.2 2.76 0.823252 0.700779 0.53206 0.834614 -184.735 1.09334 
0.2 2.76 0.825674 0.70373 0.535584 0.796841 -185.182 1.08961 
0.2 2.765 0.82224 0.699252 0.529886 0.838083 -184.525 1.07993 
0.2 2.765 0.819162 0.694423 0.524283 0.846182 -183.831 1.10086 
0.2 2.765 0.822514 0.699287 0.529782 0.82305 -184.266 1.09463 
0.2 2.77 0.820394 0.695901 0.525191 0.82507 -183.785 1.08956 
0.2 2.77 0.817812 0.692983 0.522502 0.872454 -183.462 1.10013 
0.2 2.77 0.817956 0.693183 0.522755 0.871162 -183.474 1.10654 
0.2 2.775 0.815162 0.689058 0.518157 0.885379 -182.906 1.13205 
0.2 2.775 0.81753 0.693194 0.523551 0.895087 -183.626 1.11649 
0.2 2.775 0.815008 0.689477 0.519167 0.909502 -182.961 1.13314 
0.2 2.78 0.815056 0.688211 0.516282 0.859529 -182.767 1.11834 
0.2 2.78 0.813912 0.687218 0.515419 0.890822 -182.54 1.12002 
0.2 2.78 0.81676 0.690017 0.517206 0.824471 -182.701 1.08656 
0.2 2.785 0.812092 0.684276 0.511467 0.889845 -181.991 1.11273 
0.2 2.785 0.810652 0.682798 0.510125 0.920694 -181.723 1.13735 
0.2 2.785 0.808484 0.680257 0.508099 0.955491 -181.736 1.13769 
0.2 2.79 0.808326 0.679467 0.506111 0.934621 -181.373 1.1474 
0.2 2.79 0.80893 0.680157 0.507162 0.924332 -181.597 1.12877 
0.2 2.79 0.808892 0.679827 0.50605 0.914729 -181.41 1.10981 
0.2 2.795 0.808636 0.679782 0.506543 0.926296 -181.301 1.13437 
0.2 2.795 0.807708 0.678496 0.505382 0.93394 -181.18 1.15727 
0.2 2.795 0.804676 0.674065 0.499913 0.950322 -180.609 1.14203 
0.2 2.8 0.801794 0.670047 0.495399 0.970495 -180.056 1.15892 
0.2 2.8 0.800242 0.668194 0.493294 0.993099 -179.706 1.17089 
0.2 2.8 0.80274 0.671207 0.496392 0.957692 -180.029 1.15496 
0.2 2.805 0.79747 0.664641 0.48975 1.02255 -179.128 1.1873 
0.2 2.805 0.802166 0.669699 0.493561 0.935073 -179.639 1.14712 
0.2 2.805 0.799738 0.667113 0.491864 0.981546 -179.368 1.18492 
0.2 2.81 0.798446 0.664811 0.488176 0.971357 -178.983 1.14551 
0.2 2.81 0.798058 0.665244 0.489983 1.0088 -179.274 1.17589 
0.2 2.81 0.797058 0.66372 0.488658 1.01135 -179.047 1.19741 
0.2 2.815 0.789328 0.654021 0.477685 1.10061 -177.729 1.20641 
0.2 2.815 0.7946 0.660211 0.484029 1.02387 -178.576 1.17461 
0.2 2.815 0.791048 0.656025 0.479699 1.07524 -177.875 1.19139 
0.2 2.82 0.792404 0.656983 0.479868 1.03116 -177.998 1.17332 
0.2 2.82 0.7914 0.656133 0.479526 1.05741 -177.655 1.21964 
0.2 2.82 0.791864 0.656288 0.479022 1.03685 -177.732 1.16407 
0.2 2.825 0.788116 0.651886 0.474712 1.08882 -177.495 1.17678 
0.2 2.825 0.788666 0.651957 0.474488 1.06065 -177.352 1.18407 
0.2 2.825 0.78815 0.650623 0.472199 1.04223 -176.981 1.18241 
0.2 2.83 0.786688 0.648824 0.47002 1.05815 -176.666 1.18243 
0.2 2.83 0.786344 0.648578 0.469857 1.0686 -176.572 1.20664 
0.2 2.83 0.786786 0.649297 0.470348 1.06944 -176.852 1.16667 
0.2 2.835 0.779534 0.640679 0.462625 1.16422 -175.706 1.22903 
0.2 2.835 0.783494 0.645675 0.468115 1.12211 -176.476 1.22122 
0.2 2.835 0.781312 0.64253 0.46453 1.13164 -176.092 1.19823 
0.2 2.84 0.779736 0.639324 0.458953 1.10337 -175.296 1.17929 
0.2 2.84 0.780096 0.640339 0.460522 1.11935 -175.428 1.19941 
0.2 2.84 0.781568 0.642658 0.463755 1.12006 -175.874 1.20259 
0.2 2.845 0.780074 0.639664 0.459812 1.09486 -175.235 1.21577 
0.2 2.845 0.779496 0.639218 0.459367 1.11085 -175.366 1.18577 
0.2 2.845 0.772538 0.630644 0.451139 1.18908 -174.171 1.24857 
0.2 2.85 0.775782 0.635225 0.455844 1.17149 -174.825 1.20586 
0.2 2.85 0.77043 0.627383 0.446076 1.1867 -173.575 1.20186 
0.2 2.85 0.772672 0.63138 0.452127 1.20555 -174.409 1.22273 
0.2 2.855 0.77358 0.631659 0.451101 1.16402 -174.02 1.21084 
0.2 2.855 0.772058 0.628498 0.446587 1.13572 -173.633 1.18226 
0.2 2.855 0.772246 0.629638 0.448458 1.16548 -173.719 1.21411 
0.2 2.86 0.768684 0.625192 0.44432 1.19989 -173.29 1.23539 
0.2 2.86 0.767574 0.623395 0.441729 1.19667 -172.939 1.23093 
0.2 2.86 0.769952 0.626741 0.446101 1.18582 -173.433 1.24183 
0.2 2.865 0.763628 0.619114 0.438322 1.25607 -172.46 1.23924 
0.2 2.865 0.76387 0.618549 0.436531 1.22345 -172.443 1.21744 
0.2 2.865 0.762688 0.617202 0.435637 1.2394 -172.084 1.23501 
0.2 2.87 0.75962 0.612967 0.430933 1.25243 -171.688 1.23464 
0.2 2.87 0.757376 0.610268 0.428423 1.27697 -171.235 1.25494 
0.2 2.87 0.75795 0.611058 0.428748 1.27419 -171.317 1.23112 
0.2 2.875 0.75575 0.608205 0.425659 1.28859 -170.568 1.25592 
0.2 2.875 0.756222 0.608652 0.425496 1.27932 -170.795 1.23621 
0.2 2.875 0.75867 0.612044 0.430723 1.26832 -171.168 1.28738 
0.2 2.88 0.754818 0.607099 0.424437 1.29685 -170.303 1.27478 
0.2 2.88 0.757138 0.609838 0.427556 1.27015 -170.954 1.24584 
0.2 2.88 0.752462 0.603935 0.421365 1.31026 -170.289 1.26088 
0.2 2.885 0.751006 0.602787 0.420609 1.34408 -170.059 1.25985 
0.2 2.885 0.748364 0.598289 0.41502 1.32549 -169.403 1.27257 
0.2 2.885 0.75098 0.602834 0.421129 1.34708 -170.233 1.27049 
0.2 2.89 0.74943 0.599676 0.416742 1.31595 -169.409 1.28372 
0.2 2.89 0.747884 0.598599 0.416366 1.35877 -169.223 1.28657 
0.2 2.89 0.747692 0.597677 0.414334 1.33681 -169.118 1.26888 
0.2 2.895 0.744774 0.594372 0.411759 1.37076 -168.595 1.29909 
0.2 2.895 0.74345 0.592242 0.409471 1.36525 -168.641 1.29623 
0.2 2.895 0.746318 0.595675 0.411578 1.33627 -168.598 1.25678 
0.2 2.9 0.737546 0.585029 0.401843 1.41568 -167.639 1.29145 
0.2 2.9 0.740314 0.588274 0.404664 1.38652 -167.966 1.25771 
0.2 2.9 0.74356 0.591504 0.407325 1.3318 -168.072 1.27496 
0.2 2.905 0.739 0.586969 0.403459 1.40613 -167.717 1.25414 
0.2 2.905 0.740212 0.587251 0.402628 1.35413 -167.381 1.25768 
0.2 2.905 0.73453 0.580487 0.396286 1.40971 -166.685 1.28416 
0.2 2.91 0.735232 0.581662 0.397738 1.41223 -166.842 1.28425 
0.2 2.91 0.733204 0.579086 0.395084 1.42603 -166.452 1.2906 
0.2 2.91 0.735832 0.582437 0.398622 1.40855 -166.895 1.28356 
0.2 2.915 0.73035 0.574489 0.389065 1.40917 -165.784 1.26665 
0.2 2.915 0.733436 0.578629 0.393727 1.39626 -166.492 1.25444 
0.2 2.915 0.733498 0.57825 0.392623 1.38014 -166.271 1.25978 
0.2 2.92 0.726712 0.570534 0.385707 1.45286 -165.208 1.27906 
0.2 2.92 0.724388 0.56829 0.384026 1.4915 -164.882 1.3004 
0.2 2.92 0.728016 0.571668 0.386645 1.42674 -165.388 1.27905 
0.2 2.925 0.727132 0.571487 0.387893 1.4621 -165.501 1.31283 
0.2 2.925 0.72747 0.57245 0.388747 1.47821 -165.485 1.29708 
0.2 2.925 0.723258 0.566289 0.381684 1.47647 -164.616 1.28575 
0.2 2.93 0.72418 0.56746 0.382564 1.46837 -164.575 1.27802 
0.2 2.93 0.720666 0.563412 0.37906 1.50349 -164.049 1.31016 
0.2 2.93 0.724266 0.567151 0.3819 1.45357 -164.557 1.28657 
0.2 2.935 0.716188 0.557527 0.372434 1.51966 -163.109 1.30574 
0.2 2.935 0.719768 0.561794 0.377009 1.48988 -164.321 1.26738 
0.2 2.935 0.716616 0.557828 0.372825 1.509 -163.169 1.30732 
0.2 2.94 0.715448 0.555623 0.369904 1.48834 -162.835 1.29168 
0.2 2.94 0.712304 0.553271 0.369466 1.56101 -162.816 1.33229 
0.2 2.94 0.712076 0.553179 0.368896 1.56893 -162.822 1.27969 
0.2 2.945 0.708404 0.547296 0.362 1.54363 -161.746 1.30271 
0.2 2.945 0.705238 0.544749 0.360453 1.60912 -161.628 1.31008 
0.2 2.945 0.709606 0.549361 0.364817 1.55586 -162.187 1.32008 
0.2 2.95 0.706502 0.545556 0.360567 1.57326 -161.556 1.29717 
0.2 2.95 0.70324 0.541705 0.356925 1.59859 -161.089 1.29394 
0.2 2.95 0.706648 0.545065 0.360068 1.54963 -161.318 1.34065 
0.2 2.955 0.706282 0.544526 0.359162 1.54626 -161.382 1.28971 
0.2 2.955 0.700958 0.539461 0.35557 1.62838 -160.782 1.32771 
0.2 2.955 0.704412 0.543046 0.35875 1.58545 -161.316 1.31394 
0.2 2.96 0.697318 0.534433 0.349869 1.62771 -160.075 1.31037 
0.2 2.96 0.699982 0.536805 0.350876 1.58211 -160.234 1.28565 
0.2 2.96 0.69634 0.532874 0.347906 1.6211 -159.69 1.32381 
0.2 2.965 0.696384 0.532295 0.347216 1.59677 -159.526 1.30595 
0.2 2.965 0.694842 0.53143 0.347202 1.63995 -159.457 1.32037 
0.2 2.965 0.695724 0.531556 0.346342 1.60285 -159.391 1.28628 
0.2 2.97 0.690898 0.526609 0.342197 1.6589 -159.052 1.30529 
0.2 2.97 0.693666 0.529616 0.344484 1.6311 -159.161 1.30477 
0.2 2.97 0.691586 0.52793 0.344532 1.67134 -159.181 1.33345 
0.2 2.975 0.690968 0.52648 0.342324 1.64851 -158.832 1.3286 
0.2 2.975 0.688578 0.52286 0.337481 1.63767 -158.176 1.29982 
0.2 2.975 0.688672 0.523179 0.338213 1.64404 -158.269 1.30633 
0.2 2.98 0.681858 0.515154 0.330724 1.68534 -157.108 1.32144 
0.2 2.98 0.682002 0.515669 0.331106 1.69606 -157.245 1.30615 
0.2 2.98 0.685422 0.519817 0.336047 1.67833 -157.761 1.33452 
0.2 2.985 0.684634 0.51801 0.332495 1.65112 -157.502 1.29313 
0.2 2.985 0.677736 0.510584 0.326786 1.71719 -156.495 1.3345 
0.2 2.985 0.679852 0.512874 0.329004 1.69766 -156.843 1.32755 
0.2 2.99 0.674568 0.507234 0.323344 1.74556 -156.016 1.30878 
0.2 2.99 0.67685 0.510094 0.326576 1.73807 -156.317 1.34386 
0.2 2.99 0.675634 0.508712 0.325348 1.74684 -156.457 1.30146 
0.2 2.995 0.675732 0.508341 0.32466 1.72711 -155.952 1.33851 
0.2 2.995 0.677796 0.509819 0.325419 1.68319 -156.217 1.3161 
0.2 2.995 0.670348 0.501898 0.317724 1.75397 -155.157 1.29392 
0.2 3 0.67061 0.501557 0.317178 1.72796 -155.151 1.29351 
0.2 3 0.671802 0.501761 0.316833 1.68145 -155.103 1.29931 
0.2 3 0.671224 0.503925 0.321153 1.77945 -155.481 1.33163 
0.2 3.005 0.662412 0.49255 0.309573 1.78902 -154.048 1.31806 
0.2 3.005 0.66537 0.496535 0.313913 1.79095 -154.428 1.32994 
0.2 3.005 0.668844 0.499401 0.315124 1.73206 -154.613 1.29078 
0.2 3.01 0.660168 0.49021 0.3075 1.80692 -153.71 1.30361 
0.2 3.01 0.66288 0.491743 0.307375 1.73863 -153.794 1.27802 
0.2 3.01 0.6601 0.490277 0.307855 1.81212 -153.562 1.31532 
0.2 3.015 0.65473 0.483828 0.301791 1.82942 -152.648 1.32112 
0.2 3.015 0.657998 0.486528 0.303849 1.77667 -153.244 1.31187 
0.2 3.015 0.659102 0.487342 0.303712 1.75546 -152.816 1.31265 
0.2 3.02 0.654992 0.483088 0.300062 1.79052 -152.36 1.30392 
0.2 3.02 0.655108 0.482291 0.298424 1.75909 -152.434 1.28153 
0.2 3.02 0.652116 0.479892 0.297218 1.80915 -152.067 1.30602 
0.2 3.025 0.652794 0.481192 0.299238 1.81991 -152.043 1.32102 
0.2 3.025 0.647518 0.475118 0.293394 1.84591 -151.309 1.31377 
0.2 3.025 0.651698 0.478617 0.295527 1.78204 -151.696 1.29509 
0.2 3.03 0.642968 0.469586 0.288607 1.85407 -150.802 1.29962 
0.2 3.03 0.646114 0.471763 0.28865 1.79207 -150.77 1.27349 
0.2 3.03 0.644492 0.46981 0.287273 1.79671 -150.466 1.28817 
0.2 3.035 0.637486 0.463516 0.283123 1.8823 -149.547 1.32 
0.2 3.035 0.641288 0.467812 0.286619 1.86366 -150.038 1.30568 
0.2 3.035 0.648908 0.475807 0.292768 1.80315 -150.989 1.29526 
0.2 3.04 0.638644 0.463897 0.282464 1.84312 -149.631 1.28325 
0.2 3.04 0.638992 0.464423 0.282559 1.84579 -149.593 1.29471 
0.2 3.04 0.637034 0.462514 0.281962 1.86518 -149.367 1.31461 
0.2 3.045 0.636306 0.461678 0.280975 1.86513 -149.298 1.2899 
0.2 3.045 0.637272 0.462322 0.280727 1.84585 -149.323 1.28563 
0.2 3.045 0.633292 0.458398 0.278004 1.88305 -149.062 1.287 
0.2 3.05 0.62763 0.452418 0.273355 1.91798 -148.066 1.31475 
0.2 3.05 0.631918 0.456739 0.276323 1.88257 -148.608 1.27871 
0.2 3.05 0.634576 0.459464 0.278285 1.86156 -149.081 1.27961 
0.2 3.055 0.62998 0.454222 0.274142 1.87716 -148.165 1.30277 
0.2 3.055 0.629158 0.452847 0.272459 1.86602 -147.695 1.29072 
0.2 3.055 0.628454 0.452289 0.272176 1.87675 -147.981 1.28591 
0.2 3.06 0.623992 0.447468 0.267973 1.89875 -147.415 1.27961 
0.2 3.06 0.628098 0.452124 0.272086 1.8829 -147.735 1.28825 
0.2 3.06 0.625568 0.44938 0.269937 1.89688 -147.356 1.30449 
0.2 3.065 0.618724 0.441891 0.263697 1.9273 -146.482 1.29954 
0.2 3.065 0.623422 0.446057 0.265946 1.87283 -146.749 1.27951 
0.2 3.065 0.619032 0.4428 0.265212 1.94452 -146.588 1.31647 
0.2 3.07 0.624564 0.447265 0.266687 1.86271 -146.837 1.25586 
0.2 3.07 0.613764 0.436148 0.258524 1.93621 -145.575 1.29884 
0.2 3.07 0.614194 0.436772 0.259157 1.93933 -145.798 1.29347 
0.2 3.075 0.61171 0.4342 0.25693 1.95156 -145.297 1.28668 
0.2 3.075 0.615308 0.436266 0.256723 1.87519 -145.373 1.26187 
0.2 3.075 0.60769 0.429583 0.252353 1.96085 -144.726 1.2718 
0.2 3.08 0.604756 0.424191 0.24598 1.89808 -144.031 1.24353 
0.2 3.08 0.611104 0.43202 0.253625 1.9017 -144.574 1.28235 
0.2 3.08 0.613434 0.43436 0.255511 1.88504 -145.198 1.26408 
0.2 3.085 0.60647 0.42772 0.250946 1.94212 -144.312 1.27458 
0.2 3.085 0.606516 0.426971 0.249205 1.91604 -144.133 1.25385 
0.2 3.085 0.607382 0.428451 0.250935 1.92993 -144.536 1.23237 
0.2 3.09 0.599368 0.419623 0.243326 1.95406 -143.021 1.26436 
0.2 3.09 0.601074 0.420438 0.243705 1.91417 -143.389 1.25397 
0.2 3.09 0.603774 0.424635 0.247958 1.94473 -143.838 1.26683 
0.2 3.095 0.598594 0.418636 0.242471 1.949 -142.662 1.25687 
0.2 3.095 0.601814 0.422019 0.24498 1.9334 -143.232 1.25423 
0.2 3.095 0.596922 0.417182 0.241009 1.96661 -142.594 1.26045 
0.2 3.1 0.59686 0.416257 0.240026 1.93598 -142.442 1.24557 
0.2 3.1 0.591164 0.411162 0.236433 1.98989 -142.025 1.24848 
0.2 3.1 0.59272 0.411435 0.235474 1.9393 -141.911 1.22839 
0.2 3.105 0.588082 0.406235 0.231361 1.94507 -141.317 1.23246 
0.2 3.105 0.59354 0.41144 0.235154 1.90499 -141.599 1.2405 
0.2 3.105 0.585956 0.404453 0.230483 1.96807 -141.114 1.24036 
0.2 3.11 0.587852 0.405432 0.229919 1.92482 -140.925 1.22552 
0.2 3.11 0.585862 0.404201 0.229748 1.96034 -140.642 1.22936 
0.2 3.11 0.58772 0.405832 0.230819 1.94267 -141.13 1.22252 
0.2 3.115 0.586372 0.405346 0.231066 1.97475 -140.862 1.23494 
0.2 3.115 0.580598 0.397429 0.223001 1.93693 -139.827 1.21276 
0.2 3.115 0.581016 0.398648 0.225164 1.96045 -139.971 1.22261 
0.2 3.12 0.578024 0.395963 0.223112 1.98242 -139.459 1.23606 
0.2 3.12 0.57894 0.396348 0.222822 1.96078 -139.587 1.20459 
0.2 3.12 0.579082 0.396725 0.223295 1.96759 -139.832 1.21141 
0.2 3.125 0.577752 0.395592 0.223044 1.97741 -139.419 1.23652 
0.2 3.125 0.574584 0.39152 0.219621 1.96395 -138.829 1.23948 
0.2 3.125 0.575466 0.392527 0.219712 1.96371 -138.872 1.21357 
0.2 3.13 0.568372 0.385084 0.213795 1.98202 -138.45 1.19578 
0.2 3.13 0.57323 0.390053 0.21737 1.96358 -138.462 1.19631 
0.2 3.13 0.567192 0.38359 0.212723 1.97712 -137.682 1.20959 
0.2 3.135 0.563848 0.380904 0.210954 2.0089 -137.669 1.18469 
0.2 3.135 0.567142 0.383212 0.212085 1.96369 -137.667 1.20539 
0.2 3.135 0.57133 0.387973 0.216105 1.96349 -138.407 1.20231 
0.2 3.14 0.562816 0.379876 0.209985 2.01 -137.157 1.20732 
0.2 3.14 0.562452 0.37743 0.206221 1.94514 -136.67 1.17102 
0.2 3.14 0.566582 0.382504 0.21054 1.95826 -137.15 1.18873 
0.2 3.145 0.556834 0.3722 0.202929 1.97571 -136.045 1.18909 
0.2 3.145 0.56038 0.375298 0.204943 1.94826 -136.192 1.19042 
0.2 3.145 0.56144 0.376224 0.205496 1.93989 -136.565 1.1635 
0.2 3.15 0.552508 0.368207 0.200149 1.99817 -135.371 1.19046 
0.2 3.15 0.557896 0.374369 0.205296 2.00385 -136.196 1.19725 
0.2 3.15 0.557936 0.374844 0.20654 2.01751 -136.395 1.21644 
0.2 3.155 0.549208 0.364324 0.197184 1.98715 -134.955 1.18065 
0.2 3.155 0.552752 0.367501 0.198463 1.96408 -135.122 1.16517 
0.2 3.155 0.55379 0.368809 0.199643 1.9691 -135.474 1.16735 
0.2 3.16 0.553202 0.368363 0.199646 1.97249 -135.336 1.15979 
0.2 3.16 0.55387 0.368881 0.200361 1.96548 -135.39 1.17062 
0.2 3.16 0.548376 0.362948 0.195066 1.96937 -134.718 1.16723 
0.2 3.165 0.545652 0.359851 0.192586 1.96254 -133.792 1.16605 
0.2 3.165 0.543622 0.357994 0.19156 1.97374 -133.782 1.16618 
0.2 3.165 0.548724 0.362724 0.194486 1.94711 -134.406 1.15702 
0.2 3.17 0.543646 0.358011 0.19091 1.97034 -133.711 1.14509 
0.2 3.17 0.540704 0.355063 0.188972 1.97799 -133.369 1.15128 
0.2 3.17 0.54679 0.362238 0.195736 1.99555 -134.1 1.197 
0.2 3.175 0.537586 0.351373 0.185476 1.96453 -132.585 1.16495 
0.2 3.175 0.539426 0.354784 0.189067 2.00957 -133.347 1.15694 
0.2 3.175 0.541924 0.356896 0.190759 1.99099 -133.48 1.14809 
0.2 3.18 0.535188 0.348443 0.183048 1.9502 -132.687 1.11318 
0.2 3.18 0.540024 0.353887 0.187838 1.95788 -132.902 1.15548 
0.2 3.18 0.539102 0.353112 0.187793 1.96481 -132.975 1.14353 
0.2 3.185 0.53577 0.349799 0.184563 1.97015 -132.596 1.12717 
0.2 3.185 0.52994 0.342862 0.178649 1.94742 -131.411 1.11939 
0.2 3.185 0.535002 0.34828 0.182699 1.94827 -131.932 1.12525 
0.2 3.19 0.530318 0.344093 0.180064 1.97042 -131.753 1.11885 
0.2 3.19 0.531986 0.347166 0.183629 2.01118 -132.111 1.13911 
0.2 3.19 0.525854 0.338795 0.175452 1.95211 -130.968 1.10146 
0.2 3.195 0.527966 0.341532 0.177861 1.96508 -131.283 1.10512 
0.2 3.195 0.52672 0.339775 0.176084 1.95122 -130.954 1.09259 
0.2 3.195 0.524414 0.339498 0.177879 2.01841 -130.635 1.15982 
0.2 3.2 0.519888 0.332803 0.171486 1.95372 -130.086 1.10872 
0.2 3.2 0.52421 0.337462 0.174279 1.95831 -130.574 1.10779 
0.2 3.2 0.524 0.337368 0.175353 1.96224 -130.574 1.11812 
0.2 3.205 0.518648 0.331014 0.169489 1.93506 -129.604 1.08649 
0.2 3.205 0.51734 0.331355 0.170284 1.98795 -130.113 1.08405 
0.2 3.205 0.524056 0.335644 0.172359 1.90357 -130.323 1.08151 
0.2 3.21 0.514502 0.327744 0.167741 1.96361 -129.198 1.08357 
0.2 3.21 0.515346 0.329468 0.169459 1.99023 -129.348 1.10481 
0.2 3.21 0.517344 0.330097 0.168823 1.94556 -129.051 1.08937 
0.2 3.215 0.505664 0.318684 0.160861 1.95919 -127.984 1.08562 
0.2 3.215 0.514644 0.328071 0.168281 1.96618 -128.968 1.10626 
0.2 3.215 0.509312 0.322896 0.163936 1.97504 -128.45 1.0748 
0.2 3.22 0.509776 0.322879 0.164009 1.95675 -128.394 1.07962 
0.2 3.22 0.51535 0.32827 0.167891 1.94671 -129.138 1.09871 
0.2 3.22 0.509278 0.322282 0.16346 1.95398 -128.204 1.08349 
0.2 3.225 0.504384 0.318242 0.161182 1.97949 -127.615 1.09286 
0.2 3.225 0.502248 0.314772 0.157373 1.93857 -127.03 1.0714 
0.2 3.225 0.505242 0.318608 0.160918 1.96398 -127.783 1.06984 
0.2 3.23 0.500204 0.31279 0.156425 1.93765 -126.947 1.06022 
0.2 3.23 0.503272 0.315752 0.158232 1.93404 -127.124 1.08309 
0.2 3.23 0.50163 0.314747 0.157725 1.954 -127.36 1.05356 
0.2 3.235 0.494938 0.30787 0.152373 1.94457 -125.944 1.06367 
0.2 3.235 0.50287 0.315187 0.157623 1.9261 -127.001 1.0659 
0.2 3.235 0.501658 0.314401 0.157204 1.93942 -126.867 1.05952 
0.2 3.24 0.4952 0.307553 0.151765 1.92377 -126.037 1.03341 
0.2 3.24 0.498242 0.311672 0.156223 1.95762 -126.646 1.06077 
0.2 3.24 0.495456 0.308132 0.153077 1.93381 -126.151 1.07061 
0.2 3.245 0.490674 0.302833 0.147978 1.91284 -125.243 1.03317 
0.2 3.245 0.492678 0.305613 0.150651 1.9378 -125.626 1.03048 
0.2 3.245 0.489636 0.30267 0.148565 1.9392 -125.109 1.03666 
0.2 3.25 0.491796 0.304175 0.149702 1.91729 -125.26 1.03291 
0.2 3.25 0.488194 0.300373 0.146417 1.90892 -124.732 1.02751 
0.2 3.25 0.491392 0.303389 0.148465 1.90533 -125.143 1.02453 
0.2 3.255 0.484612 0.297462 0.144637 1.9236 -124.385 1.02797 
0.2 3.255 0.483576 0.296045 0.143586 1.91088 -124.2 1.00895 
0.2 3.255 0.487858 0.299255 0.145092 1.8817 -124.367 1.01344 
0.2 3.26 0.485192 0.297274 0.144362 1.89763 -124.243 1.00951 
0.2 3.26 0.488074 0.300208 0.146178 1.90158 -124.597 1.01489 
0.2 3.26 0.479638 0.292448 0.140986 1.91396 -123.702 0.98761 
0.2 3.265 0.479968 0.291467 0.139517 1.8713 -123.37 0.98844 
0.2 3.265 0.479046 0.292425 0.141715 1.92772 -123.235 1.03441 
0.2 3.265 0.482366 0.293813 0.141372 1.87247 -123.572 1.01258 
0.2 3.27 0.480014 0.291683 0.139497 1.87368 -123.027 0.997334 
0.2 3.27 0.47627 0.289778 0.139739 1.92493 -123.177 1.009 
0.2 3.27 0.477502 0.288401 0.136332 1.84689 -122.757 0.968832 
0.2 3.275 0.471086 0.283888 0.1346 1.89208 -122.538 0.984199 
0.2 3.275 0.474122 0.286162 0.135915 1.87392 -122.762 0.977813 
0.2 3.275 0.471652 0.284005 0.134092 1.87938 -121.933 0.992116 
0.2 3.28 0.47345 0.283978 0.133698 1.82387 -122.183 0.97025 
0.2 3.28 0.472942 0.284949 0.135104 1.86813 -122.334 0.991387 
0.2 3.28 0.468526 0.281506 0.132754 1.88993 -121.691 0.970069 
0.2 3.285 0.464932 0.278061 0.130696 1.88429 -121.318 0.984123 
0.2 3.285 0.468446 0.281275 0.132921 1.88228 -121.704 0.989211 
0.2 3.285 0.468026 0.280201 0.131859 1.86158 -121.22 0.971687 
0.2 3.29 0.463552 0.275094 0.12748 1.8302 -120.564 0.94777 
0.2 3.29 0.465532 0.277575 0.129599 1.8497 -120.82 0.960382 
0.2 3.29 0.467304 0.279048 0.130605 1.84423 -121.197 0.960125 
0.2 3.295 0.462216 0.275155 0.128515 1.86681 -120.59 0.963212 
0.2 3.295 0.463736 0.275681 0.128104 1.84005 -120.601 0.955468 
0.2 3.295 0.459922 0.273101 0.127376 1.86867 -120.326 0.956509 
0.2 3.3 0.46046 0.271713 0.124361 1.80879 -120.014 0.923684 
0.2 3.3 0.459748 0.272322 0.126419 1.8471 -119.886 0.955275 
0.2 3.3 0.457874 0.270124 0.12463 1.8326 -119.56 0.942434 
0.2 3.305 0.456826 0.269683 0.124441 1.84548 -119.724 0.928351 
0.2 3.305 0.455764 0.26828 0.123564 1.83236 -119.493 0.939166 
0.2 3.305 0.456458 0.269306 0.124142 1.84425 -119.555 0.93846 
0.2 3.31 0.453924 0.26682 0.122514 1.83605 -119.454 0.931882 
0.2 3.31 0.453654 0.266795 0.122716 1.84268 -119.282 0.95644 
0.2 3.31 0.455674 0.268224 0.123879 1.83036 -119.346 0.958135 
0.2 3.315 0.45049 0.263843 0.120553 1.83714 -118.882 0.925544 
0.2 3.315 0.45198 0.263329 0.118545 1.78108 -118.724 0.897952 
0.2 3.315 0.449758 0.263342 0.120387 1.84192 -118.746 0.919365 
0.2 3.32 0.449002 0.261728 0.118335 1.81101 -118.413 0.909524 
0.2 3.32 0.449208 0.262551 0.119455 1.8302 -118.333 0.910745 
0.2 3.32 0.44353 0.257342 0.116538 1.82599 -117.824 0.925889 
0.2 3.325 0.443388 0.257115 0.116152 1.8202 -117.513 0.923286 
0.2 3.325 0.44199 0.254591 0.113163 1.78151 -117.265 0.900221 
0.2 3.325 0.447832 0.260852 0.117511 1.81349 -118.108 0.903243 
0.2 3.33 0.437064 0.250764 0.11147 1.79397 -116.916 0.885279 
0.2 3.33 0.44136 0.254584 0.113947 1.79536 -117.251 0.911239 
0.2 3.33 0.439962 0.253886 0.113406 1.8114 -117.31 0.898449 
0.2 3.335 0.440258 0.252849 0.112218 1.76978 -116.878 0.89097 
0.2 3.335 0.438204 0.252409 0.11225 1.81068 -116.813 0.895934 
0.2 3.335 0.439886 0.253443 0.113188 1.79739 -116.61 0.901658 
0.2 3.34 0.437218 0.250663 0.111414 1.78155 -116.666 0.893305 
0.2 3.34 0.438636 0.252612 0.112806 1.80272 -116.633 0.904901 
0.2 3.34 0.437668 0.250933 0.111445 1.77784 -116.466 0.913238 
0.2 3.345 0.438544 0.251507 0.11123 1.7694 -116.323 0.867878 
0.2 3.345 0.430202 0.244235 0.107006 1.76863 -115.538 0.880984 
0.2 3.345 0.433864 0.246258 0.10718 1.73452 -115.79 0.858963 
0.2 3.35 0.429692 0.242715 0.105071 1.73372 -115.241 0.863147 
0.2 3.35 0.432664 0.246428 0.108182 1.76807 -115.515 0.883686 
0.2 3.35 0.432254 0.246109 0.107774 1.7691 -115.457 0.865835 
0.2 3.355 0.429236 0.242847 0.106128 1.74675 -115.354 0.870102 
0.2 3.355 0.430648 0.243856 0.105937 1.74063 -115.381 0.868033 
0.2 3.355 0.430304 0.244086 0.106608 1.7563 -115.008 0.877736 
0.2 3.36 0.426028 0.238164 0.101496 1.68642 -114.41 0.842823 
0.2 3.36 0.428388 0.240055 0.102814 1.68269 -114.799 0.849016 
0.2 3.36 0.426206 0.240274 0.104521 1.74471 -114.821 0.85729 
0.2 3.365 0.421564 0.23636 0.101612 1.74276 -114.116 0.848055 
0.2 3.365 0.423366 0.237653 0.102758 1.73595 -114.321 0.859693 
0.2 3.365 0.425276 0.238844 0.102688 1.72317 -114.19 0.855483 
0.2 3.37 0.418082 0.231792 0.0977487 1.69137 -113.36 0.820478 
0.2 3.37 0.421766 0.236149 0.101103 1.72885 -113.809 0.840036 
0.2 3.37 0.417862 0.233086 0.0995481 1.73524 -113.424 0.851135 
0.2 3.375 0.423064 0.236881 0.101462 1.7155 -113.852 0.837342 
0.2 3.375 0.415498 0.229942 0.0972623 1.69787 -112.979 0.834631 
0.2 3.375 0.419922 0.234526 0.100145 1.7242 -113.774 0.828552 
0.2 3.38 0.411294 0.225863 0.0942931 1.67753 -112.577 0.818843 
0.2 3.38 0.41818 0.232289 0.0983707 1.69865 -113.358 0.822612 
0.2 3.38 0.415912 0.230086 0.0970957 1.68946 -112.726 0.835565 
0.2 3.385 0.410264 0.224991 0.0940313 1.67429 -112.019 0.821016 
0.2 3.385 0.411876 0.22732 0.0956602 1.70392 -112.408 0.816155 
0.2 3.385 0.411126 0.225083 0.0934942 1.65607 -112.348 0.804742 
0.2 3.39 0.412922 0.227016 0.0948671 1.66699 -112.357 0.796031 
0.2 3.39 0.41343 0.228363 0.0962428 1.69437 -112.296 0.816676 
0.2 3.39 0.414302 0.228155 0.0952852 1.66694 -112.431 0.809322 
0.2 3.395 0.406616 0.222044 0.0922789 1.67033 -111.5 0.826879 
0.2 3.395 0.404434 0.220753 0.0916358 1.68442 -111.744 0.798515 
0.2 3.395 0.404972 0.219979 0.090915 1.64881 -111.391 0.8136 
0.2 3.4 0.405446 0.220258 0.0905203 1.64327 -111.204 0.788989 
0.2 3.4 0.407816 0.221893 0.0909363 1.63468 -111.013 0.783718 
0.2 3.4 0.412914 0.228204 0.0967965 1.69725 -112.383 0.82319 
0.2 3.405 0.405886 0.219956 0.089281 1.62152 -111.256 0.758593 
0.2 3.405 0.404696 0.221172 0.0923155 1.68557 -111.131 0.813732 
0.2 3.405 0.40156 0.21651 0.0881612 1.62288 -110.96 0.779973 
0.2 3.41 0.40338 0.218071 0.08897 1.62334 -111.351 0.777048 
0.2 3.41 0.400244 0.215895 0.0881008 1.63341 -110.488 0.776011 
0.2 3.41 0.399156 0.214753 0.0872698 1.62545 -110.38 0.782795 
0.2 3.415 0.400896 0.216777 0.0885616 1.64156 -110.592 0.791254 
0.2 3.415 0.39741 0.213314 0.0863556 1.62164 -110.192 0.77299 
0.2 3.415 0.399612 0.215259 0.0875239 1.62722 -109.99 0.773923 
0.2 3.42 0.398966 0.215206 0.087794 1.63837 -109.943 0.792435 
0.2 3.42 0.397702 0.213327 0.0862881 1.61287 -109.926 0.782941 
0.2 3.42 0.400548 0.215768 0.0871153 1.61782 -110.135 0.762372 
0.2 3.425 0.395334 0.210488 0.0840258 1.58247 -109.216 0.763029 
0.2 3.425 0.394522 0.210651 0.0848607 1.60595 -109.273 0.775182 
0.2 3.425 0.393788 0.209965 0.0840173 1.6028 -109.578 0.7564 
0.2 3.43 0.394896 0.210382 0.083711 1.58716 -109.234 0.753719 
0.2 3.43 0.395916 0.21106 0.0840246 1.58341 -109.11 0.763678 
0.2 3.43 0.396176 0.212627 0.085587 1.62307 -109.397 0.752 
0.2 3.435 0.389464 0.206236 0.0816664 1.58818 -108.606 0.749905 
0.2 3.435 0.390456 0.206142 0.0808903 1.5629 -108.671 0.733619 
0.2 3.435 0.39022 0.205949 0.0806965 1.56267 -108.73 0.729974 
0.2 3.44 0.389658 0.205077 0.0802816 1.54779 -108.11 0.731466 
0.2 3.44 0.386706 0.202789 0.0792746 1.54788 -108.083 0.74059 
0.2 3.44 0.391114 0.206682 0.0812184 1.56138 -108.548 0.750123 
0.2 3.445 0.383664 0.201498 0.0790078 1.57618 -107.791 0.739185 
0.2 3.445 0.385532 0.202124 0.0792566 1.55265 -107.964 0.747556 
0.2 3.445 0.38363 0.201505 0.0794671 1.57716 -108.062 0.747579 
0.2 3.45 0.380744 0.198171 0.0769862 1.54217 -107.104 0.726353 
0.2 3.45 0.383272 0.200543 0.0781883 1.55494 -107.46 0.732859 
0.2 3.45 0.384548 0.201399 0.0786952 1.55134 -107.646 0.740078 
0.2 3.455 0.378328 0.195796 0.0752503 1.52428 -106.683 0.720163 
0.2 3.455 0.37966 0.196523 0.0754956 1.5161 -106.92 0.714209 
0.2 3.455 0.3816 0.198319 0.0764471 1.52534 -107.098 0.723144 
0.2 3.46 0.383322 0.19905 0.0764778 1.5062 -107.313 0.718944 
0.2 3.46 0.38032 0.198025 0.0768439 1.54282 -106.873 0.721642 
0.2 3.46 0.380596 0.198757 0.0772891 1.5579 -107.128 0.731491 
0.2 3.465 0.377154 0.194498 0.0740927 1.50802 -106.598 0.705568 
0.2 3.465 0.374586 0.192706 0.0734314 1.51201 -105.84 0.721552 
0.2 3.465 0.374442 0.192849 0.0739833 1.51926 -106.367 0.709472 
0.2 3.47 0.37813 0.196296 0.0756431 1.53641 -106.537 0.720242 
0.2 3.47 0.375678 0.193815 0.0742978 1.5182 -106.417 0.714104 
0.2 3.47 0.373928 0.191507 0.0721199 1.48949 -105.764 0.69756 
0.2 3.475 0.37363 0.192385 0.0735678 1.51902 -106.176 0.700868 
0.2 3.475 0.371158 0.189747 0.0719538 1.49607 -105.36 0.694855 
0.2 3.475 0.370592 0.189945 0.0724015 1.51387 -105.488 0.702153 
0.2 3.48 0.370474 0.189341 0.0716405 1.49683 -105.208 0.710235 
0.2 3.48 0.36833 0.187551 0.070246 1.49091 -105.458 0.678368 
0.2 3.48 0.36815 0.187178 0.0698966 1.48401 -105.188 0.696668 
0.2 3.485 0.36756 0.187518 0.071052 1.50408 -104.934 0.698145 
0.2 3.485 0.367992 0.186323 0.0691288 1.46068 -104.63 0.677819 
0.2 3.485 0.370118 0.188156 0.0707779 1.46826 -105.109 0.6889 
0.2 3.49 0.36779 0.186061 0.0686351 1.45535 -104.925 0.662988 
0.2 3.49 0.369368 0.188307 0.070675 1.48637 -104.885 0.695715 
0.2 3.49 0.365152 0.183704 0.0674035 1.4432 -104.378 0.662291 
0.2 3.495 0.368302 0.186136 0.0689493 1.44463 -104.423 0.685231 
0.2 3.495 0.360834 0.180382 0.0660745 1.4358 -103.755 0.66693 
0.2 3.495 0.364306 0.183336 0.0672107 1.44827 -103.943 0.660172 
