size temperature m m^2 m^4 mag_sus
16 0.02 1 1 1 0 
16 0.02 1 1 1 0 
16 0.02 1 1 1 0 
16 0.02 1 1 1 0 
16 0.02 1 1 1 0 
16 0.04 1 1 1 0 
16 0.04 1 1 1 0 
16 0.04 1 1 1 0 
16 0.04 1 1 1 0 
16 0.04 1 1 1 0 
16 0.06 1 1 1 0 
16 0.06 1 1 1 0 
16 0.06 1 1 1 0 
16 0.06 1 1 1 0 
16 0.06 1 1 1 0 
16 0.08 1 1 1 0 
16 0.08 1 1 1 0 
16 0.08 1 1 1 0 
16 0.08 1 1 1 0 
16 0.08 1 1 1 0 
16 0.1 1 1 1 0 
16 0.1 1 1 1 0 
16 0.1 1 1 1 0 
16 0.1 1 1 1 0 
16 0.1 1 1 1 0 
16 0.12 1 1 1 0 
16 0.12 1 1 1 0 
16 0.12 1 1 1 0 
16 0.12 1 1 1 0 
16 0.12 1 1 1 0 
16 0.14 1 1 1 0 
16 0.14 1 1 1 0 
16 0.14 1 1 1 0 
16 0.14 1 1 1 0 
16 0.14 1 1 1 0 
16 0.16 1 1 1 0 
16 0.16 1 1 1 0 
16 0.16 1 1 1 0 
16 0.16 1 1 1 0 
16 0.16 1 1 1 0 
16 0.18 1 1 1 0 
16 0.18 1 1 1 0 
16 0.18 1 1 1 0 
16 0.18 1 1 1 0 
16 0.18 1 1 1 0 
16 0.2 1 1 1 0 
16 0.2 1 1 1 0 
16 0.2 1 1 1 0 
16 0.2 1 1 1 0 
16 0.2 1 1 1 0 
16 0.22 1 1 1 0 
16 0.22 1 1 1 0 
16 0.22 1 1 1 0 
16 0.22 1 1 1 0 
16 0.22 1 1 1 0 
16 0.24 1 1 1 0 
16 0.24 1 1 1 0 
16 0.24 1 1 1 0 
16 0.24 1 1 1 0 
16 0.24 1 1 1 0 
16 0.26 1 1 1 0 
16 0.26 1 1 1 0 
16 0.26 1 1 1 0 
16 0.26 1 1 1 0 
16 0.26 1 1 1 0 
16 0.28 1 1 1 0 
16 0.28 1 1 1 0 
16 0.28 1 1 1 0 
16 0.28 1 1 1 0 
16 0.28 1 1 1 0 
16 0.3 1 1 1 0 
16 0.3 1 1 1 0 
16 0.3 1 1 1 0 
16 0.3 1 1 1 0 
16 0.3 1 1 1 0 
16 0.32 1 1 1 0 
16 0.32 1 1 1 0 
16 0.32 1 1 1 0 
16 0.32 1 1 1 0 
16 0.32 1 1 1 0 
16 0.34 1 1 1 0 
16 0.34 1 1 1 0 
16 0.34 1 1 1 0 
16 0.34 1 1 1 0 
16 0.34 1 1 1 0 
16 0.36 1 1 1 0 
16 0.36 1 1 1 0 
16 0.36 1 1 1 0 
16 0.36 1 1 1 0 
16 0.36 1 1 1 0 
16 0.38 1 1 1 0 
16 0.38 1 1 1 0 
16 0.38 1 1 1 0 
16 0.38 1 1 1 0 
16 0.38 1 1 1 0 
16 0.4 1 1 1 0 
16 0.4 1 1 1 0 
16 0.4 1 1 1 0 
16 0.4 1 1 1 0 
16 0.4 1 1 1 0 
16 0.42 1 1 1 0 
16 0.42 1 1 1 0 
16 0.42 1 1 1 0 
16 0.42 1 1 1 0 
16 0.42 1 1 1 0 
16 0.44 1 1 1 0 
16 0.44 1 1 1 0 
16 0.44 0.999999 0.999998 0.999997 3.55078e-06 
16 0.44 1 1 1 0 
16 0.44 1 1 1 0 
16 0.46 1 1 1 0 
16 0.46 1 1 1 0 
16 0.46 0.999999 0.999998 0.999997 3.3964e-06 
16 0.46 1 1 1 0 
16 0.46 1 1 1 0 
16 0.48 1 1 1 0 
16 0.48 1 1 1 0 
16 0.48 1 1 1 0 
16 0.48 1 1 1 0 
16 0.48 1 1 1 0 
16 0.5 1 1 1 0 
16 0.5 1 1 1 0 
16 0.5 1 1 1 0 
16 0.5 1 1 1 0 
16 0.5 1 1 1 0 
16 0.52 1 1 1 0 
16 0.52 1 1 1 0 
16 0.52 1 1 1 0 
16 0.52 1 1 1 0 
16 0.52 0.999999 0.999998 0.999997 3.00451e-06 
16 0.54 1 1 1 0 
16 0.54 1 1 1 0 
16 0.54 1 1 1 0 
16 0.54 1 1 1 0 
16 0.54 1 1 1 0 
16 0.56 0.999998 0.999997 0.999994 5.57924e-06 
16 0.56 1 1 1 0 
16 0.56 1 1 1 0 
16 0.56 1 1 1 0 
16 0.56 0.999997 0.999994 0.999988 1.11562e-05 
16 0.58 0.999998 0.999997 0.999994 5.38685e-06 
16 0.58 0.999999 0.999998 0.999997 2.6937e-06 
16 0.58 1 1 1 0 
16 0.58 0.999998 0.999997 0.999994 5.38685e-06 
16 0.58 0.999998 0.999995 0.999991 8.07947e-06 
16 0.6 0.999995 0.999991 0.999981 1.56156e-05 
16 0.6 0.999998 0.999997 0.999994 5.20729e-06 
16 0.6 0.999999 0.999998 0.999997 2.60391e-06 
16 0.6 0.999998 0.999997 0.999994 5.20729e-06 
16 0.6 0.999998 0.999995 0.999991 7.81016e-06 
16 0.62 0.999993 0.999986 0.999972 2.2661e-05 
16 0.62 0.999996 0.999992 0.999985 1.25945e-05 
16 0.62 0.999994 0.999988 0.999975 2.01452e-05 
16 0.62 0.99999 0.99998 0.99996 3.27195e-05 
16 0.62 0.999995 0.999991 0.999981 1.51119e-05 
16 0.64 0.999995 0.999989 0.999978 1.70779e-05 
16 0.64 0.999995 0.999989 0.999978 1.70779e-05 
16 0.64 0.999997 0.999994 0.999988 9.76172e-06 
16 0.64 0.99999 0.99998 0.99996 3.1697e-05 
16 0.64 0.999994 0.999988 0.999975 1.95156e-05 
16 0.66 0.999986 0.999972 0.999944 4.25369e-05 
16 0.66 0.999988 0.999977 0.999954 3.54581e-05 
16 0.66 0.999987 0.999974 0.999947 4.01778e-05 
16 0.66 0.999988 0.999975 0.999951 3.78182e-05 
16 0.66 0.999991 0.999983 0.999966 2.6013e-05 
16 0.68 0.999985 0.99997 0.999941 4.81707e-05 
16 0.68 0.999986 0.999972 0.999944 4.58814e-05 
16 0.68 0.999984 0.999969 0.999938 4.5864e-05 
16 0.68 0.999989 0.999978 0.999957 3.21241e-05 
16 0.68 0.999983 0.999966 0.999932 5.04403e-05 
16 0.7 0.999979 0.999958 0.999917 6.01051e-05 
16 0.7 0.999978 0.999956 0.999914 6.2325e-05 
16 0.7 0.999974 0.999949 0.999898 7.78819e-05 
16 0.7 0.999983 0.999966 0.999932 4.89991e-05 
16 0.7 0.999973 0.999947 0.999895 7.56348e-05 
16 0.72 0.999971 0.999942 0.999886 7.9998e-05 
16 0.72 0.99997 0.999939 0.99988 8.43053e-05 
16 0.72 0.999969 0.999938 0.999876 8.64583e-05 
16 0.72 0.999963 0.999927 0.999855 0.000101517 
16 0.72 0.999973 0.999947 0.999895 7.35339e-05 
16 0.74 0.999969 0.999938 0.999877 8.83446e-05 
16 0.74 0.999961 0.999922 0.999846 0.000109269 
16 0.74 0.999958 0.999916 0.999833 0.000113405 
16 0.74 0.999956 0.999913 0.999827 0.000126027 
16 0.74 0.999959 0.999918 0.999836 0.000111316 
16 0.76 0.999955 0.99991 0.999821 0.000118552 
16 0.76 0.999962 0.999924 0.999849 0.000100247 
16 0.76 0.999944 0.999888 0.999778 0.000146961 
16 0.76 0.99995 0.9999 0.999803 0.000143072 
16 0.76 0.999955 0.99991 0.999821 0.000118552 
16 0.78 0.999933 0.999866 0.999734 0.0001748 
16 0.78 0.999931 0.999863 0.999728 0.000174731 
16 0.78 0.99993 0.99986 0.999722 0.000186679 
16 0.78 0.999931 0.999863 0.999728 0.000178737 
16 0.78 0.999935 0.999871 0.999744 0.000168892 
16 0.8 0.999899 0.999799 0.999602 0.000260422 
16 0.8 0.999902 0.999805 0.999614 0.000241089 
16 0.8 0.999908 0.999816 0.999636 0.000235562 
16 0.8 0.999913 0.999827 0.999657 0.000218297 
16 0.8 0.999923 0.999846 0.999694 0.000203164 
16 0.82 0.99986 0.999722 0.999448 0.000365465 
16 0.82 0.999864 0.999729 0.999463 0.000348652 
16 0.82 0.999884 0.999768 0.99954 0.000306364 
16 0.82 0.999875 0.999751 0.999506 0.000311433 
16 0.82 0.999878 0.999757 0.999519 0.000319296 
16 0.84 0.999856 0.999714 0.999432 0.000362006 
16 0.84 0.999845 0.999692 0.999389 0.000383333 
16 0.84 0.999847 0.999695 0.999395 0.000376039 
16 0.84 0.999862 0.999725 0.999453 0.000330854 
16 0.84 0.999855 0.999712 0.999429 0.000352637 
16 0.86 0.99981 0.999622 0.99925 0.000463472 
16 0.86 0.999816 0.999633 0.999272 0.000444096 
16 0.86 0.999812 0.999625 0.999256 0.000456381 
16 0.86 0.999807 0.999616 0.999238 0.000484918 
16 0.86 0.999812 0.999627 0.99926 0.000469186 
16 0.88 0.999762 0.999527 0.999062 0.000555324 
16 0.88 0.999772 0.999546 0.999099 0.000549491 
16 0.88 0.999776 0.999553 0.999115 0.00054823 
16 0.88 0.999782 0.999566 0.999139 0.000509971 
16 0.88 0.999773 0.999547 0.999102 0.000530064 
16 0.9 0.999712 0.999426 0.998862 0.000682958 
16 0.9 0.999705 0.999412 0.998833 0.000666166 
16 0.9 0.999721 0.999445 0.998898 0.00063586 
16 0.9 0.999733 0.999468 0.998944 0.000608166 
16 0.9 0.999722 0.999446 0.998901 0.000634247 
16 0.92 0.999636 0.999275 0.998563 0.000842874 
16 0.92 0.999663 0.99933 0.998671 0.000795557 
16 0.92 0.999674 0.999351 0.998714 0.000763606 
16 0.92 0.999659 0.999322 0.998655 0.000803312 
16 0.92 0.999635 0.999274 0.99856 0.000861398 
16 0.94 0.999574 0.999152 0.998319 0.000959604 
16 0.94 0.999576 0.999155 0.998325 0.000943343 
16 0.94 0.999566 0.999135 0.998284 0.000945955 
16 0.94 0.999598 0.999199 0.998411 0.000895076 
16 0.94 0.999576 0.999155 0.998326 0.000976588 
16 0.96 0.999491 0.998987 0.997992 0.00111429 
16 0.96 0.999526 0.999056 0.998128 0.00106145 
16 0.96 0.999502 0.999008 0.998033 0.00113167 
16 0.96 0.999504 0.999012 0.998041 0.00106881 
16 0.96 0.999498 0.999001 0.99802 0.00112758 
16 0.98 0.999373 0.998753 0.997527 0.00137066 
16 0.98 0.999389 0.998784 0.997591 0.00142992 
16 0.98 0.999393 0.998791 0.997605 0.00134347 
16 0.98 0.999381 0.998768 0.997557 0.00129667 
16 0.98 0.999384 0.998774 0.997571 0.00137102 
16 1 0.999281 0.998569 0.997163 0.0014865 
16 1 0.999306 0.998619 0.997262 0.00147679 
16 1 0.99928 0.998568 0.997163 0.0016409 
16 1 0.99929 0.998586 0.997197 0.00147558 
16 1 0.99929 0.998586 0.997198 0.00154746 
16 1.02 0.999101 0.99821 0.996453 0.00191562 
16 1.02 0.999123 0.998255 0.996544 0.00190581 
16 1.02 0.999105 0.998219 0.996472 0.00190548 
16 1.02 0.999173 0.998355 0.996741 0.00180157 
16 1.02 0.999129 0.998266 0.996564 0.00183927 
16 1.04 0.998988 0.997985 0.996008 0.00214549 
16 1.04 0.998991 0.997992 0.996023 0.00211288 
16 1.04 0.999 0.998009 0.996057 0.00209159 
16 1.04 0.998991 0.997993 0.996024 0.00215495 
16 1.04 0.999011 0.998031 0.996099 0.00205487 
16 1.06 0.998852 0.997715 0.995474 0.00244385 
16 1.06 0.998905 0.997822 0.995685 0.00227111 
16 1.06 0.998804 0.997619 0.995284 0.00242719 
16 1.06 0.998912 0.997834 0.995711 0.00230388 
16 1.06 0.998771 0.997554 0.995157 0.0025937 
16 1.08 0.998623 0.997261 0.994578 0.00289285 
16 1.08 0.998672 0.997357 0.994767 0.0027445 
16 1.08 0.998702 0.997418 0.994887 0.00267811 
16 1.08 0.998626 0.997265 0.994584 0.00279165 
16 1.08 0.998637 0.997289 0.994631 0.00277466 
16 1.1 0.998441 0.996897 0.993856 0.00309602 
16 1.1 0.998409 0.996834 0.993734 0.00332111 
16 1.1 0.998473 0.996961 0.993985 0.00315454 
16 1.1 0.998395 0.996808 0.993683 0.00339504 
16 1.1 0.99848 0.996976 0.994012 0.00300383 
16 1.12 0.998263 0.996545 0.993164 0.00356979 
16 1.12 0.998205 0.996429 0.992933 0.00367176 
16 1.12 0.998265 0.996548 0.99317 0.00357103 
16 1.12 0.998262 0.996542 0.993157 0.00356018 
16 1.12 0.998205 0.99643 0.992936 0.00363753 
16 1.14 0.99798 0.995982 0.992052 0.00413276 
16 1.14 0.99797 0.995963 0.992014 0.00408037 
16 1.14 0.997891 0.995805 0.991704 0.00436541 
16 1.14 0.997952 0.995927 0.991942 0.00405981 
16 1.14 0.997971 0.995965 0.992021 0.00425515 
16 1.16 0.997651 0.995328 0.990759 0.00458081 
16 1.16 0.997609 0.995244 0.990593 0.00464174 
16 1.16 0.997669 0.995364 0.990832 0.00464113 
16 1.16 0.997698 0.995421 0.990946 0.00460199 
16 1.16 0.997686 0.995398 0.990901 0.00466414 
16 1.18 0.997438 0.994907 0.989932 0.00510039 
16 1.18 0.997326 0.994683 0.989489 0.00524008 
16 1.18 0.997429 0.994887 0.989891 0.00497078 
16 1.18 0.99735 0.994731 0.989583 0.00516609 
16 1.18 0.997333 0.994697 0.989515 0.0051648 
16 1.2 0.997016 0.994069 0.988279 0.00575329 
16 1.2 0.996894 0.993826 0.987804 0.00617597 
16 1.2 0.997043 0.994122 0.988384 0.00575049 
16 1.2 0.996977 0.993992 0.988131 0.00601834 
16 1.2 0.997005 0.994047 0.988237 0.00580184 
16 1.22 0.996627 0.993297 0.986765 0.00674627 
16 1.22 0.996667 0.993377 0.986924 0.00668561 
16 1.22 0.996657 0.993357 0.986882 0.00661887 
16 1.22 0.996629 0.9933 0.986768 0.00652802 
16 1.22 0.996648 0.993339 0.986843 0.00647232 
16 1.24 0.996384 0.992816 0.985818 0.0070743 
16 1.24 0.996269 0.992587 0.98537 0.00738783 
16 1.24 0.99627 0.992588 0.985368 0.00721388 
16 1.24 0.996277 0.992604 0.985401 0.00730655 
16 1.24 0.996241 0.992532 0.985259 0.00731153 
16 1.26 0.995784 0.991625 0.983478 0.00817242 
16 1.26 0.995762 0.991583 0.983397 0.00835806 
16 1.26 0.995827 0.991712 0.983651 0.0081825 
16 1.26 0.995857 0.99177 0.98376 0.00788544 
16 1.26 0.995772 0.991602 0.983435 0.00829492 
16 1.28 0.995381 0.990829 0.981917 0.00896829 
16 1.28 0.995266 0.9906 0.981471 0.00932085 
16 1.28 0.995266 0.9906 0.98147 0.00926226 
16 1.28 0.995206 0.990484 0.981247 0.00966913 
16 1.28 0.995208 0.990485 0.981242 0.00926685 
16 1.3 0.994755 0.989588 0.979484 0.0100724 
16 1.3 0.994828 0.989735 0.979781 0.0103096 
16 1.3 0.994741 0.989561 0.979436 0.0103125 
16 1.3 0.994841 0.989759 0.979824 0.0101187 
16 1.3 0.994793 0.989665 0.979639 0.0102005 
16 1.32 0.994221 0.988534 0.97743 0.0114127 
16 1.32 0.994237 0.988566 0.97749 0.0112636 
16 1.32 0.994202 0.988497 0.977356 0.0114227 
16 1.32 0.994277 0.988644 0.977639 0.011015 
16 1.32 0.994238 0.988567 0.97749 0.0111505 
16 1.34 0.993502 0.987113 0.974652 0.0127073 
16 1.34 0.993622 0.987349 0.975111 0.0123798 
16 1.34 0.99367 0.987445 0.9753 0.0123575 
16 1.34 0.993602 0.987309 0.975031 0.0123792 
16 1.34 0.993637 0.987377 0.975158 0.0119996 
16 1.36 0.9929 0.985924 0.97233 0.0137854 
16 1.36 0.993125 0.98637 0.973207 0.0136397 
16 1.36 0.992888 0.9859 0.972285 0.0139197 
16 1.36 0.992877 0.985877 0.972229 0.0133835 
16 1.36 0.992854 0.985834 0.97216 0.0141225 
16 1.38 0.99212 0.984385 0.969335 0.0153298 
16 1.38 0.991982 0.984113 0.968806 0.0156681 
16 1.38 0.992231 0.984605 0.969765 0.0152148 
16 1.38 0.992085 0.984315 0.969193 0.0151894 
16 1.38 0.992191 0.984523 0.969597 0.014923 
16 1.4 0.991488 0.98314 0.96692 0.0167264 
16 1.4 0.991337 0.98284 0.96633 0.0167728 
16 1.4 0.991468 0.983099 0.966831 0.016431 
16 1.4 0.99142 0.983005 0.966659 0.0169602 
16 1.4 0.991435 0.983035 0.966709 0.0166141 
16 1.42 0.990737 0.981663 0.964061 0.0186643 
16 1.42 0.990517 0.981227 0.9632 0.0184363 
16 1.42 0.990505 0.981203 0.963155 0.0184325 
16 1.42 0.990531 0.981254 0.963251 0.0182929 
16 1.42 0.990452 0.981099 0.962959 0.0188559 
16 1.44 0.989775 0.979767 0.96038 0.0200742 
16 1.44 0.989763 0.979743 0.960327 0.0198287 
16 1.44 0.98977 0.979755 0.960341 0.0194322 
16 1.44 0.989654 0.979529 0.959916 0.0202618 
16 1.44 0.989679 0.979581 0.960029 0.0207725 
16 1.46 0.988525 0.977314 0.955651 0.0232323 
16 1.46 0.98862 0.977498 0.956 0.0226854 
16 1.46 0.988787 0.977826 0.956632 0.0222519 
16 1.46 0.9887 0.977657 0.956307 0.0225934 
16 1.46 0.988834 0.977917 0.956796 0.0216351 
16 1.48 0.987838 0.975965 0.953045 0.0242608 
16 1.48 0.987836 0.975959 0.953028 0.0240155 
16 1.48 0.987826 0.975939 0.952992 0.0241069 
16 1.48 0.987746 0.97578 0.952674 0.0237807 
16 1.48 0.987654 0.975606 0.952367 0.0252634 
16 1.5 0.986377 0.973104 0.94756 0.0281558 
16 1.5 0.986571 0.97348 0.948267 0.0269488 
16 1.5 0.986367 0.973088 0.947541 0.028656 
16 1.5 0.986463 0.973269 0.947858 0.0271005 
16 1.5 0.986482 0.97331 0.947951 0.0277892 
16 1.51 0.985881 0.972125 0.945648 0.0275955 
16 1.51 0.985729 0.971829 0.94509 0.0283823 
16 1.51 0.985898 0.972168 0.945768 0.0292278 
16 1.51 0.985902 0.972166 0.945735 0.0278644 
16 1.51 0.985978 0.972317 0.946027 0.0278052 
16 1.52 0.985529 0.97144 0.944355 0.0291065 
16 1.52 0.985077 0.970556 0.942666 0.0303365 
16 1.52 0.985218 0.970835 0.943204 0.0303378 
16 1.52 0.985243 0.970879 0.943271 0.0294815 
16 1.52 0.985447 0.971281 0.944058 0.0296235 
16 1.53 0.984851 0.970114 0.941815 0.0305657 
16 1.53 0.984538 0.969507 0.940668 0.0319451 
16 1.53 0.984859 0.970126 0.941827 0.0300027 
16 1.53 0.984771 0.969965 0.941557 0.0319376 
16 1.53 0.984998 0.970397 0.942338 0.0293181 
16 1.54 0.984029 0.968517 0.938798 0.0339421 
16 1.54 0.984048 0.96855 0.938845 0.033091 
16 1.54 0.98408 0.968603 0.938915 0.0316211 
16 1.54 0.983887 0.968235 0.938246 0.0336282 
16 1.54 0.983971 0.968398 0.938552 0.0330928 
16 1.55 0.983388 0.967255 0.93635 0.0334229 
16 1.55 0.983284 0.967046 0.935933 0.0328829 
16 1.55 0.983652 0.967774 0.93735 0.0333139 
16 1.55 0.983355 0.967194 0.936252 0.0343059 
16 1.55 0.983371 0.967227 0.936321 0.0344817 
16 1.56 0.982657 0.965828 0.933633 0.0350415 
16 1.56 0.982477 0.965486 0.93301 0.036872 
16 1.56 0.982747 0.966006 0.93398 0.035192 
16 1.56 0.98252 0.96556 0.933119 0.0352674 
16 1.56 0.982633 0.965784 0.933558 0.0355256 
16 1.57 0.981938 0.964438 0.931033 0.0386471 
16 1.57 0.982027 0.964604 0.931314 0.0368571 
16 1.57 0.982052 0.964653 0.931408 0.0368164 
16 1.57 0.981943 0.964442 0.931019 0.0375835 
16 1.57 0.981994 0.964542 0.931213 0.0376104 
16 1.58 0.981308 0.963208 0.928683 0.0393658 
16 1.58 0.981287 0.963159 0.928563 0.0381432 
16 1.58 0.980952 0.962525 0.927418 0.0416631 
16 1.58 0.981249 0.96309 0.928443 0.0388352 
16 1.58 0.981134 0.96287 0.928051 0.0400668 
16 1.59 0.98043 0.961497 0.925432 0.0410178 
16 1.59 0.980308 0.961265 0.925014 0.0421794 
16 1.59 0.980568 0.961763 0.925924 0.0401065 
16 1.59 0.98026 0.961162 0.924783 0.0406239 
16 1.59 0.980415 0.961462 0.925346 0.0401194 
16 1.6 0.979633 0.959947 0.922495 0.0425835 
16 1.6 0.979738 0.960145 0.922845 0.041192 
16 1.6 0.979602 0.959883 0.92236 0.0419385 
16 1.6 0.979464 0.959634 0.921963 0.0455065 
16 1.6 0.979221 0.959149 0.920995 0.0439345 
16 1.61 0.978727 0.958196 0.919217 0.045861 
16 1.61 0.97899 0.958692 0.920104 0.0430082 
16 1.61 0.978728 0.958202 0.919244 0.0466669 
16 1.61 0.978707 0.958156 0.919142 0.0459254 
16 1.61 0.978916 0.958553 0.919857 0.0437997 
16 1.62 0.978122 0.957019 0.916992 0.0468553 
16 1.62 0.977943 0.956681 0.916387 0.0487777 
16 1.62 0.978295 0.95734 0.917548 0.0441604 
16 1.62 0.977964 0.956708 0.916389 0.0465762 
16 1.62 0.978001 0.956782 0.916541 0.0468866 
16 1.63 0.977066 0.954976 0.913163 0.0499871 
16 1.63 0.97734 0.955507 0.914162 0.0493041 
16 1.63 0.976827 0.954515 0.912298 0.0507261 
16 1.63 0.977165 0.955162 0.913492 0.0488205 
16 1.63 0.977002 0.954852 0.912934 0.0502592 
16 1.64 0.9763 0.953508 0.910455 0.0540956 
16 1.64 0.976325 0.953537 0.910444 0.0508887 
16 1.64 0.97627 0.953436 0.91028 0.0520817 
16 1.64 0.976009 0.952929 0.909316 0.0523017 
16 1.64 0.976398 0.953672 0.910675 0.0496109 
16 1.65 0.975312 0.951585 0.90682 0.0546541 
16 1.65 0.97514 0.951241 0.906133 0.0533081 
16 1.65 0.97529 0.951533 0.906689 0.0532307 
16 1.65 0.975229 0.951423 0.906511 0.0546095 
16 1.65 0.975094 0.951154 0.905978 0.0536805 
16 1.66 0.974304 0.949637 0.903173 0.0569496 
16 1.66 0.974164 0.949374 0.902706 0.0583523 
16 1.66 0.974157 0.949345 0.902597 0.0559215 
16 1.66 0.973959 0.948986 0.90201 0.0600186 
16 1.66 0.974113 0.949273 0.902509 0.0580122 
16 1.67 0.973415 0.947935 0.900045 0.0611131 
16 1.67 0.973184 0.947481 0.899165 0.060266 
16 1.67 0.973305 0.947705 0.89956 0.0587548 
16 1.67 0.973165 0.947457 0.899167 0.0623537 
16 1.67 0.973049 0.947231 0.898743 0.0622948 
16 1.68 0.972332 0.945836 0.896096 0.0618571 
16 1.68 0.972399 0.945963 0.896328 0.0613385 
16 1.68 0.972048 0.945303 0.895155 0.0647521 
16 1.68 0.971905 0.945021 0.89461 0.0641794 
16 1.68 0.972322 0.945825 0.896107 0.0632791 
16 1.69 0.9715 0.944241 0.893163 0.0648992 
16 1.69 0.971401 0.944049 0.892803 0.0650479 
16 1.69 0.971199 0.943657 0.892062 0.0649817 
16 1.69 0.971458 0.944171 0.893068 0.0667517 
16 1.69 0.971463 0.944172 0.893041 0.0653743 
16 1.7 0.969994 0.941343 0.887794 0.068563 
16 1.7 0.96973 0.94084 0.886865 0.069676 
16 1.7 0.969783 0.940944 0.887077 0.070139 
16 1.7 0.970074 0.941502 0.888094 0.068996 
16 1.7 0.969789 0.940965 0.887141 0.0714165 
16 1.71 0.968911 0.93928 0.884035 0.0735323 
16 1.71 0.968801 0.939069 0.883643 0.0739205 
16 1.71 0.96899 0.939411 0.884204 0.0703121 
16 1.71 0.968775 0.939035 0.883635 0.076376 
16 1.71 0.968794 0.939048 0.883584 0.0728926 
16 1.72 0.96839 0.938272 0.882147 0.0734591 
16 1.72 0.968097 0.937708 0.881093 0.07383 
16 1.72 0.967554 0.936668 0.879195 0.0755874 
16 1.72 0.967673 0.936898 0.879617 0.0753962 
16 1.72 0.967552 0.936685 0.879288 0.0785211 
16 1.73 0.966973 0.935551 0.877117 0.0759835 
16 1.73 0.96682 0.935286 0.876722 0.0805707 
16 1.73 0.966973 0.935567 0.877193 0.0783624 
16 1.73 0.966469 0.934585 0.875346 0.0774525 
16 1.73 0.9666 0.934856 0.875912 0.0800132 
16 1.74 0.965054 0.931915 0.870568 0.0862776 
16 1.74 0.96522 0.932218 0.871078 0.0837382 
16 1.74 0.964891 0.931601 0.869972 0.0863287 
16 1.74 0.965379 0.932504 0.87154 0.080608 
16 1.74 0.965254 0.932288 0.871211 0.0842605 
16 1.75 0.96433 0.930531 0.86804 0.087681 
16 1.75 0.96421 0.930287 0.867533 0.0856609 
16 1.75 0.963923 0.929773 0.866697 0.0915437 
16 1.75 0.964369 0.930603 0.868148 0.0871009 
16 1.75 0.963963 0.929833 0.866762 0.0889348 
16 1.76 0.96268 0.927395 0.862344 0.093277 
16 1.76 0.962726 0.927445 0.862325 0.0879111 
16 1.76 0.962839 0.927693 0.862865 0.0921871 
16 1.76 0.962541 0.927137 0.861908 0.0949547 
16 1.76 0.962816 0.927652 0.862807 0.0925201 
16 1.77 0.960836 0.923881 0.855954 0.0976433 
16 1.77 0.961171 0.92454 0.857218 0.0998023 
16 1.77 0.961512 0.925172 0.858308 0.096241 
16 1.77 0.961065 0.924359 0.856955 0.10318 
16 1.77 0.96148 0.925088 0.858084 0.0932926 
16 1.78 0.960099 0.922476 0.853389 0.0985884 
16 1.78 0.95988 0.922084 0.852753 0.102597 
16 1.78 0.959714 0.921805 0.852375 0.108424 
16 1.78 0.959641 0.921629 0.851939 0.103176 
16 1.78 0.959931 0.922187 0.852963 0.103436 
16 1.79 0.958649 0.919763 0.848614 0.107882 
16 1.79 0.958692 0.919824 0.848654 0.104803 
16 1.79 0.958506 0.919498 0.848165 0.109284 
16 1.79 0.958474 0.919428 0.848004 0.108011 
16 1.79 0.958377 0.919226 0.847585 0.105682 
16 1.8 0.956987 0.916615 0.842955 0.112557 
16 1.8 0.956716 0.916121 0.842122 0.116048 
16 1.8 0.956659 0.915961 0.841679 0.108883 
16 1.8 0.956991 0.916629 0.843003 0.113415 
16 1.8 0.956701 0.916097 0.842101 0.116707 
16 1.81 0.954696 0.91231 0.835315 0.122435 
16 1.81 0.955169 0.913179 0.8368 0.117621 
16 1.81 0.955612 0.913999 0.838213 0.113714 
16 1.81 0.955592 0.913979 0.838225 0.116411 
16 1.81 0.955707 0.914202 0.838651 0.116822 
16 1.82 0.953949 0.910887 0.832722 0.122062 
16 1.82 0.953655 0.910349 0.831821 0.12525 
16 1.82 0.953166 0.909429 0.830193 0.127156 
16 1.82 0.953945 0.910907 0.83286 0.126216 
16 1.82 0.953386 0.909869 0.831041 0.130069 
16 1.83 0.951772 0.906812 0.825559 0.131875 
16 1.83 0.952039 0.907311 0.826449 0.130405 
16 1.83 0.952023 0.907303 0.826466 0.133464 
16 1.83 0.951961 0.907155 0.826133 0.129433 
16 1.83 0.952613 0.908391 0.828339 0.128557 
16 1.84 0.950445 0.904345 0.821261 0.139208 
16 1.84 0.949927 0.903403 0.819673 0.145063 
16 1.84 0.949812 0.903193 0.81933 0.145939 
16 1.84 0.94995 0.903384 0.819457 0.136184 
16 1.84 0.949919 0.903381 0.819602 0.144059 
16 1.85 0.948356 0.900419 0.814319 0.14388 
16 1.85 0.947677 0.899183 0.812226 0.150948 
16 1.85 0.948112 0.899983 0.813597 0.147677 
16 1.85 0.949223 0.902066 0.817259 0.144019 
16 1.85 0.947496 0.898844 0.811658 0.151574 
16 1.86 0.94682 0.897577 0.809395 0.152595 
16 1.86 0.946858 0.897729 0.809873 0.163648 
16 1.86 0.946532 0.897029 0.808417 0.152288 
16 1.86 0.946869 0.897653 0.809504 0.150416 
16 1.86 0.945925 0.895976 0.806801 0.165424 
16 1.87 0.944627 0.893495 0.802299 0.161008 
16 1.87 0.944729 0.893726 0.802825 0.166152 
16 1.87 0.944882 0.89403 0.803413 0.16808 
16 1.87 0.944544 0.893362 0.802139 0.164172 
16 1.87 0.94493 0.894141 0.803617 0.170921 
16 1.88 0.942105 0.888874 0.794453 0.178793 
16 1.88 0.942448 0.889633 0.795953 0.1939 
16 1.88 0.943191 0.890894 0.797953 0.174985 
16 1.88 0.942465 0.889541 0.79559 0.177116 
16 1.88 0.942264 0.889197 0.795085 0.181908 
16 1.89 0.940584 0.886072 0.789664 0.186115 
16 1.89 0.940558 0.886048 0.789689 0.189469 
16 1.89 0.940634 0.886104 0.789548 0.177583 
16 1.89 0.940995 0.886827 0.790952 0.183558 
16 1.89 0.940822 0.886482 0.790297 0.180974 
16 1.9 0.938955 0.88308 0.784588 0.194549 
16 1.9 0.937811 0.880958 0.780866 0.197831 
16 1.9 0.93893 0.883022 0.784438 0.193024 
16 1.9 0.938847 0.882974 0.784562 0.207543 
16 1.9 0.938904 0.882999 0.784494 0.196566 
16 1.91 0.936388 0.878327 0.776391 0.20184 
16 1.91 0.935776 0.87728 0.774838 0.214966 
16 1.91 0.936802 0.8791 0.777685 0.201435 
16 1.91 0.936341 0.878276 0.776432 0.206495 
16 1.91 0.935581 0.876957 0.774334 0.220402 
16 1.92 0.933509 0.873084 0.767599 0.219423 
16 1.92 0.933488 0.873207 0.768052 0.241112 
16 1.92 0.933954 0.873996 0.769353 0.230139 
16 1.92 0.933931 0.873886 0.768993 0.221126 
16 1.92 0.93326 0.872684 0.767043 0.227908 
16 1.93 0.931126 0.868769 0.760423 0.235306 
16 1.93 0.930961 0.8685 0.760022 0.24025 
16 1.93 0.930583 0.867845 0.759048 0.246767 
16 1.93 0.932135 0.870698 0.763823 0.241693 
16 1.93 0.931947 0.87034 0.763257 0.240814 
16 1.94 0.928584 0.86411 0.752566 0.243095 
16 1.94 0.928633 0.864247 0.752871 0.249201 
16 1.94 0.92909 0.865211 0.754836 0.264259 
16 1.94 0.928853 0.864707 0.753765 0.255817 
16 1.94 0.927989 0.863074 0.750944 0.252079 
16 1.95 0.926048 0.85959 0.745269 0.265798 
16 1.95 0.926678 0.860761 0.747256 0.266305 
16 1.95 0.92659 0.860542 0.746747 0.259046 
16 1.95 0.925755 0.859221 0.744998 0.288785 
16 1.95 0.925922 0.859409 0.745051 0.272768 
16 1.96 0.923198 0.854469 0.736911 0.284053 
16 1.96 0.923875 0.855874 0.739533 0.304154 
16 1.96 0.923878 0.855715 0.738894 0.282652 
16 1.96 0.92258 0.853626 0.735991 0.322942 
16 1.96 0.922982 0.854233 0.736716 0.305309 
16 1.97 0.920193 0.849173 0.728337 0.314264 
16 1.97 0.920666 0.849988 0.729688 0.306902 
16 1.97 0.920327 0.84944 0.728843 0.316793 
16 1.97 0.919937 0.848915 0.72828 0.341903 
16 1.97 0.921133 0.850839 0.731128 0.305761 
16 1.98 0.917154 0.843768 0.719642 0.335686 
16 1.98 0.916987 0.843449 0.719171 0.333897 
16 1.98 0.917029 0.843448 0.718947 0.323978 
16 1.98 0.917298 0.844145 0.720539 0.350217 
16 1.98 0.91883 0.84671 0.724388 0.318384 
16 1.99 0.914512 0.839203 0.71242 0.369318 
16 1.99 0.914611 0.83929 0.712547 0.357234 
16 1.99 0.914205 0.838683 0.711828 0.374483 
16 1.99 0.914038 0.838417 0.711327 0.379693 
16 1.99 0.914129 0.838311 0.710761 0.344663 
16 2.5 0.388739 0.202251 0.0758924 5.23601 
16 2.5 0.384777 0.198895 0.0741161 5.20625 
16 2.5 0.388092 0.201426 0.0751245 5.20302 
16 2.5 0.394345 0.206505 0.0781742 5.22214 
16 2.5 0.389935 0.202871 0.076182 5.20413 
16 2.51 0.376884 0.192782 0.0707035 5.17513 
16 2.51 0.380464 0.194612 0.0714878 5.08525 
16 2.51 0.382245 0.196571 0.072744 5.14654 
16 2.51 0.38118 0.194873 0.07123 5.05624 
16 2.51 0.377132 0.192183 0.069978 5.09495 
16 2.52 0.368584 0.183948 0.0650312 4.88567 
16 2.52 0.372333 0.187425 0.0670057 4.95674 
16 2.52 0.370237 0.184988 0.0651487 4.86732 
16 2.52 0.367602 0.183476 0.0651871 4.91121 
16 2.52 0.370059 0.185989 0.0666013 4.98233 
16 2.53 0.361428 0.177587 0.0612414 4.75137 
16 2.53 0.357912 0.174795 0.0598978 4.72476 
16 2.53 0.357227 0.176125 0.0613844 4.90886 
16 2.53 0.359756 0.176355 0.0606166 4.74874 
16 2.53 0.358273 0.175619 0.0604236 4.782 
16 2.54 0.349683 0.168875 0.0567114 4.69635 
16 2.54 0.355845 0.173091 0.0589475 4.68315 
16 2.54 0.352324 0.170572 0.0576773 4.68051 
16 2.54 0.350056 0.16859 0.0567675 4.64129 
16 2.54 0.350155 0.169125 0.0570491 4.68825 
16 2.55 0.341588 0.162019 0.0534211 4.55144 
16 2.55 0.341857 0.162194 0.0534801 4.55056 
16 2.55 0.344012 0.163126 0.0533515 4.49568 
16 2.55 0.34161 0.16098 0.0521214 4.44561 
16 2.55 0.341388 0.161531 0.0526721 4.51621 
16 2.56 0.335423 0.156837 0.0506706 4.43281 
16 2.56 0.333987 0.155334 0.0494254 4.37867 
16 2.56 0.332707 0.154693 0.0491527 4.39987 
16 2.56 0.335759 0.157076 0.0502541 4.43424 
16 2.56 0.335057 0.155713 0.0492558 4.345 
16 2.57 0.322753 0.14639 0.0448024 4.20561 
16 2.57 0.323134 0.146572 0.0451346 4.19923 
16 2.57 0.325692 0.147962 0.0450901 4.17232 
16 2.57 0.328008 0.150063 0.0467208 4.23087 
16 2.57 0.322622 0.146698 0.0455872 4.24472 
16 2.58 0.318163 0.142923 0.0433832 4.1372 
16 2.58 0.320405 0.144204 0.0435455 4.12227 
16 2.58 0.319579 0.142558 0.0423814 4.01134 
16 2.58 0.319729 0.143486 0.0431391 4.09391 
16 2.58 0.318184 0.141939 0.0422173 4.03821 
16 2.59 0.309144 0.135593 0.0396407 3.95599 
16 2.59 0.312019 0.138668 0.0415661 4.08341 
16 2.59 0.307434 0.134243 0.0388586 3.92672 
16 2.59 0.310735 0.13677 0.0403509 3.9748 
16 2.59 0.310326 0.136809 0.0403812 4.00382 
16 2.6 0.303794 0.13203 0.0383334 3.91279 
16 2.6 0.302741 0.130234 0.0369518 3.79881 
16 2.6 0.306346 0.133489 0.0384738 3.90309 
16 2.6 0.302964 0.131063 0.037797 3.86713 
16 2.6 0.304574 0.131426 0.0373381 3.80656 
16 2.61 0.302301 0.129319 0.0360808 3.72068 
16 2.61 0.298045 0.126989 0.0352824 3.74268 
16 2.61 0.296058 0.125372 0.0346386 3.69988 
16 2.61 0.301604 0.129112 0.0361109 3.74166 
16 2.61 0.301353 0.129411 0.0364078 3.78582 
16 2.62 0.294408 0.123615 0.0335425 3.60929 
16 2.62 0.293122 0.122894 0.0336191 3.61269 
16 2.62 0.292458 0.12256 0.0332413 3.61804 
16 2.62 0.290806 0.121632 0.0330811 3.62152 
16 2.62 0.290385 0.121262 0.0330182 3.60923 
16 2.63 0.284955 0.117064 0.0303174 3.49098 
16 2.63 0.285697 0.117752 0.0310555 3.51678 
16 2.63 0.285347 0.118062 0.0317523 3.56635 
16 2.63 0.286413 0.11859 0.031604 3.55845 
16 2.63 0.285434 0.117419 0.0310667 3.49895 
16 2.64 0.276159 0.111122 0.0285374 3.38021 
16 2.64 0.280422 0.113919 0.0295679 3.42138 
16 2.64 0.277118 0.11114 0.0282868 3.33045 
16 2.64 0.281489 0.114444 0.0293978 3.41405 
16 2.64 0.278859 0.112901 0.0293606 3.40744 
16 2.65 0.273798 0.109117 0.0273997 3.29919 
16 2.65 0.272613 0.108054 0.0268966 3.25904 
16 2.65 0.274941 0.109764 0.0277199 3.30111 
16 2.65 0.273535 0.108748 0.027211 3.27745 
16 2.65 0.273327 0.107832 0.0264762 3.19998 
16 2.66 0.269273 0.105694 0.0260756 3.19381 
16 2.66 0.268646 0.10521 0.0258348 3.17975 
16 2.66 0.268818 0.105256 0.0257727 3.17524 
16 2.66 0.271324 0.107071 0.0267152 3.21962 
16 2.66 0.273988 0.108578 0.0269552 3.22482 
16 2.67 0.263716 0.10214 0.0248256 3.12516 
16 2.67 0.263062 0.101443 0.0243206 3.09128 
16 2.67 0.263558 0.101439 0.0239624 3.0659 
16 2.67 0.265566 0.103222 0.0249544 3.13495 
16 2.67 0.262758 0.101581 0.0243916 3.11991 
16 2.68 0.257874 0.098113 0.0230585 3.01983 
16 2.68 0.258422 0.0983138 0.0231562 3.012 
16 2.68 0.257244 0.0973092 0.0226178 2.97407 
16 2.68 0.261101 0.0999887 0.0236628 3.03905 
16 2.68 0.258048 0.0974064 0.0225122 2.94375 
16 2.69 0.252675 0.0938942 0.0211305 2.85973 
16 2.69 0.258581 0.0979245 0.0226606 2.95592 
16 2.69 0.256805 0.0965135 0.0220975 2.90877 
16 2.69 0.255728 0.0960356 0.0219402 2.9158 
16 2.69 0.25842 0.0973966 0.0221483 2.91364 
16 2.7 0.24956 0.0917295 0.0200299 2.79223 
16 2.7 0.250696 0.0926654 0.0205861 2.82709 
16 2.7 0.249657 0.0922381 0.0203595 2.83586 
16 2.7 0.248348 0.0916167 0.0204967 2.83877 
16 2.7 0.251387 0.0934025 0.0210715 2.86405 
16 2.71 0.245163 0.0891555 0.0194767 2.74429 
16 2.71 0.246297 0.0888548 0.018879 2.66322 
16 2.71 0.242772 0.0879879 0.0190754 2.74418 
16 2.71 0.24594 0.088992 0.01911 2.69278 
16 2.71 0.247942 0.0906154 0.0198 2.75271 
16 2.72 0.243414 0.0882315 0.0191395 2.72763 
16 2.72 0.241898 0.0862793 0.0180026 2.61316 
16 2.72 0.24022 0.0855429 0.0179692 2.61999 
16 2.72 0.242903 0.0874405 0.0187428 2.67657 
16 2.72 0.242536 0.0872967 0.018677 2.67982 
16 2.73 0.23944 0.0847982 0.0176664 2.57564 
16 2.73 0.239937 0.0852651 0.017808 2.59708 
16 2.73 0.241112 0.0856859 0.0177974 2.58354 
16 2.73 0.239456 0.0849663 0.0174651 2.59067 
16 2.73 0.238803 0.083716 0.017039 2.50271 
16 2.74 0.234006 0.0815925 0.0165152 2.50708 
16 2.74 0.234369 0.0816065 0.0163978 2.49253 
16 2.74 0.233544 0.081111 0.0162846 2.48229 
16 2.74 0.231863 0.0798709 0.0157297 2.4395 
16 2.74 0.234541 0.0822852 0.0169551 2.54838 
16 2.75 0.230613 0.0791401 0.0154454 2.41642 
16 2.75 0.228866 0.0783021 0.0154207 2.41316 
16 2.75 0.232864 0.0805204 0.016004 2.4478 
16 2.75 0.230102 0.0790111 0.015627 2.42632 
16 2.75 0.230865 0.0800128 0.0161158 2.48685 
16 2.76 0.227313 0.0777143 0.0153574 2.41561 
16 2.76 0.224651 0.0761192 0.0148465 2.37924 
16 2.76 0.228713 0.0776516 0.0149653 2.35054 
16 2.76 0.225984 0.0763963 0.0145662 2.34924 
16 2.76 0.228654 0.0776725 0.0151631 2.35501 
16 2.77 0.223209 0.0745739 0.014046 2.2875 
16 2.77 0.223845 0.0749885 0.014025 2.29955 
16 2.77 0.224559 0.0750226 0.014077 2.27313 
16 2.77 0.22688 0.0765301 0.014361 2.31559 
16 2.77 0.22364 0.0750353 0.0143088 2.31237 
16 2.78 0.219539 0.0724129 0.013311 2.22991 
16 2.78 0.220421 0.072999 0.0135573 2.24815 
16 2.78 0.220887 0.0734134 0.0137757 2.26739 
16 2.78 0.219405 0.0723455 0.0134433 2.22914 
16 2.78 0.223548 0.0746102 0.0140375 2.26866 
16 2.79 0.218516 0.0717702 0.0131212 2.20406 
16 2.79 0.216688 0.070432 0.0126936 2.1543 
16 2.79 0.217109 0.0712724 0.0131309 2.21465 
16 2.79 0.216111 0.0702073 0.0125739 2.15659 
16 2.79 0.217202 0.070893 0.0127406 2.17613 
16 2.8 0.215709 0.0698197 0.012424 2.1293 
16 2.8 0.215534 0.0697507 0.0124316 2.12992 
16 2.8 0.211427 0.0677493 0.0119358 2.10726 
16 2.8 0.214012 0.0689012 0.0121469 2.11201 
16 2.8 0.213159 0.0689758 0.0124363 2.15212 
16 2.81 0.212184 0.0675188 0.011744 2.04954 
16 2.81 0.210623 0.0674758 0.0119942 2.10575 
16 2.81 0.212698 0.0683136 0.0121332 2.10203 
16 2.81 0.211934 0.06746 0.011509 2.05384 
16 2.81 0.210545 0.067281 0.0118719 2.091 
16 2.82 0.20926 0.0660329 0.0113294 2.01923 
16 2.82 0.208234 0.0653373 0.0110002 1.995 
16 2.82 0.207281 0.0649321 0.0110251 1.99413 
16 2.82 0.208591 0.065405 0.0108965 1.98763 
16 2.82 0.207853 0.0652333 0.0110535 1.99992 
16 2.83 0.207379 0.0649446 0.0109995 1.98455 
16 2.83 0.205952 0.0635067 0.0103534 1.90785 
16 2.83 0.207318 0.0649547 0.010866 1.98775 
16 2.83 0.207863 0.0652092 0.0110159 1.99032 
16 2.83 0.206559 0.0645966 0.0109288 1.98376 
16 2.84 0.20605 0.0642875 0.0107469 1.96785 
16 2.84 0.203946 0.0629876 0.0103023 1.92844 
16 2.84 0.202639 0.0626935 0.0103803 1.94983 
16 2.84 0.205392 0.0637424 0.0105322 1.94311 
16 2.84 0.204705 0.06352 0.0105181 1.94848 
16 2.85 0.199439 0.0604844 0.00962366 1.86013 
16 2.85 0.200871 0.0608881 0.00967859 1.8449 
16 2.85 0.199859 0.0605414 0.00963989 1.8502 
16 2.85 0.201352 0.0616283 0.00994337 1.89402 
16 2.85 0.199727 0.0607872 0.0097418 1.87702 
16 2.86 0.199064 0.0599141 0.0094248 1.81595 
16 2.86 0.197673 0.0593142 0.00927306 1.81164 
16 2.86 0.198798 0.0596984 0.00932712 1.80613 
16 2.86 0.197965 0.0593636 0.00920821 1.80574 
16 2.86 0.196721 0.0588771 0.00919557 1.80614 
16 2.87 0.196534 0.058886 0.00923766 1.80721 
16 2.87 0.195543 0.0584694 0.00910341 1.80469 
16 2.87 0.196324 0.0582807 0.00884771 1.76056 
16 2.87 0.196945 0.058789 0.00916566 1.78411 
16 2.87 0.193528 0.0569212 0.0085255 1.73653 
16 2.88 0.195007 0.0577707 0.00884787 1.75493 
16 2.88 0.19314 0.0569013 0.00863544 1.74208 
16 2.88 0.193134 0.0572053 0.0088368 1.76928 
16 2.88 0.196469 0.0582254 0.00889638 1.74448 
16 2.88 0.193373 0.0568774 0.00862584 1.73192 
16 2.89 0.191925 0.05608 0.00828946 1.70473 
16 2.89 0.195 0.0575153 0.00862666 1.72647 
16 2.89 0.191792 0.0559412 0.0082257 1.69695 
16 2.89 0.192968 0.056783 0.00851712 1.73144 
16 2.89 0.191085 0.0553076 0.00805869 1.6648 
16 2.9 0.187834 0.0537702 0.00775455 1.63211 
16 2.9 0.192272 0.056411 0.00849283 1.7163 
16 2.9 0.191037 0.0558509 0.00848299 1.70865 
16 2.9 0.18643 0.0530705 0.00766375 1.61673 
16 2.9 0.189548 0.0545448 0.00787779 1.64336 
16 2.91 0.186622 0.0533286 0.00759282 1.62757 
16 2.91 0.187765 0.0538542 0.00775775 1.63616 
16 2.91 0.186623 0.0529983 0.00746481 1.59849 
16 2.91 0.188597 0.0546161 0.00807957 1.67564 
16 2.91 0.188111 0.0535925 0.00760164 1.6017 
16 2.92 0.185097 0.0523833 0.007371 1.58882 
16 2.92 0.183398 0.0516651 0.00732248 1.58072 
16 2.92 0.188673 0.0536181 0.00737258 1.5799 
16 2.92 0.186358 0.0528142 0.00752347 1.58553 
16 2.92 0.182316 0.0512817 0.00732484 1.5818 
16 2.93 0.180352 0.0497413 0.00673658 1.50408 
16 2.93 0.186009 0.0528386 0.00753603 1.59359 
16 2.93 0.183229 0.0514263 0.0071303 1.55989 
16 2.93 0.184149 0.0517426 0.00717883 1.55799 
16 2.93 0.185412 0.0523476 0.00739396 1.57008 
16 2.94 0.181356 0.0505228 0.00702881 1.53536 
16 2.94 0.182523 0.0510071 0.00701141 1.54058 
16 2.94 0.182442 0.0505819 0.00677565 1.50612 
16 2.94 0.182042 0.0505293 0.00691965 1.51423 
16 2.94 0.182092 0.0508818 0.00690778 1.54334 
16 2.95 0.182884 0.0508453 0.00682429 1.50987 
16 2.95 0.181944 0.0507193 0.00694375 1.52869 
16 2.95 0.180157 0.0497706 0.00669698 1.5025 
16 2.95 0.179519 0.0492517 0.00661612 1.4774 
16 2.95 0.179364 0.049016 0.00645028 1.46177 
16 2.96 0.177657 0.0483499 0.00642249 1.45193 
16 2.96 0.178566 0.0488018 0.00649943 1.46299 
16 2.96 0.18018 0.0492765 0.00639105 1.45397 
16 2.96 0.179973 0.0491628 0.00650645 1.45058 
16 2.96 0.178254 0.0485324 0.00639475 1.44934 
16 2.97 0.178801 0.0488387 0.00648211 1.45403 
16 2.97 0.174548 0.0472522 0.0061759 1.44679 
16 2.97 0.175683 0.0472749 0.00606781 1.4145 
16 2.97 0.175895 0.0475777 0.00617632 1.43419 
16 2.97 0.175035 0.0466304 0.00583937 1.37853 
16 2.98 0.17367 0.0463483 0.00588097 1.39055 
16 2.98 0.173212 0.0460788 0.00584074 1.38107 
16 2.98 0.172823 0.0461671 0.00594041 1.40022 
16 2.98 0.175665 0.0470977 0.00600397 1.39508 
16 2.98 0.175873 0.0470729 0.00602605 1.38667 
16 2.99 0.173708 0.0463551 0.00580041 1.38537 
16 2.99 0.171991 0.0452295 0.00555091 1.3398 
16 2.99 0.171383 0.0454542 0.00581097 1.37693 
16 2.99 0.174877 0.0468167 0.00600155 1.39001 
16 2.99 0.171434 0.0452034 0.00557262 1.35396 
16 3 0.172946 0.0454147 0.00558399 1.32304 
16 3 0.170526 0.0445303 0.00551718 1.31851 
16 3 0.173805 0.0459135 0.0055941 1.3402 
16 3 0.170519 0.044494 0.005369 1.31561 
16 3 0.169953 0.0443785 0.00535507 1.32219 
16 3.02 0.169615 0.0443473 0.0054086 1.32053 
16 3.02 0.16614 0.0426613 0.00507891 1.27651 
16 3.02 0.169373 0.0438816 0.00529567 1.28801 
16 3.02 0.169639 0.0440771 0.00529113 1.29693 
16 3.02 0.167993 0.0435704 0.00522724 1.30109 
16 3.04 0.16472 0.0416431 0.00482264 1.22192 
16 3.04 0.165819 0.0421919 0.00491133 1.23756 
16 3.04 0.166561 0.0426691 0.0049717 1.25697 
16 3.04 0.164136 0.0416243 0.00477661 1.23652 
16 3.04 0.167853 0.0432797 0.00518083 1.272 
16 3.06 0.161837 0.0402601 0.00446835 1.17702 
16 3.06 0.164835 0.0415915 0.00474839 1.20645 
16 3.06 0.161385 0.0401332 0.00451962 1.17861 
16 3.06 0.161202 0.0399709 0.00440517 1.16998 
16 3.06 0.16152 0.0401693 0.004466 1.17797 
16 3.08 0.160541 0.0398483 0.00442262 1.16987 
16 3.08 0.161384 0.0400082 0.00443559 1.16059 
16 3.08 0.160098 0.0394186 0.00431623 1.14594 
16 3.08 0.159567 0.0392488 0.00426565 1.14594 
16 3.08 0.162975 0.0405201 0.00442886 1.16025 
16 3.1 0.156545 0.037806 0.00399581 1.0983 
16 3.1 0.157625 0.038587 0.00417343 1.13477 
16 3.1 0.158834 0.0385082 0.0040036 1.09666 
16 3.1 0.158459 0.0386343 0.00410054 1.1169 
16 3.1 0.157321 0.03827 0.00411511 1.11649 
16 3.12 0.153069 0.0361624 0.00366868 1.04471 
16 3.12 0.155154 0.0372531 0.00388858 1.08146 
16 3.12 0.154792 0.0370981 0.00384173 1.07794 
16 3.12 0.155422 0.037257 0.00387253 1.07496 
16 3.12 0.155921 0.0372426 0.00381298 1.06102 
16 3.14 0.154086 0.0365741 0.0037311 1.04614 
16 3.14 0.149509 0.0346082 0.00335891 0.999142 
16 3.14 0.153526 0.0363231 0.00368652 1.03973 
16 3.14 0.153018 0.0359803 0.00360473 1.02447 
16 3.14 0.152485 0.0359362 0.00362432 1.03414 
16 3.16 0.149991 0.0345992 0.00332429 0.9804 
16 3.16 0.149901 0.0350732 0.00354332 1.021 
16 3.16 0.148609 0.0342647 0.00332769 0.98673 
16 3.16 0.149834 0.0348267 0.00348855 1.00266 
16 3.16 0.149766 0.0348765 0.00344485 1.00833 
16 3.18 0.149101 0.0340771 0.00317736 0.953647 
16 3.18 0.147944 0.0337589 0.00318431 0.955697 
16 3.18 0.147505 0.0337781 0.00325927 0.967682 
16 3.18 0.150377 0.0347517 0.00338468 0.977175 
16 3.18 0.148481 0.0343325 0.00335825 0.989045 
16 3.2 0.146003 0.0330691 0.00309172 0.940171 
16 3.2 0.146348 0.033254 0.0031785 0.946906 
16 3.2 0.145908 0.0330297 0.00308113 0.939251 
16 3.2 0.14713 0.033325 0.00314234 0.93423 
16 3.2 0.148408 0.0339907 0.00326791 0.957264 
16 3.22 0.14368 0.0319 0.00285678 0.894902 
16 3.22 0.143841 0.0322634 0.00298877 0.92011 
16 3.22 0.143256 0.031639 0.00281443 0.883807 
16 3.22 0.14384 0.0322741 0.00300151 0.920983 
16 3.22 0.144063 0.0319278 0.00285692 0.888352 
16 3.24 0.14374 0.0319887 0.00287462 0.895016 
16 3.24 0.142604 0.0314946 0.00280348 0.881679 
16 3.24 0.141716 0.031219 0.00280611 0.879843 
16 3.24 0.143979 0.032182 0.00292964 0.904852 
16 3.24 0.145657 0.0323835 0.00286846 0.882372 
16 3.26 0.140607 0.0306671 0.00269962 0.8557 
16 3.26 0.14104 0.0307901 0.00267618 0.855782 
16 3.26 0.14208 0.03123 0.00276761 0.867208 
16 3.26 0.141162 0.0309759 0.00274014 0.867658 
16 3.26 0.140694 0.0305833 0.00265417 0.847199 
16 3.28 0.140875 0.0306198 0.00263308 0.840904 
16 3.28 0.140091 0.0302118 0.00254252 0.826258 
16 3.28 0.140962 0.030576 0.00265289 0.835554 
16 3.28 0.140386 0.0303697 0.00260601 0.832116 
16 3.28 0.139462 0.0302525 0.00262216 0.843138 
16 3.3 0.137322 0.029356 0.00249525 0.814445 
16 3.3 0.137738 0.0295999 0.00252757 0.824495 
16 3.3 0.137976 0.0292814 0.00240927 0.794695 
16 3.3 0.137615 0.0292319 0.00238334 0.798567 
16 3.3 0.136927 0.0292899 0.00247021 0.817727 
16 3.32 0.135034 0.0282808 0.00228912 0.774688 
16 3.32 0.137348 0.0294573 0.00249764 0.816783 
16 3.32 0.135445 0.0286158 0.00235615 0.79195 
16 3.32 0.137261 0.0291926 0.00243095 0.798226 
16 3.32 0.135251 0.0284828 0.00233293 0.78574 
16 3.34 0.135327 0.0284194 0.00229365 0.774584 
16 3.34 0.134452 0.0279542 0.00220288 0.757018 
16 3.34 0.135044 0.0282685 0.00224443 0.768894 
16 3.34 0.133313 0.0278119 0.00224559 0.769494 
16 3.34 0.135015 0.0283129 0.00228166 0.772901 
16 3.36 0.133904 0.0277352 0.00216667 0.747046 
16 3.36 0.133117 0.0273035 0.00208841 0.730155 
16 3.36 0.133634 0.0278822 0.00225559 0.763753 
16 3.36 0.134068 0.0278802 0.00222233 0.754745 
16 3.36 0.133884 0.0279113 0.00224093 0.760857 
16 3.38 0.131188 0.026833 0.00206388 0.728828 
16 3.38 0.132248 0.0270268 0.0020553 0.722339 
16 3.38 0.13187 0.026785 0.0020123 0.711604 
16 3.38 0.131214 0.0268406 0.00205528 0.728876 
16 3.38 0.131602 0.0269176 0.00206944 0.726994 
16 3.4 0.130663 0.0264006 0.00196747 0.702319 
16 3.4 0.131051 0.0265179 0.00197943 0.703515 
16 3.4 0.129159 0.0260701 0.00197364 0.706858 
16 3.4 0.129322 0.0257751 0.00185709 0.681482 
16 3.4 0.131106 0.0267746 0.00210147 0.72175 
16 3.42 0.126924 0.0253842 0.00192658 0.694227 
16 3.42 0.127836 0.0255286 0.00189631 0.687646 
16 3.42 0.128387 0.0253686 0.00181192 0.665095 
16 3.42 0.128534 0.0258144 0.00189005 0.695637 
16 3.42 0.127605 0.0253153 0.00181915 0.676106 
16 3.44 0.128363 0.025599 0.00189865 0.678835 
16 3.44 0.127864 0.0253102 0.00183901 0.666864 
16 3.44 0.126975 0.0250874 0.00185322 0.667146 
16 3.44 0.127276 0.0251906 0.00183232 0.669134 
16 3.44 0.127708 0.0252666 0.0018194 0.66659 
16 3.46 0.126755 0.0252608 0.0018922 0.680237 
16 3.46 0.127923 0.0250856 0.00176316 0.645265 
16 3.46 0.126343 0.0249361 0.00180982 0.663938 
16 3.46 0.127418 0.0251619 0.00181434 0.660464 
16 3.46 0.125914 0.024722 0.00177855 0.656104 
16 3.48 0.126411 0.0251758 0.00186119 0.67649 
16 3.48 0.124387 0.0239643 0.00165467 0.62472 
16 3.48 0.126445 0.0246796 0.00172825 0.639364 
16 3.48 0.125902 0.0244921 0.00171449 0.63565 
16 3.48 0.127637 0.0252583 0.00183723 0.659643 
16 3.5 0.124059 0.0238232 0.00162347 0.616788 
16 3.5 0.124651 0.0243633 0.00175862 0.64552 
16 3.5 0.123263 0.023674 0.00162918 0.620266 
16 3.5 0.124773 0.0241667 0.00167729 0.628905 
16 3.5 0.124466 0.0241213 0.00167649 0.631191 
16 3.52 0.123577 0.0235852 0.00158276 0.604659 
16 3.52 0.122985 0.0235385 0.00159171 0.611867 
16 3.52 0.123034 0.0234739 0.00157584 0.606285 
16 3.52 0.122734 0.0236012 0.00164047 0.620905 
16 3.52 0.124621 0.024071 0.00163872 0.621134 
16 3.54 0.122016 0.0232227 0.00156711 0.602733 
16 3.54 0.123578 0.0236396 0.00158001 0.605144 
16 3.54 0.123348 0.0236796 0.00162106 0.612139 
16 3.54 0.123065 0.0234837 0.00157538 0.603026 
16 3.54 0.121495 0.0231924 0.00158537 0.609724 
16 3.56 0.120277 0.0226562 0.00150013 0.588913 
16 3.56 0.11885 0.0222205 0.00144128 0.582125 
16 3.56 0.121599 0.0229113 0.00151512 0.584264 
16 3.56 0.121997 0.0230896 0.00155775 0.590121 
16 3.56 0.121181 0.0229208 0.00153555 0.592243 
16 3.58 0.117934 0.021614 0.00133758 0.551019 
16 3.58 0.119031 0.0222934 0.0014709 0.581003 
16 3.58 0.119884 0.0224339 0.0014622 0.576471 
16 3.58 0.119969 0.0221748 0.00138766 0.556497 
16 3.58 0.120818 0.0227982 0.00151705 0.586458 
16 3.6 0.118525 0.0218282 0.00137323 0.553243 
16 3.6 0.118615 0.0220269 0.00139604 0.565858 
16 3.6 0.121124 0.0229225 0.00152638 0.586769 
16 3.6 0.119971 0.0223407 0.00144471 0.565166 
16 3.6 0.119504 0.0220611 0.0013747 0.553238 
16 3.62 0.117366 0.0215149 0.00136551 0.547373 
16 3.62 0.118237 0.021791 0.00137966 0.552386 
16 3.62 0.116692 0.0214667 0.00137386 0.555116 
16 3.62 0.117128 0.0214269 0.00133778 0.545087 
16 3.62 0.118571 0.0217881 0.00135552 0.546584 
16 3.64 0.115812 0.0210289 0.00129881 0.535657 
16 3.64 0.117858 0.021715 0.00138051 0.550294 
16 3.64 0.116243 0.0210847 0.00127907 0.532554 
16 3.64 0.116037 0.0212098 0.00132929 0.544724 
16 3.64 0.117518 0.0214877 0.00134191 0.539938 
16 3.66 0.116041 0.021095 0.00130366 0.533654 
16 3.66 0.115369 0.0206599 0.00120367 0.514097 
16 3.66 0.11611 0.0210208 0.00128796 0.527332 
16 3.66 0.115477 0.020803 0.00125316 0.522361 
16 3.66 0.116362 0.0210508 0.00126256 0.525326 
16 3.68 0.114439 0.0205535 0.0012595 0.518763 
16 3.68 0.115397 0.0205703 0.00121224 0.504617 
16 3.68 0.11474 0.0205501 0.00124748 0.51373 
16 3.68 0.115991 0.0209231 0.00124087 0.519588 
16 3.68 0.115844 0.0208788 0.00125518 0.518886 
16 3.7 0.114295 0.0203936 0.00120055 0.507169 
16 3.7 0.11392 0.0201206 0.0011404 0.494212 
16 3.7 0.113609 0.0202499 0.00121166 0.508057 
16 3.7 0.113277 0.0201212 0.00118182 0.504363 
16 3.7 0.113841 0.0202465 0.00117504 0.504159 
16 3.72 0.114516 0.0202833 0.00118126 0.493382 
16 3.72 0.11283 0.0197692 0.00113392 0.484378 
16 3.72 0.112624 0.0198606 0.00115584 0.49386 
16 3.72 0.113162 0.0199862 0.00114798 0.494151 
16 3.72 0.112459 0.0197649 0.00115033 0.489841 
16 3.74 0.113914 0.0201388 0.00118213 0.490258 
16 3.74 0.112812 0.0197245 0.0010962 0.478994 
16 3.74 0.11257 0.0196592 0.00109758 0.478262 
16 3.74 0.113744 0.0203463 0.00121855 0.507115 
16 3.74 0.113378 0.0198625 0.00114091 0.479687 
16 3.76 0.113006 0.0198038 0.00111338 0.47887 
16 3.76 0.111373 0.0192662 0.00106696 0.467221 
16 3.76 0.112251 0.0194609 0.00107062 0.467111 
16 3.76 0.112616 0.0198215 0.00112635 0.486064 
16 3.76 0.111179 0.019379 0.00110753 0.477836 
16 3.78 0.112523 0.0196928 0.00112377 0.476202 
16 3.78 0.112557 0.0195999 0.00108196 0.469391 
16 3.78 0.111744 0.0194242 0.00109207 0.469843 
16 3.78 0.111301 0.019281 0.00106738 0.466835 
16 3.78 0.110816 0.0189589 0.0010176 0.452321 
16 3.8 0.109087 0.0185879 0.00100136 0.450561 
16 3.8 0.108666 0.0183869 0.000993261 0.443193 
16 3.8 0.11112 0.0191003 0.00103916 0.454912 
16 3.8 0.10892 0.0185548 0.00100509 0.450787 
16 3.8 0.11037 0.0188662 0.00101755 0.450339 
16 3.82 0.107842 0.0181372 0.00096017 0.436089 
16 3.82 0.109337 0.0186795 0.00100423 0.450679 
16 3.82 0.107452 0.0182113 0.00100968 0.446689 
16 3.82 0.109662 0.018684 0.00101501 0.446201 
16 3.82 0.109826 0.0186923 0.000996984 0.444357 
16 3.84 0.110578 0.0189728 0.00103236 0.449688 
16 3.84 0.107526 0.0181755 0.000980319 0.440913 
16 3.84 0.108241 0.0183802 0.000995984 0.444264 
16 3.84 0.109227 0.0184388 0.000972613 0.433892 
16 3.84 0.107797 0.0180095 0.00092619 0.425954 
16 3.86 0.107952 0.018123 0.000954937 0.429065 
16 3.86 0.108129 0.0181743 0.000942369 0.429927 
16 3.86 0.108007 0.0180792 0.000950839 0.425366 
16 3.86 0.107662 0.0180837 0.000952638 0.430598 
16 3.86 0.108426 0.018289 0.000965544 0.433266 
16 3.88 0.108267 0.0183267 0.00096855 0.435788 
16 3.88 0.107688 0.0182824 0.000994846 0.441113 
16 3.88 0.107248 0.0180677 0.000961087 0.433196 
16 3.88 0.106471 0.0177907 0.000934248 0.425871 
16 3.88 0.10667 0.0178233 0.000937197 0.425232 
16 3.9 0.105711 0.0174836 0.000887781 0.414117 
16 3.9 0.106141 0.017571 0.00088666 0.413877 
16 3.9 0.105402 0.0173196 0.000863315 0.407629 
16 3.9 0.105845 0.0175194 0.00091357 0.414603 
16 3.9 0.106313 0.0176167 0.000915069 0.414478 
16 3.92 0.105243 0.0174021 0.000900585 0.413125 
16 3.92 0.106504 0.0176651 0.000912895 0.412868 
16 3.92 0.105267 0.0173254 0.000876515 0.407787 
16 3.92 0.106426 0.0176492 0.000893803 0.412912 
16 3.92 0.104413 0.0171983 0.0009066 0.411179 
16 3.94 0.105692 0.0174884 0.000889419 0.410478 
16 3.94 0.104876 0.0171789 0.000862374 0.40154 
16 3.94 0.106199 0.0176271 0.000897724 0.412511 
16 3.94 0.105354 0.0172248 0.000845031 0.397994 
16 3.94 0.104416 0.0171047 0.000869429 0.402976 
16 3.96 0.104407 0.0169667 0.00083211 0.392138 
16 3.96 0.103742 0.0168118 0.000845042 0.391067 
16 3.96 0.104005 0.0170021 0.000850317 0.399845 
16 3.96 0.105264 0.0173934 0.00088385 0.408103 
16 3.96 0.103638 0.0169714 0.000865246 0.402782 
16 3.98 0.104266 0.0168001 0.000817003 0.381341 
16 3.98 0.104648 0.017167 0.000866252 0.399802 
16 3.98 0.105321 0.0172995 0.000870707 0.399245 
16 3.98 0.103909 0.0169221 0.000849565 0.39398 
16 3.98 0.103646 0.0167459 0.000812893 0.386147 
16 4 0.103448 0.0166616 0.000794091 0.38145 
16 4 0.105066 0.0171913 0.000865847 0.393753 
16 4 0.103507 0.0168175 0.000828791 0.390644 
16 4 0.103231 0.0166847 0.000801992 0.385794 
16 4 0.104475 0.0168835 0.00083345 0.381981 
16 4.02 0.102659 0.0162703 0.000755742 0.364993 
16 4.02 0.102607 0.0164782 0.000810187 0.378905 
16 4.02 0.102677 0.0165996 0.000811939 0.385729 
16 4.02 0.104274 0.0169525 0.0008348 0.387147 
16 4.02 0.10324 0.0166759 0.000815232 0.383202 
16 4.04 0.10247 0.0163833 0.000805102 0.372801 
16 4.04 0.102234 0.0161488 0.000738716 0.360996 
16 4.04 0.10206 0.0161312 0.000739623 0.362135 
16 4.04 0.10228 0.016287 0.000766519 0.369163 
16 4.04 0.102212 0.016232 0.000762268 0.366559 
16 4.06 0.103453 0.0166009 0.000786128 0.371914 
16 4.06 0.102285 0.0162936 0.000768395 0.367689 
16 4.06 0.102724 0.0164067 0.000777832 0.369146 
16 4.06 0.101207 0.0161535 0.000766482 0.372689 
16 4.06 0.100658 0.0158948 0.000741854 0.363366 
16 4.08 0.0999312 0.0156693 0.000732522 0.356582 
16 4.08 0.101744 0.0162161 0.000774693 0.367955 
16 4.08 0.101342 0.0159075 0.000730106 0.353709 
16 4.08 0.101109 0.0159598 0.000744397 0.35995 
16 4.08 0.100543 0.0158482 0.000755602 0.360111 
16 4.1 0.0999539 0.0156159 0.000722516 0.351227 
16 4.1 0.100355 0.0158796 0.000737288 0.362671 
16 4.1 0.101199 0.0159138 0.000731265 0.354187 
16 4.1 0.0997586 0.0156392 0.000737445 0.35512 
16 4.1 0.102587 0.0162703 0.000750881 0.358784 
16 4.12 0.10178 0.0160476 0.000743392 0.35346 
16 4.12 0.0999305 0.0154306 0.000684535 0.3383 
16 4.12 0.0990953 0.0153047 0.000677914 0.340801 
16 4.12 0.101612 0.0160019 0.000731481 0.352734 
16 4.12 0.0995414 0.0154432 0.000700017 0.343905 
16 4.14 0.0983156 0.0151389 0.000688894 0.338423 
16 4.14 0.0993758 0.0155492 0.000716147 0.350835 
16 4.14 0.0986078 0.0152204 0.000690906 0.339906 
16 4.14 0.0978047 0.0149751 0.000653641 0.334488 
16 4.14 0.0987727 0.0152249 0.000668805 0.338171 
16 4.16 0.0996078 0.0155294 0.000718888 0.345086 
16 4.16 0.100293 0.0156501 0.000712613 0.344085 
16 4.16 0.098432 0.015141 0.000668444 0.335514 
16 4.16 0.0994992 0.0154306 0.000685511 0.340337 
16 4.16 0.0989023 0.0152002 0.000667172 0.333446 
16 4.18 0.0991164 0.0152739 0.000668879 0.33377 
16 4.18 0.0990969 0.0153531 0.000700973 0.338858 
16 4.18 0.0997789 0.0154753 0.000696273 0.338034 
16 4.18 0.0995469 0.0154215 0.000690068 0.337571 
16 4.18 0.0979461 0.0149395 0.000649865 0.327416 
16 4.2 0.0987766 0.0152148 0.000676436 0.332678 
16 4.2 0.0977945 0.015011 0.00066567 0.332022 
16 4.2 0.0984703 0.015275 0.000695063 0.340028 
16 4.2 0.0982937 0.0151799 0.000690168 0.336351 
16 4.2 0.0982516 0.0149731 0.000650392 0.324248 
16 4.22 0.0979578 0.014953 0.000646192 0.324991 
16 4.22 0.0980945 0.0150249 0.000647204 0.327728 
16 4.22 0.0972156 0.0148028 0.000651328 0.324665 
16 4.22 0.0998617 0.0155978 0.000706764 0.341262 
16 4.22 0.0976391 0.0149117 0.000651316 0.32627 
16 4.24 0.0966633 0.0146431 0.000621985 0.319957 
16 4.24 0.098543 0.0151825 0.000674055 0.33037 
16 4.24 0.0957711 0.0145308 0.000641933 0.323544 
16 4.24 0.0974172 0.0148621 0.000650384 0.324348 
16 4.24 0.098718 0.015143 0.000672527 0.3259 
16 4.26 0.0970508 0.0147344 0.000650722 0.319434 
16 4.26 0.0973344 0.0147956 0.000640346 0.319799 
16 4.26 0.0957687 0.0143372 0.000600954 0.310415 
16 4.26 0.0984109 0.014988 0.000651559 0.318696 
16 4.26 0.0968469 0.0146466 0.00063221 0.316531 
16 4.28 0.0956531 0.0142226 0.000587743 0.303439 
16 4.28 0.0966141 0.0146826 0.000640674 0.3199 
16 4.28 0.0958062 0.0143524 0.000607425 0.309446 
16 4.28 0.0960602 0.0145293 0.000616344 0.317112 
16 4.28 0.096043 0.0143358 0.000587781 0.305737 
16 4.3 0.0955102 0.0143468 0.000610483 0.311044 
16 4.3 0.0955672 0.0143277 0.000611315 0.309262 
16 4.3 0.0936648 0.0137971 0.00056867 0.299101 
16 4.3 0.0961125 0.0144091 0.000624275 0.307886 
16 4.3 0.0963438 0.0145398 0.000626843 0.313015 
16 4.32 0.0945906 0.0139904 0.000573646 0.298846 
16 4.32 0.0949664 0.0140495 0.000584395 0.298127 
16 4.32 0.0955641 0.0142474 0.000597128 0.303109 
16 4.32 0.0962836 0.0144674 0.000609013 0.307961 
16 4.32 0.0950633 0.0142582 0.000614288 0.309403 
16 4.34 0.0950836 0.0140838 0.000567522 0.297463 
16 4.34 0.0958578 0.0143132 0.000598867 0.302273 
16 4.34 0.0953898 0.0141798 0.000595181 0.299685 
16 4.34 0.0942656 0.0139497 0.000580794 0.298685 
16 4.34 0.0949766 0.0140433 0.000571968 0.296273 
16 4.36 0.0952703 0.0141372 0.000579066 0.297146 
16 4.36 0.0947727 0.0141636 0.000591882 0.304251 
16 4.36 0.0937508 0.0138239 0.000563007 0.295616 
16 4.36 0.0943023 0.0139671 0.000578651 0.29793 
16 4.36 0.093643 0.0137193 0.000551633 0.290662 
16 4.38 0.0927625 0.0134719 0.000538311 0.284462 
16 4.38 0.0948258 0.0139468 0.000558715 0.289601 
16 4.38 0.0943734 0.0139705 0.000584024 0.295988 
16 4.38 0.0928609 0.0135676 0.000543575 0.288991 
16 4.38 0.0948969 0.0141047 0.000587023 0.29804 
16 4.4 0.0933141 0.0136014 0.000547402 0.284738 
16 4.4 0.0940414 0.0139359 0.000588783 0.296271 
16 4.4 0.0935883 0.0138163 0.00056959 0.294256 
16 4.4 0.0938117 0.0138103 0.000555751 0.291474 
16 4.4 0.094007 0.0138792 0.000569284 0.293347 
16 4.42 0.0918133 0.0131243 0.000497373 0.271903 
16 4.42 0.0927109 0.0136463 0.000576216 0.292547 
16 4.42 0.0933891 0.0136358 0.000556019 0.28463 
16 4.42 0.0936008 0.0136664 0.000543393 0.284108 
16 4.42 0.0948688 0.0141943 0.000605343 0.300844 
16 4.44 0.0911555 0.0132139 0.000540594 0.282789 
16 4.44 0.0943203 0.0138244 0.000552654 0.284142 
16 4.44 0.0924117 0.0134194 0.000529349 0.281337 
16 4.44 0.0931227 0.0136099 0.000560314 0.284716 
16 4.44 0.0915828 0.0132072 0.000519006 0.277895 
16 4.46 0.0926172 0.0133521 0.00050799 0.274033 
16 4.46 0.0930484 0.0135959 0.00054745 0.28343 
16 4.46 0.0926437 0.0135454 0.000543769 0.284844 
16 4.46 0.092518 0.0134119 0.000536033 0.278519 
16 4.46 0.092318 0.0132563 0.000505726 0.271711 
16 4.48 0.0917672 0.0131864 0.000510423 0.272298 
16 4.48 0.0928711 0.0134383 0.000523296 0.275042 
16 4.48 0.0931148 0.0135491 0.000543511 0.278783 
16 4.48 0.0928109 0.0133809 0.000518027 0.272402 
16 4.48 0.0924555 0.0133901 0.000532196 0.27669 
16 4.5 0.0917789 0.0132014 0.000520554 0.271816 
16 4.5 0.0931281 0.0135976 0.000546709 0.280165 
16 4.5 0.0929438 0.013586 0.000543736 0.281458 
16 4.5 0.091582 0.0130895 0.000495841 0.267504 
16 4.5 0.0922578 0.0134053 0.000529022 0.278401 
