size temperature m m^2 m^4 mag_sus
64 0.02 1 1 1 0 
64 0.02 1 1 1 0 
64 0.02 1 1 1 0 
64 0.02 1 1 1 0 
64 0.02 1 1 1 0 
64 0.04 1 1 1 0 
64 0.04 1 1 1 0 
64 0.04 1 1 1 0 
64 0.04 1 1 1 0 
64 0.04 1 1 1 0 
64 0.06 1 1 1 0 
64 0.06 1 1 1 0 
64 0.06 1 1 1 0 
64 0.06 1 1 1 0 
64 0.06 1 1 1 0 
64 0.08 1 1 1 0 
64 0.08 1 1 1 0 
64 0.08 1 1 1 0 
64 0.08 1 1 1 0 
64 0.08 1 1 1 0 
64 0.1 1 1 1 0 
64 0.1 1 1 1 0 
64 0.1 1 1 1 0 
64 0.1 1 1 1 0 
64 0.1 1 1 1 0 
64 0.12 1 1 1 0 
64 0.12 1 1 1 0 
64 0.12 1 1 1 0 
64 0.12 1 1 1 0 
64 0.12 1 1 1 0 
64 0.14 1 1 1 0 
64 0.14 1 1 1 0 
64 0.14 1 1 1 0 
64 0.14 1 1 1 0 
64 0.14 1 1 1 0 
64 0.16 1 1 1 0 
64 0.16 1 1 1 0 
64 0.16 1 1 1 0 
64 0.16 1 1 1 0 
64 0.16 1 1 1 0 
64 0.18 1 1 1 0 
64 0.18 1 1 1 0 
64 0.18 1 1 1 0 
64 0.18 1 1 1 0 
64 0.18 1 1 1 0 
64 0.2 1 1 1 0 
64 0.2 1 1 1 0 
64 0.2 1 1 1 0 
64 0.2 1 1 1 0 
64 0.2 1 1 1 0 
64 0.22 1 1 1 0 
64 0.22 1 1 1 0 
64 0.22 1 1 1 0 
64 0.22 1 1 1 0 
64 0.22 1 1 1 0 
64 0.24 1 1 1 0 
64 0.24 1 1 1 0 
64 0.24 1 1 1 0 
64 0.24 1 1 1 0 
64 0.24 1 1 1 0 
64 0.26 1 1 1 0 
64 0.26 1 1 1 0 
64 0.26 1 1 1 0 
64 0.26 1 1 1 0 
64 0.26 1 1 1 0 
64 0.28 1 1 1 0 
64 0.28 1 1 1 0 
64 0.28 1 1 1 0 
64 0.28 1 1 1 0 
64 0.28 1 1 1 0 
64 0.3 1 1 1 0 
64 0.3 1 1 1 0 
64 0.3 1 1 1 0 
64 0.3 1 1 1 0 
64 0.3 1 1 1 0 
64 0.32 1 1 1 0 
64 0.32 1 1 1 0 
64 0.32 1 1 1 0 
64 0.32 1 1 1 0 
64 0.32 1 1 1 0 
64 0.34 1 1 1 0 
64 0.34 1 1 1 0 
64 0.34 1 1 1 0 
64 0.34 1 1 1 0 
64 0.34 1 1 1 0 
64 0.36 1 1 1 0 
64 0.36 1 1 1 0 
64 0.36 1 1 1 0 
64 0.36 1 1 1 0 
64 0.36 1 1 1 0 
64 0.38 1 1 1 0 
64 0.38 1 1 1 0 
64 0.38 1 1 1 0 
64 0.38 1 1 1 0 
64 0.38 1 1 1 0 
64 0.4 1 1 1 0 
64 0.4 1 1 1 0 
64 0.4 1 1 1 0 
64 0.4 1 1 1 0 
64 0.4 1 1 1 0 
64 0.42 1 1 1 0 
64 0.42 1 1 1 2.32492e-07 
64 0.42 1 1 1 2.32492e-07 
64 0.42 1 1 1 2.32492e-07 
64 0.42 1 1 1 0 
64 0.44 1 1 1 0 
64 0.44 1 1 1 2.21924e-07 
64 0.44 1 1 1 0 
64 0.44 1 1 1 2.21924e-07 
64 0.44 1 1 1 0 
64 0.46 1 1 1 4.24507e-07 
64 0.46 1 1 1 0 
64 0.46 1 1 1 2.12275e-07 
64 0.46 1 1 1 0 
64 0.46 1 1 1 4.24507e-07 
64 0.48 1 1 1 0 
64 0.48 1 1 0.999999 8.13476e-07 
64 0.48 1 1 1 2.0343e-07 
64 0.48 1 1 1 0 
64 0.48 1 1 1 2.0343e-07 
64 0.5 1 1 1 0 
64 0.5 1 1 0.999999 7.80937e-07 
64 0.5 1 1 0.999999 7.80937e-07 
64 0.5 1 1 0.999999 5.85761e-07 
64 0.5 1 1 1 3.90546e-07 
64 0.52 1 1 0.999999 7.50901e-07 
64 0.52 1 0.999999 0.999998 1.68868e-06 
64 0.52 1 0.999999 0.999998 1.68868e-06 
64 0.52 1 0.999999 0.999998 1.68868e-06 
64 0.52 1 0.999999 0.999998 1.87613e-06 
64 0.54 0.999999 0.999998 0.999997 3.06914e-06 
64 0.54 0.999999 0.999999 0.999998 2.16753e-06 
64 0.54 1 0.999999 0.999998 1.80664e-06 
64 0.54 0.999999 0.999999 0.999997 2.52828e-06 
64 0.54 0.999999 0.999999 0.999997 2.34793e-06 
64 0.56 0.999999 0.999998 0.999996 4.00166e-06 
64 0.56 0.999999 0.999998 0.999996 3.1333e-06 
64 0.56 0.999998 0.999997 0.999994 5.73575e-06 
64 0.56 0.999999 0.999997 0.999995 4.69571e-06 
64 0.56 0.999998 0.999997 0.999994 5.73575e-06 
64 0.58 0.999998 0.999996 0.999992 7.21173e-06 
64 0.58 0.999998 0.999995 0.99999 8.37655e-06 
64 0.58 0.999998 0.999996 0.999991 7.54268e-06 
64 0.58 0.999998 0.999996 0.999991 7.37581e-06 
64 0.58 0.999999 0.999997 0.999994 5.03603e-06 
64 0.6 0.999997 0.999994 0.999988 9.54621e-06 
64 0.6 0.999998 0.999995 0.999991 7.93931e-06 
64 0.6 0.999997 0.999995 0.99999 8.41953e-06 
64 0.6 0.999997 0.999993 0.999986 1.17995e-05 
64 0.6 0.999997 0.999994 0.999988 1.01893e-05 
64 0.62 0.999995 0.99999 0.999979 1.68341e-05 
64 0.62 0.999996 0.999991 0.999982 1.4518e-05 
64 0.62 0.999995 0.99999 0.99998 1.57478e-05 
64 0.62 0.999995 0.99999 0.999979 1.68341e-05 
64 0.62 0.999996 0.999992 0.999983 1.32746e-05 
64 0.64 0.999993 0.999987 0.999974 2.07831e-05 
64 0.64 0.999993 0.999985 0.999971 2.37656e-05 
64 0.64 0.999993 0.999985 0.99997 2.34512e-05 
64 0.64 0.999992 0.999984 0.999968 2.52244e-05 
64 0.64 0.999993 0.999986 0.999971 2.2554e-05 
64 0.66 0.99999 0.999979 0.999958 3.14369e-05 
64 0.66 0.999988 0.999975 0.999951 3.69392e-05 
64 0.66 0.99999 0.999979 0.999959 3.18996e-05 
64 0.66 0.999988 0.999976 0.999952 3.69687e-05 
64 0.66 0.999989 0.999978 0.999957 3.44862e-05 
64 0.68 0.999985 0.99997 0.999939 4.61466e-05 
64 0.68 0.999985 0.999969 0.999938 4.52308e-05 
64 0.68 0.999985 0.99997 0.99994 4.45935e-05 
64 0.68 0.999984 0.999968 0.999936 4.68428e-05 
64 0.68 0.999985 0.999969 0.999939 4.69903e-05 
64 0.7 0.999978 0.999956 0.999912 6.60924e-05 
64 0.7 0.999978 0.999956 0.999913 6.38853e-05 
64 0.7 0.999976 0.999952 0.999904 6.8637e-05 
64 0.7 0.999978 0.999956 0.999912 6.40123e-05 
64 0.7 0.999979 0.999957 0.999915 6.15221e-05 
64 0.72 0.999969 0.999937 0.999875 8.75726e-05 
64 0.72 0.999971 0.999943 0.999885 8.17251e-05 
64 0.72 0.999968 0.999936 0.999872 8.89533e-05 
64 0.72 0.999971 0.999943 0.999886 7.9467e-05 
64 0.72 0.999968 0.999937 0.999873 8.74674e-05 
64 0.74 0.999959 0.999918 0.999837 0.000112869 
64 0.74 0.999957 0.999913 0.999827 0.000119031 
64 0.74 0.99996 0.999919 0.999839 0.000112781 
64 0.74 0.999957 0.999913 0.999826 0.000119403 
64 0.74 0.99996 0.99992 0.999839 0.000110603 
64 0.76 0.999942 0.999883 0.999767 0.000159102 
64 0.76 0.999944 0.999889 0.999778 0.000149217 
64 0.76 0.999948 0.999895 0.999791 0.0001403 
64 0.76 0.999945 0.999889 0.999779 0.000144767 
64 0.76 0.999946 0.999893 0.999785 0.000145842 
64 0.78 0.999926 0.999852 0.999704 0.00019651 
64 0.78 0.99993 0.999859 0.999719 0.00018171 
64 0.78 0.999927 0.999855 0.99971 0.000188361 
64 0.78 0.999929 0.999858 0.999716 0.00018705 
64 0.78 0.99993 0.99986 0.99972 0.000181854 
64 0.8 0.999905 0.99981 0.999621 0.000241221 
64 0.8 0.999904 0.999808 0.999617 0.000247029 
64 0.8 0.999904 0.999808 0.999616 0.000250499 
64 0.8 0.999909 0.999818 0.999636 0.000231757 
64 0.8 0.999908 0.999815 0.99963 0.000238681 
64 0.82 0.99988 0.99976 0.99952 0.000301345 
64 0.82 0.999879 0.999759 0.999518 0.00030213 
64 0.82 0.999884 0.999769 0.999537 0.00029021 
64 0.82 0.999882 0.999764 0.999529 0.000295324 
64 0.82 0.999886 0.999771 0.999543 0.000287082 
64 0.84 0.99985 0.9997 0.9994 0.000372423 
64 0.84 0.999846 0.999692 0.999385 0.000370367 
64 0.84 0.999846 0.999693 0.999387 0.000380804 
64 0.84 0.99985 0.999699 0.999399 0.000369946 
64 0.84 0.999851 0.999703 0.999405 0.00035721 
64 0.86 0.99981 0.99962 0.999241 0.000456753 
64 0.86 0.999811 0.999622 0.999244 0.000455236 
64 0.86 0.999807 0.999614 0.999228 0.000478176 
64 0.86 0.99981 0.99962 0.99924 0.000454633 
64 0.86 0.999816 0.999632 0.999265 0.000443793 
64 0.88 0.999766 0.999532 0.999065 0.0005515 
64 0.88 0.999764 0.999527 0.999055 0.000552147 
64 0.88 0.999767 0.999533 0.999067 0.000553006 
64 0.88 0.999764 0.999529 0.999058 0.000554311 
64 0.88 0.999761 0.999522 0.999045 0.000556964 
64 0.9 0.999707 0.999415 0.998831 0.000673545 
64 0.9 0.999714 0.999427 0.998856 0.000649632 
64 0.9 0.999705 0.99941 0.998821 0.000684309 
64 0.9 0.999714 0.999429 0.998859 0.000668847 
64 0.9 0.999703 0.999406 0.998813 0.000688445 
64 0.92 0.999647 0.999294 0.998589 0.00079977 
64 0.92 0.999647 0.999295 0.998591 0.000828102 
64 0.92 0.999645 0.999291 0.998584 0.000823368 
64 0.92 0.99965 0.9993 0.9986 0.000819092 
64 0.92 0.99963 0.99926 0.998521 0.000856968 
64 0.94 0.999568 0.999136 0.998274 0.00097887 
64 0.94 0.999573 0.999147 0.998295 0.000965679 
64 0.94 0.999572 0.999144 0.998289 0.000985751 
64 0.94 0.999579 0.999159 0.998319 0.000944519 
64 0.94 0.99957 0.999141 0.998283 0.000960821 
64 0.96 0.999491 0.998983 0.997967 0.00114411 
64 0.96 0.999489 0.998979 0.997959 0.00115036 
64 0.96 0.999483 0.998966 0.997935 0.00116051 
64 0.96 0.999489 0.998978 0.997957 0.0011348 
64 0.96 0.999491 0.998983 0.997968 0.0011418 
64 0.98 0.999389 0.998778 0.997559 0.00133868 
64 0.98 0.999401 0.998802 0.997608 0.00130109 
64 0.98 0.999388 0.998777 0.997557 0.00133973 
64 0.98 0.999393 0.998787 0.997576 0.00131258 
64 0.98 0.99939 0.998781 0.997565 0.001306 
64 1 0.999277 0.998556 0.997115 0.00155018 
64 1 0.999275 0.998551 0.997106 0.00157242 
64 1 0.999283 0.998566 0.997136 0.00159749 
64 1 0.999289 0.998579 0.997162 0.00156429 
64 1 0.999275 0.998551 0.997105 0.0015365 
64 1.02 0.999143 0.998286 0.996578 0.00189344 
64 1.02 0.999153 0.998308 0.99662 0.00184762 
64 1.02 0.999156 0.998314 0.996633 0.00184 
64 1.02 0.999156 0.998312 0.996629 0.00179068 
64 1.02 0.999145 0.998292 0.996589 0.00183752 
64 1.04 0.999001 0.998004 0.996015 0.00213966 
64 1.04 0.999012 0.998026 0.996057 0.0021392 
64 1.04 0.998996 0.997993 0.995993 0.00203851 
64 1.04 0.998998 0.997998 0.996001 0.00215473 
64 1.04 0.998997 0.997995 0.995997 0.00220208 
64 1.06 0.99885 0.997703 0.995413 0.0024387 
64 1.06 0.998833 0.997669 0.995345 0.00246349 
64 1.06 0.998832 0.997665 0.995339 0.00244851 
64 1.06 0.998839 0.99768 0.995367 0.00241629 
64 1.06 0.99883 0.997661 0.99533 0.00247364 
64 1.08 0.998648 0.997299 0.994607 0.00285924 
64 1.08 0.998653 0.997308 0.994626 0.00281188 
64 1.08 0.998652 0.997308 0.994625 0.00282874 
64 1.08 0.99865 0.997302 0.994613 0.0027125 
64 1.08 0.998634 0.997272 0.994553 0.00279914 
64 1.1 0.998446 0.996895 0.993803 0.00314369 
64 1.1 0.998461 0.996926 0.993865 0.00310671 
64 1.1 0.998454 0.996911 0.993836 0.00318168 
64 1.1 0.998458 0.99692 0.993852 0.00315758 
64 1.1 0.998449 0.996901 0.993814 0.00313068 
64 1.12 0.998209 0.996423 0.992863 0.00355786 
64 1.12 0.998211 0.996427 0.99287 0.00360221 
64 1.12 0.998213 0.996431 0.992879 0.00362333 
64 1.12 0.998217 0.996439 0.992894 0.00370862 
64 1.12 0.998229 0.996461 0.992939 0.00358877 
64 1.14 0.997964 0.995933 0.991887 0.00413677 
64 1.14 0.997968 0.995942 0.991904 0.0041174 
64 1.14 0.997952 0.995909 0.991838 0.00424847 
64 1.14 0.997935 0.995875 0.991772 0.00411486 
64 1.14 0.997962 0.99593 0.991882 0.00411693 
64 1.16 0.99769 0.995386 0.990799 0.00456943 
64 1.16 0.997678 0.995363 0.990752 0.00456928 
64 1.16 0.997692 0.99539 0.990807 0.00463705 
64 1.16 0.997663 0.995332 0.990691 0.00470342 
64 1.16 0.997675 0.995357 0.99074 0.00454305 
64 1.18 0.997361 0.994731 0.989495 0.00536686 
64 1.18 0.997348 0.994705 0.989444 0.00517697 
64 1.18 0.997364 0.994737 0.989508 0.00513865 
64 1.18 0.997359 0.994726 0.989486 0.00538976 
64 1.18 0.997365 0.994738 0.98951 0.00509773 
64 1.2 0.997042 0.994095 0.988232 0.00578105 
64 1.2 0.997046 0.994103 0.988247 0.00574778 
64 1.2 0.997038 0.994087 0.988215 0.00588131 
64 1.2 0.996997 0.994004 0.988051 0.00593223 
64 1.2 0.997009 0.994028 0.988099 0.00590354 
64 1.22 0.996682 0.993377 0.986806 0.00643708 
64 1.22 0.996657 0.993327 0.986707 0.00669767 
64 1.22 0.996643 0.993299 0.98665 0.00670502 
64 1.22 0.996665 0.993342 0.986737 0.00648302 
64 1.22 0.996649 0.993311 0.986675 0.00673176 
64 1.24 0.996216 0.992449 0.984965 0.00766633 
64 1.24 0.996251 0.992519 0.985102 0.00719201 
64 1.24 0.99623 0.992476 0.985018 0.00732188 
64 1.24 0.996226 0.992469 0.985004 0.00741859 
64 1.24 0.996244 0.992505 0.985074 0.00732839 
64 1.26 0.995785 0.991591 0.983262 0.00840276 
64 1.26 0.995758 0.991538 0.983157 0.00853282 
64 1.26 0.995786 0.991592 0.983264 0.00834733 
64 1.26 0.995799 0.991619 0.983318 0.00813154 
64 1.26 0.995792 0.991604 0.983287 0.00814167 
64 1.28 0.995259 0.990544 0.981189 0.00935773 
64 1.28 0.995302 0.990628 0.981356 0.00914022 
64 1.28 0.99532 0.990665 0.981428 0.00949797 
64 1.28 0.995298 0.990621 0.981341 0.00924967 
64 1.28 0.995313 0.990651 0.981401 0.00936188 
64 1.3 0.994742 0.989515 0.979153 0.0103275 
64 1.3 0.994766 0.989563 0.979248 0.0102091 
64 1.3 0.994766 0.989563 0.979248 0.0103949 
64 1.3 0.994771 0.989573 0.979267 0.0102535 
64 1.3 0.99477 0.989571 0.979264 0.0101476 
64 1.32 0.99421 0.988456 0.977061 0.0114906 
64 1.32 0.994179 0.988396 0.97694 0.011098 
64 1.32 0.994164 0.988365 0.97688 0.0112781 
64 1.32 0.994202 0.988442 0.977031 0.0114139 
64 1.32 0.994235 0.988506 0.977159 0.0111715 
64 1.34 0.993576 0.987198 0.974577 0.0125936 
64 1.34 0.993576 0.987197 0.974575 0.0122799 
64 1.34 0.99355 0.987145 0.974471 0.0126338 
64 1.34 0.993558 0.987161 0.974502 0.012614 
64 1.34 0.993578 0.987201 0.974581 0.0123948 
64 1.36 0.992872 0.985799 0.971818 0.013904 
64 1.36 0.99285 0.985755 0.971732 0.014336 
64 1.36 0.992889 0.985834 0.971886 0.0140337 
64 1.36 0.992888 0.985831 0.971881 0.0140331 
64 1.36 0.992912 0.985879 0.971975 0.0135941 
64 1.38 0.992181 0.984428 0.96912 0.0154199 
64 1.38 0.992171 0.984409 0.969081 0.015106 
64 1.38 0.992165 0.984396 0.969056 0.0154502 
64 1.38 0.99221 0.984486 0.969234 0.0156367 
64 1.38 0.9922 0.984465 0.969191 0.0149359 
64 1.4 0.991424 0.982927 0.966168 0.0174142 
64 1.4 0.991359 0.982799 0.965917 0.0168211 
64 1.4 0.991373 0.982826 0.96597 0.0168655 
64 1.4 0.991402 0.982883 0.966082 0.0167503 
64 1.4 0.991385 0.982849 0.966015 0.0168529 
64 1.42 0.990571 0.981238 0.962853 0.0186968 
64 1.42 0.990587 0.981268 0.962912 0.0186056 
64 1.42 0.990548 0.981192 0.962762 0.0183697 
64 1.42 0.990519 0.981134 0.962649 0.0182238 
64 1.42 0.990521 0.981137 0.962655 0.018329 
64 1.44 0.989641 0.979396 0.959244 0.0205595 
64 1.44 0.98963 0.979374 0.959202 0.0206385 
64 1.44 0.989612 0.979338 0.959132 0.020471 
64 1.44 0.989658 0.97943 0.959311 0.0204193 
64 1.44 0.989611 0.979337 0.959129 0.0201632 
64 1.46 0.988608 0.977354 0.955253 0.0223758 
64 1.46 0.988651 0.977438 0.955418 0.0226817 
64 1.46 0.988632 0.977401 0.955343 0.0224342 
64 1.46 0.988698 0.977532 0.9556 0.022019 
64 1.46 0.988655 0.977447 0.955434 0.0220975 
64 1.48 0.987653 0.975468 0.951573 0.0250072 
64 1.48 0.987633 0.975427 0.951493 0.0248137 
64 1.48 0.987652 0.975465 0.951566 0.0246712 
64 1.48 0.987546 0.975255 0.951159 0.0250554 
64 1.48 0.987633 0.975428 0.951495 0.0249184 
64 1.5 0.986491 0.973175 0.947108 0.0270675 
64 1.5 0.986515 0.973222 0.947199 0.0270277 
64 1.5 0.986538 0.973267 0.947288 0.0271314 
64 1.5 0.986472 0.973138 0.947036 0.027493 
64 1.5 0.986537 0.973266 0.947285 0.0271632 
64 1.51 0.985944 0.972095 0.945009 0.0280248 
64 1.51 0.985829 0.971869 0.944571 0.0284523 
64 1.51 0.985913 0.972034 0.944891 0.0282417 
64 1.51 0.985946 0.972099 0.945018 0.0287567 
64 1.51 0.985852 0.971915 0.944661 0.0293393 
64 1.52 0.985373 0.970971 0.942827 0.0293619 
64 1.52 0.985332 0.970889 0.942669 0.0297644 
64 1.52 0.985338 0.970902 0.942692 0.0290249 
64 1.52 0.9853 0.970828 0.94255 0.0299713 
64 1.52 0.985304 0.970836 0.942565 0.0297064 
64 1.53 0.98465 0.969547 0.940067 0.0312799 
64 1.53 0.984689 0.969624 0.940216 0.0311827 
64 1.53 0.984677 0.969601 0.94017 0.0305467 
64 1.53 0.984718 0.96968 0.940324 0.0305024 
64 1.53 0.984706 0.969657 0.94028 0.0312274 
64 1.54 0.984025 0.968317 0.937686 0.0323257 
64 1.54 0.983985 0.968239 0.937535 0.0332951 
64 1.54 0.984045 0.968356 0.937761 0.0328112 
64 1.54 0.984005 0.968278 0.937609 0.0323696 
64 1.54 0.984053 0.968372 0.937792 0.0323594 
64 1.55 0.983314 0.96692 0.934984 0.0344607 
64 1.55 0.983302 0.966896 0.934939 0.0343713 
64 1.55 0.98331 0.966911 0.934967 0.0344715 
64 1.55 0.983396 0.96708 0.935293 0.0340359 
64 1.55 0.983402 0.967093 0.935317 0.0337905 
64 1.56 0.98268 0.965674 0.93258 0.0362874 
64 1.56 0.98261 0.965536 0.932313 0.0357753 
64 1.56 0.982632 0.965579 0.932394 0.0356153 
64 1.56 0.982685 0.965683 0.932596 0.0355944 
64 1.56 0.982671 0.965655 0.932544 0.0364751 
64 1.57 0.981972 0.964284 0.929897 0.0367617 
64 1.57 0.981942 0.964225 0.929784 0.0367488 
64 1.57 0.98191 0.964162 0.929665 0.0387001 
64 1.57 0.98195 0.964241 0.929816 0.0379043 
64 1.57 0.98196 0.964259 0.92985 0.0373666 
64 1.58 0.981218 0.962804 0.92705 0.0388688 
64 1.58 0.98121 0.962789 0.92702 0.0395052 
64 1.58 0.981139 0.962649 0.926751 0.0396348 
64 1.58 0.981128 0.962627 0.92671 0.0400234 
64 1.58 0.981154 0.962678 0.926805 0.0384055 
64 1.59 0.980336 0.961076 0.923728 0.0415091 
64 1.59 0.980435 0.961268 0.924098 0.0412453 
64 1.59 0.98045 0.961297 0.924154 0.0410805 
64 1.59 0.980441 0.961281 0.924124 0.0416379 
64 1.59 0.98038 0.96116 0.923889 0.0405094 
64 1.6 0.979604 0.959642 0.920976 0.0430005 
64 1.6 0.979537 0.959509 0.920723 0.0440466 
64 1.6 0.97961 0.959652 0.920997 0.0429618 
64 1.6 0.979621 0.959675 0.921042 0.0439482 
64 1.6 0.979667 0.959765 0.921214 0.0435292 
64 1.61 0.978923 0.958308 0.918422 0.0449009 
64 1.61 0.978755 0.95798 0.917795 0.04583 
64 1.61 0.978783 0.958033 0.917895 0.0451694 
64 1.61 0.978777 0.958023 0.917876 0.045607 
64 1.61 0.978756 0.95798 0.917793 0.0440887 
64 1.62 0.977895 0.956299 0.914581 0.0487554 
64 1.62 0.978005 0.956512 0.914987 0.047462 
64 1.62 0.977912 0.95633 0.914639 0.047599 
64 1.62 0.97796 0.956424 0.914819 0.0478589 
64 1.62 0.977938 0.956381 0.914736 0.0470369 
64 1.63 0.977127 0.954797 0.911714 0.0503087 
64 1.63 0.977066 0.954678 0.911484 0.0487146 
64 1.63 0.977121 0.954784 0.911687 0.0486693 
64 1.63 0.977086 0.954716 0.911557 0.0486109 
64 1.63 0.977086 0.954717 0.911558 0.0485751 
64 1.64 0.976211 0.953009 0.908306 0.0524905 
64 1.64 0.976213 0.953012 0.908312 0.0522401 
64 1.64 0.976112 0.952816 0.907939 0.0528388 
64 1.64 0.97617 0.952929 0.908152 0.0514634 
64 1.64 0.976226 0.953039 0.90836 0.0510985 
64 1.65 0.975239 0.951113 0.904699 0.0545242 
64 1.65 0.975208 0.951053 0.904585 0.0540383 
64 1.65 0.975283 0.9512 0.904867 0.055799 
64 1.65 0.975152 0.950944 0.904378 0.0543979 
64 1.65 0.975211 0.951059 0.904597 0.0547485 
64 1.66 0.974277 0.949238 0.901141 0.0569814 
64 1.66 0.974266 0.949218 0.9011 0.0561845 
64 1.66 0.974327 0.949336 0.901327 0.0575989 
64 1.66 0.974306 0.949296 0.90125 0.0570697 
64 1.66 0.974297 0.949279 0.901218 0.0573153 
64 1.67 0.973362 0.947459 0.89777 0.0597005 
64 1.67 0.973284 0.947305 0.897477 0.0581693 
64 1.67 0.973313 0.947363 0.897589 0.0598626 
64 1.67 0.973288 0.947313 0.897494 0.0596194 
64 1.67 0.973184 0.947111 0.897113 0.0603109 
64 1.68 0.972214 0.945225 0.893549 0.0634877 
64 1.68 0.972249 0.945293 0.893673 0.0606038 
64 1.68 0.97215 0.945102 0.893317 0.0638852 
64 1.68 0.972301 0.945394 0.893868 0.0632265 
64 1.68 0.972244 0.945286 0.893665 0.0645253 
64 1.69 0.971167 0.943192 0.889712 0.0651701 
64 1.69 0.971227 0.943309 0.889933 0.0654159 
64 1.69 0.971156 0.94317 0.889669 0.064433 
64 1.69 0.971215 0.943286 0.889891 0.0657339 
64 1.69 0.971213 0.943283 0.889884 0.0657556 
64 1.7 0.970038 0.941003 0.885596 0.0701149 
64 1.7 0.970052 0.941031 0.885649 0.0704776 
64 1.7 0.970116 0.941153 0.885875 0.0678045 
64 1.7 0.970075 0.941075 0.885731 0.0696404 
64 1.7 0.970028 0.940983 0.885557 0.0698971 
64 1.71 0.96894 0.938875 0.8816 0.0734215 
64 1.71 0.968911 0.938819 0.881497 0.0743186 
64 1.71 0.968995 0.938981 0.881801 0.0737872 
64 1.71 0.968836 0.938674 0.881225 0.0736019 
64 1.71 0.968978 0.938948 0.881734 0.0707587 
64 1.72 0.967726 0.936526 0.877201 0.0761326 
64 1.72 0.967768 0.936605 0.877347 0.0749468 
64 1.72 0.967697 0.936468 0.877091 0.0751293 
64 1.72 0.967722 0.936519 0.877188 0.0768415 
64 1.72 0.967787 0.936643 0.877419 0.0760653 
64 1.73 0.966506 0.934168 0.872796 0.0797668 
64 1.73 0.966531 0.934217 0.872887 0.0801554 
64 1.73 0.966558 0.934268 0.872981 0.0787113 
64 1.73 0.966574 0.9343 0.873044 0.0810178 
64 1.73 0.966539 0.934233 0.872919 0.0811313 
64 1.74 0.965359 0.931953 0.868669 0.0837752 
64 1.74 0.965343 0.931924 0.868615 0.0841857 
64 1.74 0.96521 0.931666 0.868137 0.0850876 
64 1.74 0.965406 0.932044 0.868839 0.0838872 
64 1.74 0.965243 0.931731 0.868255 0.0841283 
64 1.75 0.96397 0.929276 0.863693 0.0876972 
64 1.75 0.963979 0.929294 0.863725 0.0873489 
64 1.75 0.964049 0.929427 0.863972 0.0864615 
64 1.75 0.964037 0.929405 0.863933 0.0881872 
64 1.75 0.964013 0.929361 0.863857 0.0916549 
64 1.76 0.962687 0.926808 0.859126 0.095685 
64 1.76 0.962672 0.926778 0.859069 0.0955696 
64 1.76 0.962605 0.926649 0.858829 0.0947013 
64 1.76 0.96268 0.926792 0.859089 0.0915713 
64 1.76 0.962745 0.926918 0.859324 0.0922971 
64 1.77 0.961344 0.924224 0.854343 0.0959757 
64 1.77 0.961275 0.924092 0.8541 0.0968795 
64 1.77 0.961186 0.923922 0.85379 0.0992588 
64 1.77 0.961166 0.923884 0.853718 0.0988212 
64 1.77 0.961237 0.924018 0.85396 0.0944601 
64 1.78 0.959806 0.921273 0.848908 0.102538 
64 1.78 0.959864 0.921383 0.849113 0.103789 
64 1.78 0.959844 0.921345 0.849041 0.102978 
64 1.78 0.95983 0.921318 0.848991 0.102694 
64 1.78 0.959955 0.921558 0.849435 0.103484 
64 1.79 0.958436 0.918647 0.844089 0.109798 
64 1.79 0.958297 0.918381 0.843596 0.107463 
64 1.79 0.958501 0.91877 0.844307 0.105801 
64 1.79 0.958317 0.918417 0.843661 0.106576 
64 1.79 0.958341 0.918465 0.843749 0.107376 
64 1.8 0.956801 0.915519 0.83836 0.11518 
64 1.8 0.956887 0.915684 0.838666 0.116991 
64 1.8 0.956795 0.915507 0.838334 0.112953 
64 1.8 0.956954 0.915809 0.838886 0.111619 
64 1.8 0.956933 0.91577 0.838819 0.114192 
64 1.81 0.955276 0.912605 0.833036 0.117416 
64 1.81 0.955352 0.91275 0.833308 0.120941 
64 1.81 0.95513 0.912326 0.832532 0.120661 
64 1.81 0.955217 0.912493 0.832841 0.122692 
64 1.81 0.955281 0.912615 0.833058 0.119391 
64 1.82 0.95374 0.909678 0.827722 0.128655 
64 1.82 0.953568 0.909348 0.82712 0.127937 
64 1.82 0.953662 0.909529 0.827451 0.128782 
64 1.82 0.953716 0.90963 0.827626 0.123669 
64 1.82 0.953655 0.909514 0.82742 0.126538 
64 1.83 0.951881 0.906137 0.821299 0.132398 
64 1.83 0.951946 0.90626 0.821524 0.134219 
64 1.83 0.95199 0.906346 0.821682 0.135824 
64 1.83 0.952064 0.906484 0.821929 0.132946 
64 1.83 0.951914 0.906198 0.821407 0.131213 
64 1.84 0.950167 0.90288 0.815418 0.140353 
64 1.84 0.950183 0.902913 0.815484 0.143574 
64 1.84 0.950272 0.903079 0.815776 0.139122 
64 1.84 0.950112 0.902776 0.815229 0.139729 
64 1.84 0.950178 0.9029 0.815454 0.139133 
64 1.85 0.948351 0.899438 0.809234 0.151073 
64 1.85 0.948481 0.899685 0.809676 0.15015 
64 1.85 0.948375 0.899483 0.809314 0.151086 
64 1.85 0.948379 0.89949 0.809322 0.147791 
64 1.85 0.948526 0.899767 0.809818 0.14605 
64 1.86 0.946388 0.895722 0.802575 0.158265 
64 1.86 0.946557 0.89604 0.803138 0.154446 
64 1.86 0.946506 0.895946 0.802978 0.1592 
64 1.86 0.946407 0.89576 0.802644 0.159863 
64 1.86 0.946552 0.896032 0.803128 0.156992 
64 1.87 0.944657 0.892453 0.796745 0.167596 
64 1.87 0.944516 0.892187 0.796271 0.168414 
64 1.87 0.944462 0.892085 0.796089 0.168238 
64 1.87 0.944524 0.8922 0.796288 0.16452 
64 1.87 0.944519 0.892192 0.796277 0.166576 
64 1.88 0.942484 0.888359 0.789473 0.179253 
64 1.88 0.942421 0.888242 0.789271 0.182872 
64 1.88 0.942328 0.888064 0.788948 0.178153 
64 1.88 0.942557 0.888493 0.789699 0.171554 
64 1.88 0.942515 0.888415 0.789567 0.176307 
64 1.89 0.940481 0.884587 0.78279 0.181631 
64 1.89 0.940315 0.884278 0.782251 0.18737 
64 1.89 0.940421 0.884479 0.782608 0.188054 
64 1.89 0.940405 0.884449 0.782555 0.188106 
64 1.89 0.940414 0.884465 0.782583 0.187754 
64 1.9 0.938406 0.880699 0.775959 0.202154 
64 1.9 0.938351 0.880597 0.77578 0.202424 
64 1.9 0.938099 0.880124 0.774952 0.205163 
64 1.9 0.938565 0.880994 0.77647 0.196123 
64 1.9 0.938387 0.880663 0.775897 0.20267 
64 1.91 0.935987 0.876171 0.768019 0.211474 
64 1.91 0.936189 0.876547 0.768675 0.209726 
64 1.91 0.936096 0.876375 0.76838 0.213528 
64 1.91 0.936138 0.876452 0.768506 0.207755 
64 1.91 0.936012 0.876213 0.768081 0.203683 
64 1.92 0.933755 0.872003 0.760755 0.225146 
64 1.92 0.933632 0.871775 0.760361 0.226839 
64 1.92 0.933691 0.871887 0.760565 0.232215 
64 1.92 0.933518 0.871562 0.759986 0.225142 
64 1.92 0.933447 0.87143 0.759762 0.228829 
64 1.93 0.931084 0.867028 0.752122 0.236203 
64 1.93 0.931273 0.867382 0.752737 0.237772 
64 1.93 0.931288 0.867411 0.752791 0.239715 
64 1.93 0.931327 0.867481 0.752904 0.234159 
64 1.93 0.931457 0.867724 0.753327 0.23531 
64 1.94 0.928781 0.862757 0.74477 0.259373 
64 1.94 0.928655 0.86252 0.744349 0.251901 
64 1.94 0.92869 0.862586 0.744465 0.252979 
64 1.94 0.928759 0.862714 0.744689 0.2543 
64 1.94 0.928902 0.862978 0.74514 0.251217 
64 1.95 0.926151 0.857883 0.736401 0.269341 
64 1.95 0.926164 0.857907 0.736441 0.268529 
64 1.95 0.926282 0.858123 0.736803 0.263395 
64 1.95 0.926127 0.857843 0.736347 0.278776 
64 1.95 0.926061 0.857721 0.736136 0.277997 
64 1.96 0.923571 0.853118 0.728268 0.282402 
64 1.96 0.923434 0.85287 0.727858 0.290143 
64 1.96 0.923426 0.852853 0.727824 0.2879 
64 1.96 0.923318 0.852655 0.727491 0.28977 
64 1.96 0.923237 0.852507 0.727246 0.294976 
64 1.97 0.9205 0.847473 0.718726 0.318529 
64 1.97 0.92073 0.847892 0.719417 0.306582 
64 1.97 0.920452 0.847383 0.718564 0.312863 
64 1.97 0.920706 0.847847 0.719341 0.30684 
64 1.97 0.920656 0.847753 0.719175 0.301785 
64 1.98 0.917559 0.842077 0.709638 0.337497 
64 1.98 0.917491 0.841948 0.70941 0.329841 
64 1.98 0.917583 0.84212 0.709702 0.331886 
64 1.98 0.917758 0.842441 0.710243 0.332086 
64 1.98 0.917592 0.842136 0.709726 0.330266 
64 1.99 0.914444 0.836384 0.700125 0.364265 
64 1.99 0.914716 0.836873 0.700915 0.346491 
64 1.99 0.914477 0.836444 0.700222 0.362126 
64 1.99 0.914592 0.83665 0.700556 0.355231 
64 1.99 0.914447 0.836381 0.700095 0.347777 
64 2.5 0.0995217 0.0155014 0.000697551 9.16977 
64 2.5 0.0993585 0.0153934 0.000684895 9.04616 
64 2.5 0.0988901 0.0152386 0.000684187 8.9446 
64 2.5 0.0994183 0.0153325 0.00067126 8.92685 
64 2.5 0.0991089 0.0152248 0.000653078 8.85099 
64 2.51 0.0968622 0.0145572 0.000614468 8.44472 
64 2.51 0.0950852 0.0141161 0.000572483 8.28157 
64 2.51 0.0981966 0.014888 0.000629109 8.55983 
64 2.51 0.0955531 0.0141174 0.000574998 8.13823 
64 2.51 0.0965417 0.014455 0.000602139 8.37911 
64 2.52 0.0926483 0.0133701 0.000515452 7.77984 
64 2.52 0.0928379 0.0134413 0.000520234 7.83827 
64 2.52 0.0932865 0.013614 0.000540759 7.98342 
64 2.52 0.0928962 0.0134731 0.000536908 7.87237 
64 2.52 0.0929577 0.0134639 0.00051961 7.83888 
64 2.53 0.0909582 0.0129143 0.00048524 7.51352 
64 2.53 0.0895596 0.0124952 0.000454317 7.24369 
64 2.53 0.0897557 0.0125879 0.000463168 7.33683 
64 2.53 0.0900046 0.0125796 0.000456182 7.25103 
64 2.53 0.0883143 0.01225 0.00044959 7.20545 
64 2.54 0.0874713 0.0118047 0.000396495 6.69788 
64 2.54 0.0878068 0.0120334 0.00042191 6.97184 
64 2.54 0.0878138 0.0119516 0.000412118 6.83793 
64 2.54 0.0877644 0.011955 0.000410298 6.85738 
64 2.54 0.0877998 0.0120374 0.000413668 6.98022 
64 2.55 0.0853444 0.011369 0.000373187 6.56209 
64 2.55 0.0845809 0.011227 0.000377814 6.54254 
64 2.55 0.0854542 0.0112863 0.000365662 6.3992 
64 2.55 0.0846719 0.0112289 0.000372424 6.5208 
64 2.55 0.0850326 0.0112 0.000366154 6.37598 
64 2.56 0.0820059 0.0106426 0.000340193 6.26821 
64 2.56 0.0826281 0.0106431 0.000330947 6.10504 
64 2.56 0.0823654 0.0106549 0.000337097 6.19328 
64 2.56 0.0830373 0.0106441 0.000324434 5.9982 
64 2.56 0.0811959 0.0102757 0.000306525 5.89262 
64 2.57 0.0797061 0.00989272 0.000290737 5.64141 
64 2.57 0.0809194 0.0101774 0.000300595 5.78458 
64 2.57 0.080459 0.0100645 0.000299206 5.72292 
64 2.57 0.0808085 0.0101059 0.000290232 5.69918 
64 2.57 0.081006 0.0102277 0.000306708 5.84242 
64 2.58 0.0792652 0.00975248 0.000273699 5.50819 
64 2.58 0.0784113 0.00953331 0.000263298 5.37398 
64 2.58 0.07767 0.00947318 0.000268323 5.46221 
64 2.58 0.0774958 0.00934747 0.000256595 5.30554 
64 2.58 0.0789764 0.00976705 0.000279349 5.60387 
64 2.59 0.0755564 0.00896139 0.000237599 5.1439 
64 2.59 0.077093 0.00933017 0.000257983 5.35618 
64 2.59 0.0768475 0.00925197 0.000253821 5.29226 
64 2.59 0.077338 0.00930081 0.000249881 5.2499 
64 2.59 0.0772623 0.00926757 0.000243518 5.21585 
64 2.6 0.0745819 0.00872678 0.000225216 4.98502 
64 2.6 0.0740844 0.00862196 0.00022034 4.9364 
64 2.6 0.074759 0.00874347 0.000222844 4.96963 
64 2.6 0.0756884 0.0089155 0.000229203 5.02038 
64 2.6 0.0735896 0.00854376 0.000218957 4.92834 
64 2.61 0.0736171 0.00845055 0.000206663 4.75681 
64 2.61 0.0731408 0.00835167 0.000203751 4.71133 
64 2.61 0.0731004 0.00839063 0.000211619 4.78173 
64 2.61 0.0735924 0.00847114 0.000213061 4.79484 
64 2.61 0.0725758 0.00827414 0.000202329 4.71886 
64 2.62 0.07128 0.00793223 0.000182546 4.45775 
64 2.62 0.0717082 0.00800757 0.000188896 4.4798 
64 2.62 0.0718044 0.00804273 0.0001858 4.51319 
64 2.62 0.0716242 0.00806366 0.000193227 4.58633 
64 2.62 0.0719452 0.00817524 0.000202526 4.68872 
64 2.63 0.0700164 0.00759741 0.000167019 4.19741 
64 2.63 0.0688136 0.00741961 0.000164443 4.18057 
64 2.63 0.0705146 0.00771764 0.000173128 4.27563 
64 2.63 0.070194 0.00771316 0.000177516 4.3389 
64 2.63 0.0700922 0.00767934 0.000172765 4.30845 
64 2.64 0.0685621 0.00733837 0.000155326 4.09228 
64 2.64 0.0692144 0.00747368 0.000165291 4.1628 
64 2.64 0.0695917 0.00750123 0.000162603 4.12428 
64 2.64 0.0690396 0.00742554 0.000163682 4.12561 
64 2.64 0.0683654 0.00731711 0.000158588 4.10109 
64 2.65 0.0674544 0.00714195 0.000151364 4.00611 
64 2.65 0.067273 0.00705365 0.000146428 3.9074 
64 2.65 0.0674013 0.00714224 0.000153813 4.01763 
64 2.65 0.0663717 0.00693671 0.000144273 3.91286 
64 2.65 0.0673238 0.00707601 0.000147188 3.93142 
64 2.66 0.0658679 0.00682361 0.000138742 3.82657 
64 2.66 0.0660785 0.00675147 0.000130426 3.6727 
64 2.66 0.0653995 0.00673635 0.000135996 3.78688 
64 2.66 0.0650369 0.0066837 0.000134305 3.77864 
64 2.66 0.0661223 0.00682549 0.000136529 3.77776 
64 2.67 0.0651884 0.0065974 0.000124756 3.60182 
64 2.67 0.064519 0.00655729 0.000128064 3.67349 
64 2.67 0.0647426 0.00657413 0.000126132 3.65498 
64 2.67 0.0650311 0.00659129 0.0001273 3.62389 
64 2.67 0.0646042 0.00658598 0.000130328 3.70064 
64 2.68 0.0631533 0.00629563 0.000118212 3.52637 
64 2.68 0.0628257 0.00620424 0.000113616 3.44976 
64 2.68 0.0636734 0.00636015 0.000118711 3.52417 
64 2.68 0.063148 0.00620157 0.00011257 3.38363 
64 2.68 0.0640116 0.00638102 0.000117503 3.49006 
64 2.69 0.06289 0.00617882 0.000112772 3.38592 
64 2.69 0.0630101 0.00624352 0.000116571 3.46143 
64 2.69 0.0627139 0.00611431 0.000108295 3.32138 
64 2.69 0.0618559 0.00605027 0.000112074 3.38661 
64 2.69 0.0621029 0.00606201 0.00010951 3.35785 
64 2.7 0.0611041 0.00584723 0.000100314 3.20629 
64 2.7 0.0616006 0.00599268 0.00010813 3.33453 
64 2.7 0.0621615 0.00605891 0.000108647 3.32969 
64 2.7 0.0610667 0.00583039 0.00010065 3.18767 
64 2.7 0.0614131 0.00593109 0.00010585 3.27607 
64 2.71 0.0601098 0.00566713 9.59084e-05 3.1044 
64 2.71 0.0606037 0.0057226 9.56195e-05 3.09815 
64 2.71 0.0594736 0.00553527 8.92613e-05 3.0201 
64 2.71 0.0607226 0.00574106 9.98022e-05 3.10423 
64 2.71 0.0611223 0.00582604 9.89897e-05 3.15907 
64 2.72 0.0600402 0.00559025 9.10616e-05 2.98982 
64 2.72 0.0589411 0.00545919 8.96747e-05 2.98938 
64 2.72 0.0600489 0.00565842 9.45618e-05 3.09089 
64 2.72 0.0604604 0.00570805 9.63437e-05 3.09095 
64 2.72 0.0590867 0.00552964 9.30894e-05 3.06959 
64 2.73 0.0584833 0.00539132 8.75155e-05 2.95725 
64 2.73 0.0581641 0.00531215 8.34115e-05 2.89434 
64 2.73 0.0585289 0.00533633 8.41329e-05 2.86676 
64 2.73 0.0581058 0.00529195 8.33425e-05 2.87419 
64 2.73 0.0577323 0.0052329 8.11437e-05 2.85051 
64 2.74 0.0579597 0.00528799 8.35353e-05 2.88314 
64 2.74 0.0574542 0.00514093 7.70497e-05 2.75051 
64 2.74 0.0570064 0.00511339 7.89558e-05 2.78596 
64 2.74 0.0565264 0.00501335 7.5303e-05 2.71788 
64 2.74 0.0577895 0.00518442 7.78079e-05 2.75776 
64 2.75 0.0570347 0.00509698 7.72181e-05 2.7466 
64 2.75 0.0573074 0.00510357 7.58992e-05 2.70997 
64 2.75 0.0561049 0.00499598 7.64413e-05 2.75283 
64 2.75 0.0564368 0.0050392 7.88437e-05 2.76157 
64 2.75 0.0572009 0.00508947 7.66491e-05 2.70713 
64 2.76 0.055764 0.00490006 7.22568e-05 2.65712 
64 2.76 0.0554679 0.00483457 6.9359e-05 2.6088 
64 2.76 0.0558286 0.00488597 7.24727e-05 2.62551 
64 2.76 0.0553295 0.00478882 6.8563e-05 2.56365 
64 2.76 0.0558692 0.00491734 7.21004e-05 2.66532 
64 2.77 0.0556074 0.0048124 6.92413e-05 2.54369 
64 2.77 0.0550265 0.00473156 6.6548e-05 2.51918 
64 2.77 0.0547007 0.00472659 6.79028e-05 2.56469 
64 2.77 0.0555257 0.00482507 6.8657e-05 2.57585 
64 2.77 0.0542861 0.00461439 6.24718e-05 2.46559 
64 2.78 0.0546959 0.00466551 6.42521e-05 2.46624 
64 2.78 0.0542164 0.00458622 6.34806e-05 2.42637 
64 2.78 0.0542071 0.00455764 5.93964e-05 2.38575 
64 2.78 0.0545307 0.00464452 6.39133e-05 2.46192 
64 2.78 0.0542234 0.00458135 6.1818e-05 2.41807 
64 2.79 0.0536986 0.00450124 6.0175e-05 2.37494 
64 2.79 0.0534874 0.00450978 6.05115e-05 2.42071 
64 2.79 0.053316 0.004451 5.90628e-05 2.36131 
64 2.79 0.0539106 0.00457658 6.31662e-05 2.45205 
64 2.79 0.0529971 0.00439702 5.77897e-05 2.33183 
64 2.8 0.0535151 0.0044851 5.9905e-05 2.37163 
64 2.8 0.0527336 0.00432637 5.52517e-05 2.2609 
64 2.8 0.0532624 0.00443576 5.6906e-05 2.33892 
64 2.8 0.0524219 0.00432372 5.59805e-05 2.30496 
64 2.8 0.0536669 0.00449462 5.99445e-05 2.36175 
64 2.81 0.0521098 0.00423447 5.31663e-05 2.21422 
64 2.81 0.0519984 0.00425779 5.43547e-05 2.26513 
64 2.81 0.0518301 0.00422136 5.44017e-05 2.2375 
64 2.81 0.0516977 0.00419534 5.24658e-05 2.21955 
64 2.81 0.0521079 0.00424281 5.38175e-05 2.22669 
64 2.82 0.0511747 0.00411575 5.05444e-05 2.17422 
64 2.82 0.0511114 0.00405749 4.80532e-05 2.099 
64 2.82 0.0509245 0.00405421 4.8774e-05 2.12193 
64 2.82 0.0507868 0.00403369 4.82689e-05 2.11248 
64 2.82 0.051198 0.00417541 5.39768e-05 2.25741 
64 2.83 0.0503486 0.00395723 4.64194e-05 2.05849 
64 2.83 0.050696 0.00403066 4.78419e-05 2.11396 
64 2.83 0.0508161 0.004043 4.8991e-05 2.11419 
64 2.83 0.0506015 0.00404174 4.90836e-05 2.14386 
64 2.83 0.0509154 0.00405558 4.89455e-05 2.11777 
64 2.84 0.0505407 0.00398394 4.54248e-05 2.06181 
64 2.84 0.0501976 0.00400181 4.88388e-05 2.13743 
64 2.84 0.0505408 0.00400888 4.75353e-05 2.09777 
64 2.84 0.0499187 0.00389943 4.54983e-05 2.03005 
64 2.84 0.0502579 0.00398306 4.71181e-05 2.10166 
64 2.85 0.0489129 0.00374421 4.2366e-05 1.94271 
64 2.85 0.0499051 0.00389215 4.49968e-05 2.01441 
64 2.85 0.0493165 0.00380696 4.30356e-05 1.97592 
64 2.85 0.0502965 0.00394584 4.62521e-05 2.03521 
64 2.85 0.0497852 0.00390633 4.53856e-05 2.05197 
64 2.86 0.0494756 0.00384945 4.45114e-05 2.00735 
64 2.86 0.0494417 0.00379593 4.13885e-05 1.93549 
64 2.86 0.0489381 0.00374615 4.15797e-05 1.93517 
64 2.86 0.0495064 0.00382442 4.24764e-05 1.96713 
64 2.86 0.0500016 0.00392305 4.6677e-05 2.03781 
64 2.87 0.0480992 0.00362458 3.87754e-05 1.8711 
64 2.87 0.0482193 0.00362678 3.924e-05 1.85772 
64 2.87 0.0477579 0.00356405 3.82915e-05 1.83139 
64 2.87 0.0482095 0.00365901 4.04217e-05 1.90508 
64 2.87 0.048037 0.00360894 3.8176e-05 1.85732 
64 2.88 0.0479847 0.00361033 3.83331e-05 1.85997 
64 2.88 0.0482579 0.00367095 4.06197e-05 1.9088 
64 2.88 0.0473046 0.003478 3.5321e-05 1.76394 
64 2.88 0.0482053 0.00366732 4.12957e-05 1.91086 
64 2.88 0.0483058 0.00368624 4.07847e-05 1.92398 
64 2.89 0.0472823 0.00350566 3.6442e-05 1.80004 
64 2.89 0.0466438 0.00344632 3.61215e-05 1.80093 
64 2.89 0.0472708 0.00347207 3.48606e-05 1.75398 
64 2.89 0.0480103 0.00362762 3.89663e-05 1.87457 
64 2.89 0.0474831 0.00349758 3.57104e-05 1.76162 
64 2.9 0.046849 0.003455 3.56758e-05 1.77989 
64 2.9 0.0468826 0.00345263 3.5721e-05 1.77208 
64 2.9 0.0470842 0.00348039 3.63571e-05 1.78454 
64 2.9 0.0466508 0.00341394 3.45209e-05 1.74807 
64 2.9 0.0474479 0.00352228 3.68772e-05 1.79514 
64 2.91 0.046814 0.00342965 3.42148e-05 1.74271 
64 2.91 0.0461922 0.00333869 3.28024e-05 1.69606 
64 2.91 0.0462352 0.00336173 3.44676e-05 1.7229 
64 2.91 0.0466211 0.00336859 3.31137e-05 1.68211 
64 2.91 0.0458991 0.00328952 3.19418e-05 1.66485 
64 2.92 0.0460565 0.00331645 3.32486e-05 1.67662 
64 2.92 0.0454882 0.00326018 3.21301e-05 1.67067 
64 2.92 0.0451907 0.0031997 3.05592e-05 1.62367 
64 2.92 0.0452306 0.00322811 3.16582e-05 1.65846 
64 2.92 0.0453759 0.00325312 3.23873e-05 1.67507 
64 2.93 0.0450434 0.00317132 3.03425e-05 1.59705 
64 2.93 0.0453391 0.00319809 2.94858e-05 1.5971 
64 2.93 0.0457302 0.0032993 3.28909e-05 1.6888 
64 2.93 0.0453483 0.00321257 3.08132e-05 1.61617 
64 2.93 0.0460001 0.00330164 3.17882e-05 1.65745 
64 2.94 0.044944 0.00318215 3.11303e-05 1.61916 
64 2.94 0.0445386 0.00310641 2.81385e-05 1.56418 
64 2.94 0.0449725 0.00317448 2.99901e-05 1.6049 
64 2.94 0.0447654 0.00315747 2.97094e-05 1.60709 
64 2.94 0.0451051 0.00319235 3.01593e-05 1.61316 
64 2.95 0.0445073 0.00310536 2.85073e-05 1.56128 
64 2.95 0.0443818 0.00309216 2.88276e-05 1.55844 
64 2.95 0.0443744 0.00306053 2.74743e-05 1.51544 
64 2.95 0.045066 0.00316077 2.92662e-05 1.56874 
64 2.95 0.0444713 0.00308414 2.7954e-05 1.53626 
64 2.96 0.0442423 0.0030696 2.80737e-05 1.53907 
64 2.96 0.04365 0.0030105 2.74407e-05 1.52932 
64 2.96 0.0439556 0.00303365 2.72106e-05 1.52432 
64 2.96 0.044716 0.00311514 2.83321e-05 1.54378 
64 2.96 0.0431467 0.0029381 2.56854e-05 1.48959 
64 2.97 0.0444368 0.00306842 2.74584e-05 1.50848 
64 2.97 0.0432108 0.00294388 2.56685e-05 1.48492 
64 2.97 0.0440569 0.00304585 2.76508e-05 1.52371 
64 2.97 0.0439929 0.00302799 2.73704e-05 1.50685 
64 2.97 0.0439179 0.00301387 2.67574e-05 1.49647 
64 2.98 0.0432052 0.00293257 2.52514e-05 1.46505 
64 2.98 0.0432788 0.0029213 2.52049e-05 1.44081 
64 2.98 0.0436837 0.00301273 2.75885e-05 1.51808 
64 2.98 0.0432921 0.00293382 2.56313e-05 1.45643 
64 2.98 0.0434402 0.00295331 2.5785e-05 1.46557 
64 2.99 0.0427779 0.00287619 2.45608e-05 1.43325 
64 2.99 0.0426077 0.00284507 2.41091e-05 1.41053 
64 2.99 0.0428404 0.00291084 2.56656e-05 1.47338 
64 2.99 0.0428329 0.00287515 2.45587e-05 1.42538 
64 2.99 0.0421369 0.00278325 2.29874e-05 1.38049 
64 3 0.0417605 0.00278262 2.46173e-05 1.41814 
64 3 0.0420921 0.00279283 2.34853e-05 1.39412 
64 3 0.0422694 0.00282924 2.41892e-05 1.42341 
64 3 0.0420607 0.00278495 2.35462e-05 1.38697 
64 3 0.0426404 0.00286726 2.50198e-05 1.43231 
64 3.02 0.0424434 0.00281913 2.39048e-05 1.38029 
64 3.02 0.0415177 0.0027248 2.27645e-05 1.35776 
64 3.02 0.0419368 0.00275121 2.26658e-05 1.34615 
64 3.02 0.041161 0.00267752 2.15928e-05 1.33362 
64 3.02 0.041997 0.00274607 2.23137e-05 1.33232 
64 3.04 0.0413322 0.00267977 2.15281e-05 1.30886 
64 3.04 0.0411086 0.00263828 2.0381e-05 1.2778 
64 3.04 0.0405442 0.00258415 1.97873e-05 1.26695 
64 3.04 0.0410165 0.00262724 2.06237e-05 1.27311 
64 3.04 0.0411575 0.00265481 2.12217e-05 1.29465 
64 3.06 0.0399969 0.00252284 1.92277e-05 1.23561 
64 3.06 0.0404719 0.00258371 2.02089e-05 1.26592 
64 3.06 0.0402589 0.00255283 1.98064e-05 1.24761 
64 3.06 0.0400508 0.00252235 1.9039e-05 1.22918 
64 3.06 0.0401436 0.00252453 1.8968e-05 1.22214 
64 3.08 0.0395284 0.00245129 1.81826e-05 1.18198 
64 3.08 0.0393201 0.00245052 1.82353e-05 1.20281 
64 3.08 0.0396232 0.00246916 1.84954e-05 1.19577 
64 3.08 0.0396067 0.00245895 1.77492e-05 1.18393 
64 3.08 0.040102 0.00249285 1.80433e-05 1.17651 
64 3.1 0.0393801 0.00241279 1.70014e-05 1.13895 
64 3.1 0.0386857 0.0023636 1.71608e-05 1.14557 
64 3.1 0.0390716 0.00239984 1.77827e-05 1.15382 
64 3.1 0.0393533 0.00242517 1.7689e-05 1.1581 
64 3.1 0.0389116 0.00237106 1.64585e-05 1.13228 
64 3.12 0.0381516 0.00229556 1.61058e-05 1.10279 
64 3.12 0.0382363 0.00230819 1.61979e-05 1.11087 
64 3.12 0.0389254 0.00237773 1.6773e-05 1.13236 
64 3.12 0.0385003 0.00232858 1.59028e-05 1.11105 
64 3.12 0.0384618 0.00232207 1.60898e-05 1.10639 
64 3.14 0.0375026 0.00218304 1.37235e-05 1.01303 
64 3.14 0.0379057 0.00227387 1.60159e-05 1.09187 
64 3.14 0.037961 0.00227873 1.56483e-05 1.09273 
64 3.14 0.0377933 0.00224068 1.49326e-05 1.05968 
64 3.14 0.0378865 0.00224611 1.49772e-05 1.05756 
64 3.16 0.0376883 0.00221185 1.43386e-05 1.02587 
64 3.16 0.0372656 0.00218271 1.40128e-05 1.02917 
64 3.16 0.0366454 0.0021176 1.346e-05 1.00419 
64 3.16 0.0376305 0.00220885 1.44562e-05 1.02762 
64 3.16 0.0376124 0.00221625 1.45295e-05 1.03899 
64 3.18 0.0376516 0.00221427 1.43921e-05 1.02609 
64 3.18 0.0364656 0.00208404 1.28002e-05 0.971578 
64 3.18 0.0374426 0.00218939 1.40209e-05 1.01426 
64 3.18 0.0365794 0.00210421 1.32911e-05 0.986848 
64 3.18 0.0368743 0.00213183 1.36655e-05 0.994518 
64 3.2 0.0365279 0.00210157 1.33685e-05 0.982124 
64 3.2 0.0363681 0.00208409 1.31507e-05 0.974651 
64 3.2 0.0358024 0.002005 1.1769e-05 0.92568 
64 3.2 0.036429 0.00206958 1.26255e-05 0.950413 
64 3.2 0.0361647 0.00206269 1.26478e-05 0.966147 
64 3.22 0.0351951 0.0019556 1.15141e-05 0.911943 
64 3.22 0.0361117 0.00203949 1.23366e-05 0.935508 
64 3.22 0.035592 0.00197825 1.14635e-05 0.905015 
64 3.22 0.035984 0.00202493 1.19892e-05 0.928705 
64 3.22 0.035586 0.00200015 1.20825e-05 0.933419 
64 3.24 0.0353396 0.00196072 1.15409e-05 0.899894 
64 3.24 0.0354237 0.00197249 1.16375e-05 0.907253 
64 3.24 0.0355481 0.00199024 1.19468e-05 0.918529 
64 3.24 0.0356543 0.00199035 1.15428e-05 0.909109 
64 3.24 0.0352015 0.00195836 1.17958e-05 0.90923 
64 3.26 0.0353419 0.00194842 1.11949e-05 0.87872 
64 3.26 0.0351953 0.00194811 1.13085e-05 0.891322 
64 3.26 0.0349943 0.00193116 1.12341e-05 0.887756 
64 3.26 0.0348911 0.00192247 1.11574e-05 0.885895 
64 3.26 0.0350894 0.0019171 1.07098e-05 0.861704 
64 3.28 0.0345946 0.00187102 1.03015e-05 0.841967 
64 3.28 0.0348552 0.00190265 1.04487e-05 0.858867 
64 3.28 0.0349424 0.00192368 1.11077e-05 0.877536 
64 3.28 0.0348509 0.00189979 1.07619e-05 0.855677 
64 3.28 0.0344324 0.00185006 1.01147e-05 0.829772 
64 3.3 0.0343934 0.00185943 1.049e-05 0.83971 
64 3.3 0.0344253 0.00185269 1.01125e-05 0.828621 
64 3.3 0.0344738 0.00184642 1.00899e-05 0.816684 
64 3.3 0.034261 0.00184468 1.0047e-05 0.832685 
64 3.3 0.0345107 0.00184652 9.88121e-06 0.813649 
64 3.32 0.0341272 0.0018279 9.83858e-06 0.818254 
64 3.32 0.0339216 0.00180511 9.93895e-06 0.807403 
64 3.32 0.0342437 0.00183131 9.9971e-06 0.812635 
64 3.32 0.0339984 0.00182102 1.00962e-05 0.820596 
64 3.32 0.0341479 0.00183744 1.03378e-05 0.828282 
64 3.34 0.0333455 0.00174718 9.08295e-06 0.779049 
64 3.34 0.0332233 0.00173321 9.05324e-06 0.771886 
64 3.34 0.0332118 0.00172895 8.91909e-06 0.767612 
64 3.34 0.0335038 0.00175837 9.14683e-06 0.779789 
64 3.34 0.0337846 0.00178748 9.46026e-06 0.792323 
64 3.36 0.0328744 0.00171235 8.92524e-06 0.769984 
64 3.36 0.0332185 0.00172581 8.7709e-06 0.758657 
64 3.36 0.0332565 0.00174852 9.28385e-06 0.783267 
64 3.36 0.0331191 0.00171531 8.73679e-06 0.753904 
64 3.36 0.0327179 0.00168524 8.4674e-06 0.749451 
64 3.38 0.032348 0.0016459 8.02576e-06 0.726497 
64 3.38 0.0325502 0.00165955 8.3195e-06 0.727143 
64 3.38 0.0328083 0.00170138 8.78386e-06 0.757394 
64 3.38 0.0330166 0.00170553 8.6433e-06 0.745799 
64 3.38 0.0329945 0.00170032 8.47397e-06 0.741257 
64 3.4 0.0320179 0.00161779 7.87735e-06 0.713956 
64 3.4 0.0321545 0.00162203 7.99047e-06 0.708507 
64 3.4 0.0325431 0.00164586 8.00437e-06 0.706925 
64 3.4 0.0322747 0.00163408 8.05844e-06 0.713705 
64 3.4 0.0326688 0.00167092 8.23527e-06 0.72724 
64 3.42 0.0321765 0.00161106 7.71155e-06 0.689534 
64 3.42 0.03211 0.00160832 7.62978e-06 0.69137 
64 3.42 0.0318997 0.0015971 7.56413e-06 0.694059 
64 3.42 0.032251 0.001623 7.74975e-06 0.698086 
64 3.42 0.0319716 0.00162321 8.14648e-06 0.719825 
64 3.44 0.032151 0.00160678 7.5149e-06 0.682386 
64 3.44 0.0318137 0.00159474 7.79874e-06 0.693737 
64 3.44 0.0319285 0.00159807 7.65515e-06 0.688987 
64 3.44 0.0312722 0.00153934 6.95361e-06 0.66845 
64 3.44 0.0319694 0.00159236 7.46329e-06 0.679069 
64 3.46 0.0311461 0.00152015 6.88463e-06 0.65118 
64 3.46 0.0311562 0.00153775 7.29248e-06 0.671271 
64 3.46 0.0316364 0.0015819 7.59645e-06 0.687848 
64 3.46 0.0306196 0.0014803 6.69418e-06 0.642499 
64 3.46 0.0312152 0.00152557 6.92432e-06 0.652497 
64 3.48 0.0312253 0.00152905 6.98343e-06 0.652096 
64 3.48 0.0312077 0.00152994 6.93598e-06 0.654448 
64 3.48 0.0313021 0.00153074 6.89799e-06 0.648432 
64 3.48 0.0310994 0.00152247 7.00662e-06 0.653594 
64 3.48 0.0311282 0.00152663 7.05435e-06 0.656382 
64 3.5 0.0307425 0.0014717 6.3547e-06 0.616273 
64 3.5 0.0306897 0.00148028 6.56388e-06 0.630105 
64 3.5 0.0308328 0.00148632 6.5952e-06 0.62687 
64 3.5 0.0309171 0.00150524 6.82696e-06 0.642929 
64 3.5 0.0311831 0.0015314 7.02219e-06 0.654209 
64 3.52 0.0304777 0.00146617 6.46251e-06 0.625196 
64 3.52 0.0306107 0.00147883 6.47278e-06 0.630471 
64 3.52 0.0312403 0.00152267 6.96044e-06 0.636178 
64 3.52 0.0302558 0.00144453 6.3013e-06 0.615702 
64 3.52 0.0302442 0.00144927 6.39442e-06 0.622034 
64 3.54 0.0304573 0.00144907 6.13447e-06 0.60332 
64 3.54 0.0302027 0.00143387 6.2464e-06 0.603604 
64 3.54 0.0306757 0.00147672 6.59811e-06 0.61986 
64 3.54 0.0303102 0.00142137 5.82834e-06 0.581611 
64 3.54 0.0305274 0.00145971 6.25594e-06 0.610681 
64 3.56 0.0299759 0.00142228 6.31128e-06 0.602578 
64 3.56 0.0300519 0.00143107 6.08609e-06 0.607449 
64 3.56 0.0298638 0.00139556 5.72971e-06 0.579551 
64 3.56 0.0306454 0.00147051 6.40513e-06 0.611377 
64 3.56 0.0301932 0.00143549 6.23553e-06 0.602736 
64 3.58 0.0296587 0.00137418 5.61326e-06 0.565826 
64 3.58 0.0298462 0.00140118 5.89003e-06 0.583947 
64 3.58 0.0300451 0.0014267 6.19973e-06 0.599514 
64 3.58 0.029958 0.0014159 6.00381e-06 0.593134 
64 3.58 0.0298176 0.00138058 5.53426e-06 0.562331 
64 3.6 0.029667 0.00137781 5.66451e-06 0.566249 
64 3.6 0.029835 0.00139312 5.72265e-06 0.572292 
64 3.6 0.0295107 0.00137053 5.64678e-06 0.568491 
64 3.6 0.0296355 0.00137219 5.51478e-06 0.561976 
64 3.6 0.0296281 0.00137736 5.72406e-06 0.56836 
64 3.62 0.0292426 0.00134206 5.34829e-06 0.550954 
64 3.62 0.0296389 0.00136928 5.51962e-06 0.555353 
64 3.62 0.0292915 0.00134438 5.53543e-06 0.550347 
64 3.62 0.0294565 0.00136247 5.54914e-06 0.559846 
64 3.62 0.0291208 0.00133853 5.40914e-06 0.555004 
64 3.64 0.0288852 0.00129886 4.89462e-06 0.522701 
64 3.64 0.0291714 0.00133249 5.31831e-06 0.541842 
64 3.64 0.0284408 0.00127764 5.00634e-06 0.527481 
64 3.64 0.029147 0.00133458 5.27645e-06 0.545798 
64 3.64 0.0290775 0.00133285 5.31745e-06 0.548394 
64 3.66 0.0286767 0.00129189 4.97194e-06 0.525476 
64 3.66 0.0288153 0.00130704 5.06877e-06 0.533513 
64 3.66 0.0287615 0.00130211 5.10679e-06 0.53146 
64 3.66 0.0290344 0.00131243 5.06481e-06 0.525359 
64 3.66 0.0289604 0.0013158 5.17807e-06 0.533933 
64 3.68 0.0286684 0.0012896 5.00285e-06 0.520592 
64 3.68 0.0286112 0.00129181 5.08675e-06 0.526698 
64 3.68 0.0285148 0.00127305 4.86786e-06 0.511945 
64 3.68 0.0285221 0.00126869 4.9179e-06 0.506634 
64 3.68 0.0287968 0.00129984 4.94935e-06 0.523783 
64 3.7 0.0282149 0.00124821 4.67067e-06 0.500525 
64 3.7 0.0283644 0.00127168 5.037e-06 0.517137 
64 3.7 0.0283024 0.00126363 4.79013e-06 0.512114 
64 3.7 0.0283879 0.00126658 4.85825e-06 0.510015 
64 3.7 0.0281017 0.00125219 4.71142e-06 0.51198 
64 3.72 0.0283635 0.00126314 4.79203e-06 0.505009 
64 3.72 0.028392 0.0012563 4.65011e-06 0.495691 
64 3.72 0.0283968 0.00127149 4.90862e-06 0.512125 
64 3.72 0.0280762 0.00123396 4.52089e-06 0.490736 
64 3.72 0.0284139 0.00126168 4.75929e-06 0.500254 
64 3.74 0.0278162 0.00121674 4.39918e-06 0.48517 
64 3.74 0.0280945 0.00124495 4.71019e-06 0.499019 
64 3.74 0.0275316 0.00118862 4.16694e-06 0.471617 
64 3.74 0.02792 0.00122057 4.40065e-06 0.483026 
64 3.74 0.027946 0.00122118 4.3716e-06 0.482099 
64 3.76 0.0277712 0.00121115 4.43792e-06 0.479221 
64 3.76 0.0275018 0.00118747 4.23532e-06 0.469646 
64 3.76 0.02779 0.00120749 4.26212e-06 0.474093 
64 3.76 0.0274645 0.00118885 4.30137e-06 0.473386 
64 3.76 0.0277216 0.00121441 4.47344e-06 0.485768 
64 3.78 0.0276224 0.00118787 4.13487e-06 0.46039 
64 3.78 0.0277687 0.00121434 4.44326e-06 0.480299 
64 3.78 0.0278565 0.00121415 4.39882e-06 0.474797 
64 3.78 0.0277427 0.00120881 4.43337e-06 0.475868 
64 3.78 0.0275085 0.00118596 4.18866e-06 0.465128 
64 3.8 0.0276327 0.00120575 4.44562e-06 0.476628 
64 3.8 0.0272172 0.00115879 4.00389e-06 0.450578 
64 3.8 0.0272557 0.00116685 4.06146e-06 0.457003 
64 3.8 0.0275582 0.00119934 4.4478e-06 0.474153 
64 3.8 0.0276004 0.00118998 4.22279e-06 0.461549 
64 3.82 0.0273477 0.0011722 4.08092e-06 0.454963 
64 3.82 0.0273022 0.00116373 4.02389e-06 0.448549 
64 3.82 0.027413 0.00118714 4.28581e-06 0.467143 
64 3.82 0.0274939 0.00117327 4.0523e-06 0.447505 
64 3.82 0.0274049 0.0011851 4.32045e-06 0.465436 
64 3.84 0.0270771 0.00114803 3.90136e-06 0.442517 
64 3.84 0.0267584 0.00113328 3.88679e-06 0.445084 
64 3.84 0.0271039 0.00114936 3.90025e-06 0.442384 
64 3.84 0.0272754 0.00117561 4.22925e-06 0.460446 
64 3.84 0.0270927 0.00114723 3.90047e-06 0.440765 
64 3.86 0.0271195 0.00115461 3.92793e-06 0.444763 
64 3.86 0.0267264 0.00112447 3.82134e-06 0.435243 
64 3.86 0.0266549 0.00111217 3.62959e-06 0.426246 
64 3.86 0.0267811 0.00113323 3.95906e-06 0.441437 
64 3.86 0.0268968 0.00113395 3.87503e-06 0.435609 
64 3.88 0.0264824 0.00110138 3.59109e-06 0.422338 
64 3.88 0.0269053 0.00113525 3.85571e-06 0.434252 
64 3.88 0.0264706 0.00111007 3.80374e-06 0.432164 
64 3.88 0.0262571 0.0010817 3.54527e-06 0.414099 
64 3.88 0.0265354 0.00110994 3.70529e-06 0.428398 
64 3.9 0.0265447 0.0011084 3.72836e-06 0.424069 
64 3.9 0.0265507 0.00110679 3.64857e-06 0.422048 
64 3.9 0.0268654 0.0011388 3.95504e-06 0.438004 
64 3.9 0.0262585 0.00108093 3.52929e-06 0.41109 
64 3.9 0.0266781 0.00111907 3.73763e-06 0.427816 
64 3.92 0.0266793 0.00111671 3.74631e-06 0.423098 
64 3.92 0.0262512 0.00108269 3.52514e-06 0.411229 
64 3.92 0.026637 0.00110498 3.53206e-06 0.413208 
64 3.92 0.0263726 0.00109035 3.56469e-06 0.412565 
64 3.92 0.0264889 0.00109755 3.51861e-06 0.413668 
64 3.94 0.0264335 0.00110971 3.83106e-06 0.427255 
64 3.94 0.0259521 0.00106755 3.51578e-06 0.409645 
64 3.94 0.026082 0.00107051 3.43143e-06 0.405685 
64 3.94 0.0264113 0.00109707 3.62123e-06 0.415334 
64 3.94 0.026216 0.00107785 3.45914e-06 0.406033 
64 3.96 0.0261798 0.00107428 3.47739e-06 0.402252 
64 3.96 0.0259779 0.00106095 3.38442e-06 0.399359 
64 3.96 0.0264091 0.00108991 3.50194e-06 0.405952 
64 3.96 0.0258921 0.00106383 3.49572e-06 0.406937 
64 3.96 0.0260216 0.00106637 3.44275e-06 0.402612 
64 3.98 0.0257698 0.00103896 3.17053e-06 0.385809 
64 3.98 0.0260309 0.0010636 3.42117e-06 0.397245 
64 3.98 0.025654 0.00103836 3.21177e-06 0.391317 
64 3.98 0.0260328 0.00106068 3.29239e-06 0.39414 
64 3.98 0.0256806 0.00104101 3.22448e-06 0.392632 
64 4 0.0258824 0.00105424 3.3311e-06 0.393564 
64 4 0.0257239 0.00104698 3.3701e-06 0.39451 
64 4 0.0262747 0.0010769 3.4145e-06 0.395815 
64 4 0.0256625 0.00102935 3.14625e-06 0.379679 
64 4 0.0253605 0.0010156 3.10901e-06 0.38138 
64 4.02 0.0257055 0.00102359 3.08004e-06 0.369671 
64 4.02 0.0256289 0.00103418 3.19449e-06 0.384475 
64 4.02 0.0256849 0.00103341 3.18145e-06 0.380762 
64 4.02 0.0254035 0.0010102 3.02974e-06 0.371761 
64 4.02 0.025833 0.00105121 3.35344e-06 0.391128 
64 4.04 0.025495 0.00102348 3.13198e-06 0.378659 
64 4.04 0.0255818 0.00102517 3.16846e-06 0.375882 
64 4.04 0.0254907 0.00102337 3.14913e-06 0.378775 
64 4.04 0.0253829 0.00100634 3.01121e-06 0.367063 
64 4.04 0.0252785 0.00100949 3.06912e-06 0.375621 
64 4.06 0.0252963 0.00101312 3.16695e-06 0.376529 
64 4.06 0.0255245 0.00101671 3.02839e-06 0.368445 
64 4.06 0.0255162 0.00101462 2.98917e-06 0.36677 
64 4.06 0.0251828 0.000991734 2.91153e-06 0.36073 
64 4.06 0.0251424 0.000993731 2.95372e-06 0.364796 
64 4.08 0.0255987 0.00103163 3.19857e-06 0.37781 
64 4.08 0.02498 0.000987562 3.02208e-06 0.364986 
64 4.08 0.0251912 0.000996896 2.95968e-06 0.363722 
64 4.08 0.0253845 0.00100472 2.9652e-06 0.361762 
64 4.08 0.0253745 0.00100841 3.04262e-06 0.365974 
64 4.1 0.025222 0.000991065 2.86217e-06 0.354568 
64 4.1 0.0250923 0.00098938 2.95531e-06 0.359404 
64 4.1 0.0250689 0.000988441 2.96276e-06 0.359638 
64 4.1 0.0249111 0.000980863 2.98891e-06 0.359947 
64 4.1 0.0248771 0.000974901 2.84864e-06 0.355686 
64 4.12 0.0249071 0.000976938 2.90739e-06 0.354498 
64 4.12 0.0248981 0.000970476 2.7963e-06 0.348519 
64 4.12 0.0250326 0.000985228 2.8989e-06 0.356507 
64 4.12 0.0246991 0.00097407 2.98298e-06 0.361905 
64 4.12 0.0249554 0.000973075 2.80558e-06 0.348261 
64 4.14 0.0247225 0.000959986 2.81319e-06 0.345077 
64 4.14 0.0247197 0.000960988 2.78375e-06 0.346206 
64 4.14 0.0248297 0.000975289 2.9139e-06 0.35496 
64 4.14 0.0246753 0.000947564 2.66639e-06 0.335094 
64 4.14 0.0248267 0.000967955 2.83922e-06 0.347852 
64 4.16 0.0247599 0.000964564 2.81982e-06 0.346105 
64 4.16 0.0247934 0.000959845 2.74365e-06 0.339822 
64 4.16 0.0249222 0.000972965 2.79211e-06 0.346437 
64 4.16 0.0247826 0.000962866 2.8145e-06 0.343326 
64 4.16 0.0248961 0.000960698 2.68164e-06 0.335636 
64 4.18 0.024681 0.000952947 2.69913e-06 0.336886 
64 4.18 0.0244855 0.000941909 2.67925e-06 0.335487 
64 4.18 0.0246505 0.000956954 2.77863e-06 0.342286 
64 4.18 0.0247928 0.000964643 2.82114e-06 0.342928 
64 4.18 0.0245204 0.000946921 2.67329e-06 0.338726 
64 4.2 0.0247542 0.0009621 2.77972e-06 0.340682 
64 4.2 0.0244064 0.000940139 2.70863e-06 0.335937 
64 4.2 0.0246499 0.000952186 2.69525e-06 0.336037 
64 4.2 0.0246123 0.000951953 2.71142e-06 0.337618 
64 4.2 0.0245697 0.000940293 2.55821e-06 0.328286 
64 4.22 0.0241079 0.000915276 2.49449e-06 0.324268 
64 4.22 0.0246897 0.000952404 2.6601e-06 0.332749 
64 4.22 0.0244561 0.000938323 2.69305e-06 0.330225 
64 4.22 0.0241834 0.000919743 2.59572e-06 0.325065 
64 4.22 0.0242991 0.00092842 2.55032e-06 0.328042 
64 4.24 0.0239789 0.00090082 2.43846e-06 0.314768 
64 4.24 0.0242928 0.000923195 2.50722e-06 0.321742 
64 4.24 0.0241522 0.000918051 2.60635e-06 0.323355 
64 4.24 0.0243699 0.000935464 2.63007e-06 0.329971 
64 4.24 0.0241374 0.000927176 2.65906e-06 0.332862 
64 4.26 0.023972 0.000902762 2.44213e-06 0.315475 
64 4.26 0.0240303 0.000906535 2.46362e-06 0.31641 
64 4.26 0.0243907 0.000933265 2.59835e-06 0.325332 
64 4.26 0.0244317 0.000931397 2.57622e-06 0.32161 
64 4.26 0.0241081 0.000916464 2.59971e-06 0.322359 
64 4.28 0.02408 0.000915258 2.55234e-06 0.320993 
64 4.28 0.0240938 0.000915061 2.53412e-06 0.320168 
64 4.28 0.0240792 0.000903557 2.43364e-06 0.309831 
64 4.28 0.0239193 0.000896859 2.39537e-06 0.310764 
64 4.28 0.0240869 0.000909029 2.48598e-06 0.314712 
64 4.3 0.023789 0.000894493 2.4922e-06 0.31299 
64 4.3 0.0238039 0.0008877 2.36766e-06 0.305842 
64 4.3 0.0239142 0.000900186 2.41742e-06 0.312721 
64 4.3 0.0239542 0.000902967 2.46658e-06 0.313547 
64 4.3 0.0240225 0.000908834 2.47519e-06 0.316014 
64 4.32 0.0237757 0.000888813 2.396e-06 0.306752 
64 4.32 0.0238082 0.000889755 2.3728e-06 0.306182 
64 4.32 0.0239794 0.000896865 2.34655e-06 0.305163 
64 4.32 0.0236461 0.000885671 2.37933e-06 0.309602 
64 4.32 0.0236034 0.000875947 2.30971e-06 0.302294 
64 4.34 0.0237749 0.000886187 2.38162e-06 0.3029 
64 4.34 0.0240537 0.000901486 2.39587e-06 0.304753 
64 4.34 0.0239535 0.00090209 2.4675e-06 0.309861 
64 4.34 0.0237473 0.000892002 2.42324e-06 0.309622 
64 4.34 0.0238764 0.000886882 2.2815e-06 0.29899 
64 4.36 0.0233993 0.000865384 2.27115e-06 0.29861 
64 4.36 0.0237534 0.000882957 2.35163e-06 0.299432 
64 4.36 0.0237395 0.000879385 2.26197e-06 0.296701 
64 4.36 0.0236102 0.000870186 2.22335e-06 0.29381 
64 4.36 0.0234032 0.000852233 2.12896e-06 0.286083 
64 4.38 0.0231261 0.000843005 2.17721e-06 0.288206 
64 4.38 0.0233935 0.000859487 2.20455e-06 0.291988 
64 4.38 0.0238638 0.000896104 2.43641e-06 0.305446 
64 4.38 0.0236463 0.000872447 2.28016e-06 0.292983 
64 4.38 0.0231732 0.000851161 2.25522e-06 0.293793 
64 4.4 0.0234908 0.000867392 2.2489e-06 0.29377 
64 4.4 0.0232898 0.000850319 2.16801e-06 0.286628 
64 4.4 0.0235183 0.00087381 2.31336e-06 0.298544 
64 4.4 0.0234931 0.00086705 2.23623e-06 0.293352 
64 4.4 0.023295 0.000850908 2.17726e-06 0.286955 
64 4.42 0.0232434 0.000842942 2.09277e-06 0.280498 
64 4.42 0.0232335 0.000851065 2.21542e-06 0.28845 
64 4.42 0.0234477 0.000864722 2.2391e-06 0.291844 
64 4.42 0.0235035 0.00086331 2.19969e-06 0.288105 
64 4.42 0.0233085 0.000854081 2.18517e-06 0.288012 
64 4.44 0.0232208 0.000849398 2.20818e-06 0.286162 
64 4.44 0.0232841 0.000846687 2.0967e-06 0.280942 
64 4.44 0.0227332 0.00081623 2.00189e-06 0.276234 
64 4.44 0.0230918 0.000849272 2.23056e-06 0.291555 
64 4.44 0.0231956 0.000842684 2.11353e-06 0.281046 
64 4.46 0.0232968 0.000851804 2.14924e-06 0.283838 
64 4.46 0.0232391 0.000843437 2.12478e-06 0.278621 
64 4.46 0.0231127 0.000833053 2.09817e-06 0.274466 
64 4.46 0.0230771 0.000834394 2.0599e-06 0.277207 
64 4.46 0.0233191 0.000848916 2.16884e-06 0.280231 
64 4.48 0.0230444 0.000829587 2.06578e-06 0.272952 
64 4.48 0.0228119 0.000814423 1.94968e-06 0.268836 
64 4.48 0.0229389 0.000828907 2.09828e-06 0.276766 
64 4.48 0.023453 0.000867025 2.26249e-06 0.289813 
64 4.48 0.0228212 0.000813107 1.94732e-06 0.267246 
64 4.5 0.023145 0.000840303 2.11282e-06 0.277265 
64 4.5 0.0229859 0.000830698 2.09128e-06 0.2752 
64 4.5 0.0232696 0.000845807 2.1474e-06 0.277011 
64 4.5 0.0224222 0.000802685 1.99092e-06 0.273004 
64 4.5 0.0228916 0.000824234 2.0652e-06 0.273259 
