J: 3.35657 1.11451 0 0 
sizes nth step2 temp ene 
10 1 4096 1.5 -216.792 
10 1 4096 1.5 -216.869 
10 1 4096 1.5 -216.821 
10 1 4096 1.5 -216.852 
10 1 4096 1.5 -216.848 
10 1 4096 1.5 -216.786 
10 1 4096 1.5 -216.797 
10 1 4096 1.5 -216.857 
10 1 4096 1.5 -216.949 
10 1 4096 1.5 -216.71 
10 1 4096 1.5 -216.72 
10 1 4096 1.5 -216.764 
10 1 4096 1.5 -216.837 
10 1 4096 1.5 -216.902 
10 1 4096 1.5 -216.81 
10 1 4096 1.5 -216.847 
10 1 4096 1.5 -216.701 
10 1 4096 1.5 -216.811 
10 1 4096 1.5 -216.837 
10 1 4096 1.5 -216.805 
10 1 4096 1.5 -216.791 
10 1 4096 1.5 -216.914 
10 1 4096 1.5 -216.877 
10 1 4096 1.5 -216.795 
10 1 4096 1.5 -216.812 
10 1 4096 1.505 -216.819 
10 1 4096 1.505 -216.774 
10 1 4096 1.505 -216.691 
10 1 4096 1.505 -216.754 
10 1 4096 1.505 -216.812 
10 1 4096 1.505 -216.67 
10 1 4096 1.505 -216.733 
10 1 4096 1.505 -216.672 
10 1 4096 1.505 -216.8 
10 1 4096 1.505 -216.799 
10 1 4096 1.505 -216.778 
10 1 4096 1.505 -216.819 
10 1 4096 1.505 -216.715 
10 1 4096 1.505 -216.843 
10 1 4096 1.505 -216.799 
10 1 4096 1.505 -216.824 
10 1 4096 1.505 -216.666 
10 1 4096 1.505 -216.691 
10 1 4096 1.505 -216.826 
10 1 4096 1.505 -216.756 
10 1 4096 1.505 -216.702 
10 1 4096 1.505 -216.757 
10 1 4096 1.505 -216.713 
10 1 4096 1.505 -216.774 
10 1 4096 1.505 -216.876 
10 1 4096 1.51 -216.728 
10 1 4096 1.51 -216.687 
10 1 4096 1.51 -216.701 
10 1 4096 1.51 -216.72 
10 1 4096 1.51 -216.788 
10 1 4096 1.51 -216.612 
10 1 4096 1.51 -216.765 
10 1 4096 1.51 -216.779 
10 1 4096 1.51 -216.682 
10 1 4096 1.51 -216.717 
10 1 4096 1.51 -216.744 
10 1 4096 1.51 -216.636 
10 1 4096 1.51 -216.666 
10 1 4096 1.51 -216.726 
10 1 4096 1.51 -216.818 
10 1 4096 1.51 -216.741 
10 1 4096 1.51 -216.655 
10 1 4096 1.51 -216.562 
10 1 4096 1.51 -216.677 
10 1 4096 1.51 -216.735 
10 1 4096 1.51 -216.588 
10 1 4096 1.51 -216.723 
10 1 4096 1.51 -216.852 
10 1 4096 1.51 -216.712 
10 1 4096 1.51 -216.654 
10 1 4096 1.515 -216.644 
10 1 4096 1.515 -216.7 
10 1 4096 1.515 -216.438 
10 1 4096 1.515 -216.718 
10 1 4096 1.515 -216.594 
10 1 4096 1.515 -216.554 
10 1 4096 1.515 -216.577 
10 1 4096 1.515 -216.539 
10 1 4096 1.515 -216.536 
10 1 4096 1.515 -216.61 
10 1 4096 1.515 -216.632 
10 1 4096 1.515 -216.776 
10 1 4096 1.515 -216.717 
10 1 4096 1.515 -216.536 
10 1 4096 1.515 -216.634 
10 1 4096 1.515 -216.724 
10 1 4096 1.515 -216.585 
10 1 4096 1.515 -216.572 
10 1 4096 1.515 -216.638 
10 1 4096 1.515 -216.713 
10 1 4096 1.515 -216.786 
10 1 4096 1.515 -216.55 
10 1 4096 1.515 -216.757 
10 1 4096 1.515 -216.682 
10 1 4096 1.515 -216.696 
10 1 4096 1.52 -216.758 
10 1 4096 1.52 -216.483 
10 1 4096 1.52 -216.529 
10 1 4096 1.52 -216.55 
10 1 4096 1.52 -216.435 
10 1 4096 1.52 -216.467 
10 1 4096 1.52 -216.537 
10 1 4096 1.52 -216.636 
10 1 4096 1.52 -216.772 
10 1 4096 1.52 -216.629 
10 1 4096 1.52 -216.672 
10 1 4096 1.52 -216.598 
10 1 4096 1.52 -216.576 
10 1 4096 1.52 -216.654 
10 1 4096 1.52 -216.678 
10 1 4096 1.52 -216.536 
10 1 4096 1.52 -216.553 
10 1 4096 1.52 -216.568 
10 1 4096 1.52 -216.466 
10 1 4096 1.52 -216.488 
10 1 4096 1.52 -216.632 
10 1 4096 1.52 -216.675 
10 1 4096 1.52 -216.542 
10 1 4096 1.52 -216.277 
10 1 4096 1.52 -216.618 
10 1 4096 1.525 -216.517 
10 1 4096 1.525 -216.602 
10 1 4096 1.525 -216.524 
10 1 4096 1.525 -216.463 
10 1 4096 1.525 -216.534 
10 1 4096 1.525 -216.594 
10 1 4096 1.525 -216.425 
10 1 4096 1.525 -216.514 
10 1 4096 1.525 -216.642 
10 1 4096 1.525 -216.63 
10 1 4096 1.525 -216.474 
10 1 4096 1.525 -216.537 
10 1 4096 1.525 -216.553 
10 1 4096 1.525 -216.575 
10 1 4096 1.525 -216.481 
10 1 4096 1.525 -216.635 
10 1 4096 1.525 -216.621 
10 1 4096 1.525 -216.523 
10 1 4096 1.525 -216.668 
10 1 4096 1.525 -216.561 
10 1 4096 1.525 -216.453 
10 1 4096 1.525 -216.556 
10 1 4096 1.525 -216.525 
10 1 4096 1.525 -216.598 
10 1 4096 1.525 -216.558 
10 1 4096 1.53 -216.433 
10 1 4096 1.53 -216.345 
10 1 4096 1.53 -216.42 
10 1 4096 1.53 -216.418 
10 1 4096 1.53 -216.484 
10 1 4096 1.53 -216.464 
10 1 4096 1.53 -216.377 
10 1 4096 1.53 -216.459 
10 1 4096 1.53 -216.417 
10 1 4096 1.53 -216.563 
10 1 4096 1.53 -216.566 
10 1 4096 1.53 -216.323 
10 1 4096 1.53 -216.528 
10 1 4096 1.53 -216.298 
10 1 4096 1.53 -216.451 
10 1 4096 1.53 -216.524 
10 1 4096 1.53 -216.458 
10 1 4096 1.53 -216.587 
10 1 4096 1.53 -216.468 
10 1 4096 1.53 -216.408 
10 1 4096 1.53 -216.462 
10 1 4096 1.53 -216.541 
10 1 4096 1.53 -216.232 
10 1 4096 1.53 -216.469 
10 1 4096 1.53 -216.521 
10 1 4096 1.535 -216.266 
10 1 4096 1.535 -216.347 
10 1 4096 1.535 -216.542 
10 1 4096 1.535 -216.298 
10 1 4096 1.535 -216.407 
10 1 4096 1.535 -216.39 
10 1 4096 1.535 -216.33 
10 1 4096 1.535 -216.374 
10 1 4096 1.535 -216.335 
10 1 4096 1.535 -216.488 
10 1 4096 1.535 -216.396 
10 1 4096 1.535 -216.539 
10 1 4096 1.535 -216.242 
10 1 4096 1.535 -216.275 
10 1 4096 1.535 -216.428 
10 1 4096 1.535 -216.212 
10 1 4096 1.535 -216.358 
10 1 4096 1.535 -216.304 
10 1 4096 1.535 -216.442 
10 1 4096 1.535 -216.419 
10 1 4096 1.535 -216.294 
10 1 4096 1.535 -216.451 
10 1 4096 1.535 -216.357 
10 1 4096 1.535 -216.367 
10 1 4096 1.535 -216.471 
10 1 4096 1.54 -216.172 
10 1 4096 1.54 -216.272 
10 1 4096 1.54 -216.268 
10 1 4096 1.54 -216.238 
10 1 4096 1.54 -216.31 
10 1 4096 1.54 -216.263 
10 1 4096 1.54 -216.31 
10 1 4096 1.54 -216.445 
10 1 4096 1.54 -216.286 
10 1 4096 1.54 -216.285 
10 1 4096 1.54 -216.484 
10 1 4096 1.54 -216.234 
10 1 4096 1.54 -216.206 
10 1 4096 1.54 -216.47 
10 1 4096 1.54 -216.216 
10 1 4096 1.54 -216.382 
10 1 4096 1.54 -216.447 
10 1 4096 1.54 -216.47 
10 1 4096 1.54 -216.299 
10 1 4096 1.54 -216.238 
10 1 4096 1.54 -216.323 
10 1 4096 1.54 -216.372 
10 1 4096 1.54 -216.331 
10 1 4096 1.54 -216.294 
10 1 4096 1.54 -216.302 
10 1 4096 1.545 -216.372 
10 1 4096 1.545 -216.144 
10 1 4096 1.545 -216.073 
10 1 4096 1.545 -216.315 
10 1 4096 1.545 -216.324 
10 1 4096 1.545 -216.328 
10 1 4096 1.545 -216.245 
10 1 4096 1.545 -216.201 
10 1 4096 1.545 -216.3 
10 1 4096 1.545 -216.265 
10 1 4096 1.545 -216.265 
10 1 4096 1.545 -216.198 
10 1 4096 1.545 -216.251 
10 1 4096 1.545 -216.257 
10 1 4096 1.545 -216.168 
10 1 4096 1.545 -216.23 
10 1 4096 1.545 -216.271 
10 1 4096 1.545 -216.377 
10 1 4096 1.545 -216.114 
10 1 4096 1.545 -216.179 
10 1 4096 1.545 -216.19 
10 1 4096 1.545 -216.232 
10 1 4096 1.545 -216.217 
10 1 4096 1.545 -216.436 
10 1 4096 1.545 -216.252 
10 1 4096 1.55 -216.287 
10 1 4096 1.55 -216.046 
10 1 4096 1.55 -216.254 
10 1 4096 1.55 -216.228 
10 1 4096 1.55 -216.265 
10 1 4096 1.55 -216.076 
10 1 4096 1.55 -216.099 
10 1 4096 1.55 -216.232 
10 1 4096 1.55 -216.302 
10 1 4096 1.55 -216.259 
10 1 4096 1.55 -216.286 
10 1 4096 1.55 -216.231 
10 1 4096 1.55 -216.161 
10 1 4096 1.55 -216.136 
10 1 4096 1.55 -216.273 
10 1 4096 1.55 -216.157 
10 1 4096 1.55 -216.295 
10 1 4096 1.55 -216.202 
10 1 4096 1.55 -216.222 
10 1 4096 1.55 -216.139 
10 1 4096 1.55 -216.124 
10 1 4096 1.55 -216.246 
10 1 4096 1.55 -216.232 
10 1 4096 1.55 -216.241 
10 1 4096 1.55 -216.15 
10 1 4096 1.555 -215.934 
10 1 4096 1.555 -216.066 
10 1 4096 1.555 -216.052 
10 1 4096 1.555 -216.231 
10 1 4096 1.555 -215.955 
10 1 4096 1.555 -216.027 
10 1 4096 1.555 -216.16 
10 1 4096 1.555 -216.032 
10 1 4096 1.555 -216.16 
10 1 4096 1.555 -216.068 
10 1 4096 1.555 -216.074 
10 1 4096 1.555 -216.039 
10 1 4096 1.555 -216.26 
10 1 4096 1.555 -216.181 
10 1 4096 1.555 -216.103 
10 1 4096 1.555 -215.917 
10 1 4096 1.555 -216.086 
10 1 4096 1.555 -216.187 
10 1 4096 1.555 -216.046 
10 1 4096 1.555 -216.059 
10 1 4096 1.555 -216.044 
10 1 4096 1.555 -216.236 
10 1 4096 1.555 -216.022 
10 1 4096 1.555 -216.231 
10 1 4096 1.555 -216.276 
10 1 4096 1.56 -216.162 
10 1 4096 1.56 -216.019 
10 1 4096 1.56 -216.002 
10 1 4096 1.56 -216.168 
10 1 4096 1.56 -216.127 
10 1 4096 1.56 -216.033 
10 1 4096 1.56 -216.164 
10 1 4096 1.56 -216.015 
10 1 4096 1.56 -216.049 
10 1 4096 1.56 -216.082 
10 1 4096 1.56 -215.842 
10 1 4096 1.56 -216.122 
10 1 4096 1.56 -216.038 
10 1 4096 1.56 -216.226 
10 1 4096 1.56 -216.057 
10 1 4096 1.56 -216.138 
10 1 4096 1.56 -215.973 
10 1 4096 1.56 -215.952 
10 1 4096 1.56 -216.097 
10 1 4096 1.56 -215.95 
10 1 4096 1.56 -215.966 
10 1 4096 1.56 -216.014 
10 1 4096 1.56 -216.147 
10 1 4096 1.56 -215.871 
10 1 4096 1.56 -216.273 
10 1 4096 1.565 -215.941 
10 1 4096 1.565 -215.992 
10 1 4096 1.565 -215.931 
10 1 4096 1.565 -215.803 
10 1 4096 1.565 -215.762 
10 1 4096 1.565 -216.03 
10 1 4096 1.565 -216.047 
10 1 4096 1.565 -215.888 
10 1 4096 1.565 -215.842 
10 1 4096 1.565 -215.94 
10 1 4096 1.565 -216.024 
10 1 4096 1.565 -215.985 
10 1 4096 1.565 -216.163 
10 1 4096 1.565 -215.856 
10 1 4096 1.565 -215.869 
10 1 4096 1.565 -215.865 
10 1 4096 1.565 -215.916 
10 1 4096 1.565 -216.097 
10 1 4096 1.565 -215.879 
10 1 4096 1.565 -215.996 
10 1 4096 1.565 -215.875 
10 1 4096 1.565 -215.885 
10 1 4096 1.565 -215.978 
10 1 4096 1.565 -216.007 
10 1 4096 1.565 -216.132 
10 1 4096 1.57 -215.746 
10 1 4096 1.57 -215.832 
10 1 4096 1.57 -215.926 
10 1 4096 1.57 -215.885 
10 1 4096 1.57 -215.861 
10 1 4096 1.57 -216.033 
10 1 4096 1.57 -215.759 
10 1 4096 1.57 -215.793 
10 1 4096 1.57 -215.935 
10 1 4096 1.57 -215.929 
10 1 4096 1.57 -215.894 
10 1 4096 1.57 -215.786 
10 1 4096 1.57 -215.903 
10 1 4096 1.57 -215.768 
10 1 4096 1.57 -215.774 
10 1 4096 1.57 -215.888 
10 1 4096 1.57 -215.986 
10 1 4096 1.57 -215.961 
10 1 4096 1.57 -215.974 
10 1 4096 1.57 -215.97 
10 1 4096 1.57 -215.898 
10 1 4096 1.57 -215.653 
10 1 4096 1.57 -215.967 
10 1 4096 1.57 -216.037 
10 1 4096 1.57 -215.769 
10 1 4096 1.575 -215.807 
10 1 4096 1.575 -215.797 
10 1 4096 1.575 -215.881 
10 1 4096 1.575 -215.839 
10 1 4096 1.575 -215.874 
10 1 4096 1.575 -215.905 
10 1 4096 1.575 -215.739 
10 1 4096 1.575 -215.56 
10 1 4096 1.575 -215.804 
10 1 4096 1.575 -215.82 
10 1 4096 1.575 -215.942 
10 1 4096 1.575 -215.717 
10 1 4096 1.575 -215.874 
10 1 4096 1.575 -215.891 
10 1 4096 1.575 -215.891 
10 1 4096 1.575 -215.886 
10 1 4096 1.575 -215.861 
10 1 4096 1.575 -215.94 
10 1 4096 1.575 -215.842 
10 1 4096 1.575 -215.86 
10 1 4096 1.575 -215.799 
10 1 4096 1.575 -215.957 
10 1 4096 1.575 -215.703 
10 1 4096 1.575 -215.731 
10 1 4096 1.575 -215.856 
10 1 4096 1.58 -215.765 
10 1 4096 1.58 -215.96 
10 1 4096 1.58 -215.843 
10 1 4096 1.58 -215.786 
10 1 4096 1.58 -215.809 
10 1 4096 1.58 -215.927 
10 1 4096 1.58 -215.671 
10 1 4096 1.58 -215.739 
10 1 4096 1.58 -215.749 
10 1 4096 1.58 -215.437 
10 1 4096 1.58 -215.692 
10 1 4096 1.58 -215.756 
10 1 4096 1.58 -215.789 
10 1 4096 1.58 -215.74 
10 1 4096 1.58 -215.639 
10 1 4096 1.58 -215.654 
10 1 4096 1.58 -215.881 
10 1 4096 1.58 -215.642 
10 1 4096 1.58 -215.842 
10 1 4096 1.58 -215.759 
10 1 4096 1.58 -215.616 
10 1 4096 1.58 -215.819 
10 1 4096 1.58 -215.948 
10 1 4096 1.58 -215.725 
10 1 4096 1.58 -215.779 
10 1 4096 1.585 -215.78 
10 1 4096 1.585 -215.76 
10 1 4096 1.585 -215.623 
10 1 4096 1.585 -215.691 
10 1 4096 1.585 -215.745 
10 1 4096 1.585 -215.642 
10 1 4096 1.585 -215.559 
10 1 4096 1.585 -215.714 
10 1 4096 1.585 -215.375 
10 1 4096 1.585 -215.743 
10 1 4096 1.585 -215.709 
10 1 4096 1.585 -215.677 
10 1 4096 1.585 -215.67 
10 1 4096 1.585 -215.581 
10 1 4096 1.585 -215.672 
10 1 4096 1.585 -215.597 
10 1 4096 1.585 -215.713 
10 1 4096 1.585 -215.732 
10 1 4096 1.585 -215.598 
10 1 4096 1.585 -215.811 
10 1 4096 1.585 -215.723 
10 1 4096 1.585 -215.59 
10 1 4096 1.585 -215.535 
10 1 4096 1.585 -215.575 
10 1 4096 1.585 -215.659 
10 1 4096 1.59 -215.627 
10 1 4096 1.59 -215.614 
10 1 4096 1.59 -215.501 
10 1 4096 1.59 -215.795 
10 1 4096 1.59 -215.542 
10 1 4096 1.59 -215.602 
10 1 4096 1.59 -215.48 
10 1 4096 1.59 -215.741 
10 1 4096 1.59 -215.647 
10 1 4096 1.59 -215.743 
10 1 4096 1.59 -215.521 
10 1 4096 1.59 -215.449 
10 1 4096 1.59 -215.551 
10 1 4096 1.59 -215.591 
10 1 4096 1.59 -215.433 
10 1 4096 1.59 -215.423 
10 1 4096 1.59 -215.584 
10 1 4096 1.59 -215.492 
10 1 4096 1.59 -215.699 
10 1 4096 1.59 -215.567 
10 1 4096 1.59 -215.635 
10 1 4096 1.59 -215.436 
10 1 4096 1.59 -215.439 
10 1 4096 1.59 -215.539 
10 1 4096 1.59 -215.52 
10 1 4096 1.595 -215.522 
10 1 4096 1.595 -215.567 
10 1 4096 1.595 -215.409 
10 1 4096 1.595 -215.506 
10 1 4096 1.595 -215.48 
10 1 4096 1.595 -215.578 
10 1 4096 1.595 -215.373 
10 1 4096 1.595 -215.46 
10 1 4096 1.595 -215.364 
10 1 4096 1.595 -215.541 
10 1 4096 1.595 -215.602 
10 1 4096 1.595 -215.625 
10 1 4096 1.595 -215.623 
10 1 4096 1.595 -215.525 
10 1 4096 1.595 -215.378 
10 1 4096 1.595 -215.354 
10 1 4096 1.595 -215.613 
10 1 4096 1.595 -215.523 
10 1 4096 1.595 -215.443 
10 1 4096 1.595 -215.531 
10 1 4096 1.595 -215.509 
10 1 4096 1.595 -215.432 
10 1 4096 1.595 -215.616 
10 1 4096 1.595 -215.684 
10 1 4096 1.595 -215.43 
10 1 4096 1.6 -215.284 
10 1 4096 1.6 -215.499 
10 1 4096 1.6 -215.23 
10 1 4096 1.6 -215.377 
10 1 4096 1.6 -215.518 
10 1 4096 1.6 -215.286 
10 1 4096 1.6 -215.509 
10 1 4096 1.6 -215.607 
10 1 4096 1.6 -215.44 
10 1 4096 1.6 -215.341 
10 1 4096 1.6 -215.404 
10 1 4096 1.6 -215.311 
10 1 4096 1.6 -215.391 
10 1 4096 1.6 -215.489 
10 1 4096 1.6 -215.323 
10 1 4096 1.6 -215.427 
10 1 4096 1.6 -215.627 
10 1 4096 1.6 -215.343 
10 1 4096 1.6 -215.452 
10 1 4096 1.6 -215.558 
10 1 4096 1.6 -215.565 
10 1 4096 1.6 -215.526 
10 1 4096 1.6 -215.468 
10 1 4096 1.6 -215.621 
10 1 4096 1.6 -215.518 
10 1 4096 1.605 -215.283 
10 1 4096 1.605 -215.238 
10 1 4096 1.605 -215.323 
10 1 4096 1.605 -215.272 
10 1 4096 1.605 -215.399 
10 1 4096 1.605 -215.439 
10 1 4096 1.605 -215.345 
10 1 4096 1.605 -215.135 
10 1 4096 1.605 -215.518 
10 1 4096 1.605 -215.545 
10 1 4096 1.605 -215.399 
10 1 4096 1.605 -215.421 
10 1 4096 1.605 -215.175 
10 1 4096 1.605 -215.371 
10 1 4096 1.605 -215.334 
10 1 4096 1.605 -215.187 
10 1 4096 1.605 -215.34 
10 1 4096 1.605 -215.358 
10 1 4096 1.605 -215.307 
10 1 4096 1.605 -215.333 
10 1 4096 1.605 -215.423 
10 1 4096 1.605 -215.205 
10 1 4096 1.605 -215.459 
10 1 4096 1.605 -215.251 
10 1 4096 1.605 -215.354 
10 1 4096 1.61 -215.154 
10 1 4096 1.61 -215.28 
10 1 4096 1.61 -215.263 
10 1 4096 1.61 -215.272 
10 1 4096 1.61 -215.279 
10 1 4096 1.61 -215.29 
10 1 4096 1.61 -215.051 
10 1 4096 1.61 -215.111 
10 1 4096 1.61 -215.283 
10 1 4096 1.61 -215.308 
10 1 4096 1.61 -215.174 
10 1 4096 1.61 -215.32 
10 1 4096 1.61 -215.291 
10 1 4096 1.61 -215.275 
10 1 4096 1.61 -215.164 
10 1 4096 1.61 -215.209 
10 1 4096 1.61 -215.218 
10 1 4096 1.61 -215.314 
10 1 4096 1.61 -215.404 
10 1 4096 1.61 -215.019 
10 1 4096 1.61 -215.149 
10 1 4096 1.61 -215.434 
10 1 4096 1.61 -215.342 
10 1 4096 1.61 -215.29 
10 1 4096 1.61 -215.408 
10 1 4096 1.615 -215.229 
10 1 4096 1.615 -215.358 
10 1 4096 1.615 -215.234 
10 1 4096 1.615 -215.261 
10 1 4096 1.615 -215.268 
10 1 4096 1.615 -215.131 
10 1 4096 1.615 -215.246 
10 1 4096 1.615 -215.333 
10 1 4096 1.615 -214.999 
10 1 4096 1.615 -215.197 
10 1 4096 1.615 -215.151 
10 1 4096 1.615 -215.256 
10 1 4096 1.615 -215.267 
10 1 4096 1.615 -215.346 
10 1 4096 1.615 -215.228 
10 1 4096 1.615 -215.191 
10 1 4096 1.615 -215.141 
10 1 4096 1.615 -215.386 
10 1 4096 1.615 -215.142 
10 1 4096 1.615 -215.151 
10 1 4096 1.615 -215.123 
10 1 4096 1.615 -215.3 
10 1 4096 1.615 -215.316 
10 1 4096 1.615 -215.266 
10 1 4096 1.615 -215.096 
10 1 4096 1.62 -215.087 
10 1 4096 1.62 -214.921 
10 1 4096 1.62 -215.164 
10 1 4096 1.62 -215.088 
10 1 4096 1.62 -215.227 
10 1 4096 1.62 -215.129 
10 1 4096 1.62 -215.236 
10 1 4096 1.62 -214.963 
10 1 4096 1.62 -215.106 
10 1 4096 1.62 -214.934 
10 1 4096 1.62 -215.175 
10 1 4096 1.62 -215.121 
10 1 4096 1.62 -215.104 
10 1 4096 1.62 -215.123 
10 1 4096 1.62 -215.214 
10 1 4096 1.62 -214.958 
10 1 4096 1.62 -214.887 
10 1 4096 1.62 -215.15 
10 1 4096 1.62 -215.095 
10 1 4096 1.62 -215.095 
10 1 4096 1.62 -215.284 
10 1 4096 1.62 -215.154 
10 1 4096 1.62 -215.082 
10 1 4096 1.62 -214.968 
10 1 4096 1.62 -214.909 
10 1 4096 1.625 -214.978 
10 1 4096 1.625 -215.027 
10 1 4096 1.625 -215.037 
10 1 4096 1.625 -214.956 
10 1 4096 1.625 -215.203 
10 1 4096 1.625 -215.017 
10 1 4096 1.625 -214.964 
10 1 4096 1.625 -215.045 
10 1 4096 1.625 -215.149 
10 1 4096 1.625 -215.071 
10 1 4096 1.625 -214.726 
10 1 4096 1.625 -215.036 
10 1 4096 1.625 -215.149 
10 1 4096 1.625 -215.203 
10 1 4096 1.625 -215.02 
10 1 4096 1.625 -215.017 
10 1 4096 1.625 -215.251 
10 1 4096 1.625 -215.126 
10 1 4096 1.625 -214.949 
10 1 4096 1.625 -215.152 
10 1 4096 1.625 -214.843 
10 1 4096 1.625 -215.075 
10 1 4096 1.625 -215.056 
10 1 4096 1.625 -215.235 
10 1 4096 1.625 -215.093 
10 1 4096 1.63 -214.949 
10 1 4096 1.63 -214.936 
10 1 4096 1.63 -215.046 
10 1 4096 1.63 -214.726 
10 1 4096 1.63 -215.035 
10 1 4096 1.63 -214.814 
10 1 4096 1.63 -214.873 
10 1 4096 1.63 -215.031 
10 1 4096 1.63 -214.885 
10 1 4096 1.63 -214.768 
10 1 4096 1.63 -214.836 
10 1 4096 1.63 -215.101 
10 1 4096 1.63 -215.025 
10 1 4096 1.63 -215.206 
10 1 4096 1.63 -215.115 
10 1 4096 1.63 -214.957 
10 1 4096 1.63 -214.933 
10 1 4096 1.63 -214.923 
10 1 4096 1.63 -214.983 
10 1 4096 1.63 -214.952 
10 1 4096 1.63 -214.965 
10 1 4096 1.63 -215.039 
10 1 4096 1.63 -214.881 
10 1 4096 1.63 -214.919 
10 1 4096 1.63 -215.059 
10 1 4096 1.635 -214.797 
10 1 4096 1.635 -214.866 
10 1 4096 1.635 -214.98 
10 1 4096 1.635 -214.888 
10 1 4096 1.635 -215.007 
10 1 4096 1.635 -214.873 
10 1 4096 1.635 -214.91 
10 1 4096 1.635 -214.675 
10 1 4096 1.635 -214.807 
10 1 4096 1.635 -214.844 
10 1 4096 1.635 -214.672 
10 1 4096 1.635 -214.751 
10 1 4096 1.635 -214.989 
10 1 4096 1.635 -215.002 
10 1 4096 1.635 -214.82 
10 1 4096 1.635 -214.931 
10 1 4096 1.635 -214.86 
10 1 4096 1.635 -214.658 
10 1 4096 1.635 -214.86 
10 1 4096 1.635 -214.897 
10 1 4096 1.635 -214.848 
10 1 4096 1.635 -214.977 
10 1 4096 1.635 -214.946 
10 1 4096 1.635 -214.841 
10 1 4096 1.635 -214.942 
10 1 4096 1.64 -214.712 
10 1 4096 1.64 -214.772 
10 1 4096 1.64 -214.706 
10 1 4096 1.64 -214.793 
10 1 4096 1.64 -214.481 
10 1 4096 1.64 -214.678 
10 1 4096 1.64 -214.732 
10 1 4096 1.64 -214.697 
10 1 4096 1.64 -214.801 
10 1 4096 1.64 -214.816 
10 1 4096 1.64 -214.732 
10 1 4096 1.64 -214.674 
10 1 4096 1.64 -214.808 
10 1 4096 1.64 -214.649 
10 1 4096 1.64 -214.909 
10 1 4096 1.64 -214.857 
10 1 4096 1.64 -214.664 
10 1 4096 1.64 -214.659 
10 1 4096 1.64 -214.906 
10 1 4096 1.64 -214.733 
10 1 4096 1.64 -214.901 
10 1 4096 1.64 -214.969 
10 1 4096 1.64 -214.705 
10 1 4096 1.64 -214.808 
10 1 4096 1.64 -214.626 
10 1 4096 1.645 -214.493 
10 1 4096 1.645 -214.678 
10 1 4096 1.645 -214.654 
10 1 4096 1.645 -214.892 
10 1 4096 1.645 -214.589 
10 1 4096 1.645 -214.747 
10 1 4096 1.645 -214.634 
10 1 4096 1.645 -215.007 
10 1 4096 1.645 -214.825 
10 1 4096 1.645 -214.709 
10 1 4096 1.645 -214.691 
10 1 4096 1.645 -214.757 
10 1 4096 1.645 -214.764 
10 1 4096 1.645 -214.585 
10 1 4096 1.645 -214.783 
10 1 4096 1.645 -214.652 
10 1 4096 1.645 -214.642 
10 1 4096 1.645 -214.784 
10 1 4096 1.645 -214.649 
10 1 4096 1.645 -214.645 
10 1 4096 1.645 -214.533 
10 1 4096 1.645 -214.657 
10 1 4096 1.645 -214.623 
10 1 4096 1.645 -214.624 
10 1 4096 1.645 -214.644 
10 1 4096 1.65 -214.403 
10 1 4096 1.65 -214.507 
10 1 4096 1.65 -214.436 
10 1 4096 1.65 -214.762 
10 1 4096 1.65 -214.475 
10 1 4096 1.65 -214.638 
10 1 4096 1.65 -214.677 
10 1 4096 1.65 -214.685 
10 1 4096 1.65 -214.527 
10 1 4096 1.65 -214.413 
10 1 4096 1.65 -214.297 
10 1 4096 1.65 -214.653 
10 1 4096 1.65 -214.595 
10 1 4096 1.65 -214.565 
10 1 4096 1.65 -214.542 
10 1 4096 1.65 -214.486 
10 1 4096 1.65 -214.575 
10 1 4096 1.65 -214.792 
10 1 4096 1.65 -214.756 
10 1 4096 1.65 -214.388 
10 1 4096 1.65 -214.255 
10 1 4096 1.65 -214.478 
10 1 4096 1.65 -214.711 
10 1 4096 1.65 -214.452 
10 1 4096 1.65 -214.61 
10 1 4096 1.655 -214.48 
10 1 4096 1.655 -214.393 
10 1 4096 1.655 -214.421 
10 1 4096 1.655 -214.633 
10 1 4096 1.655 -214.475 
10 1 4096 1.655 -214.249 
10 1 4096 1.655 -214.311 
10 1 4096 1.655 -214.6 
10 1 4096 1.655 -214.418 
10 1 4096 1.655 -214.593 
10 1 4096 1.655 -214.551 
10 1 4096 1.655 -214.55 
10 1 4096 1.655 -214.226 
10 1 4096 1.655 -214.454 
10 1 4096 1.655 -214.474 
10 1 4096 1.655 -214.568 
10 1 4096 1.655 -214.555 
10 1 4096 1.655 -214.405 
10 1 4096 1.655 -214.559 
10 1 4096 1.655 -214.54 
10 1 4096 1.655 -214.633 
10 1 4096 1.655 -214.407 
10 1 4096 1.655 -214.499 
10 1 4096 1.655 -214.314 
10 1 4096 1.655 -214.316 
10 1 4096 1.66 -214.541 
10 1 4096 1.66 -214.653 
10 1 4096 1.66 -214.572 
10 1 4096 1.66 -214.315 
10 1 4096 1.66 -214.333 
10 1 4096 1.66 -214.394 
10 1 4096 1.66 -214.462 
10 1 4096 1.66 -214.295 
10 1 4096 1.66 -214.329 
10 1 4096 1.66 -214.664 
10 1 4096 1.66 -214.475 
10 1 4096 1.66 -214.218 
10 1 4096 1.66 -214.418 
10 1 4096 1.66 -214.337 
10 1 4096 1.66 -214.331 
10 1 4096 1.66 -214.491 
10 1 4096 1.66 -214.374 
10 1 4096 1.66 -214.364 
10 1 4096 1.66 -214.315 
10 1 4096 1.66 -214.283 
10 1 4096 1.66 -214.573 
10 1 4096 1.66 -214.332 
10 1 4096 1.66 -214.163 
10 1 4096 1.66 -214.123 
10 1 4096 1.66 -214.591 
10 1 4096 1.665 -214.368 
10 1 4096 1.665 -214.354 
10 1 4096 1.665 -214.145 
10 1 4096 1.665 -214.137 
10 1 4096 1.665 -214.542 
10 1 4096 1.665 -214.228 
10 1 4096 1.665 -214.111 
10 1 4096 1.665 -214.311 
10 1 4096 1.665 -214.291 
10 1 4096 1.665 -214.274 
10 1 4096 1.665 -214.252 
10 1 4096 1.665 -214.352 
10 1 4096 1.665 -214.297 
10 1 4096 1.665 -214.413 
10 1 4096 1.665 -214.451 
10 1 4096 1.665 -214.392 
10 1 4096 1.665 -214.255 
10 1 4096 1.665 -214.215 
10 1 4096 1.665 -214.362 
10 1 4096 1.665 -214.395 
10 1 4096 1.665 -214.342 
10 1 4096 1.665 -214.221 
10 1 4096 1.665 -214.338 
10 1 4096 1.665 -214.029 
10 1 4096 1.665 -214.449 
10 1 4096 1.67 -214.124 
10 1 4096 1.67 -213.941 
10 1 4096 1.67 -213.868 
10 1 4096 1.67 -214.069 
10 1 4096 1.67 -214.292 
10 1 4096 1.67 -214.33 
10 1 4096 1.67 -214.235 
10 1 4096 1.67 -214.031 
10 1 4096 1.67 -213.99 
10 1 4096 1.67 -214.206 
10 1 4096 1.67 -214.133 
10 1 4096 1.67 -214.212 
10 1 4096 1.67 -214.341 
10 1 4096 1.67 -214.387 
10 1 4096 1.67 -214.264 
10 1 4096 1.67 -213.966 
10 1 4096 1.67 -214.184 
10 1 4096 1.67 -214.298 
10 1 4096 1.67 -214.358 
10 1 4096 1.67 -214.331 
10 1 4096 1.67 -214.014 
10 1 4096 1.67 -214.183 
10 1 4096 1.67 -214.301 
10 1 4096 1.67 -214.142 
10 1 4096 1.67 -214.158 
10 1 4096 1.675 -214.232 
10 1 4096 1.675 -214.19 
10 1 4096 1.675 -214.082 
10 1 4096 1.675 -214.122 
10 1 4096 1.675 -213.914 
10 1 4096 1.675 -214.078 
10 1 4096 1.675 -213.993 
10 1 4096 1.675 -214.158 
10 1 4096 1.675 -214.429 
10 1 4096 1.675 -214.059 
10 1 4096 1.675 -214.116 
10 1 4096 1.675 -213.895 
10 1 4096 1.675 -214.047 
10 1 4096 1.675 -214.255 
10 1 4096 1.675 -214.105 
10 1 4096 1.675 -213.96 
10 1 4096 1.675 -214.022 
10 1 4096 1.675 -214.124 
10 1 4096 1.675 -214.119 
10 1 4096 1.675 -214.218 
10 1 4096 1.675 -214.088 
10 1 4096 1.675 -214.366 
10 1 4096 1.675 -214.013 
10 1 4096 1.675 -214.055 
10 1 4096 1.675 -213.997 
10 1 4096 1.68 -214.211 
10 1 4096 1.68 -213.982 
10 1 4096 1.68 -213.877 
10 1 4096 1.68 -213.928 
10 1 4096 1.68 -214.075 
10 1 4096 1.68 -214.105 
10 1 4096 1.68 -214.116 
10 1 4096 1.68 -213.911 
10 1 4096 1.68 -214.023 
10 1 4096 1.68 -213.991 
10 1 4096 1.68 -213.747 
10 1 4096 1.68 -214.028 
10 1 4096 1.68 -214.15 
10 1 4096 1.68 -214.15 
10 1 4096 1.68 -214.123 
10 1 4096 1.68 -214.292 
10 1 4096 1.68 -213.966 
10 1 4096 1.68 -214.111 
10 1 4096 1.68 -214.161 
10 1 4096 1.68 -213.978 
10 1 4096 1.68 -213.961 
10 1 4096 1.68 -214.137 
10 1 4096 1.68 -213.671 
10 1 4096 1.68 -213.979 
10 1 4096 1.68 -213.849 
10 1 4096 1.685 -213.533 
10 1 4096 1.685 -213.896 
10 1 4096 1.685 -213.737 
10 1 4096 1.685 -213.894 
10 1 4096 1.685 -214.037 
10 1 4096 1.685 -213.87 
10 1 4096 1.685 -213.874 
10 1 4096 1.685 -214.058 
10 1 4096 1.685 -213.752 
10 1 4096 1.685 -213.726 
10 1 4096 1.685 -213.985 
10 1 4096 1.685 -213.923 
10 1 4096 1.685 -214.007 
10 1 4096 1.685 -213.833 
10 1 4096 1.685 -213.92 
10 1 4096 1.685 -213.967 
10 1 4096 1.685 -213.731 
10 1 4096 1.685 -213.687 
10 1 4096 1.685 -213.975 
10 1 4096 1.685 -213.738 
10 1 4096 1.685 -213.881 
10 1 4096 1.685 -213.895 
10 1 4096 1.685 -213.723 
10 1 4096 1.685 -214.064 
10 1 4096 1.685 -213.945 
10 1 4096 1.69 -213.948 
10 1 4096 1.69 -213.761 
10 1 4096 1.69 -213.813 
10 1 4096 1.69 -213.813 
10 1 4096 1.69 -213.714 
10 1 4096 1.69 -213.829 
10 1 4096 1.69 -213.549 
10 1 4096 1.69 -213.451 
10 1 4096 1.69 -213.768 
10 1 4096 1.69 -213.662 
10 1 4096 1.69 -213.662 
10 1 4096 1.69 -213.92 
10 1 4096 1.69 -213.907 
10 1 4096 1.69 -213.688 
10 1 4096 1.69 -213.635 
10 1 4096 1.69 -213.936 
10 1 4096 1.69 -213.918 
10 1 4096 1.69 -213.837 
10 1 4096 1.69 -213.603 
10 1 4096 1.69 -213.794 
10 1 4096 1.69 -214.021 
10 1 4096 1.69 -213.824 
10 1 4096 1.69 -213.701 
10 1 4096 1.69 -213.731 
10 1 4096 1.69 -213.868 
10 1 4096 1.695 -213.522 
10 1 4096 1.695 -213.639 
10 1 4096 1.695 -213.785 
10 1 4096 1.695 -213.713 
10 1 4096 1.695 -213.814 
10 1 4096 1.695 -213.577 
10 1 4096 1.695 -213.619 
10 1 4096 1.695 -213.837 
10 1 4096 1.695 -213.776 
10 1 4096 1.695 -213.616 
10 1 4096 1.695 -213.68 
10 1 4096 1.695 -213.873 
10 1 4096 1.695 -213.616 
10 1 4096 1.695 -213.605 
10 1 4096 1.695 -213.548 
10 1 4096 1.695 -213.471 
10 1 4096 1.695 -213.868 
10 1 4096 1.695 -213.887 
10 1 4096 1.695 -213.774 
10 1 4096 1.695 -213.602 
10 1 4096 1.695 -213.831 
10 1 4096 1.695 -213.503 
10 1 4096 1.695 -213.565 
10 1 4096 1.695 -213.503 
10 1 4096 1.695 -213.499 
10 1 4096 1.7 -213.418 
10 1 4096 1.7 -213.632 
10 1 4096 1.7 -213.746 
10 1 4096 1.7 -213.516 
10 1 4096 1.7 -213.496 
10 1 4096 1.7 -213.576 
10 1 4096 1.7 -213.535 
10 1 4096 1.7 -213.793 
10 1 4096 1.7 -213.688 
10 1 4096 1.7 -213.618 
10 1 4096 1.7 -213.532 
10 1 4096 1.7 -213.64 
10 1 4096 1.7 -213.511 
10 1 4096 1.7 -213.625 
10 1 4096 1.7 -213.44 
10 1 4096 2.5 -166.066 
10 1 4096 2.5 -164.345 
10 1 4096 2.5 -165.058 
10 1 4096 2.5 -165.221 
10 1 4096 2.5 -164.329 
10 1 4096 2.5 -165.702 
10 1 4096 2.5 -164.756 
10 1 4096 2.5 -163.974 
10 1 4096 2.5 -164.423 
10 1 4096 2.5 -164.56 
10 1 4096 2.5 -164.79 
10 1 4096 2.5 -165.271 
10 1 4096 2.5 -164.859 
10 1 4096 2.5 -166.195 
10 1 4096 2.5 -164.265 
10 1 4096 2.5 -164.45 
10 1 4096 2.5 -164.344 
10 1 4096 2.5 -164.188 
10 1 4096 2.5 -164.582 
10 1 4096 2.5 -164.545 
10 1 4096 2.5 -164.984 
10 1 4096 2.5 -164.629 
10 1 4096 2.5 -165.487 
10 1 4096 2.5 -164.923 
10 1 4096 2.5 -164.577 
10 1 4096 2.505 -164.139 
10 1 4096 2.505 -164.274 
10 1 4096 2.505 -164.482 
10 1 4096 2.505 -163.891 
10 1 4096 2.505 -164.432 
10 1 4096 2.505 -163.516 
10 1 4096 2.505 -164.292 
10 1 4096 2.505 -163.922 
10 1 4096 2.505 -163.84 
10 1 4096 2.505 -164.423 
10 1 4096 2.505 -163.928 
10 1 4096 2.505 -164.4 
10 1 4096 2.505 -165.105 
10 1 4096 2.505 -164.024 
10 1 4096 2.505 -164.584 
10 1 4096 2.505 -165.074 
10 1 4096 2.505 -164.194 
10 1 4096 2.505 -163.708 
10 1 4096 2.505 -165.132 
10 1 4096 2.505 -164.497 
10 1 4096 2.505 -164.784 
10 1 4096 2.505 -165.356 
10 1 4096 2.505 -163.377 
10 1 4096 2.505 -163.591 
10 1 4096 2.505 -164.529 
10 1 4096 2.51 -163.258 
10 1 4096 2.51 -163.255 
10 1 4096 2.51 -163.66 
10 1 4096 2.51 -164.282 
10 1 4096 2.51 -163.641 
10 1 4096 2.51 -162.481 
10 1 4096 2.51 -163.368 
10 1 4096 2.51 -163.712 
10 1 4096 2.51 -163.686 
10 1 4096 2.51 -163.401 
10 1 4096 2.51 -162.648 
10 1 4096 2.51 -164.637 
10 1 4096 2.51 -162.957 
10 1 4096 2.51 -163.637 
10 1 4096 2.51 -163.446 
10 1 4096 2.51 -163.998 
10 1 4096 2.51 -164.048 
10 1 4096 2.51 -163.415 
10 1 4096 2.51 -163.347 
10 1 4096 2.51 -162.755 
10 1 4096 2.51 -163.624 
10 1 4096 2.51 -163.778 
10 1 4096 2.51 -164.222 
10 1 4096 2.51 -164.816 
10 1 4096 2.51 -163.288 
10 1 4096 2.515 -162.475 
10 1 4096 2.515 -163.498 
10 1 4096 2.515 -162.032 
10 1 4096 2.515 -164.051 
10 1 4096 2.515 -162.946 
10 1 4096 2.515 -162.952 
10 1 4096 2.515 -162.6 
10 1 4096 2.515 -162.931 
10 1 4096 2.515 -163.135 
10 1 4096 2.515 -163.232 
10 1 4096 2.515 -163.259 
10 1 4096 2.515 -162.332 
10 1 4096 2.515 -163.022 
10 1 4096 2.515 -164.199 
10 1 4096 2.515 -163.131 
10 1 4096 2.515 -161.856 
10 1 4096 2.515 -163.61 
10 1 4096 2.515 -164.207 
10 1 4096 2.515 -162.551 
10 1 4096 2.515 -162.806 
10 1 4096 2.515 -163.038 
10 1 4096 2.515 -164.26 
10 1 4096 2.515 -162.181 
10 1 4096 2.515 -162.489 
10 1 4096 2.515 -163.478 
10 1 4096 2.52 -162.647 
10 1 4096 2.52 -161.614 
10 1 4096 2.52 -161.959 
10 1 4096 2.52 -161.928 
10 1 4096 2.52 -162.232 
10 1 4096 2.52 -161.569 
10 1 4096 2.52 -161.513 
10 1 4096 2.52 -162.688 
10 1 4096 2.52 -163.12 
10 1 4096 2.52 -163.009 
10 1 4096 2.52 -163.314 
10 1 4096 2.52 -162.247 
10 1 4096 2.52 -162.934 
10 1 4096 2.52 -162.371 
10 1 4096 2.52 -162.544 
10 1 4096 2.52 -163.11 
10 1 4096 2.52 -162.394 
10 1 4096 2.52 -161.843 
10 1 4096 2.52 -163.332 
10 1 4096 2.52 -162.929 
10 1 4096 2.52 -161.661 
10 1 4096 2.52 -162.646 
10 1 4096 2.52 -163.015 
10 1 4096 2.52 -162.815 
10 1 4096 2.52 -163.061 
10 1 4096 2.525 -162.615 
10 1 4096 2.525 -162.384 
10 1 4096 2.525 -160.422 
10 1 4096 2.525 -161.661 
10 1 4096 2.525 -161.396 
10 1 4096 2.525 -162.252 
10 1 4096 2.525 -162.282 
10 1 4096 2.525 -162.339 
10 1 4096 2.525 -161.18 
10 1 4096 2.525 -161.144 
10 1 4096 2.525 -161.404 
10 1 4096 2.525 -161.906 
10 1 4096 2.525 -162.79 
10 1 4096 2.525 -161.586 
10 1 4096 2.525 -161.227 
10 1 4096 2.525 -162.46 
10 1 4096 2.525 -161.553 
10 1 4096 2.525 -162.427 
10 1 4096 2.525 -160.619 
10 1 4096 2.525 -161.861 
10 1 4096 2.525 -162.009 
10 1 4096 2.525 -162.011 
10 1 4096 2.525 -162.162 
10 1 4096 2.525 -161.873 
10 1 4096 2.525 -161.648 
10 1 4096 2.53 -161.814 
10 1 4096 2.53 -160.986 
10 1 4096 2.53 -161.946 
10 1 4096 2.53 -160.786 
10 1 4096 2.53 -161.227 
10 1 4096 2.53 -161.447 
10 1 4096 2.53 -162.35 
10 1 4096 2.53 -162.025 
10 1 4096 2.53 -160.713 
10 1 4096 2.53 -161.022 
10 1 4096 2.53 -160.622 
10 1 4096 2.53 -161.646 
10 1 4096 2.53 -161.835 
10 1 4096 2.53 -160.824 
10 1 4096 2.53 -160.004 
10 1 4096 2.53 -160.617 
10 1 4096 2.53 -161.205 
10 1 4096 2.53 -161.992 
10 1 4096 2.53 -161.764 
10 1 4096 2.53 -160.403 
10 1 4096 2.53 -161.055 
10 1 4096 2.53 -160.922 
10 1 4096 2.53 -161.151 
10 1 4096 2.53 -160.424 
10 1 4096 2.53 -160.445 
10 1 4096 2.535 -159.548 
10 1 4096 2.535 -159.688 
10 1 4096 2.535 -160.967 
10 1 4096 2.535 -161.262 
10 1 4096 2.535 -160.205 
10 1 4096 2.535 -160.36 
10 1 4096 2.535 -159.72 
10 1 4096 2.535 -160.256 
10 1 4096 2.535 -160.514 
10 1 4096 2.535 -161.47 
10 1 4096 2.535 -160.038 
10 1 4096 2.535 -160.847 
10 1 4096 2.535 -160.199 
10 1 4096 2.535 -160.752 
10 1 4096 2.535 -160.239 
10 1 4096 2.535 -161.516 
10 1 4096 2.535 -160.865 
10 1 4096 2.535 -159.769 
10 1 4096 2.535 -160.127 
10 1 4096 2.535 -159.057 
10 1 4096 2.535 -160.009 
10 1 4096 2.535 -159.834 
10 1 4096 2.535 -160.93 
10 1 4096 2.535 -160.543 
10 1 4096 2.535 -160.299 
10 1 4096 2.54 -161.136 
10 1 4096 2.54 -159.21 
10 1 4096 2.54 -160.648 
10 1 4096 2.54 -159.685 
10 1 4096 2.54 -160.382 
10 1 4096 2.54 -160.464 
10 1 4096 2.54 -159.994 
10 1 4096 2.54 -159.607 
10 1 4096 2.54 -160.187 
10 1 4096 2.54 -160.223 
10 1 4096 2.54 -159.756 
10 1 4096 2.54 -159.155 
10 1 4096 2.54 -160.317 
10 1 4096 2.54 -159.742 
10 1 4096 2.54 -158.867 
10 1 4096 2.54 -161.083 
10 1 4096 2.54 -159.921 
10 1 4096 2.54 -160.164 
10 1 4096 2.54 -159.472 
10 1 4096 2.54 -160.013 
10 1 4096 2.54 -161.465 
10 1 4096 2.54 -158.905 
10 1 4096 2.54 -160.794 
10 1 4096 2.54 -159.649 
10 1 4096 2.54 -159.398 
10 1 4096 2.545 -158.723 
10 1 4096 2.545 -157.598 
10 1 4096 2.545 -158.433 
10 1 4096 2.545 -159.038 
10 1 4096 2.545 -159.428 
10 1 4096 2.545 -158.65 
10 1 4096 2.545 -159.007 
10 1 4096 2.545 -160.21 
10 1 4096 2.545 -158.51 
10 1 4096 2.545 -159.317 
10 1 4096 2.545 -158.775 
10 1 4096 2.545 -158.556 
10 1 4096 2.545 -158.667 
10 1 4096 2.545 -159.155 
10 1 4096 2.545 -158.641 
10 1 4096 2.545 -159.554 
10 1 4096 2.545 -158.662 
10 1 4096 2.545 -159.285 
10 1 4096 2.545 -158.464 
10 1 4096 2.545 -157.915 
10 1 4096 2.545 -159.247 
10 1 4096 2.545 -160.084 
10 1 4096 2.545 -159.808 
10 1 4096 2.545 -157.399 
10 1 4096 2.545 -158.817 
10 1 4096 2.55 -158.237 
10 1 4096 2.55 -159.733 
10 1 4096 2.55 -158.165 
10 1 4096 2.55 -158.798 
10 1 4096 2.55 -158.362 
10 1 4096 2.55 -158.89 
10 1 4096 2.55 -159.187 
10 1 4096 2.55 -159.217 
10 1 4096 2.55 -158.587 
10 1 4096 2.55 -158.121 
10 1 4096 2.55 -158.081 
10 1 4096 2.55 -159.074 
10 1 4096 2.55 -158.922 
10 1 4096 2.55 -158.248 
10 1 4096 2.55 -158.823 
10 1 4096 2.55 -159.021 
10 1 4096 2.55 -158.428 
10 1 4096 2.55 -159.613 
10 1 4096 2.55 -158.09 
10 1 4096 2.55 -159.022 
10 1 4096 2.55 -158.627 
10 1 4096 2.55 -158.272 
10 1 4096 2.55 -158.825 
10 1 4096 2.55 -159.543 
10 1 4096 2.55 -159.476 
10 1 4096 2.555 -159.442 
10 1 4096 2.555 -157.863 
10 1 4096 2.555 -158.026 
10 1 4096 2.555 -158.445 
10 1 4096 2.555 -158.716 
10 1 4096 2.555 -157.227 
10 1 4096 2.555 -158.61 
10 1 4096 2.555 -157.497 
10 1 4096 2.555 -158.089 
10 1 4096 2.555 -157.549 
10 1 4096 2.555 -158.607 
10 1 4096 2.555 -158.798 
10 1 4096 2.555 -157.574 
10 1 4096 2.555 -158.405 
10 1 4096 2.555 -158.874 
10 1 4096 2.555 -158 
10 1 4096 2.555 -156.932 
10 1 4096 2.555 -158.13 
10 1 4096 2.555 -157.95 
10 1 4096 2.555 -158.296 
10 1 4096 2.555 -158.607 
10 1 4096 2.555 -157.795 
10 1 4096 2.555 -157.522 
10 1 4096 2.555 -158.666 
10 1 4096 2.555 -157.962 
10 1 4096 2.56 -158.474 
10 1 4096 2.56 -157.827 
10 1 4096 2.56 -156.871 
10 1 4096 2.56 -157.299 
10 1 4096 2.56 -156.962 
10 1 4096 2.56 -156.765 
10 1 4096 2.56 -157.243 
10 1 4096 2.56 -156.766 
10 1 4096 2.56 -156.868 
10 1 4096 2.56 -158.051 
10 1 4096 2.56 -157.584 
10 1 4096 2.56 -157.562 
10 1 4096 2.56 -157.4 
10 1 4096 2.56 -157.525 
10 1 4096 2.56 -157.366 
10 1 4096 2.56 -157.152 
10 1 4096 2.56 -157.268 
10 1 4096 2.56 -157.942 
10 1 4096 2.56 -157.361 
10 1 4096 2.56 -156.388 
10 1 4096 2.56 -157.017 
10 1 4096 2.56 -157.715 
10 1 4096 2.56 -157.391 
10 1 4096 2.56 -157.015 
10 1 4096 2.56 -157.161 
10 1 4096 2.565 -156.733 
10 1 4096 2.565 -156.089 
10 1 4096 2.565 -156.457 
10 1 4096 2.565 -157.259 
10 1 4096 2.565 -157.256 
10 1 4096 2.565 -155.283 
10 1 4096 2.565 -157.285 
10 1 4096 2.565 -158.886 
10 1 4096 2.565 -157.54 
10 1 4096 2.565 -156.168 
10 1 4096 2.565 -157.552 
10 1 4096 2.565 -156.777 
10 1 4096 2.565 -156.378 
10 1 4096 2.565 -157.303 
10 1 4096 2.565 -156.193 
10 1 4096 2.565 -156.248 
10 1 4096 2.565 -156.667 
10 1 4096 2.565 -156.508 
10 1 4096 2.565 -157.147 
10 1 4096 2.565 -156.723 
10 1 4096 2.565 -155.98 
10 1 4096 2.565 -155.58 
10 1 4096 2.565 -156.668 
10 1 4096 2.565 -155.648 
10 1 4096 2.565 -157.711 
10 1 4096 2.57 -154.829 
10 1 4096 2.57 -154.904 
10 1 4096 2.57 -156.397 
10 1 4096 2.57 -156.76 
10 1 4096 2.57 -155.973 
10 1 4096 2.57 -155.585 
10 1 4096 2.57 -155.432 
10 1 4096 2.57 -155.644 
10 1 4096 2.57 -156.184 
10 1 4096 2.57 -155.627 
10 1 4096 2.57 -155.674 
10 1 4096 2.57 -156.849 
10 1 4096 2.57 -156.524 
10 1 4096 2.57 -156.653 
10 1 4096 2.57 -156.632 
10 1 4096 2.57 -154.817 
10 1 4096 2.57 -156.128 
10 1 4096 2.57 -155.991 
10 1 4096 2.57 -156.117 
10 1 4096 2.57 -156.778 
10 1 4096 2.57 -155.405 
10 1 4096 2.57 -156.397 
10 1 4096 2.57 -155.815 
10 1 4096 2.57 -155.324 
10 1 4096 2.57 -156.653 
10 1 4096 2.575 -153.286 
10 1 4096 2.575 -155.158 
10 1 4096 2.575 -155.673 
10 1 4096 2.575 -154.751 
10 1 4096 2.575 -155.105 
10 1 4096 2.575 -154.807 
10 1 4096 2.575 -155.681 
10 1 4096 2.575 -154.874 
10 1 4096 2.575 -153.879 
10 1 4096 2.575 -155.124 
10 1 4096 2.575 -154.735 
10 1 4096 2.575 -155.154 
10 1 4096 2.575 -155.787 
10 1 4096 2.575 -156.198 
10 1 4096 2.575 -154.754 
10 1 4096 2.575 -155.264 
10 1 4096 2.575 -155.995 
10 1 4096 2.575 -155 
10 1 4096 2.575 -156.894 
10 1 4096 2.575 -155.007 
10 1 4096 2.575 -154.708 
10 1 4096 2.575 -155.387 
10 1 4096 2.575 -155.368 
10 1 4096 2.575 -156.16 
10 1 4096 2.575 -154.838 
10 1 4096 2.58 -155.702 
10 1 4096 2.58 -154.512 
10 1 4096 2.58 -154.792 
10 1 4096 2.58 -154.584 
10 1 4096 2.58 -154.044 
10 1 4096 2.58 -154.503 
10 1 4096 2.58 -155.048 
10 1 4096 2.58 -154.546 
10 1 4096 2.58 -154.553 
10 1 4096 2.58 -154.426 
10 1 4096 2.58 -154.167 
10 1 4096 2.58 -155.185 
10 1 4096 2.58 -154.628 
10 1 4096 2.58 -154.347 
10 1 4096 2.58 -154.807 
10 1 4096 2.58 -154.636 
10 1 4096 2.58 -154.076 
10 1 4096 2.58 -154.45 
10 1 4096 2.58 -154.441 
10 1 4096 2.58 -154.378 
10 1 4096 2.58 -154.135 
10 1 4096 2.58 -154.847 
10 1 4096 2.58 -153.919 
10 1 4096 2.58 -153.356 
10 1 4096 2.58 -153.826 
10 1 4096 2.585 -153.973 
10 1 4096 2.585 -154.63 
10 1 4096 2.585 -154.366 
10 1 4096 2.585 -154.019 
10 1 4096 2.585 -154.218 
10 1 4096 2.585 -153.792 
10 1 4096 2.585 -153.906 
10 1 4096 2.585 -155.066 
10 1 4096 2.585 -153.405 
10 1 4096 2.585 -154.063 
10 1 4096 2.585 -154.723 
10 1 4096 2.585 -155.481 
10 1 4096 2.585 -153.995 
10 1 4096 2.585 -153.765 
10 1 4096 2.585 -153.524 
10 1 4096 2.585 -154.523 
10 1 4096 2.585 -153.974 
10 1 4096 2.585 -154.378 
10 1 4096 2.585 -153.781 
10 1 4096 2.585 -153.878 
10 1 4096 2.585 -153.963 
10 1 4096 2.585 -153.939 
10 1 4096 2.585 -154.459 
10 1 4096 2.585 -154.692 
10 1 4096 2.585 -154.069 
10 1 4096 2.59 -153.885 
10 1 4096 2.59 -153.48 
10 1 4096 2.59 -152.809 
10 1 4096 2.59 -153.523 
10 1 4096 2.59 -152.615 
10 1 4096 2.59 -152.942 
10 1 4096 2.59 -153.185 
10 1 4096 2.59 -153.041 
10 1 4096 2.59 -153.123 
10 1 4096 2.59 -153.064 
10 1 4096 2.59 -153.285 
10 1 4096 2.59 -153.409 
10 1 4096 2.59 -153.131 
10 1 4096 2.59 -153.98 
10 1 4096 2.59 -154.223 
10 1 4096 2.59 -153.053 
10 1 4096 2.59 -153.415 
10 1 4096 2.59 -153.832 
10 1 4096 2.59 -153.743 
10 1 4096 2.59 -153.598 
10 1 4096 2.59 -152.411 
10 1 4096 2.59 -153.36 
10 1 4096 2.59 -153.316 
10 1 4096 2.59 -153.351 
10 1 4096 2.59 -153.421 
10 1 4096 2.595 -152.605 
10 1 4096 2.595 -152.967 
10 1 4096 2.595 -153.837 
10 1 4096 2.595 -152.782 
10 1 4096 2.595 -153.68 
10 1 4096 2.595 -153.19 
10 1 4096 2.595 -153.074 
10 1 4096 2.595 -152.338 
10 1 4096 2.595 -152.578 
10 1 4096 2.595 -153.618 
10 1 4096 2.595 -151.78 
10 1 4096 2.595 -152.86 
10 1 4096 2.595 -152.481 
10 1 4096 2.595 -153.566 
10 1 4096 2.595 -153.668 
10 1 4096 2.595 -152.399 
10 1 4096 2.595 -152.709 
10 1 4096 2.595 -153.189 
10 1 4096 2.595 -152.274 
10 1 4096 2.595 -152.728 
10 1 4096 2.595 -152.066 
10 1 4096 2.595 -152.748 
10 1 4096 2.595 -152.065 
10 1 4096 2.595 -153.21 
10 1 4096 2.595 -152.577 
10 1 4096 2.6 -151.673 
10 1 4096 2.6 -151.758 
10 1 4096 2.6 -151.855 
10 1 4096 2.6 -151.309 
10 1 4096 2.6 -152.159 
10 1 4096 2.6 -152.02 
10 1 4096 2.6 -152.733 
10 1 4096 2.6 -152.176 
10 1 4096 2.6 -151.774 
10 1 4096 2.6 -152.302 
10 1 4096 2.6 -152.432 
10 1 4096 2.6 -151.394 
10 1 4096 2.6 -151.918 
10 1 4096 2.6 -152.622 
10 1 4096 2.6 -152.331 
10 1 4096 2.6 -152.801 
10 1 4096 2.6 -151.727 
10 1 4096 2.6 -152.164 
10 1 4096 2.6 -152.365 
10 1 4096 2.6 -151.987 
10 1 4096 2.6 -152.188 
10 1 4096 2.6 -152.002 
10 1 4096 2.6 -151.667 
10 1 4096 2.6 -150.588 
10 1 4096 2.6 -152.848 
10 1 4096 2.605 -151.378 
10 1 4096 2.605 -150.765 
10 1 4096 2.605 -151.685 
10 1 4096 2.605 -150.382 
10 1 4096 2.605 -150.618 
10 1 4096 2.605 -151.62 
10 1 4096 2.605 -151.626 
10 1 4096 2.605 -151.448 
10 1 4096 2.605 -151.602 
10 1 4096 2.605 -152.916 
10 1 4096 2.605 -151.323 
10 1 4096 2.605 -152.025 
10 1 4096 2.605 -150.653 
10 1 4096 2.605 -151.166 
10 1 4096 2.605 -151.675 
10 1 4096 2.605 -150.512 
10 1 4096 2.605 -151.768 
10 1 4096 2.605 -151.717 
10 1 4096 2.605 -150.874 
10 1 4096 2.605 -151.238 
10 1 4096 2.605 -151.005 
10 1 4096 2.605 -151.924 
10 1 4096 2.605 -151.994 
10 1 4096 2.605 -150.501 
10 1 4096 2.605 -151.979 
10 1 4096 2.61 -151.103 
10 1 4096 2.61 -151.504 
10 1 4096 2.61 -150.818 
10 1 4096 2.61 -151.015 
10 1 4096 2.61 -150.105 
10 1 4096 2.61 -150.989 
10 1 4096 2.61 -150.578 
10 1 4096 2.61 -150.897 
10 1 4096 2.61 -150.34 
10 1 4096 2.61 -149.572 
10 1 4096 2.61 -149.452 
10 1 4096 2.61 -149.997 
10 1 4096 2.61 -150.568 
10 1 4096 2.61 -151.369 
10 1 4096 2.61 -150.96 
10 1 4096 2.61 -150.798 
10 1 4096 2.61 -149.93 
10 1 4096 2.61 -151.762 
10 1 4096 2.61 -150.111 
10 1 4096 2.61 -150.828 
10 1 4096 2.61 -151.519 
10 1 4096 2.61 -150.339 
10 1 4096 2.61 -152.114 
10 1 4096 2.61 -151.279 
10 1 4096 2.61 -150.769 
10 1 4096 2.615 -150.476 
10 1 4096 2.615 -150.286 
10 1 4096 2.615 -150.543 
10 1 4096 2.615 -150.79 
